1760109747482 5.341666666666667 5120
1760109796248 4.815450643776824 10240
1760109844837 4.4905385735080054 15360
1760109894948 3.744312026002167 20480
1760109944784 3.2799310938845823 25600
1760109994662 2.9899352983465133 30720
1760110044801 2.765137614678899 35840
1760110093988 2.5943646996278575 40960
1760110141974 2.4867172675521823 46080
1760110190536 2.377125850340136 51200
1760110237519 2.3128383604021656 56320
1760110283849 2.252840909090909 61440
1760110330451 2.2241492146596857 66560
1760110377178 2.3713503649635035 71680
1760110423615 2.484565278957802 76800
1760110470175 2.5859872611464967 81920
1760110516641 2.6784107946026987 87040
1760110563230 2.7710985384252713 92160
1760110609795 2.8464285714285715 97280
1760110656122 2.91389183457052 102400
1760110702799 2.975752677308547 107520
1760110749521 3.030086788813886 112640
1760110795017 3.085561497326203 117760
1760110841879 3.1298816045237676 122880
1760110888555 3.1723786901934172 128000
1760110935416 3.2157310704960835 133120
1760110981485 3.2481533867672483 138240
1760111027519 3.2815151515151517 143360
1760111073122 3.31865398683248 148480
1760111119237 3.342525809645029 153600
1760111164770 3.3685866739636063 158720
1760111210620 3.3977468522200134 163840
1760111256341 3.423284502698535 168960
1760111302000 3.444790628115653 174080
1760111347600 3.465673810388667 179200
1760111393469 3.486464218455744 184320
1760111439319 3.508812085145342 189440
1760111485005 3.5267906873120194 194560
1760111530793 3.5462932812330403 199680
1760111576821 3.5629825489159175 204800
1760111622317 3.5763358778625953 209920
1760111668129 3.5896273917421953 215040
1760111713778 3.6010036406572863 220160
1760111759442 3.6123606305267204 225280
1760111805360 3.6277605488205995 230400
1760111851029 3.6413862842434273 235520
1760111896783 3.6544587420138575 240640
1760111942611 3.6656682230640474 245760
1760111988326 3.675237273511648 250880
1760112033952 3.6831557584982244 256000
1760112080187 3.692645717602189 261120
1760112125840 3.6992358966021786 266240
1760112170209 3.705990268804339 271360
1760112211138 3.7122623053447064 276480
1760112254694 3.721628889742605 281600
1760112299718 3.7272658667270395 286720
1760112343882 3.73552309631497 291840
1760112388069 3.7420741928430874 296960
1760112405820 3.743177705392689 300032
