1771753905921 282.0 5120
1771753926514 541.0 10240
1771753941367 800.0 15360
1771753956357 1056.0 20480
1771753974896 1314.0 25600
1771753994578 1572.0 30720
1771754009691 1828.0 35840
1771754024214 2084.0 40960
1771754043166 2339.0 46080
1771754063256 2598.0 51200
1771754078186 2855.0 56320
1771754092547 3113.0 61440
1771754111501 3372.0 66560
1771754131684 3611.0 71680
1771754146739 3834.0 76800
1771754162152 4077.0 81920
1771754179774 4326.0 87040
1771754201059 4566.0 92160
1771754215979 4800.0 97280
1771754230842 5035.0 102400
1771754248492 5274.0 107520
1771754270155 5534.0 112640
1771754284105 5796.0 117760
1771754299372 6051.0 122880
1771754317943 6311.0 128000
1771754339019 6571.0 133120
1771754353094 6828.0 138240
1771754368322 7085.0 143360
1771754385985 7342.0 148480
1771754407136 7598.0 153600
1771754422207 7853.0 158720
1771754436997 8111.0 163840
1771754454604 8369.0 168960
1771754475652 8628.0 174080
1771754491345 8882.0 179200
1771754505794 9139.0 184320
1771754522496 9395.0 189440
1771754544982 9655.0 194560
1771754560578 9907.0 199680
1771754575005 10162.0 204800
1771754591071 10423.0 209920
1771754613376 10676.0 215040
1771754629793 10928.0 220160
1771754644899 11191.0 225280
1771754659502 11451.0 230400
1771754681602 11702.0 235520
1771754698783 11960.0 240640
1771754714194 12211.0 245760
1771754728853 12473.0 250880
1771754750130 12729.0 256000
1771754768077 12984.0 261120
1771754782806 13236.0 266240
1771754797838 13491.0 271360
1771754818713 13732.0 276480
1771754836781 13964.0 281600
1771754851114 14199.0 286720
1771754866783 14446.0 291840
1771754887144 14690.0 296960
1771754893046 14791.0 300032
