1759754746059 1.2259073985706677 5120
1759754766996 1.1088079437613487 10240
1759754788281 1.0489000651041667 15360
1759754810691 1.017110789765209 20480
1759754839892 0.9940318295840451 25600
1759754861358 0.9767686689505034 30720
1759754883804 0.9728036143435138 35840
1759754906641 0.9671645892956663 40960
1759754936770 0.9638047695820047 46080
1759754958050 0.9590993448998972 51200
1759754980006 0.9628962170486421 56320
1759755001787 0.9580066857318056 61440
1759755030383 0.96338099452077 66560
1759755054240 0.9562671474460206 71680
1759755075948 0.9637315112919639 76800
1759755097376 1.008080508624747 81920
1759755124719 1.0519502829216945 87040
1759755149047 1.0773077088679994 92160
1759755170956 1.105816270668755 97280
1759755194452 1.135224854543367 102400
1759755216828 1.1609615148667831 107520
1759755244600 1.1819454714631803 112640
1759755265983 1.2061914765624289 117760
1759755288929 1.2250352442564971 122880
1759755310819 1.2393521539261665 128000
1759755337965 1.2417571432329233 133120
1759755359929 1.2360431506083562 138240
1759755380953 1.2266041010175954 143360
1759755402271 1.2173715625757657 148480
1759755430736 1.2050231100277855 153600
1759755452485 1.1920200056689614 158720
1759755474809 1.1844240566155306 163840
1759755496814 1.1743320948136033 168960
1759755522523 1.167220862625756 174080
1759755544670 1.1686157473543406 179200
1759755568905 1.1831681796970581 184320
1759755590272 1.197220855308197 189440
1759755614789 1.2095052796344075 194560
1759755639080 1.2204592676272337 199680
1759755662292 1.2311767745804 204800
1759755683880 1.236131511894545 209920
1759755706538 1.2386324799295365 215040
1759755731499 1.2457983411351112 220160
1759755757112 1.2534260630948622 225280
1759755780150 1.2592919351861889 230400
1759755804526 1.2675970854996936 235520
1759755826020 1.2763976330613198 240640
1759755851565 1.2845634801528034 245760
1759755875008 1.2948038626807405 250880
1759755900861 1.3038279765830767 256000
1759755923106 1.3108724673311118 261120
1759755947934 1.3199138629565987 266240
1759755970001 1.3297531708932318 271360
1759755998771 1.3350372265328418 276480
1759756023284 1.3421899687020689 281600
1759756048339 1.34911235590633 286720
1759756070928 1.3557024526210444 291840
1759756101374 1.3618637143418966 296960
1759756108623 1.3648655953594435 300032
