1759754746059 0.0 5120
1759754766996 0.0 10240
1759754788281 0.0 15360
1759754810691 0.0 20480
1759754839892 0.0 25600
1759754861358 0.0 30720
1759754883804 0.0 35840
1759754906641 0.0 40960
1759754936770 0.0 46080
1759754958050 0.0 51200
1759754980006 0.0 56320
1759755001787 0.0 61440
1759755030383 0.0 66560
1759755054240 0.0 71680
1759755075948 0.0 76800
1759755097376 0.0 81920
1759755124719 0.0 87040
1759755149047 0.0 92160
1759755170956 0.0 97280
1759755194452 0.0 102400
1759755216828 0.0 107520
1759755244600 0.0 112640
1759755265983 0.0 117760
1759755288929 0.0 122880
1759755310819 0.0 128000
1759755337965 0.0 133120
1759755359929 0.0 138240
1759755380953 0.0 143360
1759755402271 0.0 148480
1759755430736 0.0 153600
1759755452485 0.0 158720
1759755474809 0.0 163840
1759755496814 0.0 168960
1759755522523 0.0 174080
1759755544670 0.0 179200
1759755568905 0.0 184320
1759755590272 0.0 189440
1759755614789 0.0 194560
1759755639080 0.0 199680
1759755662292 0.0 204800
1759755683880 0.0 209920
1759755706538 0.0 215040
1759755731499 0.0 220160
1759755757112 0.0 225280
1759755780150 0.0 230400
1759755804526 0.0 235520
1759755826020 0.0 240640
1759755851565 0.0 245760
1759755875008 0.0 250880
1759755900861 0.0 256000
1759755923106 0.0 261120
1759755947934 0.0 266240
1759755970001 0.0 271360
1759755998771 0.0 276480
1759756023284 0.0 281600
1759756048339 0.0 286720
1759756070928 0.0 291840
1759756101374 0.0 296960
1759756108623 0.0 300032
