1759754746056 -0.837269472082456 5120
1759754766991 -0.41455207196148963 10240
1759754788277 -0.2801991418004036 15360
1759754810687 -0.2609486068998064 20480
1759754839887 -0.24831120967864986 25600
1759754861352 -0.24034202714120187 30720
1759754883797 -0.22776483496030173 35840
1759754906636 -0.20778183878921883 40960
1759754936764 -0.19351584341215053 46080
1759754958046 -0.1844278092477836 51200
1759754980002 -0.16904573270252773 56320
1759755001783 -0.1578462127779351 61440
1759755030379 -0.14738381161834252 66560
1759755054236 -0.13985076722964437 71680
1759755075940 -0.13055002438394647 76800
1759755097368 -0.12217179698708615 81920
1759755124712 -0.11795680661534153 87040
1759755149043 -0.11765804185972109 92160
1759755170951 -0.12237006574869157 97280
1759755194447 -0.12800735010959133 102400
1759755216823 -0.1372326553992505 107520
1759755244595 -0.1445051657186972 112640
1759755265976 -0.15182248066211568 117760
1759755288924 -0.16016856343292993 122880
1759755310811 -0.16791406321147131 128000
1759755337960 -0.16695112417672428 133120
1759755359922 -0.1701244354248047 138240
1759755380948 -0.17363936174000408 143360
1759755402266 -0.17234318615639044 148480
1759755430731 -0.16895421135504515 153600
1759755452480 -0.1644885185437325 158720
1759755474800 -0.16008210981854742 163840
1759755496809 -0.15664562834314552 168960
1759755522514 -0.1531912508066635 174080
1759755544661 -0.14999113895676353 179200
1759755568900 -0.14748203688563563 184320
1759755590267 -0.14590034125953594 189440
1759755614782 -0.14467408145285401 194560
1759755639072 -0.14487655989977777 199680
1759755662285 -0.14134842364942257 204800
1759755683870 -0.1388748590228627 209920
1759755706532 -0.13505164322694896 215040
1759755731491 -0.13041988258008602 220160
1759755757106 -0.12812996126407952 225280
1759755780144 -0.12399018338296268 230400
1759755804520 -0.12131634831944585 235520
1759755826014 -0.11759664729490117 240640
1759755851558 -0.11469988803151238 245760
1759755875001 -0.11271259067504387 250880
1759755900852 -0.11088074953907515 256000
1759755923100 -0.10958715490996837 261120
1759755947927 -0.10845181329953717 266240
1759755969990 -0.10743536088699683 271360
1759755998765 -0.10624223512037215 276480
1759756023270 -0.10592736714128134 281600
1759756048332 -0.1043078816234005 286720
1759756070917 -0.10425316303760021 291840
1759756101362 -0.10339682798615026 296960
1759756108615 -0.04155482334488488 300032
