1771090837341 0.09041989594697952 8192
1771090840180 0.08945470303297043 16384
1771090887179 0.05813360959291458 24576
1771090890337 0.03962814062833786 32768
1771090936707 0.027850428596138954 40960
1771090939690 0.01998618245124817 49152
1771090985758 0.015217558480799198 57344
1771090989845 0.013032032176852226 65536
1771091035972 0.019526366144418716 73728
1771091039182 0.023913415148854256 81920
1771091085760 0.028340358287096024 90112
1771091089130 0.031825754791498184 98304
1771091135253 0.034975070506334305 106496
1771091139931 0.03755796328186989 114688
1771091185704 0.040187735110521317 122880
1771091190158 0.04213724657893181 131072
1771091236129 0.044053200632333755 139264
1771091239500 0.04562794044613838 147456
1771091285959 0.04691284894943237 155648
1771091288748 0.04792577773332596 163840
1771091336058 0.048890892416238785 172032
1771091338854 0.0499066486954689 180224
1771091385854 0.050962306559085846 188416
1771091388852 0.05212321877479553 196608
1771091435674 0.05282598361372948 204800
1771091438970 0.05366568639874458 212992
1771091485744 0.05442996323108673 221184
1771091488541 0.05501515418291092 229376
1771091535545 0.055588431656360626 237568
1771091538850 0.05613145977258682 245760
1771091585352 0.05676565691828728 253952
1771091588583 0.05738088861107826 262144
1771091634724 0.05776650831103325 270336
1771091638628 0.05811816453933716 278528
1771091684887 0.05866067484021187 286720
1771091687677 0.059137336909770966 294912
1771091730840 0.05927696079015732 303104
