1771090837336 26.55554962158203 8192
1771090840174 26.42582130432129 16384
1771090887173 26.869003295898438 24576
1771090890332 25.23685646057129 32768
1771090936701 22.632740020751953 40960
1771090939684 20.86665916442871 49152
1771090985751 16.775819778442383 57344
1771090989839 14.586881637573242 65536
1771091035965 12.969118118286133 73728
1771091039176 12.039776802062988 81920
1771091085754 11.783987998962402 90112
1771091089123 11.602330207824707 98304
1771091135247 13.13325309753418 106496
1771091139924 13.848689079284668 114688
1771091185698 13.512312889099121 122880
1771091190151 14.743141174316406 131072
1771091236122 15.573430061340332 139264
1771091239494 15.282967567443848 147456
1771091285952 16.13447380065918 155648
1771091288741 16.569358825683594 163840
1771091336051 15.676629066467285 172032
1771091338847 16.9052791595459 180224
1771091385846 17.545700073242188 188416
1771091388845 15.92062759399414 196608
1771091435667 14.870283126831055 204800
1771091438961 17.176816940307617 212992
1771091485737 18.494884490966797 221184
1771091488532 17.8167724609375 229376
1771091535538 18.485340118408203 237568
1771091538842 17.327301025390625 245760
1771091585345 19.20054817199707 253952
1771091588576 17.480472564697266 262144
1771091634716 16.67629623413086 270336
1771091638621 16.64562225341797 278528
1771091684879 17.28791618347168 286720
1771091687669 16.419593811035156 294912
1771091730830 17.168249130249023 303104
