1771090837336 -1.2569189071655273 8192
1771090840174 -1.8406075239181519 16384
1771090887173 -2.090625047683716 24576
1771090890332 -2.1484527587890625 32768
1771090936701 -2.100271701812744 40960
1771090939684 -2.350111961364746 49152
1771090985751 -2.222045421600342 57344
1771090989839 -2.0927987098693848 65536
1771091035965 -1.9792112112045288 73728
1771091039176 -1.9771902561187744 81920
1771091085754 -1.9259021282196045 90112
1771091089123 -1.9450875520706177 98304
1771091135247 -2.0708980560302734 106496
1771091139924 -2.1764206886291504 114688
1771091185698 -2.0629894733428955 122880
1771091190151 -2.232207775115967 131072
1771091236122 -2.2735023498535156 139264
1771091239494 -2.2880897521972656 147456
1771091285952 -2.4771525859832764 155648
1771091288741 -2.6406750679016113 163840
1771091336051 -2.9074318408966064 172032
1771091338847 -2.756227493286133 180224
1771091385846 -3.1861395835876465 188416
1771091388845 -3.2548999786376953 196608
1771091435667 -3.516432285308838 204800
1771091438961 -3.4566893577575684 212992
1771091485737 -3.0137240886688232 221184
1771091488532 -3.0876924991607666 229376
1771091535538 -2.867072582244873 237568
1771091538842 -2.704408645629883 245760
1771091585345 -2.5692739486694336 253952
1771091588576 -2.5733461380004883 262144
1771091634716 -2.378074884414673 270336
1771091638621 -2.4886417388916016 278528
1771091684879 -2.610462188720703 286720
1771091687669 -2.588780403137207 294912
1771091730830 -2.631795883178711 303104
