1760377653386 -0.7535481770833332 5120
1760377671811 -0.4389914772727272 10240
1760377694331 -0.36181640625 15360
1760377718096 -0.46919642857142857 20480
1760377735543 -0.47872596153846153 25600
1760377753310 -0.4735887096774193 30720
1760377782308 -0.4779513888888889 35840
1760377800050 -0.5039634146341464 40960
1760377817664 -0.508288043478261 46080
1760377839718 -0.5219362745098038 51200
1760377862232 -0.5073660714285715 56320
1760377880732 -0.47653688524590165 61440
1760377898532 -0.4510416666666667 66560
1760377927110 -0.4223591549295775 71680
1760377972654 -0.39794407894736844 76800
1760377994303 -0.3774691358024691 81920
1760378013360 -0.36090116279069767 87040
1760378041022 -0.3442307692307693 92160
1760378073191 -0.3360677083333334 97280
1760378102021 -0.3198638613861386 102400
1760378121941 -0.30501179245283017 107520
1760378145188 -0.29352477477477473 112640
1760378166200 -0.28459051724137935 117760
1760378186329 -0.2741219008264462 122880
1760378206121 -0.2651785714285714 128000
1760378232712 -0.2568702290076336 133120
1760378253470 -0.24747242647058823 138240
1760378273742 -0.24069148936170212 143360
1760378292250 -0.23107876712328765 148480
1760378320810 -0.22433774834437087 153600
1760378339774 -0.21498397435897437 158720
1760378359056 -0.20555124223602483 163840
1760378379534 -0.20026355421686745 168960
1760378404088 -0.19228801169590645 174080
1760378423565 -0.18600852272727272 179200
1760378440954 -0.18007596685082872 184320
1760378463321 -0.17338709677419356 189440
1760378488292 -0.16704842931937172 194560
1760378506594 -0.16096938775510203 199680
1760378525928 -0.15422885572139303 204800
1760378548691 -0.14921116504854368 209920
1760378573591 -0.1445793838862559 215040
1760378591092 -0.13842592592592592 220160
1760378609121 -0.13495475113122174 225280
1760378637054 -0.1295907079646018 230400
1760378655247 -0.12445887445887446 235520
1760378678199 -0.11896186440677965 240640
1760378695673 -0.11483402489626558 245760
1760378722589 -0.11168699186991869 250880
1760378741985 -0.14439741035856574 256000
1760378763872 -0.1529296875 261120
1760378781983 -0.1494971264367816 266240
1760378808130 -0.15011748120300752 271360
1760378828805 -0.14199723247232474 276480
1760378850484 -0.14216485507246376 281600
1760378872156 -0.1440391459074733 286720
1760378893689 -0.14060314685314687 291840
1760378914993 -0.1432774914089347 296960
1760378924679 -0.05620733788395904 300032
