1760377653392 17.960424984202664 5120
1760377671816 18.199819470768613 10240
1760377694336 17.897139496630004 15360
1760377718100 17.85089154880224 20480
1760377735550 17.72107835591133 25600
1760377753317 17.722101955400746 30720
1760377782313 17.79185014466738 35840
1760377800059 17.708085992006993 40960
1760377817672 17.683687126156133 46080
1760377839724 17.52720667563615 51200
1760377862237 17.62981248888164 56320
1760377880741 17.527236731199388 61440
1760377898539 17.63669320085641 66560
1760377927127 17.635995264110452 71680
1760377972667 17.554622283184553 76800
1760377994318 17.481940521200237 81920
1760378013410 17.540225260456893 87040
1760378041034 17.58284865969873 92160
1760378073203 17.57931369441604 97280
1760378102027 17.589755428538602 102400
1760378121949 17.58796079466943 107520
1760378145193 17.568802622863757 112640
1760378166207 17.570140856060867 117760
1760378186338 17.51021011574378 122880
1760378206128 17.510082314137893 128000
1760378232719 17.51821540354679 133120
1760378253508 17.529788284064082 138240
1760378273751 17.53019103316057 143360
1760378292274 17.513509256298978 148480
1760378320816 17.56136217006246 153600
1760378339801 17.57679650926985 158720
1760378359084 17.565631960769004 163840
1760378379543 17.57605344032755 168960
1760378404098 17.539942641467306 174080
1760378423570 17.530539475001316 179200
1760378440960 17.528995131286806 184320
1760378463327 17.51772798147541 189440
1760378488298 17.50620148937941 194560
1760378506600 17.467943702814573 199680
1760378525936 17.461403875305848 204800
1760378548702 17.478181085784964 209920
1760378573598 17.480588358133524 215040
1760378591101 17.474160170809174 220160
1760378609127 17.48336972502277 225280
1760378637061 17.473338965300087 230400
1760378655254 17.480210871863363 235520
1760378678208 17.470000109434064 240640
1760378695680 17.469181797523646 245760
1760378722597 17.466568501441035 250880
1760378741993 17.503674751710097 256000
1760378763883 17.53992846754472 261120
1760378781992 17.57989787140959 266240
1760378808143 17.620301696411865 271360
1760378828812 17.686453235102636 276480
1760378850491 17.7181836839006 281600
1760378872163 17.743841290501038 286720
1760378893703 17.76336837758321 291840
1760378915000 17.791029344486002 296960
1760378924687 17.791542103247828 300032
