1760377653392 23.175236421472885 5120
1760377671816 23.461453710552266 10240
1760377694336 22.627080699155663 15360
1760377718100 22.41048761925809 20480
1760377735550 21.942558952544516 25600
1760377753317 21.58025997546211 30720
1760377782313 21.87323005257171 35840
1760377800059 21.793742242260514 40960
1760377817672 21.788269777991474 46080
1760377839724 21.37850829874335 51200
1760377862237 21.35168155909037 56320
1760377880741 21.21086575020817 61440
1760377898539 21.266995561322343 66560
1760377927127 21.29481658021847 71680
1760377972667 21.12632314524128 76800
1760377994318 20.991160461505775 81920
1760378013410 21.18139532280628 87040
1760378041034 21.2330829515337 92160
1760378073203 21.169359590478525 97280
1760378102027 21.162741768460315 102400
1760378121949 21.11399666067599 107520
1760378145193 21.015393702747577 112640
1760378166207 21.036369018219883 117760
1760378186338 20.904511251765303 122880
1760378206128 20.887857084396146 128000
1760378232719 20.934975748329144 133120
1760378253508 20.885809088496032 138240
1760378273751 20.8922577064795 143360
1760378292274 20.93660848460061 148480
1760378320816 21.043672671103288 153600
1760378339801 21.04492347486217 158720
1760378359084 21.035175546227727 163840
1760378379543 21.052272345095265 168960
1760378404098 20.99278370779518 174080
1760378423570 20.97285727977294 179200
1760378440960 20.921335558816597 184320
1760378463327 20.894112680574658 189440
1760378488298 20.85005853565345 194560
1760378506600 20.783394397886145 199680
1760378525936 20.776461027048164 204800
1760378548702 20.753195190742463 209920
1760378573598 20.76726250175957 215040
1760378591101 20.712541210813388 220160
1760378609127 20.681457449543494 225280
1760378637061 20.69722847341377 230400
1760378655254 20.687163589925138 235520
1760378678208 20.70311973034573 240640
1760378695680 20.704162437206314 245760
1760378722597 20.714004883399376 250880
1760378741993 20.880879452489435 256000
1760378763883 21.062929474465626 261120
1760378781992 21.20676769676314 266240
1760378808143 21.385853078998252 271360
1760378828812 21.60504918236826 276480
1760378850491 21.75367267713332 281600
1760378872163 21.863574488845714 286720
1760378893703 21.970131562304964 291840
1760378915000 22.1178617505384 296960
1760378924687 22.13488818444751 300032
