1771111012681 0.29247310757637024 5120
1771111024139 0.2993571162223816 10240
1771111032263 0.29032257199287415 15360
1771111040118 0.28830304741859436 20480
1771111049657 0.28277984261512756 25600
1771111060217 0.27941498160362244 30720
1771111069036 0.2785992920398712 35840
1771111077411 0.27642545104026794 40960
1771111087080 0.2742920219898224 46080
1771111096994 0.2739967703819275 51200
1771111106060 0.27140510082244873 56320
1771111114005 0.2698400914669037 61440
1771111124301 0.271670401096344 66560
1771111133100 0.26948630809783936 71680
1771111142880 0.26955559849739075 76800
1771111151206 0.27061986923217773 81920
1771111160893 0.2703433632850647 87040
1771111169641 0.27093425393104553 92160
1771111179538 0.27004411816596985 97280
1771111187864 0.2688872516155243 102400
1771111198418 0.26870760321617126 107520
1771111206370 0.26820695400238037 112640
1771111216765 0.2681214213371277 117760
1771111224777 0.2677159607410431 122880
1771111235674 0.26801520586013794 128000
1771111244097 0.2675822377204895 133120
1771111253496 0.266775906085968 138240
1771111261995 0.2675343155860901 143360
1771111273028 0.2676389217376709 148480
1771111281359 0.2678017318248749 153600
1771111290130 0.2680639624595642 158720
1771111299012 0.26827940344810486 163840
1771111310645 0.2682180106639862 168960
1771111318587 0.2677590847015381 174080
1771111327408 0.26789307594299316 179200
1771111335787 0.2684495747089386 184320
1771111347327 0.26825445890426636 189440
1771111355768 0.2686537206172943 194560
1771111366500 0.26848024129867554 199680
1771111379191 0.26846766471862793 204800
1771111393887 0.2681306302547455 209920
1771111405119 0.2680531144142151 215040
1771111418803 0.26810422539711 220160
1771111429522 0.2679678499698639 225280
1771111442929 0.26782479882240295 230400
1771111454683 0.2678244113922119 235520
1771111466909 0.26811483502388 240640
1771111477353 0.2679271996021271 245760
1771111492083 0.26774248480796814 250880
1771111503314 0.26758185029029846 256000
1771111517796 0.2676734924316406 261120
1771111527927 0.26725128293037415 266240
1771111542840 0.26761409640312195 271360
1771111556872 0.2675090730190277 276480
1771111567958 0.2680234909057617 281600
1771111580951 0.26785141229629517 286720
1771111593120 0.2682032883167267 291840
1771111605920 0.26793187856674194 296960
1771111609452 0.2680400311946869 300032
