1771111012681 1.8701086044311523 5120
1771111024139 1.9440234899520874 10240
1771111032263 1.8376901149749756 15360
1771111040118 1.7896974086761475 20480
1771111049657 1.7287590503692627 25600
1771111060217 1.7007617950439453 30720
1771111069036 1.6882307529449463 35840
1771111077411 1.668081283569336 40960
1771111087080 1.6465092897415161 46080
1771111096994 1.6461460590362549 51200
1771111106060 1.624935507774353 56320
1771111114005 1.6107250452041626 61440
1771111124301 1.6249234676361084 66560
1771111133100 1.6079721450805664 71680
1771111142880 1.6079918146133423 76800
1771111151206 1.6168078184127808 81920
1771111160893 1.6132371425628662 87040
1771111169641 1.6147571802139282 92160
1771111179538 1.6046208143234253 97280
1771111187864 1.5948504209518433 102400
1771111198418 1.5932291746139526 107520
1771111206370 1.5898581743240356 112640
1771111216765 1.5883160829544067 117760
1771111224777 1.5820437669754028 122880
1771111235674 1.5838162899017334 128000
1771111244097 1.5799509286880493 133120
1771111253496 1.5732332468032837 138240
1771111261995 1.583066463470459 143360
1771111273028 1.5847716331481934 148480
1771111281359 1.5874850749969482 153600
1771111290130 1.5899066925048828 158720
1771111299012 1.5920884609222412 163840
1771111310645 1.5903741121292114 168960
1771111318587 1.5868422985076904 174080
1771111327408 1.5864346027374268 179200
1771111335787 1.5900253057479858 184320
1771111347327 1.5877861976623535 189440
1771111355768 1.59211266040802 194560
1771111366500 1.5912950038909912 199680
1771111379191 1.591113567352295 204800
1771111393887 1.587508201599121 209920
1771111405119 1.5869907140731812 215040
1771111418803 1.5873756408691406 220160
1771111429522 1.5865260362625122 225280
1771111442929 1.584228754043579 230400
1771111454683 1.5833613872528076 235520
1771111466909 1.5855133533477783 240640
1771111477353 1.5839335918426514 245760
1771111492083 1.5809906721115112 250880
1771111503314 1.5788707733154297 256000
1771111517796 1.5793712139129639 261120
1771111527927 1.5757731199264526 266240
1771111542840 1.5794068574905396 271360
1771111556872 1.5782949924468994 276480
1771111567958 1.5820008516311646 281600
1771111580951 1.5803273916244507 286720
1771111593120 1.582465648651123 291840
1771111605920 1.5802949666976929 296960
1771111609452 1.5810165405273438 300032
