1758851551562 500.0 5120
1758851563321 500.0 10240
1758851573523 500.0 15360
1758851583875 500.0 20480
1758851595201 500.0 25600
1758851604350 500.0 30720
1758851616568 500.0 35840
1758851626386 500.0 40960
1758851638912 500.0 46080
1758851648006 500.0 51200
1758851660368 500.0 56320
1758851671386 500.0 61440
1758851681522 500.0 66560
1758851693107 500.0 71680
1758851703451 500.0 76800
1758851715020 500.0 81920
1758851725387 500.0 87040
1758851737745 500.0 92160
1758851747357 500.0 97280
1758851759163 500.0 102400
1758851769271 500.0 107520
1758851780257 500.0 112640
1758851791243 500.0 117760
1758851801183 500.0 122880
1758851813327 500.0 128000
1758851822957 500.0 133120
1758851834221 500.0 138240
1758851844825 500.0 143360
1758851856758 500.0 148480
1758851866306 500.0 153600
1758851878362 500.0 158720
1758851888261 500.0 163840
1758851899595 500.0 168960
1758851910780 500.0 174080
1758851921811 500.0 179200
1758851933854 500.0 184320
1758851943377 500.0 189440
1758851955458 500.0 194560
1758851965468 500.0 199680
1758851977267 500.0 204800
1758851987463 500.0 209920
1758851999506 500.0 215040
1758852009889 500.0 220160
1758852020686 500.0 225280
1758852031851 500.0 230400
1758852042844 500.0 235520
1758852054325 500.0 240640
1758852064192 500.0 245760
1758852076072 500.0 250880
1758852086276 500.0 256000
1758852097283 500.0 261120
1758852107719 500.0 266240
1758852119144 500.0 271360
1758852130448 500.0 276480
1758852140695 500.0 281600
1758852152396 500.0 286720
1758852162763 500.0 291840
1758852173542 500.0 296960
1758852179957 500.0 300032
