1758764745758 18.73217550274223 20224
1758764801165 18.53688524590164 40448
1758764855578 18.522492401215807 60672
1758764911736 18.47575688595493 80896
1758764965874 18.448953594176523 101120
1758765016643 18.514920828258223 121344
1758765067678 18.53443994249118 141568
1758765117333 18.512911334552104 161792
1758765168981 18.527952835942266 182016
1758765229038 18.559405940594058 202240
1758765304883 18.553815394868376 222464
1758765357754 18.553298717165546 242688
1758765375345 18.54898034853541 250112
