1758764745753 4.39625557422638 20224
1758764801159 1.4168339382177628 40448
1758764855572 0.7612241406901543 60672
1758764911728 0.4780032898913423 80896
1758764965867 0.3851630048431231 101120
1758765016638 0.30451566204271807 121344
1758765067674 0.31773199836054433 141568
1758765117327 0.28087343070744336 161792
1758765168977 0.2537636567535026 182016
1758765229033 0.23367750496990922 202240
1758765304873 0.2212527958552042 222464
1758765357747 0.2098761368601791 242688
1758765375339 0.07173598661881506 250112
