1759514275017 25.35 5120
1759514326090 23.703389830508474 10240
1759514396368 22.97605633802817 15360
1759514496277 22.715800636267232 20480
1759514553600 22.42483108108108 25600
1759514639515 22.27515833919775 30720
1759514717183 22.193120096560047 35840
1759514784716 22.085397996837113 40960
1759514838232 21.988774555659496 46080
1759514887258 21.94987363100253 51200
1759514953505 21.914624808575805 56320
1759515009594 21.887328887328888 61440
1759515070110 21.87589112119248 66560
1759515200752 21.871987951807228 71680
1759515248937 21.85043576047231 76800
1759515326985 21.81521453013951 81920
1759515382672 21.824857355494913 87040
1759515450234 21.821847163619317 92160
1759515514781 21.827333333333332 97280
1759515584522 21.845487212005917 102400
1759515614143 21.852336825141016 107520
1759515638674 21.836923076923078 112640
1759515651756 21.821323529411764 117760
1759515666299 21.80475352112676 122880
1759515678065 21.798816568047336 128000
1759515690613 21.771479616696443 133120
1759515702173 21.77084310965118 138240
1759515717314 21.765193786759163 143360
1759515728832 21.75509609784508 148480
1759515742616 21.752815315315317 153600
1759515753572 21.732543895467536 158720
1759515768433 21.726170072511536 163840
1759515779932 21.71877796241851 168960
1759515794531 21.70606474017115 174080
1759515806036 21.70941304085814 179200
1759515817947 21.712845757149555 184320
1759515830268 21.700786504046505 189440
1759515845990 21.698523698523697 194560
1759515858075 21.686520376175547 199680
1759515869538 21.68788868978602 204800
1759515880884 21.684215938303343 209920
1759515896716 21.673055694932263 215040
1759515910581 21.67385550436232 220160
1759515921345 21.68171362852214 225280
1759515931775 21.672599531615926 230400
1759515949272 21.671494042163154 235520
1759515963872 21.672259106405885 240640
1759515975639 21.668335529205095 245760
1759515987918 21.661247311827957 250880
1759516004059 21.65829399865138 256000
1759516018981 21.653693604362914 261120
1759516030182 21.65607522088028 266240
1759516043177 21.663086714399363 271360
1759516057492 21.657896791318603 276480
1759516070650 21.661657594111784 281600
1759516081152 21.660968446419158 286720
1759516094963 21.65949104897174 291840
1759516109104 21.659444525229024 296960
1759516112243 21.661106296938186 300032
