1759514274993 200.482959705559 5120
1759514326087 105.86864556514716 10240
1759514396365 119.95378367557055 15360
1759514496272 109.73533567055622 20480
1759514553596 114.50148781087057 25600
1759514639511 293.20545263893746 30720
1759514717179 123.54356406480117 35840
1759514784710 152.6589262966333 40960
1759514838226 103.57840667753247 46080
1759514887254 102.6280065575375 51200
1759514953501 113.97565217391305 56320
1759515009588 131.1621739946213 61440
1759515070106 99.45943895093785 66560
1759515200748 154.91999704513555 71680
1759515248934 145.14669342838357 76800
1759515326980 159.83781105902978 81920
1759515382668 156.49804111786872 87040
1759515450229 159.5216977902864 92160
1759515514777 105.36599090612204 97280
1759515584516 89.9428301846332 102400
1759515614138 182.3927639589494 107520
1759515638667 116.24688894431972 112640
1759515651749 105.50911880864338 117760
1759515666294 96.66299463022285 122880
1759515678061 105.89270115377818 128000
1759515690609 127.04237467817659 133120
1759515702166 203.64653330743835 138240
1759515717309 122.13692088174486 143360
1759515728827 118.02639502490362 148480
1759515742607 41.76803194614565 153600
1759515753565 74.49389030974709 158720
1759515768427 210.0197286064794 163840
1759515779927 98.72899748134547 168960
1759515794525 141.75213761870967 174080
1759515806031 113.78703779061881 179200
1759515817942 75.34226693012394 184320
1759515830264 80.6783103793183 189440
1759515845982 86.81881973049616 194560
1759515858066 134.15762538382805 199680
1759515869532 73.22969481109016 204800
1759515880877 131.59839357429718 209920
1759515896711 34.52045233823311 215040
1759515910576 54.22640533691886 220160
1759515921336 215.28019298875944 225280
1759515931767 111.10444756430293 230400
1759515949265 159.9780303608208 235520
1759515963865 228.47281838980282 240640
1759515975631 94.13555974503996 245760
1759515987883 67.3892030848329 250880
1759516004050 54.58987674566918 256000
1759516018975 136.21850540742426 261120
1759516030176 113.44848665169998 266240
1759516043171 203.61687460556337 271360
1759516057487 118.7548911350831 276480
1759516070644 90.95313889190068 281600
1759516081145 139.48930792510558 286720
1759516094953 135.99766544534873 291840
1759516109094 169.59016658579978 296960
1759516112237 152.7756975304145 300032
