1771223064695 0.09116026014089584 5120
1771223076304 0.12568028271198273 10240
1771223087990 0.13384707272052765 15360
1771223100414 0.13868348300457 20480
1771223111991 0.13573163747787476 25600
1771223124095 0.13162687420845032 30720
1771223136416 0.12378642708063126 35840
1771223148428 0.11634735763072968 40960
1771223160085 0.1118624284863472 46080
1771223172448 0.1070992574095726 51200
1771223183798 0.10401493310928345 56320
1771223195907 0.10146129131317139 61440
1771223208465 0.0982741266489029 66560
1771223220043 0.09393462538719177 71680
1771223231570 0.08927921205759048 76800
1771223243455 0.08558507263660431 81920
1771223255105 0.08196848630905151 87040
1771223267054 0.07806172966957092 92160
1771223279332 0.07395190745592117 97280
1771223291134 0.07052963972091675 102400
1771223302515 0.06843916326761246 107520
1771223314311 0.06744762510061264 112640
1771223326326 0.06786727160215378 117760
1771223338594 0.06808608770370483 122880
1771223350859 0.06825871020555496 128000
1771223362499 0.06943614780902863 133120
1771223374412 0.07158126682043076 138240
1771223386051 0.07424939423799515 143360
1771223398179 0.07582906633615494 148480
1771223409819 0.0777604952454567 153600
1771223422225 0.0796966552734375 158720
1771223433751 0.08172284066677094 163840
1771223446236 0.08320673555135727 168960
1771223458184 0.08528392016887665 174080
1771223470212 0.08751386404037476 179200
1771223482127 0.08957739174365997 184320
1771223495636 0.09136182814836502 189440
1771223507751 0.09275518357753754 194560
1771223520284 0.09454898536205292 199680
1771223531705 0.09624195843935013 204800
1771223543842 0.09777874499559402 209920
1771223555455 0.09931240230798721 215040
1771223568528 0.10075639933347702 220160
1771223579997 0.10238003730773926 225280
1771223591882 0.10357078164815903 230400
1771223603604 0.10448233038187027 235520
1771223615576 0.10543214529752731 240640
1771223627116 0.10650423169136047 245760
1771223639725 0.10738260298967361 250880
1771223651365 0.1082230806350708 256000
1771223663349 0.10888952761888504 261120
1771223674804 0.1096540093421936 266240
1771223686706 0.11029722541570663 271360
1771223698999 0.11118876188993454 276480
1771223711408 0.11174581199884415 281600
1771223722952 0.11206453293561935 286720
1771223734437 0.1124657541513443 291840
1771223746548 0.1133701428771019 296960
1771223752419 0.11350378394126892 300032
