1771223064695 26.431257247924805 5120
1771223076304 26.362625122070312 10240
1771223087990 25.228008270263672 15360
1771223100414 25.100900650024414 20480
1771223111991 24.80788803100586 25600
1771223124095 25.03539276123047 30720
1771223136416 25.40692710876465 35840
1771223148428 25.656408309936523 40960
1771223160085 25.792224884033203 46080
1771223172448 25.920143127441406 51200
1771223183798 26.12911033630371 56320
1771223195907 26.264245986938477 61440
1771223208465 26.280439376831055 66560
1771223220043 26.003042221069336 71680
1771223231570 25.721933364868164 76800
1771223243455 25.505186080932617 81920
1771223255105 25.251855850219727 87040
1771223267054 25.008760452270508 92160
1771223279332 24.753414154052734 97280
1771223291134 24.4960994720459 102400
1771223302515 24.365455627441406 107520
1771223314311 24.37347984313965 112640
1771223326326 24.534936904907227 117760
1771223338594 24.695722579956055 122880
1771223350859 24.820545196533203 128000
1771223362499 24.860218048095703 133120
1771223374412 24.850528717041016 138240
1771223386051 24.835893630981445 143360
1771223398179 24.704225540161133 148480
1771223409819 24.650375366210938 153600
1771223422225 24.595701217651367 158720
1771223433751 24.597322463989258 163840
1771223446236 24.566316604614258 168960
1771223458184 24.557228088378906 174080
1771223470212 24.5205020904541 179200
1771223482127 24.490371704101562 184320
1771223495636 24.4589900970459 189440
1771223507751 24.4157772064209 194560
1771223520284 24.40237045288086 199680
1771223531705 24.383434295654297 204800
1771223543842 24.363859176635742 209920
1771223555455 24.31943130493164 215040
1771223568528 24.297481536865234 220160
1771223579997 24.308656692504883 225280
1771223591882 24.2934513092041 230400
1771223603604 24.252099990844727 235520
1771223615576 24.23956871032715 240640
1771223627116 24.221933364868164 245760
1771223639725 24.200498580932617 250880
1771223651365 24.197553634643555 256000
1771223663349 24.173213958740234 261120
1771223674804 24.18017578125 266240
1771223686706 24.175004959106445 271360
1771223698999 24.19715690612793 276480
1771223711408 24.160783767700195 281600
1771223722952 24.118703842163086 286720
1771223734437 24.08982276916504 291840
1771223746548 24.116270065307617 296960
1771223752419 24.109209060668945 300032
