1771184539199 73.60881697407908 5120
1771184549646 2.4105361646172274 10240
1771184559267 76.62228717573986 15360
1771184569387 61.57589993540431 20480
1771184579874 65.85705313402839 25600
1771184590507 71.46539444539104 30720
1771184600089 67.05414781538265 35840
1771184611638 66.19484557233717 40960
1771184621230 73.01298610869338 46080
1771184631384 49.14816029997657 51200
1771184641233 73.00663173835095 56320
1771184652712 74.77277427175812 61440
1771184662282 63.76551074083646 66560
1771184672532 65.51347974133891 71680
1771184682758 67.34808439577378 76800
1771184693499 75.87792391048718 81920
1771184702992 75.99615879400626 87040
1771184713174 65.9959089907795 92160
1771184724222 72.04108483193349 97280
1771184734617 63.94243463678634 102400
1771184744519 3.3989745468159818 107520
1771184754136 71.18400597399952 112640
1771184764733 72.98249521489473 117760
1771184775956 2.0596519175373964 122880
1771184785558 25.95372725191359 128000
1771184795288 72.49808137726 133120
1771184805529 6.041985442088872 138240
1771184816325 65.52166713531415 143360
1771184826114 59.13800688060459 148480
1771184836155 72.84560075028656 153600
1771184847204 2.027522811603899 158720
1771184857314 73.5726639653388 163840
1771184867537 68.68701690030133 168960
1771184877593 70.99603913470327 174080
1771184887828 4.050702544108799 179200
1771184898323 76.0016670592712 184320
1771184909176 2.330405813479926 189440
1771184919517 2.346268199182278 194560
1771184929579 72.07203244209224 199680
1771184939733 69.89458247929477 204800
1771184950008 60.39662471560637 209920
1771184960006 72.82409931417658 215040
1771184970169 69.26093992536082 220160
1771184980449 64.36041676257116 225280
1771184991124 71.34140699414887 230400
1771185001016 2.914818281827349 235520
1771185010988 55.44647436744838 240640
1771185021539 67.53895204663296 245760
1771185032474 6.181775842121165 250880
1771185042107 65.44396941800593 256000
1771185052032 59.45319498780972 261120
1771185062303 72.64876848997125 266240
1771185072618 75.62618777158724 271360
1771185082997 64.02442337927981 276480
1771185092923 3.96841394161537 281600
1771185102717 74.70618409803363 286720
1771185113080 2.0992176301480656 291840
1771185123320 71.26019810054537 296960
1771185127203 54.35430111707229 300032
