1771184539202 2.1361236572265625 5120
1771184549648 2.375260353088379 10240
1771184559269 2.7331254482269287 15360
1771184569389 2.9534802436828613 20480
1771184579876 2.8582162857055664 25600
1771184590510 2.684643030166626 30720
1771184600092 2.5246176719665527 35840
1771184611641 2.404367208480835 40960
1771184621232 2.3224027156829834 46080
1771184631386 2.3534629344940186 51200
1771184641236 2.448071002960205 56320
1771184652714 2.556108236312866 61440
1771184662284 2.6134800910949707 66560
1771184672534 2.7272067070007324 71680
1771184682761 2.8992700576782227 76800
1771184693502 3.0005900859832764 81920
1771184702995 3.0765113830566406 87040
1771184713176 3.1604888439178467 92160
1771184724224 3.2145156860351562 97280
1771184734619 3.278317928314209 102400
1771184744522 3.3439691066741943 107520
1771184754138 3.37656831741333 112640
1771184764736 3.401921033859253 117760
1771184775958 3.4409501552581787 122880
1771184785560 3.4723610877990723 128000
1771184795290 3.521770715713501 133120
1771184805531 3.5712106227874756 138240
1771184816328 3.6278181076049805 143360
1771184826117 3.66957426071167 148480
1771184836157 3.710991621017456 153600
1771184847206 3.767540454864502 158720
1771184857317 3.8057613372802734 163840
1771184867539 3.843757152557373 168960
1771184877595 3.885631561279297 174080
1771184887831 3.9185707569122314 179200
1771184898325 3.956073045730591 184320
1771184909178 3.9842216968536377 189440
1771184919519 4.017574310302734 194560
1771184929582 4.049543380737305 199680
1771184939735 4.070871829986572 204800
1771184950010 4.0821452140808105 209920
1771184960008 4.0981974601745605 215040
1771184970171 4.121618747711182 220160
1771184980451 4.155745029449463 225280
1771184991127 4.176602363586426 230400
1771185001018 4.189418315887451 235520
1771185010991 4.202511310577393 240640
1771185021541 4.213870525360107 245760
1771185032477 4.224734306335449 250880
1771185042109 4.22795295715332 256000
1771185052035 4.231513977050781 261120
1771185062305 4.249551296234131 266240
1771185072620 4.256596565246582 271360
1771185083000 4.266716957092285 276480
1771185092926 4.264298439025879 281600
1771185102720 4.264899253845215 286720
1771185113083 4.2712507247924805 291840
1771185123322 4.289065361022949 296960
1771185127205 4.2885003089904785 300032
