1771181848987 17.36421012878418 5120
1771181858358 18.261247634887695 10240
1771181865997 19.173351287841797 15360
1771181874933 19.764352798461914 20480
1771181883041 20.299556732177734 25600
1771181891389 20.562786102294922 30720
1771181899396 20.56454086303711 35840
1771181907863 20.686813354492188 40960
1771181916138 20.771556854248047 46080
1771181924672 20.869016647338867 51200
1771181932658 20.942188262939453 56320
1771181942410 20.991378784179688 61440
1771181949376 21.104448318481445 66560
1771181959481 21.150054931640625 71680
1771181966757 21.170310974121094 76800
1771181976013 21.18317985534668 81920
1771181983476 21.185094833374023 87040
1771181992548 21.256643295288086 92160
1771182000466 21.374479293823242 97280
1771182009330 21.407337188720703 102400
1771182017776 21.491992950439453 107520
1771182025981 21.515817642211914 112640
1771182034966 21.538715362548828 117760
1771182042799 21.532455444335938 122880
1771182051781 21.564342498779297 128000
1771182059697 21.575716018676758 133120
1771182068376 21.578258514404297 138240
1771182076603 21.569364547729492 143360
1771182085312 21.576475143432617 148480
1771182093498 21.586732864379883 153600
1771182101840 21.579734802246094 158720
1771182110681 21.61139678955078 163840
1771182118362 21.620140075683594 168960
1771182127676 21.62507438659668 174080
1771182135171 21.630937576293945 179200
1771182144710 21.647504806518555 184320
1771182152396 21.66314697265625 189440
1771182161808 21.662738800048828 194560
1771182169314 21.64560317993164 199680
1771182178974 21.67238998413086 204800
1771182186179 21.68527603149414 209920
1771182196127 21.69689178466797 215040
1771182203695 21.71030616760254 220160
1771182213468 21.733566284179688 225280
1771182221182 21.727622985839844 230400
1771182230033 21.753128051757812 235520
1771182238517 21.754310607910156 240640
1771182246814 21.74725914001465 245760
1771182255586 21.745439529418945 250880
1771182263186 21.7393741607666 256000
1771182272872 21.73554801940918 261120
1771182279917 21.74102210998535 266240
1771182290040 21.76034164428711 271360
1771182297739 21.784854888916016 276480
1771182307230 21.78684425354004 281600
1771182315003 21.794376373291016 286720
1771182324286 21.795568466186523 291840
1771182331553 21.79022216796875 296960
1771182336313 21.798093795776367 300032
