1771181848984 18.75209617614746 5120
1771181858356 20.31965446472168 10240
1771181865995 15.810772895812988 15360
1771181874931 17.543331146240234 20480
1771181883039 19.050830841064453 25600
1771181891386 17.026016235351562 30720
1771181899394 18.863330841064453 35840
1771181907860 20.6254825592041 40960
1771181916136 17.677337646484375 46080
1771181924669 17.426284790039062 51200
1771181932656 18.58150863647461 56320
1771181942407 18.972530364990234 61440
1771181949374 15.466081619262695 66560
1771181959478 16.612794876098633 71680
1771181966755 16.363712310791016 76800
1771181976011 15.989738464355469 81920
1771181983474 17.040353775024414 87040
1771181992546 14.621665954589844 92160
1771182000464 13.950050354003906 97280
1771182009328 17.622623443603516 102400
1771182017774 16.228069305419922 107520
1771182025979 14.123553276062012 112640
1771182034964 18.266794204711914 117760
1771182042796 15.887260437011719 122880
1771182051779 14.720731735229492 128000
1771182059695 15.61256217956543 133120
1771182068374 17.559680938720703 138240
1771182076601 17.909791946411133 143360
1771182085310 18.6478328704834 148480
1771182093496 14.31596851348877 153600
1771182101837 16.36240577697754 158720
1771182110678 17.46158218383789 163840
1771182118360 18.282793045043945 168960
1771182127674 15.858869552612305 174080
1771182135169 15.475608825683594 179200
1771182144707 17.83053207397461 184320
1771182152394 19.254497528076172 189440
1771182161805 16.949819564819336 194560
1771182169312 16.57614517211914 199680
1771182178972 17.853586196899414 204800
1771182186177 15.616308212280273 209920
1771182196125 15.540753364562988 215040
1771182203693 14.065173149108887 220160
1771182213466 18.38088035583496 225280
1771182221180 16.7659969329834 230400
1771182230031 19.57235336303711 235520
1771182238514 15.055885314941406 240640
1771182246812 16.24275779724121 245760
1771182255584 18.63626480102539 250880
1771182263184 15.785514831542969 256000
1771182272869 15.27467155456543 261120
1771182279915 13.349865913391113 266240
1771182290037 18.249980926513672 271360
1771182297737 18.746990203857422 276480
1771182307227 15.103144645690918 281600
1771182315000 17.19401741027832 286720
1771182324284 15.6578369140625 291840
1771182331551 14.80461311340332 296960
1771182336311 17.254735946655273 300032
