1771181848987 1.670624017715454 5120
1771181858358 1.6463689804077148 10240
1771181865997 1.6650025844573975 15360
1771181874933 1.6632254123687744 20480
1771181883041 1.6412464380264282 25600
1771181891389 1.6462777853012085 30720
1771181899396 1.6156388521194458 35840
1771181907863 1.6088532209396362 40960
1771181916138 1.6290380954742432 46080
1771181924672 1.621840476989746 51200
1771181932658 1.6199628114700317 56320
1771181942410 1.6184529066085815 61440
1771181949376 1.6225937604904175 66560
1771181959481 1.6190242767333984 71680
1771181966757 1.6064728498458862 76800
1771181976013 1.6260294914245605 81920
1771181983476 1.634835124015808 87040
1771181992548 1.6292165517807007 92160
1771182000466 1.6302425861358643 97280
1771182009330 1.634257197380066 102400
1771182017776 1.6360787153244019 107520
1771182025981 1.6280860900878906 112640
1771182034966 1.6286754608154297 117760
1771182042799 1.6329286098480225 122880
1771182051781 1.634984016418457 128000
1771182059697 1.6348109245300293 133120
1771182068376 1.6365562677383423 138240
1771182076603 1.627759575843811 143360
1771182085312 1.6241991519927979 148480
1771182093498 1.618209719657898 153600
1771182101840 1.613807201385498 158720
1771182110681 1.6124603748321533 163840
1771182118362 1.610498070716858 168960
1771182127676 1.6063505411148071 174080
1771182135171 1.604406476020813 179200
1771182144710 1.6021257638931274 184320
1771182152396 1.603759527206421 189440
1771182161808 1.600773811340332 194560
1771182169314 1.5989354848861694 199680
1771182178974 1.5991623401641846 204800
1771182186179 1.6029093265533447 209920
1771182196127 1.601178526878357 215040
1771182203695 1.60286283493042 220160
1771182213468 1.603297233581543 225280
1771182221182 1.6008687019348145 230400
1771182230033 1.599067211151123 235520
1771182238517 1.5980465412139893 240640
1771182246814 1.5986369848251343 245760
1771182255586 1.5990917682647705 250880
1771182263186 1.599256157875061 256000
1771182272872 1.597062587738037 261120
1771182279917 1.5966085195541382 266240
1771182290040 1.5962493419647217 271360
1771182297739 1.5942730903625488 276480
1771182307230 1.5933998823165894 281600
1771182315003 1.5938416719436646 286720
1771182324286 1.5917012691497803 291840
1771182331553 1.5887136459350586 296960
1771182336313 1.588883399963379 300032
