1771063453450 26.054851531982422 5120
1771063648977 26.004858016967773 10240
1771063845929 26.526973724365234 15360
1771064041496 26.512405395507812 20480
1771064236883 25.50022315979004 25600
1771064432126 24.45269012451172 30720
1771064627380 23.74872398376465 35840
1771064822726 23.599149703979492 40960
1771065017902 23.696504592895508 46080
1771065213164 23.39832305908203 51200
1771065408310 23.118488311767578 56320
1771065603458 22.90298843383789 61440
1771065799428 22.603334426879883 66560
1771065994619 22.272830963134766 71680
1771066189890 21.9135799407959 76800
1771066384970 21.68867301940918 81920
1771066580211 21.301254272460938 87040
1771066775305 20.849027633666992 92160
1771066970584 20.582496643066406 97280
1771067165782 20.3176212310791 102400
1771067360967 20.000431060791016 107520
1771067556195 19.709054946899414 112640
1771067751393 19.36193084716797 117760
1771067946487 19.087888717651367 122880
1771068141777 18.935832977294922 128000
1771068337606 18.72675323486328 133120
1771068532793 18.5482120513916 138240
1771068727917 18.499048233032227 143360
1771068922997 18.445178985595703 148480
1771069118084 18.377370834350586 153600
1771069313283 18.3020076751709 158720
1771069508435 18.20355987548828 163840
1771069703523 18.05211639404297 168960
1771069898576 17.89119529724121 174080
1771070093616 17.720191955566406 179200
1771070288777 17.593711853027344 184320
1771070483883 17.500335693359375 189440
1771070678976 17.346878051757812 194560
1771070874802 17.226064682006836 199680
1771071069826 17.09942054748535 204800
1771071264966 16.985515594482422 209920
1771071459956 16.881629943847656 215040
1771071654932 16.81818962097168 220160
1771071850113 16.75939178466797 225280
1771072045201 16.673995971679688 230400
1771072240488 16.60829734802246 235520
1771072435832 16.559383392333984 240640
1771072631039 16.517601013183594 245760
1771072826253 16.4505558013916 250880
1771073021454 16.39012336730957 256000
1771073216795 16.345304489135742 261120
1771073412062 16.304466247558594 266240
1771073607838 16.267675399780273 271360
1771073803042 16.212743759155273 276480
1771073998355 16.18223762512207 281600
1771074193688 16.145858764648438 286720
1771074388890 16.104196548461914 291840
1771074584251 16.078359603881836 296960
1771074681889 16.05385971069336 300032
