1771063453450 0.0 5120
1771063648977 0.0 10240
1771063845929 0.0 15360
1771064041496 0.0 20480
1771064236883 0.0 25600
1771064432126 0.0 30720
1771064627380 0.0 35840
1771064822726 0.0 40960
1771065017902 0.0 46080
1771065213164 0.0 51200
1771065408310 0.0 56320
1771065603458 0.0 61440
1771065799428 0.0 66560
1771065994619 0.0 71680
1771066189890 0.0 76800
1771066384970 0.0 81920
1771066580211 0.0 87040
1771066775305 0.0 92160
1771066970584 0.0 97280
1771067165782 0.0 102400
1771067360967 0.0 107520
1771067556195 0.0 112640
1771067751393 0.0 117760
1771067946487 0.0 122880
1771068141777 0.0 128000
1771068337606 0.0 133120
1771068532793 0.0 138240
1771068727917 0.0 143360
1771068922997 0.0 148480
1771069118084 0.0 153600
1771069313283 0.0 158720
1771069508435 0.0 163840
1771069703523 0.0 168960
1771069898576 0.0 174080
1771070093616 0.0 179200
1771070288777 0.0 184320
1771070483883 0.0 189440
1771070678976 0.0 194560
1771070874802 0.0 199680
1771071069826 0.0 204800
1771071264966 0.0 209920
1771071459956 0.0 215040
1771071654932 0.0 220160
1771071850113 0.0 225280
1771072045201 0.0 230400
1771072240488 0.0 235520
1771072435832 0.0 240640
1771072631039 0.0 245760
1771072826253 0.0 250880
1771073021454 0.0 256000
1771073216795 0.0 261120
1771073412062 0.0 266240
1771073607838 0.0 271360
1771073803042 0.0 276480
1771073998355 0.0 281600
1771074193688 0.0 286720
1771074388890 0.0 291840
1771074584251 0.0 296960
1771074681889 0.0 300032
