1771063453445 -3.0486066341400146 5120
1771063648971 -5.506683349609375 10240
1771063845923 -7.542545318603516 15360
1771064041490 -9.212573051452637 20480
1771064236877 -9.987289428710938 25600
1771064432120 -10.645809173583984 30720
1771064627374 -11.24156665802002 35840
1771064822720 -11.349334716796875 40960
1771065017896 -10.985296249389648 46080
1771065213158 -10.85684585571289 51200
1771065408304 -11.716041564941406 56320
1771065603452 -12.60412883758545 61440
1771065799422 -13.247247695922852 66560
1771065994613 -13.979446411132812 71680
1771066189883 -14.577326774597168 76800
1771066384963 -14.84936809539795 81920
1771066580204 -15.062414169311523 87040
1771066775298 -15.611551284790039 92160
1771066970578 -16.73159408569336 97280
1771067165775 -17.594684600830078 102400
1771067360960 -18.27924156188965 107520
1771067556188 -19.071020126342773 112640
1771067751387 -19.87248420715332 117760
1771067946480 -20.974451065063477 122880
1771068141771 -21.831296920776367 128000
1771068337599 -22.21963119506836 133120
1771068532786 -22.89628791809082 138240
1771068727909 -23.75461196899414 143360
1771068922990 -24.150054931640625 148480
1771069118077 -23.792539596557617 153600
1771069313276 -23.943639755249023 158720
1771069508428 -23.829792022705078 163840
1771069703516 -24.00605010986328 168960
1771069898569 -24.08611488342285 174080
1771070093609 -23.9586181640625 179200
1771070288770 -23.907190322875977 184320
1771070483876 -23.83357810974121 189440
1771070678968 -23.901874542236328 194560
1771070874795 -23.953149795532227 199680
1771071069818 -23.728757858276367 204800
1771071264958 -23.710317611694336 209920
1771071459948 -23.66269874572754 215040
1771071654925 -23.5916748046875 220160
1771071850106 -23.318904876708984 225280
1771072045193 -23.313621520996094 230400
1771072240480 -23.310382843017578 235520
1771072435824 -23.33100700378418 240640
1771072631031 -23.222227096557617 245760
1771072826244 -23.007389068603516 250880
1771073021446 -22.82281494140625 256000
1771073216787 -22.730846405029297 261120
1771073412054 -22.729557037353516 266240
1771073607830 -22.756132125854492 271360
1771073803034 -22.745243072509766 276480
1771073998345 -22.780752182006836 281600
1771074193680 -22.93407440185547 286720
1771074388881 -22.96814727783203 291840
1771074584243 -22.988943099975586 296960
1771074681880 -23.017196655273438 300032
