1771063453450 1.025590419769287 5120
1771063648977 1.1207356452941895 10240
1771063845929 1.136601448059082 15360
1771064041496 1.1555308103561401 20480
1771064236883 1.1548458337783813 25600
1771064432126 1.1781997680664062 30720
1771064627380 1.176981806755066 35840
1771064822726 1.1954056024551392 40960
1771065017902 1.2309812307357788 46080
1771065213164 1.2447432279586792 51200
1771065408310 1.2770428657531738 56320
1771065603458 1.2950297594070435 61440
1771065799428 1.2975423336029053 66560
1771065994619 1.289247751235962 71680
1771066189890 1.2835363149642944 76800
1771066384970 1.282532811164856 81920
1771066580211 1.2691829204559326 87040
1771066775305 1.2444437742233276 92160
1771066970584 1.2318860292434692 97280
1771067165782 1.2167117595672607 102400
1771067360967 1.1953200101852417 107520
1771067556195 1.1694464683532715 112640
1771067751393 1.142667293548584 117760
1771067946487 1.1239879131317139 122880
1771068141777 1.1158225536346436 128000
1771068337606 1.1025930643081665 133120
1771068532793 1.0948601961135864 138240
1771068727917 1.0930054187774658 143360
1771068922997 1.0878747701644897 148480
1771069118084 1.0899107456207275 153600
1771069313283 1.0902819633483887 158720
1771069508435 1.0882644653320312 163840
1771069703523 1.0805939435958862 168960
1771069898576 1.0717406272888184 174080
1771070093616 1.0636522769927979 179200
1771070288777 1.0576790571212769 184320
1771070483883 1.0550097227096558 189440
1771070678976 1.0481492280960083 194560
1771070874802 1.0450338125228882 199680
1771071069826 1.0402830839157104 204800
1771071264966 1.0348951816558838 209920
1771071459956 1.0296705961227417 215040
1771071654932 1.0276851654052734 220160
1771071850113 1.0254706144332886 225280
1771072045201 1.0229580402374268 230400
1771072240488 1.0221116542816162 235520
1771072435832 1.020698070526123 240640
1771072631039 1.020645260810852 245760
1771072826253 1.018196940422058 250880
1771073021454 1.0157320499420166 256000
1771073216795 1.0159491300582886 261120
1771073412062 1.01627516746521 266240
1771073607838 1.017636775970459 271360
1771073803042 1.017342209815979 276480
1771073998355 1.0194268226623535 281600
1771074193688 1.0210087299346924 286720
1771074388890 1.0213223695755005 291840
1771074584251 1.0239650011062622 296960
1771074681889 1.024471640586853 300032
