1771117403963 0.0808744803071022 6144
1771117426964 0.09510227292776108 12288
1771117449318 0.09848229587078094 18432
1771117454822 0.09585639089345932 24576
1771117478777 0.09333249926567078 30720
1771117500276 0.09183941036462784 36864
1771117523810 0.09001389145851135 43008
1771117528863 0.08857490122318268 49152
1771117553648 0.08731506019830704 55296
1771117573958 0.08580487966537476 61440
1771117597838 0.08559965342283249 67584
1771117603686 0.08468786627054214 73728
1771117627618 0.08399199694395065 79872
1771117648284 0.0836661234498024 86016
1771117672123 0.08370103687047958 92160
1771117678391 0.08461222052574158 98304
1771117701996 0.084101602435112 104448
1771117722499 0.08103562891483307 110592
1771117746072 0.07648869603872299 116736
1771117752849 0.07195104658603668 122880
1771117776040 0.06817156821489334 129024
1771117795929 0.06508994847536087 135168
1771117820475 0.06320296972990036 141312
1771117828023 0.06284879148006439 147456
1771117849930 0.06203111633658409 153600
1771117871250 0.061042722314596176 159744
1771117894867 0.06037807837128639 165888
1771117902540 0.06036118045449257 172032
1771117923642 0.06071384623646736 178176
1771117948562 0.06130147725343704 184320
1771117981684 0.06163710355758667 190464
1771117990928 0.06190790235996246 196608
1771118010418 0.06215628236532211 202752
1771118033001 0.06236094608902931 208896
1771118056218 0.06277118623256683 215040
1771118065775 0.06298317760229111 221184
1771118084972 0.06400290876626968 227328
1771118106773 0.06408827006816864 233472
1771118129842 0.06439878791570663 239616
1771118139868 0.06456097215414047 245760
1771118159080 0.06481467187404633 251904
1771118180019 0.06489110738039017 258048
1771118203123 0.06513531506061554 264192
1771118213895 0.0653528943657875 270336
1771118233394 0.06544283032417297 276480
1771118253931 0.06548910588026047 282624
1771118276656 0.065592922270298 288768
1771118288268 0.06583631783723831 294912
1771118304371 0.06596880406141281 301056
