1771117403963 23.83913803100586 6144
1771117426964 25.14828872680664 12288
1771117449318 25.630205154418945 18432
1771117454822 26.09990882873535 24576
1771117478777 26.366470336914062 30720
1771117500276 26.664690017700195 36864
1771117523810 26.830394744873047 43008
1771117528863 26.999773025512695 49152
1771117553648 27.050521850585938 55296
1771117573958 27.10442352294922 61440
1771117597838 27.2232608795166 67584
1771117603686 27.28249168395996 73728
1771117627618 27.343528747558594 79872
1771117648284 27.307636260986328 86016
1771117672123 27.186153411865234 92160
1771117678391 27.043468475341797 98304
1771117701996 27.0587215423584 104448
1771117722499 26.805206298828125 110592
1771117746072 26.464176177978516 116736
1771117752849 26.36921501159668 122880
1771117776040 26.13778305053711 129024
1771117795929 25.89912986755371 135168
1771117820475 25.69519805908203 141312
1771117828023 25.679244995117188 147456
1771117849930 25.591806411743164 153600
1771117871250 25.480546951293945 159744
1771117894867 25.414175033569336 165888
1771117902540 25.428953170776367 172032
1771117923642 25.521387100219727 178176
1771117948562 25.603118896484375 184320
1771117981684 25.64763641357422 190464
1771117990928 25.715248107910156 196608
1771118010418 25.76979637145996 202752
1771118033001 25.799043655395508 208896
1771118056218 25.843515396118164 215040
1771118065775 25.863048553466797 221184
1771118084972 25.849506378173828 227328
1771118106773 25.86801528930664 233472
1771118129842 25.926050186157227 239616
1771118139868 25.95989227294922 245760
1771118159080 25.98480987548828 251904
1771118180019 26.025146484375 258048
1771118203123 26.08403778076172 264192
1771118213895 26.113811492919922 270336
1771118233394 26.15736198425293 276480
1771118253931 26.192840576171875 282624
1771118276656 26.225038528442383 288768
1771118288268 26.25033950805664 294912
1771118304371 26.275833129882812 301056
