1771117403963 0.0 6144
1771117426964 0.0 12288
1771117449318 0.0 18432
1771117454822 0.0 24576
1771117478777 0.0 30720
1771117500276 0.0 36864
1771117523810 0.0 43008
1771117528863 0.0 49152
1771117553648 0.0 55296
1771117573958 0.0 61440
1771117597838 0.0 67584
1771117603686 0.0 73728
1771117627618 0.0 79872
1771117648284 0.0 86016
1771117672123 0.0 92160
1771117678391 0.0 98304
1771117701996 0.0 104448
1771117722499 0.0 110592
1771117746072 0.0 116736
1771117752849 0.0 122880
1771117776040 0.0 129024
1771117795929 0.0 135168
1771117820475 0.0 141312
1771117828023 0.0 147456
1771117849930 0.0 153600
1771117871250 0.0 159744
1771117894867 0.0 165888
1771117902540 0.0 172032
1771117923642 0.0 178176
1771117948562 0.0 184320
1771117981684 0.0 190464
1771117990928 0.0 196608
1771118010418 0.0 202752
1771118033001 0.0 208896
1771118056218 0.0 215040
1771118065775 0.0 221184
1771118084972 0.0 227328
1771118106773 0.0 233472
1771118129842 0.0 239616
1771118139868 0.0 245760
1771118159080 0.0 251904
1771118180019 0.0 258048
1771118203123 0.0 264192
1771118213895 0.0 270336
1771118233394 0.0 276480
1771118253931 0.0 282624
1771118276656 0.0 288768
1771118288268 0.0 294912
1771118304371 0.0 301056
