1771786559967 0.015209125354886055 5120
1771786566781 0.011450381949543953 10240
1771786573284 0.011450381949543953 15360
1771786580334 0.008612439967691898 20480
1771786586642 0.009195402264595032 25600
1771786593881 0.010230178944766521 30720
1771786599944 0.010982976295053959 35840
1771786607263 0.011073663830757141 40960
1771786613646 0.011563168838620186 46080
1771786620848 0.01119258999824524 51200
1771786627111 0.010888654738664627 56320
1771786634391 0.010617760941386223 61440
1771786640676 0.010707912035286427 66560
1771786647952 0.011055831797420979 71680
1771786654556 0.010838709771633148 76800
1771786661552 0.01016210950911045 81920
1771786667916 0.010480747558176517 87040
1771786674908 0.010114052332937717 92160
1771786681427 0.0099918432533741 97280
1771786688304 0.010271318256855011 102400
1771786695056 0.010143858380615711 107520
1771786701765 0.009681394323706627 112640
1771786708484 0.010107817128300667 117760
1771786715262 0.010174418799579144 122880
1771786722356 0.010080644860863686 128000
1771786728726 0.009687034413218498 133120
1771786735676 0.009477311745285988 138240
1771786742111 0.009550172835588455 143360
1771786749190 0.009491978213191032 148480
1771786755607 0.009308339096605778 153600
1771786762792 0.009132991544902325 158720
1771786769138 0.009211004711687565 163840
1771786776194 0.009171076118946075 168960
1771786782552 0.00924341008067131 174080
1771786789782 0.00909090880304575 179200
1771786795962 0.009059534408152103 184320
1771786803525 0.00892107468098402 189440
1771786809732 0.008892977610230446 194560
1771786817148 0.008764940313994884 199680
1771786823411 0.008639938198029995 204800
1771786830681 0.008902357891201973 209920
1771786837104 0.008871638216078281 215040
1771786844597 0.008759255520999432 220160
1771786850974 0.008739407174289227 225280
1771786858431 0.008544057607650757 230400
1771786864785 0.008442380465567112 235520
1771786871945 0.008431145921349525 240640
1771786878490 0.008336030878126621 245760
1771786885506 0.008247422985732555 250880
1771786892298 0.008160410448908806 256000
1771786899065 0.008077421225607395 261120
1771786906301 0.007994620129466057 266240
1771786912448 0.00813484750688076 271360
1771786919649 0.008130080997943878 276480
1771786926256 0.007983044721186161 281600
1771786933189 0.008049964904785156 286720
1771786939770 0.00804472342133522 291840
1771786947066 0.007904608733952045 296960
1771786950520 0.00790487602353096 300032
