1771786559967 263.0 5120
1771786566781 524.0 10240
1771786573284 786.0 15360
1771786580334 1045.0 20480
1771786586642 1305.0 25600
1771786593881 1564.0 30720
1771786599944 1821.0 35840
1771786607263 2077.0 40960
1771786613646 2335.0 46080
1771786620848 2591.0 51200
1771786627111 2847.0 56320
1771786634391 3108.0 61440
1771786640676 3362.0 66560
1771786647952 3618.0 71680
1771786654556 3875.0 76800
1771786661552 4133.0 81920
1771786667916 4389.0 87040
1771786674908 4647.0 92160
1771786681427 4904.0 97280
1771786688304 5160.0 102400
1771786695056 5422.0 107520
1771786701765 5681.0 112640
1771786708484 5936.0 117760
1771786715262 6192.0 122880
1771786722356 6448.0 128000
1771786728726 6710.0 133120
1771786735676 6964.0 138240
1771786742111 7225.0 143360
1771786749190 7480.0 148480
1771786755607 7735.0 153600
1771786762792 7993.0 158720
1771786769138 8251.0 163840
1771786776194 8505.0 168960
1771786782552 8763.0 174080
1771786789782 9020.0 179200
1771786795962 9272.0 184320
1771786803525 9528.0 189440
1771786809732 9783.0 194560
1771786817148 10040.0 199680
1771786823411 10301.0 204800
1771786830681 10559.0 209920
1771786837104 10821.0 215040
1771786844597 11074.0 220160
1771786850974 11328.0 225280
1771786858431 11587.0 230400
1771786864785 11845.0 235520
1771786871945 12098.0 240640
1771786878490 12356.0 245760
1771786885506 12610.0 250880
1771786892298 12867.0 256000
1771786899065 13123.0 261120
1771786906301 13384.0 266240
1771786912448 13645.0 271360
1771786919649 13899.0 276480
1771786926256 14155.0 281600
1771786933189 14410.0 286720
1771786939770 14668.0 291840
1771786947066 14928.0 296960
1771786950520 15054.0 300032
