1771786559963 -0.2180013507604599 5120
1771786566778 -0.3818361163139343 10240
1771786573281 -0.6486903429031372 15360
1771786580330 -0.6526646614074707 20480
1771786586639 -0.6320783495903015 25600
1771786593878 -0.6302189826965332 30720
1771786599941 -0.5241045355796814 35840
1771786607260 -0.5399972200393677 40960
1771786613643 -0.6118189096450806 46080
1771786620845 -0.7391852140426636 51200
1771786627108 -0.8607532382011414 56320
1771786634388 -0.9960330724716187 61440
1771786640672 -1.1048182249069214 66560
1771786647949 -1.2012627124786377 71680
1771786654552 -1.2762436866760254 76800
1771786661548 -1.3316904306411743 81920
1771786667913 -1.3671929836273193 87040
1771786674905 -1.4125990867614746 92160
1771786681424 -1.4654386043548584 97280
1771786688301 -1.487873911857605 102400
1771786695053 -1.4759881496429443 107520
1771786701762 -1.4928194284439087 112640
1771786708481 -1.459235429763794 117760
1771786715259 -1.4383028745651245 122880
1771786722352 -1.4538404941558838 128000
1771786728722 -1.4649975299835205 133120
1771786735673 -1.4681187868118286 138240
1771786742107 -1.4515403509140015 143360
1771786749187 -1.4374603033065796 148480
1771786755604 -1.4378445148468018 153600
1771786762789 -1.4091498851776123 158720
1771786769135 -1.4136760234832764 163840
1771786776191 -1.3616644144058228 168960
1771786782549 -1.3907290697097778 174080
1771786789779 -1.3428852558135986 179200
1771786795959 -1.2587639093399048 184320
1771786803521 -1.2877792119979858 189440
1771786809729 -1.2515300512313843 194560
1771786817144 -1.2187371253967285 199680
1771786823407 -1.2163455486297607 204800
1771786830678 -1.162644386291504 209920
1771786837100 -1.1297283172607422 215040
1771786844594 -1.1408069133758545 220160
1771786850971 -1.0903193950653076 225280
1771786858426 -1.1103692054748535 230400
1771786864782 -1.0438512563705444 235520
1771786871942 -0.9955664873123169 240640
1771786878487 -0.9892309308052063 245760
1771786885502 -1.0199156999588013 250880
1771786892294 -0.9599061012268066 256000
1771786899061 -0.9440047144889832 261120
1771786906298 -0.8896369934082031 266240
1771786912445 -0.8817275166511536 271360
1771786919646 -0.8522351980209351 276480
1771786926253 -0.812975287437439 281600
1771786933186 -0.8162709474563599 286720
1771786939767 -0.7334531545639038 291840
1771786947063 -0.7674471139907837 296960
1771786950517 -0.6900521516799927 300032
