1771786559963 12.502300262451172 5120
1771786566778 13.70055103302002 10240
1771786573281 17.963520050048828 15360
1771786580330 18.532819747924805 20480
1771786586639 17.312957763671875 25600
1771786593878 17.155412673950195 30720
1771786599941 15.388580322265625 35840
1771786607260 13.939239501953125 40960
1771786613643 12.977620124816895 46080
1771786620845 13.176973342895508 51200
1771786627108 12.445834159851074 56320
1771786634388 13.230325698852539 61440
1771786640672 13.600756645202637 66560
1771786647949 13.046537399291992 71680
1771786654552 13.075161933898926 76800
1771786661548 11.976773262023926 81920
1771786667913 12.890362739562988 87040
1771786674905 12.491582870483398 92160
1771786681424 14.024595260620117 97280
1771786688301 13.352518081665039 102400
1771786695053 12.1824951171875 107520
1771786701762 13.665580749511719 112640
1771786708481 12.08627700805664 117760
1771786715259 12.829389572143555 122880
1771786722352 13.158093452453613 128000
1771786728722 12.192971229553223 133120
1771786735673 12.87989616394043 138240
1771786742107 12.293871879577637 143360
1771786749187 12.676234245300293 148480
1771786755604 12.0159273147583 153600
1771786762789 12.215561866760254 158720
1771786769135 12.176284790039062 163840
1771786776191 11.857828140258789 168960
1771786782549 12.44872760772705 174080
1771786789779 12.39747142791748 179200
1771786795959 11.43649673461914 184320
1771786803521 12.240313529968262 189440
1771786809729 11.407476425170898 194560
1771786817144 11.708592414855957 199680
1771786823407 11.35107135772705 204800
1771786830678 10.727163314819336 209920
1771786837100 11.006070137023926 215040
1771786844594 11.986757278442383 220160
1771786850971 10.366796493530273 225280
1771786858426 11.372963905334473 230400
1771786864782 11.244985580444336 235520
1771786871942 10.677783966064453 240640
1771786878487 12.0110502243042 245760
1771786885502 11.373046875 250880
1771786892294 11.534965515136719 256000
1771786899061 11.643482208251953 261120
1771786906298 10.939471244812012 266240
1771786912445 11.337724685668945 271360
1771786919646 10.704057693481445 276480
1771786926253 11.4439115524292 281600
1771786933186 10.558935165405273 286720
1771786939767 10.749946594238281 291840
1771786947063 10.780953407287598 296960
1771786950517 10.354634284973145 300032
