1771786559967 4.34220552444458 5120
1771786566781 4.272900581359863 10240
1771786573284 4.053435325622559 15360
1771786580334 4.0200958251953125 20480
1771786586642 4.010727882385254 25600
1771786593881 3.968670129776001 30720
1771786599944 3.952224016189575 35840
1771786607263 3.9075589179992676 40960
1771786613646 3.8672378063201904 46080
1771786620848 3.8610575199127197 51200
1771786627111 3.8345627784729004 56320
1771786634391 3.8156371116638184 61440
1771786640676 3.792088031768799 66560
1771786647952 3.7960197925567627 71680
1771786654556 3.779096841812134 76800
1771786661552 3.771352529525757 81920
1771786667916 3.772841215133667 87040
1771786674908 3.75059175491333 92160
1771786681427 3.7495920658111572 97280
1771786688304 3.753100872039795 102400
1771786695056 3.733124256134033 107520
1771786701765 3.715367078781128 112640
1771786708484 3.7126011848449707 117760
1771786715262 3.7107558250427246 122880
1771786722356 3.7031638622283936 128000
1771786728726 3.69120717048645 133120
1771786735676 3.684807538986206 138240
1771786742111 3.677508592605591 143360
1771786749190 3.676069498062134 148480
1771786755607 3.6664512157440186 153600
1771786762792 3.652570962905884 158720
1771786769138 3.6493759155273438 163840
1771786776194 3.6449148654937744 168960
1771786782552 3.6353988647460938 174080
1771786789782 3.6319291591644287 179200
1771786795962 3.6313631534576416 184320
1771786803525 3.6400084495544434 189440
1771786809732 3.642543077468872 194560
1771786817148 3.6477091312408447 199680
1771786823411 3.6432385444641113 204800
1771786830681 3.6384127140045166 209920
1771786837104 3.636540174484253 215040
1771786844597 3.638974189758301 220160
1771786850974 3.6483051776885986 225280
1771786858431 3.6404590606689453 230400
1771786864785 3.632672071456909 235520
1771786871945 3.639031171798706 240640
1771786878490 3.6361281871795654 245760
1771786885506 3.6394925117492676 250880
1771786892298 3.639387607574463 256000
1771786899065 3.6400976181030273 261120
1771786906301 3.636730432510376 266240
1771786912448 3.6295347213745117 271360
1771786919649 3.6319878101348877 276480
1771786926256 3.6306605339050293 281600
1771786933189 3.628868818283081 286720
1771786939770 3.629056453704834 291840
1771786947066 3.6234593391418457 296960
1771786950520 3.623223066329956 300032
