1771786559967 23.37516212463379 5120
1771786566781 22.27326774597168 10240
1771786573284 20.310413360595703 15360
1771786580334 19.807538986206055 20480
1771786586642 19.554861068725586 25600
1771786593881 19.362384796142578 30720
1771786599944 19.176021575927734 35840
1771786607263 18.732175827026367 40960
1771786613646 18.329771041870117 46080
1771786620848 18.12350082397461 51200
1771786627111 17.815702438354492 56320
1771786634391 17.54697608947754 61440
1771786640676 17.292890548706055 66560
1771786647952 17.290359497070312 71680
1771786654556 17.05886459350586 76800
1771786661552 16.95767593383789 81920
1771786667916 16.9238338470459 87040
1771786674908 16.749460220336914 92160
1771786681427 16.741411209106445 97280
1771786688304 16.7799015045166 102400
1771786695056 16.592758178710938 107520
1771786701765 16.42631721496582 112640
1771786708484 16.381757736206055 117760
1771786715262 16.38108253479004 122880
1771786722356 16.280420303344727 128000
1771786728726 16.166484832763672 133120
1771786735676 16.085397720336914 138240
1771786742111 15.992960929870605 143360
1771786749190 15.950252532958984 148480
1771786755607 15.85037899017334 153600
1771786762792 15.753623008728027 158720
1771786769138 15.727684020996094 163840
1771786776194 15.666122436523438 168960
1771786782552 15.571988105773926 174080
1771786789782 15.529147148132324 179200
1771786795962 15.523307800292969 184320
1771786803525 15.573917388916016 189440
1771786809732 15.60181999206543 194560
1771786817148 15.62458610534668 199680
1771786823411 15.588083267211914 204800
1771786830681 15.520026206970215 209920
1771786837104 15.486920356750488 215040
1771786844597 15.497716903686523 220160
1771786850974 15.57127571105957 225280
1771786858431 15.485928535461426 230400
1771786864785 15.40926456451416 235520
1771786871945 15.456475257873535 240640
1771786878490 15.433414459228516 245760
1771786885506 15.444439888000488 250880
1771786892298 15.43681526184082 256000
1771786899065 15.424492835998535 261120
1771786906301 15.391339302062988 266240
1771786912448 15.326811790466309 271360
1771786919649 15.354774475097656 276480
1771786926256 15.337204933166504 281600
1771786933189 15.335041046142578 286720
1771786939770 15.342849731445312 291840
1771786947066 15.285056114196777 296960
1771786950520 15.275398254394531 300032
