1771751175324 16.479097366333008 5120
1771751191611 15.93509578704834 10240
1771751207785 15.576176643371582 15360
1771751224008 15.296299934387207 20480
1771751240742 15.141655921936035 25600
1771751256936 15.384718894958496 30720
1771751273716 15.423151016235352 35840
1771751290013 15.271265029907227 40960
1771751306213 15.324763298034668 46080
1771751322389 15.197781562805176 51200
1771751338683 15.182132720947266 56320
1771751355211 15.080974578857422 61440
1771751371362 15.031264305114746 66560
1771751388147 15.054425239562988 71680
1771751404330 15.053086280822754 76800
1771751420551 14.92556381225586 81920
1771751436861 14.71501636505127 87040
1771751453436 14.80195426940918 92160
1771751469589 14.838284492492676 97280
1771751486623 14.871625900268555 102400
1771751503220 14.931056022644043 107520
1771751519379 14.949198722839355 112640
1771751535912 14.955619812011719 117760
1771751552206 14.992358207702637 122880
1771751568379 15.010255813598633 128000
1771751585254 15.045438766479492 133120
1771751601929 15.038517951965332 138240
1771751618508 15.059563636779785 143360
1771751635098 15.005887985229492 148480
1771751651302 15.111677169799805 153600
1771751667517 15.430582046508789 158720
1771751684362 15.776286125183105 163840
1771751700590 16.0793399810791 168960
1771751716784 16.351154327392578 174080
1771751732958 16.595386505126953 179200
1771751749169 16.870100021362305 184320
1771751765315 17.123628616333008 189440
1771751782130 17.3464412689209 194560
1771751798674 17.43901824951172 199680
1771751814821 17.65711784362793 204800
1771751831020 17.834442138671875 209920
1771751847189 17.970539093017578 215040
1771751863386 18.13007354736328 220160
1771751880118 18.303739547729492 225280
1771751896571 18.458454132080078 230400
1771751912724 18.577516555786133 235520
1771751928898 18.7150936126709 240640
1771751945547 18.879125595092773 245760
1771751961996 19.000272750854492 250880
1771751978180 19.126380920410156 256000
1771751995450 19.229736328125 261120
1771752011605 19.32306671142578 266240
1771752027777 19.470064163208008 271360
1771752043970 19.620750427246094 276480
1771752060130 19.781728744506836 281600
1771752076283 19.924152374267578 286720
1771752093135 20.086097717285156 291840
1771752109351 20.220598220825195 296960
1771752116092 20.264490127563477 300032
