1771751175324 4.090000152587891 5120
1771751191611 3.885509729385376 10240
1771751207785 3.7931456565856934 15360
1771751224008 3.758845329284668 20480
1771751240742 3.720059871673584 25600
1771751256936 3.728302001953125 30720
1771751273716 3.7542049884796143 35840
1771751290013 3.695817470550537 40960
1771751306213 3.703986406326294 46080
1771751322389 3.681453227996826 51200
1771751338683 3.669680118560791 56320
1771751355211 3.6454806327819824 61440
1771751371362 3.630274534225464 66560
1771751388147 3.6299753189086914 71680
1771751404330 3.6301615238189697 76800
1771751420551 3.6090316772460938 81920
1771751436861 3.584329128265381 87040
1771751453436 3.6132116317749023 92160
1771751469589 3.6299195289611816 97280
1771751486623 3.636399269104004 102400
1771751503220 3.6437487602233887 107520
1771751519379 3.642361640930176 112640
1771751535912 3.645989179611206 117760
1771751552206 3.651075601577759 122880
1771751568379 3.6465988159179688 128000
1771751585254 3.660499334335327 133120
1771751601929 3.6548826694488525 138240
1771751618508 3.6615426540374756 143360
1771751635098 3.6464877128601074 148480
1771751651302 3.691070795059204 153600
1771751667517 3.8162615299224854 158720
1771751684362 3.9494361877441406 163840
1771751700590 4.059988021850586 168960
1771751716784 4.158607006072998 174080
1771751732958 4.245957851409912 179200
1771751749169 4.344183444976807 184320
1771751765315 4.437991142272949 189440
1771751782130 4.519339561462402 194560
1771751798674 4.563318729400635 199680
1771751814821 4.642712116241455 204800
1771751831020 4.711373805999756 209920
1771751847189 4.759104251861572 215040
1771751863386 4.811491966247559 220160
1771751880118 4.883162021636963 225280
1771751896571 4.940447807312012 230400
1771751912724 4.989019870758057 235520
1771751928898 5.0499114990234375 240640
1771751945547 5.107623100280762 245760
1771751961996 5.162532806396484 250880
1771751978180 5.211780548095703 256000
1771751995450 5.266694068908691 261120
1771752011605 5.320533752441406 266240
1771752027777 5.380463600158691 271360
1771752043970 5.447752952575684 276480
1771752060130 5.516387462615967 281600
1771752076283 5.585622310638428 286720
1771752093135 5.655675888061523 291840
1771752109351 5.719892501831055 296960
1771752116092 5.743338584899902 300032
