1771231213907 0.0 6144
1771231251840 0.0 12288
1771231261893 0.0 18432
1771231292500 0.0 24576
1771231330604 0.0 30720
1771231368913 0.0 36864
1771231378604 0.0 43008
1771231408975 0.0 49152
1771231447817 0.0 55296
1771231485410 0.0 61440
1771231496407 0.0 67584
1771231526163 0.0 73728
1771231564789 0.0 79872
1771231602776 0.0 86016
1771231613059 0.0 92160
1771231643535 0.0 98304
1771231681920 0.0 104448
1771231719503 0.0 110592
1771231730675 0.0 116736
1771231761261 0.0 122880
1771231799023 0.0 129024
1771231837652 0.0 135168
1771231848472 0.0 141312
1771231883879 0.0 147456
1771231923100 0.0 153600
1771231960827 0.0 159744
1771231971970 0.0 165888
1771232003155 0.0 172032
1771232039745 0.0 178176
1771232077606 0.0 184320
1771232089588 0.0 190464
1771232121049 0.0 196608
1771232156113 0.0 202752
1771232193830 0.0 208896
1771232207483 0.0 215040
1771232238132 0.0 221184
1771232272507 0.0 227328
1771232309922 0.0 233472
1771232324622 0.0 239616
1771232354780 0.0 245760
1771232389672 0.0 251904
1771232427232 0.0 258048
1771232442011 0.0 264192
1771232472878 0.0 270336
1771232507167 0.0 276480
1771232544383 0.0 282624
1771232558671 0.0 288768
1771232589286 0.0 294912
1771232622078 0.0 301056
