1771231213907 1.188220739364624 6144
1771231251840 1.199520230293274 12288
1771231261893 1.2561914920806885 18432
1771231292500 1.2409398555755615 24576
1771231330604 1.2450807094573975 30720
1771231368913 1.2359158992767334 36864
1771231378604 1.2225936651229858 43008
1771231408975 1.2101576328277588 49152
1771231447817 1.198874592781067 55296
1771231485410 1.1866323947906494 61440
1771231496407 1.1857376098632812 67584
1771231526163 1.1789453029632568 73728
1771231564789 1.172658920288086 79872
1771231602776 1.1706680059432983 86016
1771231613059 1.1685491800308228 92160
1771231643535 1.1613454818725586 98304
1771231681920 1.1542506217956543 104448
1771231719503 1.1498262882232666 110592
1771231730675 1.14346444606781 116736
1771231761261 1.1429622173309326 122880
1771231799023 1.142709732055664 129024
1771231837652 1.144220232963562 135168
1771231848472 1.1421819925308228 141312
1771231883879 1.141627550125122 147456
1771231923100 1.1379426717758179 153600
1771231960827 1.138113021850586 159744
1771231971970 1.1376910209655762 165888
1771232003155 1.1372675895690918 172032
1771232039745 1.1387882232666016 178176
1771232077606 1.1385202407836914 184320
1771232089588 1.136462926864624 190464
1771232121049 1.1361225843429565 196608
1771232156113 1.1338002681732178 202752
1771232193830 1.131933569908142 208896
1771232207483 1.1313440799713135 215040
1771232238132 1.1295454502105713 221184
1771232272507 1.1274248361587524 227328
1771232309922 1.126441240310669 233472
1771232324622 1.125707745552063 239616
1771232354780 1.1266567707061768 245760
1771232389672 1.128853440284729 251904
1771232427232 1.127325177192688 258048
1771232442011 1.1262035369873047 264192
1771232472878 1.1249922513961792 270336
1771232507167 1.1238096952438354 276480
1771232544383 1.1233508586883545 282624
1771232558671 1.1233168840408325 288768
1771232589286 1.1233283281326294 294912
1771232622078 1.123404860496521 301056
