1771231213904 50.90174757281554 6144
1771231251838 44.46321502777425 12288
1771231261890 40.489077236439456 18432
1771231292498 51.92641196424592 24576
1771231330601 43.983431381801786 30720
1771231368911 47.20657287563309 36864
1771231378602 45.89606836858634 43008
1771231408972 50.41836759225868 49152
1771231447815 48.67080543532497 55296
1771231485408 47.220390885346305 61440
1771231496405 1.9652705541904927 67584
1771231526161 47.072534033646455 73728
1771231564787 49.18793024592183 79872
1771231602773 44.93672459234181 86016
1771231613056 47.407728911645364 92160
1771231643532 49.25551354017427 98304
1771231681918 46.624099599822145 104448
1771231719501 50.83265464417297 110592
1771231730673 50.00123980735301 116736
1771231761258 49.829565300036826 122880
1771231799021 50.92770586949659 129024
1771231837649 44.995054550135706 135168
1771231848470 53.02734616989267 141312
1771231883872 47.81141280806146 147456
1771231923097 50.745323880271975 153600
1771231960824 46.027522331716526 159744
1771231971968 50.308908373415214 165888
1771232003153 51.88337600969805 172032
1771232039742 47.93106837167312 178176
1771232077604 46.005813379547874 184320
1771232089585 44.947318787774876 190464
1771232121047 48.39618766298202 196608
1771232156111 43.32645366554072 202752
1771232193828 48.76303857511568 208896
1771232207481 50.71096602587353 215040
1771232238129 47.75316794371136 221184
1771232272505 48.68436386428795 227328
1771232309920 47.12648172492444 233472
1771232324620 47.53883643699917 239616
1771232354778 48.674759196936286 245760
1771232389669 45.60661976578555 251904
1771232427229 40.703219921200244 258048
1771232442008 45.61405950930921 264192
1771232472876 2.8397262036140583 270336
1771232507165 48.554176699388776 276480
1771232544381 46.031058286416666 282624
1771232558669 49.92268139402019 288768
1771232589284 47.75099331716702 294912
1771232622075 44.7454473687018 301056
