1758767898142 10.941492938711248 20224
1758767944699 10.688616071428571 40448
1758767988033 10.566049149917365 60672
1758768029584 10.622824431295598 80896
1758768073658 10.604067126656794 101120
1758768118948 10.535025928413893 121344
1758768164891 10.527103697439957 141568
1758768208258 10.520654977188707 161792
1758768252071 10.50571540498539 182016
1758768295946 10.505954120466015 202240
1758768338616 10.496999333862492 222464
1758768382579 10.516259961250501 242688
1758768397074 10.505590334487955 250112
