1758767898138 84.99096251266464 20224
1758767944695 131.7182426278931 40448
1758767988028 120.02586922306482 60672
1758768029579 121.74694493628633 80896
1758768073652 35.68739630218925 101120
1758768118944 74.1527853897424 121344
1758768164887 105.8820084315755 141568
1758768208254 94.05323466756363 161792
1758768252066 96.9445047960245 182016
1758768295942 85.24661599121987 202240
1758768338612 61.09692643845594 222464
1758768382574 62.180211699825065 242688
1758768397069 103.00100685150169 250112
