1771729292441 0.866716742515564 5120
1771729316154 0.42654937505722046 10240
1771729339813 0.48177093267440796 15360
1771729364177 0.5042718052864075 20480
1771729387866 0.5393545627593994 25600
1771729411496 0.555809497833252 30720
1771729435152 0.5730185508728027 35840
1771729459570 0.6044533252716064 40960
1771729483149 0.6883662343025208 46080
1771729506774 0.7599259614944458 51200
1771729530349 0.8046176433563232 56320
1771729554711 0.831038773059845 61440
1771729578678 0.8406513333320618 66560
1771729602248 0.8302524089813232 71680
1771729625796 0.823688268661499 76800
1771729650172 0.8073582053184509 81920
1771729673771 0.8121945858001709 87040
1771729697757 0.8476261496543884 92160
1771729721402 0.901869535446167 97280
1771729745784 0.9470953941345215 102400
1771729769944 0.9886229038238525 107520
1771729793518 1.0248545408248901 112640
1771729817563 1.0557279586791992 117760
1771729842099 1.0767320394515991 122880
1771729865905 1.1050554513931274 128000
1771729889504 1.1300337314605713 133120
1771729913119 1.149462342262268 138240
1771729937408 1.1661146879196167 143360
1771729961355 1.1821951866149902 148480
1771729984992 1.1958825588226318 153600
1771730008956 1.2127711772918701 158720
1771730033869 1.2224092483520508 163840
1771730057413 1.233939528465271 168960
1771730080981 1.2464083433151245 174080
1771730104546 1.260218620300293 179200
1771730128926 1.2710901498794556 184320
1771730152547 1.2846734523773193 189440
1771730176147 1.2982735633850098 194560
1771730199952 1.3039212226867676 199680
1771730224105 1.3174498081207275 204800
1771730247676 1.3232089281082153 209920
1771730271235 1.332567811012268 215040
1771730294784 1.3462270498275757 220160
1771730319006 1.3533776998519897 225280
1771730342551 1.3676700592041016 230400
1771730366242 1.3826824426651 235520
1771730389775 1.3974212408065796 240640
1771730414046 1.4141857624053955 245760
1771730438270 1.4289683103561401 250880
1771730461812 1.4415416717529297 256000
1771730485798 1.4521557092666626 261120
1771730510182 1.4660762548446655 266240
1771730533922 1.4833488464355469 271360
1771730557851 1.5001407861709595 276480
1771730581460 1.52186918258667 281600
1771730606216 1.5431982278823853 286720
1771730629917 1.563892126083374 291840
1771730653442 1.5788872241973877 296960
1771730662881 1.5851852893829346 300032
