1771729292441 388.15924072265625 5120
1771729316154 411.1824645996094 10240
1771729339813 408.9630432128906 15360
1771729364177 409.0268859863281 20480
1771729387866 408.40509033203125 25600
1771729411496 408.3638610839844 30720
1771729435152 408.1905212402344 35840
1771729459570 406.8553771972656 40960
1771729483149 403.3702697753906 46080
1771729506774 400.3240661621094 51200
1771729530349 397.6708984375 56320
1771729554711 395.725341796875 61440
1771729578678 394.9093933105469 66560
1771729602248 395.27142333984375 71680
1771729625796 395.7825012207031 76800
1771729650172 396.1900329589844 81920
1771729673771 396.01885986328125 87040
1771729697757 394.13946533203125 92160
1771729721402 390.7798767089844 97280
1771729745784 387.6699523925781 102400
1771729769944 384.8334655761719 107520
1771729793518 382.77349853515625 112640
1771729817563 380.66754150390625 117760
1771729842099 379.0889587402344 122880
1771729865905 376.9775695800781 128000
1771729889504 375.4690246582031 133120
1771729913119 373.0601806640625 138240
1771729937408 371.263671875 143360
1771729961355 368.8920593261719 148480
1771729984992 366.3421325683594 153600
1771730008956 364.2721862792969 158720
1771730033869 362.5867614746094 163840
1771730057413 361.12359619140625 168960
1771730080981 359.2255554199219 174080
1771730104546 357.4488525390625 179200
1771730128926 356.0741882324219 184320
1771730152547 354.39288330078125 189440
1771730176147 352.6050109863281 194560
1771730199952 351.1921691894531 199680
1771730224105 349.8863830566406 204800
1771730247676 349.0953063964844 209920
1771730271235 347.65692138671875 215040
1771730294784 345.7179260253906 220160
1771730319006 344.36712646484375 225280
1771730342551 342.46209716796875 230400
1771730366242 340.2587890625 235520
1771730389775 338.2428894042969 240640
1771730414046 335.9314880371094 245760
1771730438270 334.1029052734375 250880
1771730461812 332.09710693359375 256000
1771730485798 330.2184753417969 261120
1771730510182 328.0874938964844 266240
1771730533922 326.0238342285156 271360
1771730557851 323.87744140625 276480
1771730581460 321.7038879394531 281600
1771730606216 319.4770812988281 286720
1771730629917 317.600341796875 291840
1771730653442 316.032470703125 296960
1771730662881 315.4381408691406 300032
