1771729292441 0.0 5120
1771729316154 0.0 10240
1771729339813 0.0 15360
1771729364177 0.0 20480
1771729387866 0.0 25600
1771729411496 0.0 30720
1771729435152 0.0 35840
1771729459570 0.0 40960
1771729483149 0.0 46080
1771729506774 0.0 51200
1771729530349 0.0 56320
1771729554711 0.0 61440
1771729578678 0.0 66560
1771729602248 0.0 71680
1771729625796 0.0 76800
1771729650172 0.0 81920
1771729673771 0.0 87040
1771729697757 0.0 92160
1771729721402 0.0 97280
1771729745784 0.0 102400
1771729769944 0.0 107520
1771729793518 0.0 112640
1771729817563 0.0 117760
1771729842099 0.0 122880
1771729865905 0.0 128000
1771729889504 0.0 133120
1771729913119 0.0 138240
1771729937408 0.0 143360
1771729961355 0.0 148480
1771729984992 0.0 153600
1771730008956 0.0 158720
1771730033869 0.0 163840
1771730057413 0.0 168960
1771730080981 0.0 174080
1771730104546 0.0 179200
1771730128926 0.0 184320
1771730152547 0.0 189440
1771730176147 0.0 194560
1771730199952 0.0 199680
1771730224105 0.0 204800
1771730247676 0.0 209920
1771730271235 0.0 215040
1771730294784 0.0 220160
1771730319006 0.0 225280
1771730342551 0.0 230400
1771730366242 0.0 235520
1771730389775 0.0 240640
1771730414046 0.0 245760
1771730438270 0.0 250880
1771730461812 0.0 256000
1771730485798 0.0 261120
1771730510182 0.0 266240
1771730533922 0.0 271360
1771730557851 0.0 276480
1771730581460 0.0 281600
1771730606216 0.0 286720
1771730629917 0.0 291840
1771730653442 0.0 296960
1771730662881 0.0 300032
