1771729292441 286.0 5120
1771729316154 532.0 10240
1771729339813 776.0 15360
1771729364177 1034.0 20480
1771729387866 1292.0 25600
1771729411496 1548.0 30720
1771729435152 1805.0 35840
1771729459570 2063.0 40960
1771729483149 2315.0 46080
1771729506774 2567.0 51200
1771729530349 2807.0 56320
1771729554711 3053.0 61440
1771729578678 3301.0 66560
1771729602248 3559.0 71680
1771729625796 3816.0 76800
1771729650172 4078.0 81920
1771729673771 4333.0 87040
1771729697757 4564.0 92160
1771729721402 4787.0 97280
1771729745784 5011.0 102400
1771729769944 5244.0 107520
1771729793518 5480.0 112640
1771729817563 5711.0 117760
1771729842099 5949.0 122880
1771729865905 6178.0 128000
1771729889504 6399.0 133120
1771729913119 6579.0 138240
1771729937408 6770.0 143360
1771729961355 6944.0 148480
1771729984992 7109.0 153600
1771730008956 7281.0 158720
1771730033869 7446.0 163840
1771730057413 7616.0 168960
1771730080981 7773.0 174080
1771730104546 7951.0 179200
1771730128926 8118.0 184320
1771730152547 8283.0 189440
1771730176147 8444.0 194560
1771730199952 8617.0 199680
1771730224105 8779.0 204800
1771730247676 8945.0 209920
1771730271235 9103.0 215040
1771730294784 9251.0 220160
1771730319006 9414.0 225280
1771730342551 9548.0 230400
1771730366242 9683.0 235520
1771730389775 9823.0 240640
1771730414046 9957.0 245760
1771730438270 10099.0 250880
1771730461812 10240.0 256000
1771730485798 10384.0 261120
1771730510182 10520.0 266240
1771730533922 10655.0 271360
1771730557851 10798.0 276480
1771730581460 10948.0 281600
1771730606216 11107.0 286720
1771730629917 11262.0 291840
1771730653442 11411.0 296960
1771730662881 11469.0 300032
