1771729292438 13.485957145690918 5120
1771729316151 11.197161674499512 10240
1771729339809 11.705462455749512 15360
1771729364174 12.458123207092285 20480
1771729387863 11.129484176635742 25600
1771729411493 9.673604965209961 30720
1771729435148 8.442051887512207 35840
1771729459566 7.513272762298584 40960
1771729483146 8.533632278442383 46080
1771729506771 10.923282623291016 51200
1771729530346 12.049615859985352 56320
1771729554708 12.264880180358887 61440
1771729578674 11.203519821166992 66560
1771729602244 10.5059232711792 71680
1771729625793 10.557085037231445 76800
1771729650169 9.840387344360352 81920
1771729673768 10.094354629516602 87040
1771729697753 10.127647399902344 92160
1771729721399 11.864684104919434 97280
1771729745781 13.572176933288574 102400
1771729769941 14.54835033416748 107520
1771729793515 13.189929008483887 112640
1771729817560 13.263839721679688 117760
1771729842095 12.882509231567383 122880
1771729865902 13.44322395324707 128000
1771729889500 13.861600875854492 133120
1771729913116 14.325322151184082 138240
1771729937405 14.322588920593262 143360
1771729961352 15.820083618164062 148480
1771729984988 17.232669830322266 153600
1771730008953 18.409326553344727 158720
1771730033866 21.83443260192871 163840
1771730057409 23.244932174682617 168960
1771730080978 25.406883239746094 174080
1771730104543 27.27571678161621 179200
1771730128923 28.20357322692871 184320
1771730152543 29.443628311157227 189440
1771730176144 29.1177921295166 194560
1771730199948 29.994670867919922 199680
1771730224102 30.41900634765625 204800
1771730247672 30.54421615600586 209920
1771730271232 30.991527557373047 215040
1771730294781 30.119491577148438 220160
1771730319003 29.819860458374023 225280
1771730342548 31.098316192626953 230400
1771730366239 31.71402359008789 235520
1771730389771 32.47544860839844 240640
1771730414042 31.715595245361328 245760
1771730438267 32.23942947387695 250880
1771730461809 33.248313903808594 256000
1771730485795 33.271209716796875 261120
1771730510178 35.03010940551758 266240
1771730533919 34.698524475097656 271360
1771730557848 36.17359161376953 276480
1771730581457 35.04055404663086 281600
1771730606212 36.42312240600586 286720
1771730629914 38.611785888671875 291840
1771730653438 37.931556701660156 296960
1771730662878 41.97624969482422 300032
