1771729292441 4.2027974128723145 5120
1771729316154 3.3195488452911377 10240
1771729339813 3.396907329559326 15360
1771729364177 3.372340440750122 20480
1771729387866 3.4164087772369385 25600
1771729411496 3.436046600341797 30720
1771729435152 3.455401659011841 35840
1771729459570 3.5206010341644287 40960
1771729483149 3.6838014125823975 46080
1771729506774 3.82002329826355 51200
1771729530349 3.9166369438171387 56320
1771729554711 3.964297294616699 61440
1771729578678 3.9830353260040283 66560
1771729602248 3.9575724601745605 71680
1771729625796 3.9428720474243164 76800
1771729650172 3.9058361053466797 81920
1771729673771 3.9106855392456055 87040
1771729697757 3.9991235733032227 92160
1771729721402 4.128681659698486 97280
1771729745784 4.238874435424805 102400
1771729769944 4.325324058532715 107520
1771729793518 4.409853935241699 112640
1771729817563 4.480476379394531 117760
1771729842099 4.5266432762146 122880
1771729865905 4.589673042297363 128000
1771729889504 4.662447452545166 133120
1771729913119 4.755889892578125 138240
1771729937408 4.827769756317139 143360
1771729961355 4.909130096435547 148480
1771729984992 4.985651969909668 153600
1771730008956 5.0682597160339355 158720
1771730033869 5.1334943771362305 163840
1771730057413 5.19984245300293 168960
1771730080981 5.272738933563232 174080
1771730104546 5.332788467407227 179200
1771730128926 5.39246129989624 184320
1771730152547 5.463237762451172 189440
1771730176147 5.535528182983398 194560
1771730199952 5.576186656951904 199680
1771730224105 5.642556190490723 204800
1771730247676 5.6817216873168945 209920
1771730271235 5.738218307495117 215040
1771730294784 5.815479278564453 220160
1771730319006 5.861270427703857 225280
1771730342551 5.939987659454346 230400
1771730366242 6.02974271774292 235520
1771730389775 6.113101959228516 240640
1771730414046 6.2055840492248535 245760
1771730438270 6.284681797027588 250880
1771730461812 6.353125095367432 256000
1771730485798 6.417372703552246 261120
1771730510182 6.494106292724609 266240
1771730533922 6.57588005065918 271360
1771730557851 6.65299129486084 276480
1771730581460 6.7332844734191895 281600
1771730606216 6.805438041687012 286720
1771730629917 6.879328727722168 291840
1771730653442 6.941196918487549 296960
1771730662881 6.968174934387207 300032
