1760024537914 13.020630105336508 5120
1760024565425 5.979000594399192 10240
1760024595481 3.602822893857956 15360
1760024625038 2.605296084994362 20480
1760024653304 2.2136807368351863 25600
1760024680614 1.865717903260262 30720
1760024708155 1.606988657845391 35840
1760024740311 1.3617885752422054 40960
1760024767479 1.2198636697686238 46080
1760024794446 1.0656433292463712 51200
1760024823866 0.9640482681138174 56320
1760024852534 0.8615023315929975 61440
1760024880203 0.7752187541036895 66560
1760024908286 0.7302216999967334 71680
1760024937262 0.6652786054109272 76800
1760024963484 0.6174761995857144 81920
1760024991495 0.5773464069810024 87040
1760025018992 0.5388300638932447 92160
1760025047728 0.5000046660502752 97280
1760025074523 0.4745919081244138 102400
1760025103882 0.4730420418505399 107520
1760025131260 0.4745335037643845 112640
1760025158829 0.4691633791759096 117760
1760025186727 0.4496437175214783 122880
1760025215062 0.4363629893651084 128000
1760025241278 0.43879078799531657 133120
1760025269409 0.43214537396150476 138240
