1760024537919 4.773076923076923 5120
1760024565429 4.568273092369478 10240
1760024595486 4.383152173913044 15360
1760024625042 4.485355648535565 20480
1760024653308 4.760925449871466 25600
1760024680619 4.92675852066715 30720
1760024708160 5.000626959247649 35840
1760024740315 5.075816270060875 40960
1760024767486 5.122084367245658 46080
1760024794450 5.16113105924596 51200
1760024823872 5.185245901639345 56320
1760024852539 5.1836657884832515 61440
1760024880207 5.1929518492672715 66560
1760024908291 5.21038961038961 71680
1760024937268 5.206686930091186 76800
1760024963488 5.224857142857143 81920
1760024991501 5.236197145165634 87040
1760025018997 5.251210191082802 92160
1760025047742 5.314091680814941 97280
1760025074528 5.4675263774912075 102400
1760025103887 5.578171091445427 107520
1760025131265 5.689662772757329 112640
1760025158834 5.804315317239906 117760
1760025186734 5.871107444833987 122880
1760025215083 5.994579401726561 128000
1760025241287 6.139265370261246 133120
1760025269416 6.229417382999045 138240
