1760024537914 123.90487725621104 5120
1760024565425 97.3359634262375 10240
1760024595481 47.19063906390639 15360
1760024625038 104.72669163545568 20480
1760024653304 40.87099383179209 25600
1760024680614 100.56353697132445 30720
1760024708155 103.39456687866686 35840
1760024740311 76.44911052785069 40960
1760024767479 34.15835165730108 46080
1760024794446 72.31433940794125 51200
1760024823866 90.09739436770992 56320
1760024852534 102.74616628288668 61440
1760024880203 181.26556895285017 66560
1760024908286 68.84598591664889 71680
1760024937262 158.3174423432605 76800
1760024963484 93.79033989266547 81920
1760024991495 114.07484769364665 87040
1760025018992 43.373497962813595 92160
1760025047728 43.839996655273694 97280
1760025074523 185.49838574145326 102400
1760025103882 107.46359210863439 107520
1760025131260 67.57921533875775 112640
1760025158829 93.6019638473555 117760
1760025186727 46.91720172710799 122880
1760025215062 52.74394507180403 128000
1760025241278 32.79438923508761 133120
1760025269409 66.76807972110349 138240
