1771122712958 1.1030243635177612 6144
1771122757507 1.1330933570861816 12288
1771122797140 1.147815227508545 18432
1771122806018 1.1443064212799072 24576
1771122851195 1.1430606842041016 30720
1771122896197 1.1423864364624023 36864
1771122936302 1.129492163658142 43008
1771122944290 1.1385014057159424 49152
1771122989619 1.1339434385299683 55296
1771123035197 1.1385308504104614 61440
1771123073917 1.1402779817581177 67584
1771123082140 1.1391918659210205 73728
1771123127871 1.1379995346069336 79872
1771123174500 1.1396069526672363 86016
1771123212864 1.1394482851028442 92160
1771123221539 1.1364728212356567 98304
1771123267131 1.138283133506775 104448
1771123312033 1.1382734775543213 110592
1771123350900 1.1400585174560547 116736
1771123360120 1.1411397457122803 122880
1771123404820 1.1507099866867065 129024
1771123450286 1.1599011421203613 135168
1771123488694 1.1672210693359375 141312
1771123500072 1.17246413230896 147456
1771123543079 1.1710084676742554 153600
1771123588496 1.1716018915176392 159744
1771123626443 1.1711422204971313 165888
1771123637315 1.17159903049469 172032
1771123680915 1.1724706888198853 178176
1771123725776 1.1745109558105469 184320
1771123764281 1.1786046028137207 190464
1771123776788 1.18352210521698 196608
1771123817823 1.188206434249878 202752
1771123863229 1.1930378675460815 208896
1771123900795 1.1981185674667358 215040
1771123914455 1.197406530380249 221184
1771123955800 1.1955320835113525 227328
1771124000331 1.1938388347625732 233472
1771124038783 1.1927392482757568 239616
1771124053634 1.191617488861084 245760
1771124093314 1.1906347274780273 251904
1771124137497 1.1865330934524536 258048
1771124177012 1.185491681098938 264192
1771124192652 1.1825536489486694 270336
1771124230624 1.1805659532546997 276480
1771124274998 1.1805285215377808 282624
1771124314828 1.1751079559326172 288768
1771124331295 1.1606755256652832 294912
1771124366737 1.1502490043640137 301056
