1771122712958 0.32094404101371765 6144
1771122757507 0.31587082147598267 12288
1771122797140 0.30761846899986267 18432
1771122806018 0.2967364192008972 24576
1771122851195 0.2906712293624878 30720
1771122896197 0.2885657548904419 36864
1771122936302 0.284953236579895 43008
1771122944290 0.2848041355609894 49152
1771122989619 0.28136104345321655 55296
1771123035197 0.28153908252716064 61440
1771123073917 0.2810155153274536 67584
1771123082140 0.28061965107917786 73728
1771123127871 0.27945026755332947 79872
1771123174500 0.27840656042099 86016
1771123212864 0.2781912386417389 92160
1771123221539 0.27755656838417053 98304
1771123267131 0.2777542173862457 104448
1771123312033 0.2772757112979889 110592
1771123350900 0.277582585811615 116736
1771123360120 0.27712011337280273 122880
1771123404820 0.2798774540424347 129024
1771123450286 0.2824938893318176 135168
1771123488694 0.28476831316947937 141312
1771123500072 0.2854350209236145 147456
1771123543079 0.2849772572517395 153600
1771123588496 0.2848210334777832 159744
1771123626443 0.2845172584056854 165888
1771123637315 0.28443658351898193 172032
1771123680915 0.2842208743095398 178176
1771123725776 0.284495085477829 184320
1771123764281 0.28533726930618286 190464
1771123776788 0.28670600056648254 196608
1771123817823 0.2881714701652527 202752
1771123863229 0.2896900177001953 208896
1771123900795 0.2909429669380188 215040
1771123914455 0.290846049785614 221184
1771123955800 0.29025939106941223 227328
1771124000331 0.2896648645401001 233472
1771124038783 0.2892395853996277 239616
1771124053634 0.28881365060806274 245760
1771124093314 0.2885134220123291 251904
1771124137497 0.2873009741306305 258048
1771124177012 0.28658992052078247 264192
1771124192652 0.2858061194419861 270336
1771124230624 0.2854176461696625 276480
1771124274998 0.2855806350708008 282624
1771124314828 0.2845684289932251 288768
1771124331295 0.2818619906902313 294912
1771124366737 0.2794172763824463 301056
