1771202299924 0.08378305286169052 5120
1771202392926 0.08173245191574097 10240
1771202485900 0.07798032462596893 15360
1771202578290 0.07675639539957047 20480
1771202671366 0.07509289681911469 25600
1771202764281 0.07323764264583588 30720
1771202856536 0.07372914999723434 35840
1771202949718 0.07397433370351791 40960
1771203042009 0.07517077028751373 46080
1771203134898 0.07486695051193237 51200
1771203227907 0.07531581819057465 56320
1771203320506 0.07455632835626602 61440
1771203413568 0.07441094517707825 66560
1771203506623 0.07424304634332657 71680
1771203598884 0.07465562969446182 76800
1771203691888 0.0743861123919487 81920
1771203784178 0.07447099685668945 87040
1771203877100 0.07410146296024323 92160
1771203970439 0.07442709803581238 97280
1771204062714 0.07407046854496002 102400
1771204155775 0.07383044064044952 107520
1771204248992 0.07449036836624146 112640
1771204341280 0.07417995482683182 117760
1771204434823 0.07438359409570694 122880
1771204527815 0.07456263154745102 128000
1771204620176 0.07446301728487015 133120
1771204713303 0.07450246065855026 138240
1771204805560 0.07428961247205734 143360
1771204898622 0.07420036196708679 148480
1771204991670 0.0741625651717186 153600
1771205084350 0.07425365597009659 158720
1771205177681 0.0742073804140091 163840
1771205270684 0.07402192056179047 168960
1771205362943 0.07386555522680283 174080
1771205455939 0.07379058003425598 179200
1771205548500 0.0737166702747345 184320
1771205641407 0.07382658123970032 189440
1771205734400 0.07372124493122101 194560
1771205826666 0.07370218634605408 199680
1771205919633 0.07370330393314362 204800
1771206013021 0.07369712740182877 209920
1771206105299 0.07365397363901138 215040
1771206198740 0.07368560135364532 220160
1771206291770 0.0737362876534462 225280
1771206384033 0.07375288009643555 230400
1771206477058 0.07369416207075119 235520
1771206569878 0.07362189143896103 240640
1771206662868 0.07365276664495468 245760
1771206755841 0.07364888489246368 250880
1771206848140 0.07360461354255676 256000
1771206941317 0.07364555448293686 261120
1771207034841 0.07363607734441757 266240
1771207127142 0.07359425723552704 271360
1771207220163 0.07353527098894119 276480
1771207312462 0.07347314804792404 281600
1771207405478 0.07352875918149948 286720
1771207498570 0.0737185850739479 291840
1771207590835 0.07365448772907257 296960
1771207637687 0.073651023209095 300032
