1771202299921 -3.5883359909057617 5120
1771202392924 -4.671341419219971 10240
1771202485897 -5.909687519073486 15360
1771202578287 -6.374176025390625 20480
1771202671363 -6.137914657592773 25600
1771202764278 -5.641770362854004 30720
1771202856533 -5.202584266662598 35840
1771202949716 -4.856846332550049 40960
1771203042006 -4.4854936599731445 46080
1771203134896 -4.141964912414551 51200
1771203227904 -3.8478541374206543 56320
1771203320504 -3.493164539337158 61440
1771203413566 -2.913376569747925 66560
1771203506620 -2.4363725185394287 71680
1771203598881 -2.237415313720703 76800
1771203691886 -2.005469799041748 81920
1771203784175 -1.8143250942230225 87040
1771203877098 -1.6098415851593018 92160
1771203970436 -1.442320704460144 97280
1771204062712 -1.308779001235962 102400
1771204155772 -1.1118638515472412 107520
1771204248989 -0.9798480272293091 112640
1771204341277 -0.8038231134414673 117760
1771204434821 -0.6621065139770508 122880
1771204527812 -0.551194965839386 128000
1771204620173 -0.4103012979030609 133120
1771204713301 -0.303512305021286 138240
1771204805558 -0.20774826407432556 143360
1771204898620 -0.09819920361042023 148480
1771204991667 0.017834946513175964 153600
1771205084347 0.09615985304117203 158720
1771205177678 0.1925790160894394 163840
1771205270681 0.3048807978630066 168960
1771205362940 0.3621988892555237 174080
1771205455937 0.4391123652458191 179200
1771205548498 0.5051345825195312 184320
1771205641404 0.569048285484314 189440
1771205734398 0.6592614054679871 194560
1771205826664 0.7169725894927979 199680
1771205919630 0.7806363701820374 204800
1771206013018 0.8469709157943726 209920
1771206105296 0.8556968569755554 215040
1771206198737 0.9260064363479614 220160
1771206291767 0.960641086101532 225280
1771206384031 1.0242152214050293 230400
1771206477055 1.1055216789245605 235520
1771206569876 1.156346321105957 240640
1771206662866 1.178943395614624 245760
1771206755839 1.2418292760849 250880
1771206848137 1.292255163192749 256000
1771206941314 1.3294870853424072 261120
1771207034839 1.38179612159729 266240
1771207127139 1.398514986038208 271360
1771207220160 1.4306036233901978 276480
1771207312459 1.4505170583724976 281600
1771207405475 1.4733322858810425 286720
1771207498567 1.4829292297363281 291840
1771207590832 1.540703535079956 296960
1771207637684 1.5616451501846313 300032
