1771202299921 15.08554744720459 5120
1771202392924 7.880377292633057 10240
1771202485897 6.107935428619385 15360
1771202578287 5.66247034072876 20480
1771202671363 5.56450891494751 25600
1771202764278 6.217226982116699 30720
1771202856533 7.025712490081787 35840
1771202949716 7.366427421569824 40960
1771203042006 7.80426549911499 46080
1771203134896 7.788028717041016 51200
1771203227904 7.755568027496338 56320
1771203320504 7.62252950668335 61440
1771203413566 7.232913017272949 66560
1771203506620 7.330275058746338 71680
1771203598881 7.408585548400879 76800
1771203691886 7.3909592628479 81920
1771203784175 7.338781833648682 87040
1771203877098 7.346922397613525 92160
1771203970436 7.709654331207275 97280
1771204062712 8.033349990844727 102400
1771204155772 7.739188194274902 107520
1771204248989 7.8661298751831055 112640
1771204341277 7.769132137298584 117760
1771204434821 7.86010217666626 122880
1771204527812 7.921389579772949 128000
1771204620173 7.988926887512207 133120
1771204713301 8.045414924621582 138240
1771204805558 8.141728401184082 143360
1771204898620 7.996263027191162 148480
1771204991667 7.9239654541015625 153600
1771205084347 8.043741226196289 158720
1771205177678 8.110618591308594 163840
1771205270681 8.016118049621582 168960
1771205362940 8.1434907913208 174080
1771205455937 8.190689086914062 179200
1771205548498 8.285797119140625 184320
1771205641404 8.25546646118164 189440
1771205734398 8.267627716064453 194560
1771205826664 8.154271125793457 199680
1771205919630 8.241503715515137 204800
1771206013018 8.323129653930664 209920
1771206105296 8.57332992553711 215040
1771206198737 8.66176986694336 220160
1771206291767 8.614385604858398 225280
1771206384031 8.771147727966309 230400
1771206477055 8.70134162902832 235520
1771206569876 8.796121597290039 240640
1771206662866 8.948546409606934 245760
1771206755839 8.947317123413086 250880
1771206848137 8.89958667755127 256000
1771206941314 8.782033920288086 261120
1771207034839 9.000852584838867 266240
1771207127139 9.198883056640625 271360
1771207220160 8.949396133422852 276480
1771207312459 9.027254104614258 281600
1771207405475 9.094599723815918 286720
1771207498567 9.136308670043945 291840
1771207590832 9.005868911743164 296960
1771207637684 9.088862419128418 300032
