1771202299924 1.1861118078231812 5120
1771202392926 1.198716402053833 10240
1771202485900 1.1621267795562744 15360
1771202578290 1.1476212739944458 20480
1771202671366 1.13347327709198 25600
1771202764281 1.1237276792526245 30720
1771202856536 1.1204568147659302 35840
1771202949718 1.1217561960220337 40960
1771203042009 1.130759596824646 46080
1771203134898 1.1280323266983032 51200
1771203227907 1.133347749710083 56320
1771203320506 1.125531792640686 61440
1771203413568 1.1256364583969116 66560
1771203506623 1.1244012117385864 71680
1771203598884 1.126623511314392 76800
1771203691888 1.1241378784179688 81920
1771203784178 1.123589038848877 87040
1771203877100 1.1212188005447388 92160
1771203970439 1.124647617340088 97280
1771204062714 1.122897982597351 102400
1771204155775 1.1233112812042236 107520
1771204248992 1.1276404857635498 112640
1771204341280 1.1268153190612793 117760
1771204434823 1.1284871101379395 122880
1771204527815 1.129427433013916 128000
1771204620176 1.128974437713623 133120
1771204713303 1.1298887729644775 138240
1771204805560 1.1279442310333252 143360
1771204898622 1.126631259918213 148480
1771204991670 1.1264570951461792 153600
1771205084350 1.1271604299545288 158720
1771205177681 1.1262763738632202 163840
1771205270684 1.1253834962844849 168960
1771205362943 1.1236759424209595 174080
1771205455939 1.1225590705871582 179200
1771205548500 1.1215485334396362 184320
1771205641407 1.1238627433776855 189440
1771205734400 1.1240826845169067 194560
1771205826666 1.12358820438385 199680
1771205919633 1.124631404876709 204800
1771206013021 1.1251214742660522 209920
1771206105299 1.1239486932754517 215040
1771206198740 1.1244701147079468 220160
1771206291770 1.125942349433899 225280
1771206384033 1.1258527040481567 230400
1771206477058 1.1252073049545288 235520
1771206569878 1.1248055696487427 240640
1771206662868 1.1256800889968872 245760
1771206755841 1.1257392168045044 250880
1771206848140 1.1242929697036743 256000
1771206941317 1.1250120401382446 261120
1771207034841 1.1251285076141357 266240
1771207127142 1.1242977380752563 271360
1771207220163 1.1229023933410645 276480
1771207312462 1.1221336126327515 281600
1771207405478 1.1227819919586182 286720
1771207498570 1.1244834661483765 291840
1771207590835 1.123976230621338 296960
1771207637687 1.1237589120864868 300032
