1771202299924 1.7846101522445679 5120
1771202392926 1.7430559396743774 10240
1771202485900 1.6618257761001587 15360
1771202578290 1.6365050077438354 20480
1771202671366 1.608519196510315 25600
1771202764281 1.570696473121643 30720
1771202856536 1.5800206661224365 35840
1771202949718 1.5838513374328613 40960
1771203042009 1.6084818840026855 46080
1771203134898 1.6013752222061157 51200
1771203227907 1.6111633777618408 56320
1771203320506 1.5959914922714233 61440
1771203413568 1.5934431552886963 66560
1771203506623 1.5903089046478271 71680
1771203598884 1.5984734296798706 76800
1771203691888 1.5932283401489258 81920
1771203784178 1.5952949523925781 87040
1771203877100 1.585989236831665 92160
1771203970439 1.5917134284973145 97280
1771204062714 1.5846716165542603 102400
1771204155775 1.5804476737976074 107520
1771204248992 1.593192219734192 112640
1771204341280 1.586719274520874 117760
1771204434823 1.5916157960891724 122880
1771204527815 1.5953176021575928 128000
1771204620176 1.5938082933425903 133120
1771204713303 1.5949475765228271 138240
1771204805560 1.591744065284729 143360
1771204898622 1.5895509719848633 148480
1771204991670 1.5875911712646484 153600
1771205084350 1.589577317237854 158720
1771205177681 1.5887755155563354 163840
1771205270684 1.5845918655395508 168960
1771205362943 1.5809775590896606 174080
1771205455939 1.5791831016540527 179200
1771205548500 1.5775762796401978 184320
1771205641407 1.5798304080963135 189440
1771205734400 1.5780649185180664 194560
1771205826666 1.578279733657837 199680
1771205919633 1.577574372291565 204800
1771206013021 1.5780668258666992 209920
1771206105299 1.577191948890686 215040
1771206198740 1.5783816576004028 220160
1771206291770 1.5793440341949463 225280
1771206384033 1.5793871879577637 230400
1771206477058 1.578352689743042 235520
1771206569878 1.5763978958129883 240640
1771206662868 1.5768390893936157 245760
1771206755841 1.5766435861587524 250880
1771206848140 1.5755292177200317 256000
1771206941317 1.5765596628189087 261120
1771207034841 1.5766116380691528 266240
1771207127142 1.5756821632385254 271360
1771207220163 1.574389100074768 276480
1771207312462 1.5731995105743408 281600
1771207405478 1.5742113590240479 286720
1771207498570 1.5783381462097168 291840
1771207590835 1.5770918130874634 296960
1771207637687 1.5767085552215576 300032
