1759786237715 0.0 5120
1759786265912 0.0 10240
1759786295552 0.0 15360
1759786326167 0.0 20480
1759786356001 0.0 25600
1759786396882 0.0 30720
1759786431352 0.0 35840
1759786467328 0.0 40960
1759786500013 0.0 46080
1759786535403 0.0 51200
1759786565658 0.0 56320
1759786595284 0.0 61440
1759786624591 0.0 66560
1759786657826 0.0 71680
1759786687706 0.0 76800
1759786720595 0.0 81920
1759786749826 0.0 87040
1759786782379 0.0 92160
1759786818818 0.0 97280
1759786855926 0.0 102400
1759786886860 0.0 107520
1759786917488 0.0 112640
1759786947961 0.0 117760
1759786981365 0.0 122880
1759787015143 0.0 128000
1759787051363 0.0 133120
1759787083637 0.0 138240
1759787115746 0.0 143360
1759787153828 0.0 148480
1759787184629 0.0 153600
1759787215843 0.0 158720
1759787248436 0.0 163840
1759787288429 0.0 168960
1759787319345 0.0 174080
1759787350694 0.0 179200
1759787383089 0.0 184320
1759787422004 0.0 189440
1759787453336 0.0 194560
1759787488596 0.0 199680
1759787520877 0.0 204800
1759787554166 0.0 209920
1759787586516 0.0 215040
1759787624199 0.0 220160
1759787656267 0.0 225280
1759787688873 0.0 230400
1759787723286 0.0 235520
1759787760612 0.0 240640
1759787794747 0.0 245760
1759787827459 0.0 250880
1759787862460 0.0 256000
1759787896429 0.0 261120
1759787930729 0.0 266240
1759787963727 0.0 271360
1759788003045 0.0 276480
1759788035461 0.0 281600
1759788067289 0.0 286720
1759788100032 0.0 291840
1759788133004 0.0 296960
1759788152207 0.0 300032
