1759786237704 -2.460995578765869 5120
1759786265906 -1.4481590834530917 10240
1759786295543 -1.0403063967823982 15360
1759786326163 -0.8102941865012758 20480
1759786355995 -0.6749690376795255 25600
1759786396872 -0.5747794697361608 30720
1759786431344 -0.5051227582825555 35840
1759786467319 -0.4534307258885081 40960
1759786500006 -0.40968283414840695 46080
1759786535390 -0.3759186707290949 51200
1759786565652 -0.35115454196929935 56320
1759786595276 -0.32362828176529684 61440
1759786624585 -0.3075543255516977 66560
1759786657814 -0.28855231815660504 71680
1759786687698 -0.2728492877985301 76800
1759786720587 -0.26343223371623475 81920
1759786749819 -0.25045041649840605 87040
1759786782372 -0.23691760576688325 92160
1759786818807 -0.2315668227771918 97280
1759786855916 -0.22213769620007806 102400
1759786886851 -0.2122987306342935 107520
1759786917469 -0.20697712511629676 112640
1759786947954 -0.20188305213533597 117760
1759786981357 -0.1954195921086083 122880
1759787015126 -0.18962294979700967 128000
1759787051351 -0.1856011903922976 133120
1759787083618 -0.1805218500249526 138240
1759787115736 -0.17496332209160986 143360
1759787153819 -0.1699204147678532 148480
1759787184621 -0.16446773705893006 153600
1759787215837 -0.16375836592454177 158720
1759787248426 -0.15988010619738088 163840
1759787288421 -0.15525997230805547 168960
1759787319338 -0.15156097886158013 174080
1759787350686 -0.14899936806071887 179200
1759787383079 -0.14633184796538798 184320
1759787421997 -0.14421908342710105 189440
1759787453328 -0.14119832827782755 194560
1759787488587 -0.1388026665668098 199680
1759787520871 -0.13491449071400202 204800
1759787554155 -0.13325217117383642 209920
1759787586508 -0.1321344626458335 215040
1759787624191 -0.12953647021894102 220160
1759787656255 -0.1273662178764516 225280
1759787688862 -0.12627367192665034 230400
1759787723278 -0.12379173055871738 235520
1759787760601 -0.1231390664132975 240640
1759787794741 -0.12010185688857716 245760
1759787827450 -0.1176995577850962 250880
1759787862450 -0.11735214047222972 256000
1759787896401 -0.11539767757058145 261120
1759787930720 -0.11417617998817414 266240
1759787963709 -0.11193803629480806 271360
1759788003035 -0.1103483909170566 276480
1759788035451 -0.10959503080533899 281600
1759788067278 -0.10756408073723954 286720
1759788100022 -0.10668672114819079 291840
1759788132991 -0.10567680847194186 296960
1759788152191 -0.04212056963923848 300032
