1758811843281 105.97028802425467 20224
1758811884696 105.69257131337567 40448
1758811927332 80.66744879315318 60672
1758811967740 112.46591945085001 80896
1758812007458 209.54756195043964 101120
1758812048213 68.82226306117091 121344
1758812088222 104.50489597608073 141568
1758812128676 78.23442512870253 161792
1758812170092 124.80076172339919 182016
1758812212029 104.5127080633908 202240
1758812252679 104.3774636671312 222464
1758812293699 154.3782987964224 242688
1758812308134 102.53016524885108 250112
