1771773214776 0.8221471905708313 5120
1771773240033 0.7359047532081604 10240
1771773264760 0.6987515091896057 15360
1771773289949 0.7710248827934265 20480
1771773315064 0.5778564214706421 25600
1771773339841 0.5033884048461914 30720
1771773365225 0.4832773506641388 35840
1771773389987 0.6127241253852844 40960
1771773415070 0.6813413500785828 46080
1771773440146 0.7708145380020142 51200
1771773465157 0.8232882618904114 56320
1771773490426 0.8666430115699768 61440
1771773515169 0.9579066038131714 66560
1771773539898 1.0327391624450684 71680
1771773565064 1.1060266494750977 76800
1771773589946 1.1658955812454224 81920
1771773614657 1.2224888801574707 87040
1771773639854 1.2638461589813232 92160
1771773664567 1.2943031787872314 97280
1771773689282 1.3311070203781128 102400
1771773714497 1.3631075620651245 107520
1771773739204 1.3981025218963623 112640
1771773764290 1.426242709159851 117760
1771773789007 1.4465850591659546 122880
1771773813819 1.468300223350525 128000
1771773839022 1.4949076175689697 133120
1771773864393 1.5164190530776978 138240
1771773889083 1.5398058891296387 143360
1771773914456 1.559748649597168 148480
1771773939165 1.5912598371505737 153600
1771773963921 1.619315505027771 158720
1771773988974 1.6484414339065552 163840
1771774013672 1.6693681478500366 168960
1771774038849 1.685431957244873 174080
1771774063527 1.6976186037063599 179200
1771774088228 1.7118557691574097 184320
1771774113414 1.7204281091690063 189440
1771774138132 1.729235291481018 194560
1771774162852 1.7369710206985474 199680
1771774187977 1.7425895929336548 204800
1771774212672 1.7514907121658325 209920
1771774237772 1.7579834461212158 215040
1771774263031 1.766776204109192 220160
1771774287923 1.7740380764007568 225280
1771774313261 1.7744840383529663 230400
1771774337984 1.7818946838378906 235520
1771774362860 1.7899994850158691 240640
1771774388061 1.794752597808838 245760
1771774412791 1.8027844429016113 250880
1771774437536 1.807801365852356 256000
1771774463158 1.8109550476074219 261120
1771774487881 1.8170435428619385 266240
1771774513512 1.8265117406845093 271360
1771774538259 1.829512119293213 276480
1771774563256 1.8362200260162354 281600
1771774588391 1.8398783206939697 286720
1771774613089 1.8498026132583618 291840
1771774638171 1.8558704853057861 296960
1771774648564 1.8568955659866333 300032
