1771773214776 490.7181091308594 5120
1771773240033 493.3561096191406 10240
1771773264760 493.7536926269531 15360
1771773289949 492.4468078613281 20480
1771773315064 493.3526611328125 25600
1771773339841 493.6000061035156 30720
1771773365225 493.8919982910156 35840
1771773389987 494.6440124511719 40960
1771773415070 494.3939208984375 46080
1771773440146 493.3562927246094 51200
1771773465157 493.3099670410156 56320
1771773490426 493.24761962890625 61440
1771773515169 493.24188232421875 66560
1771773539898 493.09979248046875 71680
1771773565064 492.8226623535156 76800
1771773589946 492.1651306152344 81920
1771773614657 491.83160400390625 87040
1771773639854 491.8827819824219 92160
1771773664567 491.9166259765625 97280
1771773689282 491.6241149902344 102400
1771773714497 491.1573791503906 107520
1771773739204 490.82427978515625 112640
1771773764290 490.61956787109375 117760
1771773789007 490.88775634765625 122880
1771773813819 490.7604064941406 128000
1771773839022 490.72943115234375 133120
1771773864393 490.54193115234375 138240
1771773889083 490.5052185058594 143360
1771773914456 489.6238098144531 148480
1771773939165 489.5383605957031 153600
1771773963921 488.9481506347656 158720
1771773988974 488.864990234375 163840
1771774013672 488.3921813964844 168960
1771774038849 488.2493591308594 174080
1771774063527 487.9884338378906 179200
1771774088228 487.377685546875 184320
1771774113414 486.6683654785156 189440
1771774138132 485.9334411621094 194560
1771774162852 485.59344482421875 199680
1771774187977 485.0301513671875 204800
1771774212672 484.9169616699219 209920
1771774237772 484.7402648925781 215040
1771774263031 484.466552734375 220160
1771774287923 484.156005859375 225280
1771774313261 483.3572998046875 230400
1771774337984 482.2412109375 235520
1771774362860 481.617919921875 240640
1771774388061 481.2520446777344 245760
1771774412791 480.8440246582031 250880
1771774437536 479.89849853515625 256000
1771774463158 479.2945556640625 261120
1771774487881 478.5728454589844 266240
1771774513512 477.81427001953125 271360
1771774538259 476.94580078125 276480
1771774563256 476.2829284667969 281600
1771774588391 475.7833251953125 286720
1771774613089 475.1094055175781 291840
1771774638171 474.0123596191406 296960
1771774648564 473.78497314453125 300032
