1771773214776 0.0 5120
1771773240033 0.0 10240
1771773264760 0.0 15360
1771773289949 0.0 20480
1771773315064 0.0 25600
1771773339841 0.0 30720
1771773365225 0.0 35840
1771773389987 0.0 40960
1771773415070 0.0 46080
1771773440146 0.0 51200
1771773465157 0.0 56320
1771773490426 0.0 61440
1771773515169 0.0 66560
1771773539898 0.0 71680
1771773565064 0.0 76800
1771773589946 0.0 81920
1771773614657 0.0 87040
1771773639854 0.0 92160
1771773664567 0.0 97280
1771773689282 0.0 102400
1771773714497 0.0 107520
1771773739204 0.0 112640
1771773764290 0.0 117760
1771773789007 0.0 122880
1771773813819 0.0 128000
1771773839022 0.0 133120
1771773864393 0.0 138240
1771773889083 0.0 143360
1771773914456 0.0 148480
1771773939165 0.0 153600
1771773963921 0.0 158720
1771773988974 0.0 163840
1771774013672 0.0 168960
1771774038849 0.0 174080
1771774063527 0.0 179200
1771774088228 0.0 184320
1771774113414 0.0 189440
1771774138132 0.0 194560
1771774162852 0.0 199680
1771774187977 0.0 204800
1771774212672 0.0 209920
1771774237772 0.0 215040
1771774263031 0.0 220160
1771774287923 0.0 225280
1771774313261 0.0 230400
1771774337984 0.0 235520
1771774362860 0.0 240640
1771774388061 0.0 245760
1771774412791 0.0 250880
1771774437536 0.0 256000
1771774463158 0.0 261120
1771774487881 0.0 266240
1771774513512 0.0 271360
1771774538259 0.0 276480
1771774563256 0.0 281600
1771774588391 0.0 286720
1771774613089 0.0 291840
1771774638171 0.0 296960
1771774648564 0.0 300032
