1771773214776 20.627517700195312 5120
1771773240033 20.29316520690918 10240
1771773264760 20.217979431152344 15360
1771773289949 20.825918197631836 20480
1771773315064 21.45893669128418 25600
1771773339841 22.206993103027344 30720
1771773365225 23.483482360839844 35840
1771773389987 23.45793914794922 40960
1771773415070 23.194990158081055 46080
1771773440146 23.123620986938477 51200
1771773465157 23.41059112548828 56320
1771773490426 23.75009536743164 61440
1771773515169 23.8829345703125 66560
1771773539898 23.91037368774414 71680
1771773565064 24.00246238708496 76800
1771773589946 24.15523338317871 81920
1771773614657 24.275453567504883 87040
1771773639854 24.42569351196289 92160
1771773664567 24.572891235351562 97280
1771773689282 24.75418472290039 102400
1771773714497 24.842178344726562 107520
1771773739204 24.920026779174805 112640
1771773764290 24.987592697143555 117760
1771773789007 25.063701629638672 122880
1771773813819 25.207382202148438 128000
1771773839022 25.333208084106445 133120
1771773864393 25.464096069335938 138240
1771773889083 25.621166229248047 143360
1771773914456 25.75202178955078 148480
1771773939165 25.929983139038086 153600
1771773963921 26.078441619873047 158720
1771773988974 26.247098922729492 163840
1771774013672 26.378097534179688 168960
1771774038849 26.5662784576416 174080
1771774063527 26.727596282958984 179200
1771774088228 26.894638061523438 184320
1771774113414 27.07027244567871 189440
1771774138132 27.26158905029297 194560
1771774162852 27.459016799926758 199680
1771774187977 27.615406036376953 204800
1771774212672 27.754796981811523 209920
1771774237772 27.939453125 215040
1771774263031 28.133333206176758 220160
1771774287923 28.292436599731445 225280
1771774313261 28.436073303222656 230400
1771774337984 28.588071823120117 235520
1771774362860 28.728805541992188 240640
1771774388061 28.9010066986084 245760
1771774412791 29.05498504638672 250880
1771774437536 29.1832218170166 256000
1771774463158 29.32721710205078 261120
1771774487881 29.461538314819336 266240
1771774513512 29.5970458984375 271360
1771774538259 29.736024856567383 276480
1771774563256 29.86772346496582 281600
1771774588391 29.953168869018555 286720
1771774613089 30.066810607910156 291840
1771774638171 30.179794311523438 296960
1771774648564 30.214515686035156 300032
