1771773214772 -1.215466856956482 5120
1771773240029 -0.8722928166389465 10240
1771773264756 -0.0461445190012455 15360
1771773289945 -0.1607905477285385 20480
1771773315061 -1.7965761423110962 25600
1771773339838 -2.8645803928375244 30720
1771773365222 -4.045392990112305 35840
1771773389984 -5.173243522644043 40960
1771773415067 -5.744730472564697 46080
1771773440143 -6.1773200035095215 51200
1771773465153 -6.9983625411987305 56320
1771773490422 -7.601585388183594 61440
1771773515165 -7.907578945159912 66560
1771773539895 -7.832620143890381 71680
1771773565061 -7.940546989440918 76800
1771773589943 -7.792651176452637 81920
1771773614654 -7.525295257568359 87040
1771773639850 -7.079586029052734 92160
1771773664564 -6.680595397949219 97280
1771773689279 -6.459464073181152 102400
1771773714494 -6.4490966796875 107520
1771773739201 -6.48711633682251 112640
1771773764287 -6.545289516448975 117760
1771773789003 -6.635556221008301 122880
1771773813815 -6.679758548736572 128000
1771773839019 -6.83991003036499 133120
1771773864390 -7.078301906585693 138240
1771773889080 -7.307331085205078 143360
1771773914452 -7.647482872009277 148480
1771773939162 -7.873134613037109 153600
1771773963918 -8.309144973754883 158720
1771773988971 -8.928738594055176 163840
1771774013669 -9.406792640686035 168960
1771774038846 -10.097536087036133 174080
1771774063524 -10.679498672485352 179200
1771774088224 -11.526876449584961 184320
1771774113411 -12.297365188598633 189440
1771774138129 -12.993467330932617 194560
1771774162849 -13.521777153015137 199680
1771774187973 -13.907144546508789 204800
1771774212669 -14.233960151672363 209920
1771774237769 -14.321850776672363 215040
1771774263028 -14.559430122375488 220160
1771774287919 -14.545713424682617 225280
1771774313258 -14.48576545715332 230400
1771774337980 -14.214265823364258 235520
1771774362857 -13.923276901245117 240640
1771774388058 -13.833976745605469 245760
1771774412788 -13.769587516784668 250880
1771774437533 -13.813051223754883 256000
1771774463155 -14.039912223815918 261120
1771774487877 -14.222433090209961 266240
1771774513509 -14.427450180053711 271360
1771774538256 -14.51103687286377 276480
1771774563253 -14.637792587280273 281600
1771774588388 -14.615961074829102 286720
1771774613086 -14.636016845703125 291840
1771774638168 -14.68017864227295 296960
1771774648561 -14.817062377929688 300032
