1760381759928 399.2875511532738 5120
1760381781278 395.49918034817654 10240
1760381810434 402.09371275820973 15360
1760381829604 404.56688319982857 20480
1760381851527 406.8612301393866 25600
1760381871708 407.5377583520525 30720
1760381898496 409.06864489539197 35840
1760381919261 409.37705186689385 40960
1760381939008 409.7235914132419 46080
1760381961290 410.00713093643935 51200
1760381985921 410.5476632550376 56320
1760382008950 408.8105089536204 61440
1760382031028 405.6375554783758 66560
1760382051058 403.06102982400546 71680
1760382073770 401.01819978201934 76800
1760382097430 399.5987122625655 81920
1760382122090 398.44107573287914 87040
1760382143610 396.40789266413594 92160
1760382164041 394.96951458652484 97280
1760382189110 393.26341736887423 102400
1760382211744 391.3198939127816 107520
1760382234500 389.9021948379317 112640
1760382254312 388.4097334889177 117760
1760382281468 387.1028383740272 122880
1760382301743 386.4463078564489 128000
1760382323940 386.45008020833336 133120
1760382345299 386.60413458247774 138240
1760382369915 385.52402539388567 143360
1760382392374 383.72295929908597 148480
1760382412153 382.2120953995418 153600
1760382438478 380.5109122311195 158720
1760382458472 378.77440405920265 163840
1760382481349 376.9502663876714 168960
1760382502335 374.95729245070436 174080
1760382528561 373.2672918100972 179200
1760382549402 371.6202014679047 184320
1760382573520 369.7747369260204 189440
1760382593780 367.3258865299217 194560
1760382616663 364.45746848184007 199680
1760382642006 362.01323478665705 204800
1760382663647 359.84100975049864 209920
1760382684149 357.47324823300966 215040
1760382705473 355.3527650007739 220160
1760382732235 353.2412901419907 225280
1760382754249 351.299089230173 230400
1760382774544 349.5920419947577 235520
1760382794575 347.9778702947553 240640
1760382822812 346.3164590178026 245760
1760382844466 344.4201986443431 250880
1760382865612 342.8888237497951 256000
1760382885757 341.37003655495437 261120
1760382914256 340.0280688425428 266240
1760382934183 338.5918651332932 271360
1760382955197 336.9523040494052 276480
1760382974883 335.38436666416095 281600
1760383004536 333.79408517906404 286720
1760383024531 332.13801697262176 291840
1760383045325 330.26569754593856 296960
1760383057374 329.5118550080472 300032
