1760381759928 0.0 5120
1760381781278 0.0 10240
1760381810434 0.0 15360
1760381829604 0.0 20480
1760381851527 0.0 25600
1760381871708 0.0 30720
1760381898496 0.0 35840
1760381919261 0.0 40960
1760381939008 0.0 46080
1760381961290 0.0 51200
1760381985921 0.0 56320
1760382008950 0.0 61440
1760382031028 0.0 66560
1760382051058 0.0 71680
1760382073770 0.0 76800
1760382097430 0.0 81920
1760382122090 0.0 87040
1760382143610 0.0 92160
1760382164041 0.0 97280
1760382189110 0.0 102400
1760382211744 0.0 107520
1760382234500 0.0 112640
1760382254312 0.0 117760
1760382281468 0.0 122880
1760382301743 0.0 128000
1760382323940 0.0 133120
1760382345299 0.0 138240
1760382369915 0.0 143360
1760382392374 0.0 148480
1760382412153 0.0 153600
1760382438478 0.0 158720
1760382458472 0.0 163840
1760382481349 0.0 168960
1760382502335 0.0 174080
1760382528561 0.0 179200
1760382549402 0.0 184320
1760382573520 0.0 189440
1760382593780 0.0 194560
1760382616663 0.0 199680
1760382642006 0.0 204800
1760382663647 0.0 209920
1760382684149 0.0 215040
1760382705473 0.0 220160
1760382732235 0.0 225280
1760382754249 0.0 230400
1760382774544 0.0 235520
1760382794575 0.0 240640
1760382822812 0.0 245760
1760382844466 0.0 250880
1760382865612 0.0 256000
1760382885757 0.0 261120
1760382914256 0.0 266240
1760382934183 0.0 271360
1760382955197 0.0 276480
1760382974883 0.0 281600
1760383004536 0.0 286720
1760383024531 0.0 291840
1760383045325 0.0 296960
1760383057374 0.0 300032
