1760117668831 17.400970113502357 5120
1760117770387 16.497881743074196 10240
1760117872807 17.092102921468214 15360
1760117974896 17.848351528770046 20480
1760118077159 17.774691162109374 25600
1760118179190 17.698987168955888 30720
1760118281108 18.07487076905223 35840
1760118383832 18.620072325253815 40960
1760118486204 19.16063561023347 46080
1760118588255 19.562453679201575 51200
1760118690505 19.964700373668045 56320
1760118792282 20.248560150865753 61440
1760118894759 20.50123403545372 66560
1760118997279 20.77565409537698 71680
1760119099113 21.074532346746516 76800
1760119200863 21.2985381051639 81920
1760119303261 21.54156502521697 87040
1760119405348 21.7234268871253 92160
1760119506970 21.888469564166783 97280
1760119608837 22.036447277885006 102400
1760119710999 22.162523770619586 107520
1760119812711 22.315017288279645 112640
1760119914952 22.45185217246868 117760
1760120017432 22.62930528955552 122880
1760120119374 22.794546961268306 128000
1760120225672 22.934137762505983 133120
1760120327381 23.07163125163179 138240
1760120429786 23.166119041013182 143360
1760120533179 23.297931384596932 148480
1760120636183 23.39857173635108 153600
1760120739931 23.47722679728372 158720
1760120843461 23.564363746563906 163840
1760120946615 23.64715154098252 168960
1760121052143 23.71433375444934 174080
1760121155411 23.799923116886692 179200
1760121257294 23.876357870243663 184320
1760121362090 23.953579450698886 189440
1760121467715 23.990888572072237 194560
1760121572180 24.04039772740746 199680
1760121677746 24.08002501869848 204800
1760121783455 24.12873464929269 209920
1760121889299 24.184106320148512 215040
1760121994692 24.256977450275638 220160
1760122100533 24.306182317291736 225280
1760122206257 24.36959214964804 230400
1760122312226 24.443003382919958 235520
1760122418164 24.465780970825744 240640
1760122523772 24.507185764353125 245760
1760122629310 24.555598042611756 250880
1760122735270 24.576599439528966 256000
1760122837464 24.606814019815538 261120
1760122937662 24.63445411509426 266240
1760123037607 24.68133645876997 271360
1760123137901 24.721920898794373 276480
1760123237874 24.74608681975236 281600
1760123337834 24.785477863537515 286720
1760123438049 24.81938657687364 291840
1760123538187 24.857926727927754 296960
1760123578008 24.870115932193674 300032
