1758766067515 18.673059360730594 20224
1758766113767 18.580246913580247 40448
1758766160213 18.568029286150093 60672
1758766220507 18.598715890850723 80896
1758766279358 18.68178466076696 101120
1758766331170 18.89863184079602 121344
1758766378411 19.04136449100188 141568
1758766425417 19.155474107353985 161792
1758766470275 19.240261796685317 182016
1758766516418 19.34473533346073 202240
1758766571174 19.4132159358382 222464
1758766621479 19.467660495311375 242688
1758766640532 19.490296937105448 250112
