1758766067512 51.72342183472888 20224
1758766113761 55.96210756647854 40448
1758766160210 108.04214213956364 60672
1758766220501 77.98423322921315 80896
1758766279352 44.33209669065965 101120
1758766331162 70.68138386612966 121344
1758766378406 131.43756071574066 141568
1758766425410 116.34039720403861 161792
1758766470271 59.071376260492364 182016
1758766516414 63.78587505322708 202240
1758766571167 99.94052611513534 222464
1758766621474 52.33198582622149 242688
1758766640525 68.4437917135817 250112
