1771218217948 16.395313262939453 5120
1771218228920 18.98695945739746 10240
1771218239922 20.061145782470703 15360
1771218250954 20.68946075439453 20480
1771218262189 20.852340698242188 25600
1771218273182 21.079906463623047 30720
1771218284231 21.186609268188477 35840
1771218295104 21.365596771240234 40960
1771218306742 21.555116653442383 46080
1771218318193 21.53798484802246 51200
1771218329556 21.628965377807617 56320
1771218340984 21.666414260864258 61440
1771218352114 21.639799118041992 66560
1771218363807 21.673969268798828 71680
1771218374706 21.720102310180664 76800
1771218386537 21.7354793548584 81920
1771218397510 21.739948272705078 87040
1771218408823 21.772647857666016 92160
1771218420202 21.788928985595703 97280
1771218431610 21.826885223388672 102400
1771218442654 21.859601974487305 107520
1771218454209 21.919673919677734 112640
1771218465299 21.89210319519043 117760
1771218476723 21.937816619873047 122880
1771218488237 21.9478702545166 128000
1771218499411 21.92302703857422 133120
1771218510264 21.883888244628906 138240
1771218521744 21.901527404785156 143360
1771218533280 21.885087966918945 148480
1771218544509 21.869464874267578 153600
1771218555536 21.88123321533203 158720
1771218567712 21.87877082824707 163840
1771218579054 21.86659812927246 168960
1771218590328 21.8527889251709 174080
1771218601490 21.84222412109375 179200
1771218613203 21.841581344604492 184320
1771218624547 21.883319854736328 189440
1771218635640 21.882017135620117 194560
1771218647026 21.856042861938477 199680
1771218658203 21.85780143737793 204800
1771218669262 21.850305557250977 209920
1771218680964 21.86175537109375 215040
1771218692218 21.881832122802734 220160
1771218703308 21.89202880859375 225280
1771218714676 21.88821029663086 230400
1771218726032 21.89026641845703 235520
1771218737507 21.907827377319336 240640
1771218748363 21.91725730895996 245760
1771218759473 21.934598922729492 250880
1771218770962 21.926780700683594 256000
1771218782402 21.949981689453125 261120
1771218793363 21.94486427307129 266240
1771218804282 21.949560165405273 271360
1771218815178 21.95046615600586 276480
1771218826542 21.885101318359375 281600
1771218837860 21.705698013305664 286720
1771218848802 21.553884506225586 291840
1771218860117 21.48599624633789 296960
1771218865958 21.474933624267578 300032
