1771218217948 0.6563010811805725 5120
1771218228920 0.9030267000198364 10240
1771218239922 1.0087590217590332 15360
1771218250954 1.040447473526001 20480
1771218262189 1.0401208400726318 25600
1771218273182 1.0513983964920044 30720
1771218284231 1.0511023998260498 35840
1771218295104 1.057145595550537 40960
1771218306742 1.0657382011413574 46080
1771218318193 1.0680930614471436 51200
1771218329556 1.0787433385849 56320
1771218340984 1.0779975652694702 61440
1771218352114 1.076927900314331 66560
1771218363807 1.0791176557540894 71680
1771218374706 1.081626534461975 76800
1771218386537 1.084389090538025 81920
1771218397510 1.0862435102462769 87040
1771218408823 1.0891298055648804 92160
1771218420202 1.0893080234527588 97280
1771218431610 1.0920993089675903 102400
1771218442654 1.093206763267517 107520
1771218454209 1.0938233137130737 112640
1771218465299 1.0925023555755615 117760
1771218476723 1.095980167388916 122880
1771218488237 1.0971826314926147 128000
1771218499411 1.0965617895126343 133120
1771218510264 1.0961627960205078 138240
1771218521744 1.0982686281204224 143360
1771218533280 1.100399136543274 148480
1771218544509 1.100504994392395 153600
1771218555536 1.1008715629577637 158720
1771218567712 1.1000443696975708 163840
1771218579054 1.102906584739685 168960
1771218590328 1.10232412815094 174080
1771218601490 1.1009461879730225 179200
1771218613203 1.1027753353118896 184320
1771218624547 1.1040667295455933 189440
1771218635640 1.104225993156433 194560
1771218647026 1.1036837100982666 199680
1771218658203 1.102662205696106 204800
1771218669262 1.1039620637893677 209920
1771218680964 1.1035500764846802 215040
1771218692218 1.1051554679870605 220160
1771218703308 1.10582435131073 225280
1771218714676 1.104182243347168 230400
1771218726032 1.1047738790512085 235520
1771218737507 1.1071584224700928 240640
1771218748363 1.1073784828186035 245760
1771218759473 1.1079306602478027 250880
1771218770962 1.1083903312683105 256000
1771218782402 1.1083569526672363 261120
1771218793363 1.1068024635314941 266240
1771218804282 1.1082804203033447 271360
1771218815178 1.1085342168807983 276480
1771218826542 1.1114563941955566 281600
1771218837860 1.1169685125350952 286720
1771218848802 1.1198033094406128 291840
1771218860117 1.1237823963165283 296960
1771218865958 1.1244254112243652 300032
