1771707296274 541.0 8192
1771707300479 872.0 16384
1771707373810 1222.0 24576
1771707379761 1601.0 32768
1771707451269 2004.0 40960
1771707457038 2418.0 49152
1771707529415 2831.0 57344
1771707534076 3242.0 65536
1771707608402 3655.0 73728
1771707612850 4069.0 81920
1771707686660 4479.0 90112
1771707690244 4895.0 98304
1771707764775 5307.0 106496
1771707768162 5718.0 114688
1771707842135 6132.0 122880
1771707846483 6546.0 131072
1771707920414 6956.0 139264
1771707925845 7369.0 147456
1771707999443 7776.0 155648
1771708005683 8189.0 163840
1771708078209 8601.0 172032
1771708084746 9010.0 180224
1771708155980 9421.0 188416
1771708165146 9830.0 196608
1771708233215 10245.0 204800
1771708243057 10661.0 212992
1771708311919 11077.0 221184
1771708321769 11493.0 229376
1771708388788 11899.0 237568
1771708399666 12296.0 245760
1771708466272 12700.0 253952
1771708477672 13113.0 262144
1771708543201 13526.0 270336
1771708556431 13938.0 278528
1771708621829 14356.0 286720
1771708635247 14769.0 294912
1771708662844 14975.0 303104
