1771707296274 0.0 8192
1771707300479 0.0 16384
1771707373810 0.0 24576
1771707379761 0.0 32768
1771707451269 0.0 40960
1771707457038 0.0 49152
1771707529415 0.0 57344
1771707534076 0.0 65536
1771707608402 0.0 73728
1771707612850 0.0 81920
1771707686660 0.0 90112
1771707690244 0.0 98304
1771707764775 0.0 106496
1771707768162 0.0 114688
1771707842135 0.0 122880
1771707846483 0.0 131072
1771707920414 0.0 139264
1771707925845 0.0 147456
1771707999443 0.0 155648
1771708005683 0.0 163840
1771708078209 0.0 172032
1771708084746 0.0 180224
1771708155980 0.0 188416
1771708165146 0.0 196608
1771708233215 0.0 204800
1771708243057 0.0 212992
1771708311919 0.0 221184
1771708321769 0.0 229376
1771708388788 0.0 237568
1771708399666 0.0 245760
1771708466272 0.0 253952
1771708477672 0.0 262144
1771708543201 0.0 270336
1771708556431 0.0 278528
1771708621829 0.0 286720
1771708635247 0.0 294912
1771708662844 0.0 303104
