1771707296274 22.680221557617188 8192
1771707300479 23.481651306152344 16384
1771707373810 23.481178283691406 24576
1771707379761 23.03060531616211 32768
1771707451269 22.480039596557617 40960
1771707457038 22.02729606628418 49152
1771707529415 21.707170486450195 57344
1771707534076 21.475324630737305 65536
1771707608402 21.293296813964844 73728
1771707612850 21.144262313842773 81920
1771707686660 21.035276412963867 90112
1771707690244 20.920326232910156 98304
1771707764775 20.841154098510742 106496
1771707768162 20.77229881286621 114688
1771707842135 20.7058048248291 122880
1771707846483 20.6524600982666 131072
1771707920414 20.612133026123047 139264
1771707925845 20.5661563873291 147456
1771707999443 20.543853759765625 155648
1771708005683 20.508609771728516 163840
1771708078209 20.476106643676758 172032
1771708084746 20.455604553222656 180224
1771708155980 20.434349060058594 188416
1771708165146 20.417396545410156 196608
1771708233215 20.388774871826172 204800
1771708243057 20.361223220825195 212992
1771708311919 20.3372745513916 221184
1771708321769 20.314016342163086 229376
1771708388788 20.309858322143555 237568
1771708399666 20.320510864257812 245760
1771708466272 20.317716598510742 253952
1771708477672 20.301990509033203 262144
1771708543201 20.28811264038086 270336
1771708556431 20.27651023864746 278528
1771708621829 20.257801055908203 286720
1771708635247 20.245378494262695 294912
1771708662844 20.239933013916016 303104
