1771707296270 45.05644000429692 8192
1771707300476 53.90581945301254 16384
1771707373807 48.36326318823868 24576
1771707379758 43.25987045670201 32768
1771707451265 49.17754927364607 40960
1771707457035 49.20177836170188 49152
1771707529411 41.63039572808211 57344
1771707534073 44.66920135893586 65536
1771707608398 43.355564284385274 73728
1771707612847 43.484117110392305 81920
1771707686656 47.80487360094828 90112
1771707690240 48.54968052597463 98304
1771707764771 44.0684619183206 106496
1771707768159 36.75635127200708 114688
1771707842132 2.1489613081788845 122880
1771707846480 49.996471654031374 131072
1771707920411 50.50092710766489 139264
1771707925841 46.5956118424707 147456
1771707999440 43.42244262006564 155648
1771708005680 45.804346401659934 163840
1771708078206 43.878980625183075 172032
1771708084743 50.57277901032121 180224
1771708155977 1.8565258305735337 188416
1771708165143 46.47685744362568 196608
1771708233212 48.77040964639946 204800
1771708243053 49.59975402954011 212992
1771708311915 39.93776482798678 221184
1771708321766 45.35608542849419 229376
1771708388785 44.03838642615653 237568
1771708399663 40.54073594370717 245760
1771708466268 44.43495211458598 253952
1771708477669 44.32694299422967 262144
1771708543197 45.33255514844957 270336
1771708556427 49.44888647858431 278528
1771708621826 44.53875886675445 286720
1771708635243 1.935502686618958 294912
1771708662840 46.39614167828145 303104
