1771707296274 23.223506927490234 8192
1771707300479 21.40957260131836 16384
1771707373810 19.80470848083496 24576
1771707379761 18.68730354309082 32768
1771707451269 18.16961669921875 40960
1771707457038 17.90775489807129 49152
1771707529415 17.49689292907715 57344
1771707534076 17.385753631591797 65536
1771707608402 17.787946701049805 73728
1771707612850 18.147525787353516 81920
1771707686660 18.223793029785156 90112
1771707690244 18.00016975402832 98304
1771707764775 17.663515090942383 106496
1771707768162 17.511747360229492 114688
1771707842135 17.346569061279297 122880
1771707846483 17.175851821899414 131072
1771707920414 17.088163375854492 139264
1771707925845 17.05076789855957 147456
1771707999443 17.022323608398438 155648
1771708005683 16.865764617919922 163840
1771708078209 16.810529708862305 172032
1771708084746 16.745582580566406 180224
1771708155980 16.715181350708008 188416
1771708165146 16.62704086303711 196608
1771708233215 16.594154357910156 204800
1771708243057 16.529470443725586 212992
1771708311919 16.530027389526367 221184
1771708321769 16.586355209350586 229376
1771708388788 16.782024383544922 237568
1771708399666 17.112714767456055 245760
1771708466272 17.283424377441406 253952
1771708477672 17.361852645874023 262144
1771708543201 17.34909439086914 270336
1771708556431 17.327495574951172 278528
1771708621829 17.277883529663086 286720
1771708635247 17.25940704345703 294912
1771708662844 17.2661075592041 303104
