1758816359563 500.0 5120
1758816369768 500.0 10240
1758816380612 500.0 15360
1758816390836 500.0 20480
1758816401801 500.0 25600
1758816412684 500.0 30720
1758816424611 500.0 35840
1758816437135 500.0 40960
1758816449780 500.0 46080
1758816462426 500.0 51200
1758816473866 500.0 56320
1758816485064 500.0 61440
1758816496485 500.0 66560
1758816507941 500.0 71680
1758816519307 500.0 76800
1758816530824 500.0 81920
1758816543301 500.0 87040
1758816555240 500.0 92160
1758816566904 500.0 97280
1758816578109 500.0 102400
1758816589032 500.0 107520
1758816600202 500.0 112640
1758816611277 500.0 117760
1758816622593 500.0 122880
1758816634469 500.0 128000
1758816645768 500.0 133120
1758816656854 500.0 138240
1758816668625 500.0 143360
1758816680037 500.0 148480
1758816691067 500.0 153600
1758816702242 500.0 158720
1758816713698 500.0 163840
1758816724692 500.0 168960
1758816736069 500.0 174080
1758816747393 500.0 179200
1758816758992 500.0 184320
1758816770453 500.0 189440
1758816781769 500.0 194560
1758816793194 500.0 199680
1758816804788 500.0 204800
1758816816100 500.0 209920
1758816826836 500.0 215040
1758816838122 500.0 220160
1758816849171 500.0 225280
1758816860159 500.0 230400
1758816871066 500.0 235520
1758816882156 500.0 240640
1758816893777 500.0 245760
1758816904892 500.0 250880
1758816916266 500.0 256000
1758816927792 500.0 261120
1758816938892 500.0 266240
1758816950447 500.0 271360
1758816962382 500.0 276480
1758816974165 500.0 281600
1758816986384 500.0 286720
1758816998716 500.0 291840
1758817010319 500.0 296960
1758817022364 500.0 302080
1758817035073 500.0 307200
1758817046662 500.0 312320
1758817058653 500.0 317440
1758817070662 500.0 322560
1758817082325 500.0 327680
1758817094150 500.0 332800
1758817106250 500.0 337920
1758817118163 500.0 343040
1758817130026 500.0 348160
1758817141460 500.0 353280
1758817153456 500.0 358400
1758817165290 500.0 363520
1758817177104 500.0 368640
1758817188836 500.0 373760
1758817201547 500.0 378880
1758817213139 500.0 384000
1758817224767 500.0 389120
1758817237129 500.0 394240
1758817249054 500.0 399360
1758817261061 500.0 404480
1758817272662 500.0 409600
1758817284226 500.0 414720
1758817295811 500.0 419840
1758817306914 500.0 424960
1758817317954 500.0 430080
1758817329437 500.0 435200
1758817341081 500.0 440320
1758817352860 500.0 445440
1758817364253 500.0 450560
1758817375681 500.0 455680
1758817386762 500.0 460800
1758817398077 500.0 465920
1758817409680 500.0 471040
1758817421087 500.0 476160
1758817432132 500.0 481280
1758817443322 500.0 486400
1758817454538 500.0 491520
1758817465507 500.0 496640
1758817476668 500.0 501760
1758817488401 500.0 506880
1758817499234 500.0 512000
1758817510148 500.0 517120
1758817521392 500.0 522240
1758817532073 500.0 527360
1758817542764 500.0 532480
1758817554008 500.0 537600
1758817565212 500.0 542720
1758817576475 500.0 547840
1758817588529 500.0 552960
1758817599394 500.0 558080
1758817610382 500.0 563200
1758817622711 500.0 568320
1758817634054 500.0 573440
1758817645209 500.0 578560
1758817656139 500.0 583680
1758817667306 500.0 588800
1758817679109 500.0 593920
1758817690575 500.0 599040
1758817701802 500.0 604160
1758817713330 500.0 609280
1758817724441 500.0 614400
1758817735281 500.0 619520
1758817747224 500.0 624640
1758817758370 500.0 629760
1758817769820 500.0 634880
1758817781538 500.0 640000
1758817792843 500.0 645120
1758817804104 500.0 650240
1758817815059 500.0 655360
1758817826156 500.0 660480
1758817838126 500.0 665600
1758817849454 500.0 670720
1758817860642 500.0 675840
1758817871173 500.0 680960
1758817882556 500.0 686080
1758817893673 500.0 691200
1758817904749 500.0 696320
1758817915186 500.0 701440
1758817926244 500.0 706560
1758817937163 500.0 711680
1758817948471 500.0 716800
1758817959327 500.0 721920
1758817970312 500.0 727040
1758817981169 500.0 732160
1758817991968 500.0 737280
1758818003004 500.0 742400
1758818013754 500.0 747520
1758818024891 500.0 752640
1758818036221 500.0 757760
1758818047372 500.0 762880
1758818057659 500.0 768000
1758818068574 500.0 773120
1758818078568 500.0 778240
1758818089082 500.0 783360
1758818099282 500.0 788480
1758818109671 500.0 793600
1758818119667 500.0 798720
1758818129780 500.0 803840
1758818139867 500.0 808960
1758818150503 500.0 814080
1758818160327 500.0 819200
1758818170746 500.0 824320
1758818180927 500.0 829440
1758818190576 500.0 834560
1758818200821 500.0 839680
1758818211066 500.0 844800
1758818221185 500.0 849920
1758818231134 500.0 855040
1758818241419 500.0 860160
1758818252207 500.0 865280
1758818262460 500.0 870400
1758818272455 500.0 875520
1758818282820 500.0 880640
1758818292550 500.0 885760
1758818302536 500.0 890880
1758818312784 500.0 896000
1758818323726 500.0 901120
1758818335320 500.0 906240
1758818345686 500.0 911360
1758818355808 500.0 916480
1758818366335 500.0 921600
1758818376987 500.0 926720
1758818387142 500.0 931840
1758818397807 500.0 936960
1758818407728 500.0 942080
1758818417627 500.0 947200
1758818427658 500.0 952320
1758818438011 500.0 957440
1758818447988 500.0 962560
1758818458301 500.0 967680
1758818468662 500.0 972800
1758818479026 500.0 977920
1758818489931 500.0 983040
1758818499769 500.0 988160
1758818510999 500.0 993280
1758818521918 500.0 998400
1758818532396 500.0 1003520
1758818542690 500.0 1008640
1758818553461 500.0 1013760
1758818564166 500.0 1018880
1758818574507 500.0 1024000
1758818586196 500.0 1029120
1758818597718 500.0 1034240
1758818609707 500.0 1039360
1758818621875 499.99241408375156 1044480
1758818635254 499.9924387077064 1049600
1758818647245 499.99246245503167 1054720
1758818659842 499.9924877641613 1059840
1758818671557 499.99251063829786 1064960
1758818683532 499.9925325287573 1070080
1758818696200 499.9925531714839 1075200
1758818708455 499.99257411817655 1080320
1758818720534 499.99259674705553 1085440
1758818732996 499.9926213013341 1090560
1758818745357 499.99264514691134 1095680
1758818757127 499.9926650366748 1100800
1758818769667 499.992685224523 1105920
1758818781918 499.9857032315118 1111040
1758818794822 499.9857407985888 1116160
1758818806839 499.9857828588179 1121280
1758818818915 499.98582907231554 1126400
1758818832416 499.9858672688861 1131520
1758818844783 499.9859090991629 1136640
1758818856240 499.985948392938 1141760
1758818868406 499.98598772119897 1146880
1758818879902 499.986025320103 1152000
1758818892920 499.9860644697854 1157120
1758818905171 499.9861091221538 1162240
1758818917468 499.98615423045356 1167360
1758818930080 499.9861892218979 1172480
1758818942083 499.9862233032116 1177600
1758818954059 499.9862623258449 1182720
1758818965637 499.9862984674059 1187840
1758818977433 499.9863385092074 1192960
1758818989086 499.98637664366845 1198080
1758819002087 499.9864186079073 1203200
1758819014234 499.98645511511404 1208320
1758819027466 499.9864947179728 1213440
1758819040450 499.9865340899231 1218560
1758819052400 499.9865723036459 1223680
1758819064577 499.97262638291994 1228800
1758819076847 499.9726980082973 1233920
1758819088218 499.9666283281548 1239040
1758819100718 499.96672315513786 1244160
1758819113270 499.9668078131403 1249280
1758819125557 499.9668954242801 1254400
1758819136857 499.9669792091317 1259520
1758819148644 499.9624680317734 1264640
1758819160427 499.96255428445903 1269760
1758819172380 499.9566053004248 1274880
1758819185214 499.9502464131331 1280000
1758819196817 499.95036496350366 1285120
1758819209310 499.95047383049257 1290240
1758819221444 499.95057891834995 1295360
1758819233691 499.9443833149945 1300480
1758819245916 499.9445155925156 1305600
1758819257545 499.9379273717055 1310720
1758819269136 499.9380599857571 1315840
1758819280764 499.93819305580803 1320960
1758819293098 499.9383286062925 1326080
1758819305654 499.93848279492073 1331200
1758819316922 499.93862513743704 1336320
1758819328512 499.9323399377763 1341440
1758819339692 499.9324924846425 1346560
1758819350773 499.92634976525824 1351680
1758819362012 499.9019502594382 1356800
1758819373724 499.90218573028056 1361920
1758819385018 499.89604922279796 1367040
1758819396488 499.8835086358716 1372160
1758819408163 499.84048763182506 1377280
1758819420261 499.8224496034236 1382400
1758819431730 499.81748133879125 1387520
1758819443382 499.8115329168669 1392640
1758819454785 499.81195461083587 1397760
1758819467211 499.8000893170436 1402880
1758819478487 499.79448326356504 1408000
1758819489310 499.7886845198386 1413120
1758819501285 499.7410261288686 1418240
1758819512487 499.64496423371526 1423360
1758819523654 499.60011374766975 1428480
1758819534901 499.55869921776434 1433600
1758819545637 499.5421087428769 1438720
1758819557049 499.50261574474104 1443840
1758819568828 499.49157378231354 1448960
1758819580959 499.44543705117576 1454080
1758819592737 499.4221597563832 1459200
1758819603890 499.41144932279735 1464320
1758819615228 499.3894049008168 1469440
1758819626322 499.3905805990776 1474560
1758819637424 499.3809361438314 1479680
1758819648620 499.37114215436026 1484800
1758819660317 499.36653232655453 1489920
1758819671465 499.35646250115593 1495040
1758819682553 499.34613431802444 1500160
1758819693710 499.32486561204115 1505280
1758819705038 499.30232130262794 1510400
1758819716117 499.2570212896215 1515520
1758819727121 499.2411643364657 1520640
1758819738745 499.2365000915248 1525760
1758819749744 499.2378254910918 1530880
1758819760834 499.23920412226965 1536000
1758819772335 499.2405662524466 1541120
1758819783500 499.2356460235964 1546240
1758819795561 499.2090533859482 1551360
1758819807717 499.1607245283019 1556480
1758819819354 499.13901277724204 1561600
1758819830953 499.09651510821664 1566720
1758819842492 499.0809260705063 1571840
1758819853948 499.0222282176956 1576960
1758819865393 498.96901138693124 1582080
1758819877752 498.93184534480696 1587200
1758819888691 498.9181481923398 1592320
1758819900174 498.87080157217724 1597440
1758819911810 498.8406533791115 1602560
1758819922412 498.819526671118 1607680
1758819933893 498.79859557636183 1612800
1758819945003 498.78364908233135 1617920
1758819956447 498.78033871277336 1623040
1758819968066 498.76132075471696 1628160
1758819978999 498.684435156296 1633280
1758819989824 498.6590064210882 1638400
1758820001597 498.63279256021355 1643520
1758820012803 498.60294031511745 1648640
1758820024335 498.5999298327681 1653760
1758820035354 498.58541782201337 1658880
1758820046517 498.581843612046 1664000
1758820057382 498.5791402478041 1669120
1758820068053 498.53383076632747 1674240
1758820079155 498.4464381476919 1679360
1758820090092 498.41054504941184 1684480
1758820101249 498.34419599006185 1689600
1758820112276 498.3159017835258 1694720
1758820123931 498.27509571926186 1699840
1758820135109 498.25623634900563 1704960
1758820145982 498.19442850585267 1710080
1758820156906 498.1462841757014 1715200
1758820168008 498.0823813676851 1720320
1758820179307 497.96477053743484 1725440
1758820190299 497.9378678409075 1730560
1758820201505 497.91668089465594 1735680
1758820212253 497.9106737105203 1740800
1758820223281 497.8889928547125 1745920
1758820235013 497.8815653527705 1751040
1758820245549 497.8747086000085 1756160
1758820256190 497.86847931856323 1761280
1758820267308 497.872140333094 1766400
1758820278260 497.8541054791248 1771520
1758820287912 497.8341025461177 1776640
1758820298819 497.8161193193754 1781760
1758820309828 497.7948660589453 1786880
1758820320839 497.76231350053735 1792000
1758820331259 497.73922251637174 1797120
1758820342510 497.7270704092136 1802240
1758820353635 497.7211375565862 1807360
1758820364722 497.7105150065849 1812480
1758820375762 497.7042674489401 1817600
1758820386846 497.66771644842254 1822720
1758820397802 497.64562337143093 1827840
1758820409095 497.62623510307435 1832960
1758820421029 497.6157872322888 1838080
1758820432569 497.6007899175798 1843200
1758820443030 497.5747669308801 1848320
1758820454401 497.56299374026185 1853440
1758820465426 497.542535918462 1858560
1758820477030 497.51808312105817 1863680
1758820487918 497.49725289669806 1868800
1758820498882 497.5022123293249 1873920
1758820510189 497.50182902045793 1879040
1758820521401 497.491825668348 1884160
1758820532325 497.48696074725984 1889280
1758820543559 497.49139661793436 1894400
1758820554255 497.48681803508015 1899520
1758820565809 497.4911712969801 1904640
1758820577238 497.48159764106686 1909760
1758820587867 497.4860116937156 1914880
1758820598975 497.47554866890187 1920000
1758820610660 497.47492365750554 1925120
1758820621477 497.47420539849867 1930240
1758820632742 497.4636213860544 1935360
1758820643644 497.44923999257236 1940480
1758820654658 497.41990333046414 1945600
1758820666248 497.4042176241158 1950720
1758820677009 497.3755279831045 1955840
1758820689067 497.35420867433675 1960960
1758820700129 497.33898238181075 1966080
1758820710461 497.3156871502509 1971200
1758820721449 497.28078804811184 1976320
1758820732414 497.25235725510737 1981440
1758820743566 497.2385161551839 1986560
1758820754965 497.22354661409713 1991680
1758820765860 497.1838719349246 1996800
1758820777058 497.1792816241541 2001920
1758820788462 497.1510914760915 2007040
1758820799500 497.1103558317226 2012160
1758820810229 497.0758927993161 2017280
1758820821187 497.06198924175027 2022400
1758820832030 497.0331091634289 2027520
1758820843088 497.01940521595714 2032640
1758820853089 497.0146146918822 2037760
1758820863428 496.9795247270392 2042880
1758820874365 496.97437344483495 2048000
1758820885472 496.9744791466585 2053120
1758820898050 496.97384033140696 2058240
1758820909239 496.9738424418827 2063360
1758820920740 496.96934704750254 2068480
1758820931778 496.94614405701196 2073600
1758820943111 496.9365541253161 2078720
1758820953563 496.9184683313033 2083840
1758820964170 496.8903726039199 2088960
1758820975312 496.8686347423541 2094080
1758820985851 496.8265541931329 2099200
1758820996687 496.7803106717773 2104320
1758821007155 496.73537225670793 2109440
1758821018013 496.68202336195947 2114560
1758821028842 496.6431315439275 2119680
1758821039202 496.62102940807785 2124800
1758821049961 496.5737887530195 2129920
1758821060888 496.5326251327876 2135040
1758821071338 496.50534145367413 2140160
1758821081991 496.4641076769691 2145280
1758821092862 496.42837055932307 2150400
1758821104311 496.4104819771126 2155520
1758821114652 496.3780457545531 2160640
1758821125027 496.340861507204 2165760
1758821135490 496.31453418607816 2170880
1758821145433 496.30285813097504 2176000
1758821157669 496.29021755216814 2181120
1758821168041 496.2645729416836 2186240
1758821179020 496.25175874452697 2191360
1758821189868 496.24289240669555 2196480
1758821201354 496.23945164494256 2201600
1758821212474 496.1932679474464 2206720
1758821223765 496.1672555660158 2211840
1758821234493 496.15020023442077 2216960
1758821246153 496.1153578874218 2222080
1758821257233 496.0975093126872 2227200
1758821268425 496.1032965430058 2232320
1758821279144 496.0867411966061 2237440
1758821290608 496.07292121212123 2242560
1758821301349 496.05640007745933 2247680
1758821312122 496.0488028909489 2252800
1758821323386 496.0510407239819 2257920
1758821334248 496.04351964528837 2263040
1758821344960 496.03678708482204 2268160
1758821355683 496.01427078453275 2273280
1758821366165 495.9826061921956 2278400
1758821376723 495.9508852631831 2283520
1758821388024 495.9287106922 2288640
1758821398865 495.8928473325292 2293760
1758821409674 495.87606883474655 2298880
1758821419713 495.8272778154883 2304000
1758821430693 495.80178380306813 2309120
1758821441100 495.7440300191182 2314240
1758821451609 495.71230375183796 2319360
1758821462371 495.70055413469737 2324480
1758821473079 495.69340632056844 2329600
1758821483505 495.67110187601094 2334720
1758821495209 495.62005588107 2339840
1758821505338 495.61347288117634 2344960
1758821515375 495.620021629755 2350080
1758821525151 495.58750132053103 2355200
1758821535305 495.5592882595649 2360320
1758821545962 495.504734926079 2365440
1758821556181 495.4630320174875 2370560
1758821567035 495.411441978825 2375680
1758821577405 495.34594626100136 2380800
1758821587666 495.2885732580476 2385920
1758821597987 495.254470618329 2391040
1758821607823 495.2304351864753 2396160
1758821618093 495.18543599257885 2401280
1758821628575 495.1613889242668 2406400
1758821638929 495.12924745355116 2411520
1758821649363 495.11377936846964 2416640
1758821659714 495.1075245264748 2421760
1758821669605 495.1063457531913 2426880
1758821679991 495.0531627527386 2432000
1758821690897 495.05099065592213 2437120
1758821701315 495.0490078068577 2442240
1758821711328 495.0513818606462 2447360
1758821721431 495.04858387550456 2452480
1758821731793 495.05115673601756 2457600
1758821741910 495.0494554991733 2462720
1758821753602 495.0473262275667 2467840
1758821765067 495.05414103278486 2472960
1758821775923 495.06076883765826 2478080
1758821787067 495.06732295966975 2483200
1758821797851 495.06979114755586 2488320
1758821808948 495.0722841146864 2493440
1758821820739 495.0744225447563 2498560
1758821831680 495.08158891996754 2503680
1758821842654 495.08448118573244 2508800
1758821853437 495.0913364749812 2513920
1758821864607 495.0983378256963 2519040
1758821876002 495.1015780088153 2524160
1758821886899 495.1043017616952 2529280
1758821898018 495.11070845357136 2534400
1758821909454 495.11265261441196 2539520
1758821922638 495.1190861324617 2544640
1758821935662 495.1261543260073 2549760
1758821948076 495.1328231027655 2554880
1758821959870 495.13626214940297 2560000
1758821971166 495.1309478914794 2565120
1758821982242 495.1377969762419 2570240
1758821993902 495.14435829084033 2575360
1758822004599 495.1434851279559 2580480
1758822016548 495.1463766997144 2585600
1758822028100 495.1482537969316 2590720
1758822039690 495.14652764029125 2595840
1758822051314 495.1529251521343 2600960
1758822062925 495.15455163788755 2606080
1758822074091 495.15255500043827 2611200
1758822085615 495.1549958422688 2616320
1758822098152 495.1442494700728 2621440
1758822110127 495.1382715241181 2626560
1758822121618 495.1451047046262 2631680
1758822132978 495.13826835398964 2636800
1758822145479 495.1447665826306 2641920
1758822157226 495.14695604991863 2647040
1758822168388 495.1497090345582 2652160
1758822179736 495.15616545096424 2657280
1758822191314 495.1588344645713 2662400
1758822202855 495.16066493955094 2667520
1758822213806 495.1504182476716 2672640
1758822225271 495.15663117551435 2677760
1758822236503 495.1584765263769 2682880
1758822248215 495.1604222372561 2688000
1758822260279 495.1625447759593 2693120
1758822271796 495.16886594404696 2698240
1758822282713 495.1750673912113 2703360
1758822294280 495.1776092297831 2708480
1758822305427 495.1843483641096 2713600
1758822317153 495.18588445884035 2718720
1758822328306 495.1924411057436 2723840
1758822339397 495.19882686728937 2728960
1758822351055 495.20483947996814 2734080
1758822362743 495.2068980136943 2739200
1758822373742 495.20458996263244 2744320
1758822383928 495.2106231366164 2749440
1758822394479 495.2120424929777 2754560
1758822404764 495.2139527034154 2759680
1758822415532 495.20873055166385 2764800
1758822426156 495.206783726631 2769920
1758822437780 495.21272683331756 2775040
1758822448348 495.2066910128867 2780160
1758822459057 495.2081503453625 2785280
1758822469254 495.2100502512563 2790400
1758822479998 495.2165103660258 2795520
1758822490607 495.21897741628993 2800640
1758822501126 495.22471113335837 2805760
1758822511671 495.2301330194477 2810880
1758822522033 495.2319568858787 2816000
1758822532476 495.23750636502507 2821120
1758822544067 495.2432898096444 2826240
1758822556463 495.2413385581887 2831360
1758822569249 495.24695576540756 2836480
1758822580959 495.2494674360406 2841600
1758822591824 495.2470874989672 2846720
1758822602820 495.2529707872586 2851840
1758822614631 495.25898606117426 2856960
1758822625633 495.2610359943199 2862080
1758822636990 495.26678314491267 2867200
1758822648236 495.26891964029073 2872320
1758822659604 495.2744983440483 2877440
1758822670724 495.280015567231 2882560
1758822682182 495.2742915601023 2887680
1758822693088 495.2763592148689 2892800
1758822704624 495.2819994693119 2897920
1758822716267 495.28095315748703 2903040
1758822728046 495.286477792143 2908160
1758822739963 495.2881124996187 2913280
1758822751923 495.29012471056586 2918400
1758822763109 495.2960006491465 2923520
1758822774255 495.3019571295433 2928640
1758822785338 495.30346446495065 2933760
1758822795363 495.30565717404045 2938880
1758822806015 495.3115796485633 2944000
1758822816383 495.3170623519331 2949120
1758822828077 495.3228619182827 2954240
1758822838821 495.32869411315136 2959360
1758822849652 495.3345117811301 2964480
1758822860097 495.3401280019261 2969600
1758822870950 495.34582398204554 2974720
1758822881524 495.34731048286216 2979840
1758822892479 495.3528911989605 2984960
1758822903413 495.3583658636423 2990080
1758822913986 495.34824580649024 2995200
1758822924947 495.3538985616957 3000320
1758822935627 495.3551480902968 3005440
1758822945897 495.3528634317457 3010560
1758822956933 495.35766119025163 3015680
1758822967626 495.3589171500818 3020800
1758822978259 495.36024801656083 3025920
1758822989209 495.36543522567626 3031040
1758822999848 495.3709310828705 3036160
1758823010529 495.37269882633973 3041280
1758823020967 495.3744601975825 3046400
1758823031908 495.37983534231466 3051520
1758823042195 495.38583343168494 3056640
1758823052812 495.3872013517762 3061760
1758823063814 495.392904099374 3066880
1758823074423 495.3982770955634 3072000
1758823084910 495.4040424803015 3077120
1758823095775 495.40592491200624 3082240
1758823106257 495.40797375281954 3087360
1758823117097 495.4137507314219 3092480
1758823127977 495.4154766311442 3097600
1758823138511 495.41727962638646 3102720
1758823149300 495.4108111260132 3107840
1758823160035 495.41206278941087 3112960
1758823170436 495.417534469719 3118080
1758823181782 495.41512504116383 3123200
1758823192160 495.4205806382958 3128320
1758823202998 495.41878128442494 3133440
1758823213471 495.42023166023165 3138560
1758823224422 495.4074338331003 3143680
1758823234951 495.4126971897452 3148800
1758823245753 495.4179484959549 3153920
1758823256359 495.4232317700076 3159040
1758823266786 495.4282396076286 3164160
1758823277576 495.429132990096 3169280
1758823288643 495.4349104210355 3174400
1758823298855 495.44049884756265 3179520
1758823309448 495.4454210214571 3184640
1758823320331 495.44294616698636 3189760
1758823330978 495.4447685502936 3194880
1758823341579 495.44967005341994 3200000
1758823351796 495.4514604198172 3205120
1758823362919 495.4567321850983 3210240
1758823373423 495.4622931531805 3215360
1758823383731 495.464000379093 3220480
1758823394869 495.4693247758877 3225600
1758823404930 495.47062661333786 3230720
1758823415555 495.4759737070757 3235840
1758823426230 495.481308190814 3240960
1758823437681 495.4864174730752 3246080
1758823448001 495.4876037725193 3251200
1758823458463 495.48963857234196 3256320
1758823469020 495.49472181524476 3261440
1758823479408 495.4997513954688 3266560
1758823490308 495.5053594183345 3271680
1758823501187 495.5104493256839 3276800
1758823511557 495.5157792402034 3281920
1758823522146 495.5177224172705 3287040
1758823532634 495.52315669706974 3292160
1758823543670 495.52795297230324 3297280
1758823554461 495.5295540832279 3302400
1758823565237 495.5346234640195 3307520
1758823575998 495.5365860452161 3312640
1758823586504 495.538062075169 3317760
1758823597018 495.5398779256625 3322880
1758823607681 495.5449944953789 3328000
1758823618304 495.5503049343929 3333120
1758823628866 495.5551514703982 3338240
1758823639524 495.5601102720844 3343360
1758823649993 495.5652622369572 3348480
1758823660528 495.57011701501324 3353600
1758823671600 495.5748798485586 3358720
1758823682370 495.5795918742025 3363840
1758823692622 495.58405091382616 3368960
1758823703454 495.5890262892736 3374080
1758823714260 495.593829205135 3379200
1758823725209 495.5985814436005 3384320
1758823735653 495.60328329863773 3389440
1758823746375 495.6082154550512 3394560
1758823757328 495.61285679145067 3399680
1758823767134 495.61780738394896 3404800
1758823777755 495.6227070266339 3409920
1758823788862 495.6275163214717 3415040
1758823799065 495.63215659240984 3420160
1758823809572 495.6367474901236 3425280
1758823820485 495.6386855037967 3430400
1758823830892 495.64329885722555 3435520
1758823841604 495.6480203742504 3440640
1758823852366 495.65257478979464 3445760
1758823862727 495.6570805432637 3450880
1758823873382 495.661694140101 3456000
1758823884043 495.66657074513046 3461120
1758823894418 495.67159191959115 3466240
1758823905504 495.6764463106517 3471360
1758823916064 495.6812898253287 3476480
1758823926907 495.68608388165256 3481600
1758823937500 495.69086730633376 3486720
1758823948285 495.6955247878517 3491840
1758823958895 495.69373260047115 3496960
1758823969677 495.69841524502203 3502080
1758823980211 495.7028581604488 3507200
1758823990851 495.7072919075659 3512320
1758824001415 495.7049905804571 3517440
1758824011540 495.7061512921353 3522560
1758824022289 495.71094893100053 3527680
1758824033478 495.7125520418106 3532800
1758824043701 495.7172562691348 3537920
1758824054714 495.7186317836309 3543040
1758824065363 495.72347000035313 3548160
1758824076611 495.72788287692373 3553280
1758824087453 495.7291020580773 3558400
1758824097845 495.73054751238743 3563520
1758824108569 495.7317883705801 3568640
1758824119497 495.7299666256807 3573760
1758824130131 495.7342376331444 3578880
1758824140252 495.7288504014304 3584000
1758824150731 495.72998861745907 3589120
1758824161926 495.7340599550381 3594240
1758824172772 495.7383469947743 3599360
1758824183466 495.7428855756137 3604480
1758824193784 495.7378413025089 3609600
1758824204709 495.74233396055473 3614720
1758824215429 495.73980470993683 3619840
1758824225791 495.73374489174853 3624960
1758824236860 495.72803558088225 3630080
1758824247731 495.7288356229769 3635200
1758824258463 495.730046989059 3640320
1758824269197 495.7313598295558 3645440
1758824279826 495.73241849518934 3650560
1758824290764 495.73320079522864 3655680
1758824301212 495.737695575588 3660800
1758824311552 495.7419972569418 3665920
1758824322085 495.74636357369366 3671040
1758824332492 495.7474905735094 3676160
1758824343293 495.7518425194142 3681280
1758824354219 495.7524915801773 3686400
1758824365057 495.75355539725183 3691520
1758824375774 495.75792442962114 3696640
1758824386912 495.7621392902723 3701760
1758824397412 495.7663820101655 3706880
1758824407523 495.7709054542657 3712000
1758824418210 495.7719692247261 3717120
1758824429184 495.7760810776226 3722240
1758824440007 495.77310537619746 3727360
1758824450442 495.7737776945215 3732480
1758824460975 495.77480052399665 3737600
1758824471819 495.7757401679187 3742720
1758824482813 495.773476300843 3747840
1758824493927 495.7779568159845 3752960
1758824504393 495.7752755678689 3758080
1758824514815 495.76755091330773 3763200
1758824525598 495.76819780814503 3768320
1758824536108 495.77241624005273 3773440
1758824546963 495.77648369455136 3778560
1758824557309 495.77761664671266 3783680
1758824567767 495.7817422213238 3788800
1758824578467 495.7829086870183 3793920
1758824589138 495.7843694314629 3799040
1758824599347 495.78221513141324 3804160
1758824610766 495.7832156099525 3809280
1758824620870 495.78445833822224 3814400
1758824631979 495.7850121410031 3819520
1758824642873 495.7890668785813 3824640
1758824652887 495.7899838719112 3829760
1758824663610 495.7909421046041 3834880
1758824674508 495.7884868805151 3840000
1758824684835 495.79273281730394 3845120
1758824695636 495.7936287281596 3850240
1758824706097 495.79761657255483 3855360
1758824716966 495.79560127292217 3860480
1758824727551 495.7998240284211 3865600
1758824738185 495.80084253822935 3870720
1758824748440 495.804634746514 3875840
1758824759252 495.80531090656245 3880960
1758824769675 495.80919616275224 3886080
1758824780227 495.8040385346266 3891200
1758824791767 495.7992521482166 3896320
1758824801793 495.8033051853807 3901440
1758824812578 495.8040995897115 3906560
1758824823079 495.80186675885227 3911680
1758824833945 495.80600917657506 3916800
1758824844562 495.810143427473 3921920
1758824855276 495.8115409233395 3927040
1758824866019 495.8156270238808 3932160
1758824876362 495.8167910172726 3937280
1758824887399 495.8174974634242 3942400
1758824898047 495.81526413027484 3947520
1758824909057 495.8192286960357 3952640
1758824919310 495.8230835135245 3957760
1758824930052 495.8237859605931 3962880
1758824940463 495.82415416442683 3968000
1758824951224 495.8280618098671 3973120
1758824961977 495.82866945252925 3978240
1758824972952 495.8327350108023 3983360
1758824983159 495.83675887083035 3988480
1758824993548 495.83726642616836 3993600
1758825004621 495.8415140790891 3998720
1758825014982 495.8423399004814 4003840
1758825025872 495.8460705220442 4008960
1758825036697 495.84394104583083 4014080
1758825047725 495.84789782399974 4019200
1758825057709 495.84899090850473 4024320
1758825068878 495.8532021449621 4029440
1758825079002 495.85757144350873 4034560
1758825089811 495.85863958477285 4039680
1758825100728 495.85662455250355 4044800
1758825111128 495.86071127861754 4049920
1758825122156 495.8650549520971 4055040
1758825132850 495.8658760073304 4060160
1758825143360 495.8669725870794 4065280
1758825154106 495.87093373373693 4070400
1758825165082 495.8746897966023 4075520
1758825175498 495.8785047474031 4080640
1758825186256 495.8825094178832 4085760
1758825196685 495.8863099263975 4090880
1758825206825 495.8901687693274 4096000
1758825218201 495.8940529893894 4101120
1758825229024 495.89799496957147 4106240
1758825239168 495.89817985794014 4111360
1758825250319 495.9021430947365 4116480
1758825261012 495.9058395315715 4121600
1758825271599 495.9064182325552 4126720
1758825282557 495.91020092247425 4131840
1758825292668 495.9138154156935 4136960
1758825303771 495.9147127922928 4142080
1758825314500 495.91834902130677 4147200
1758825325391 495.9222355126066 4152320
1758825335627 495.92598649296735 4157440
1758825346371 495.92979452054794 4162560
1758825357058 495.934010231945 4167680
1758825367985 495.9378669697801 4172800
1758825378337 495.94158926081985 4177920
1758825389594 495.9453364632238 4183040
1758825400824 495.9489184054787 4188160
1758825411043 495.94962236298454 4193280
1758825421226 495.9534150585628 4198400
1758825432551 495.95707458544155 4203520
1758825442835 495.9578607926221 4208640
1758825453547 495.96154115532175 4213760
1758825463626 495.96518345164327 4218880
1758825474831 495.9688504979259 4224000
1758825485413 495.9726046533286 4229120
1758825495772 495.976351822848 4234240
1758825507078 495.97993632300194 4239360
1758825517590 495.9810843233621 4244480
1758825529695 495.98478240697784 4249600
1758825540552 495.98847369112275 4254720
1758825551021 495.99206539105734 4259840
1758825561955 495.9956197849993 4264960
1758825572046 495.9992603550296 4270080
1758825582762 496.0028327739631 4275200
1758825593564 496.00319950776804 4280320
1758825604436 496.0066700990525 4285440
1758825614865 496.01028782888426 4290560
1758825625073 496.0137767038699 4295680
1758825635866 496.0171373826403 4300800
1758825646696 496.01787191031883 4305920
1758825657091 496.02137540069316 4311040
1758825667818 496.0219368646335 4316160
1758825678863 496.02530910868256 4321280
1758825689395 496.0286453365484 4326400
1758825699542 496.02642332205045 4331520
1758825710525 496.02729834717036 4336640
1758825721283 496.02184054121926 4341760
1758825731844 496.0252887371598 4346880
1758825742757 496.02861028177256 4352000
1758825753231 496.0321672270757 4357120
1758825763908 496.0357478690812 4362240
1758825774723 496.02803370105465 4367360
1758825785269 496.02871936172465 4372480
1758825796464 496.0324434697119 4377600
1758825806847 496.03354690522247 4382720
1758825817482 496.0339996376593 4387840
1758825828143 496.0232456404996 4392960
1758825839083 496.0266620446427 4398080
1758825849568 496.00941151668474 4403200
1758825860491 496.0129238037207 4408320
1758825870836 496.0136040105525 4413440
1758825881262 496.0065780087256 4418560
1758825892710 496.00693266907757 4423680
1758825902891 496.0074967014514 4428800
1758825913120 496.0079994607105 4433920
1758825924107 496.002933626696 4439040
1758825934567 495.9981007641807 4444160
1758825945409 495.99312642888094 4449280
1758825956374 495.99401349576016 4454400
1758825967188 495.99730007905845 4459520
1758825977514 495.9980923425437 4464640
1758825988485 495.99845135543626 4469760
1758825998765 495.99651881550466 4474880
1758826009857 495.994069383751 4480000
1758826020387 495.99207038645727 4485120
1758826030803 495.9871819597953 4490240
1758826041879 495.98790466026327 4495360
1758826052876 495.99144001717923 4500480
1758826062907 495.9859870820725 4505600
1758826073530 495.9864721014814 4510720
1758826084431 495.9868674707694 4515840
1758826095044 495.98153614546743 4520960
1758826105587 495.98497316109246 4526080
1758826116140 495.98535489336626 4531200
1758826126614 495.98613257960517 4536320
1758826137474 495.98457114701534 4541440
1758826147794 495.9821305235933 4546560
1758826158093 495.98251358097195 4551680
1758826169411 495.9830425183914 4556800
1758826179857 495.98106377053745 4561920
1758826190609 495.97277686252977 4567040
1758826201251 495.9733413319092 4572160
1758826211540 495.9707464694015 4577280
1758826222301 495.97433650292857 4582400
1758826233325 495.96859219475175 4587520
1758826243986 495.9671005140545 4592640
1758826255026 495.96519217880353 4597760
1758826265341 495.9689217220423 4602880
1758826275950 495.9668976751289 4608000
1758826286407 495.97047262687545 4613120
1758826297021 495.97186349876955 4618240
1758826307683 495.9728318417197 4623360
1758826318008 495.9708991833511 4628480
1758826329019 495.9658562719914 4633600
1758826339610 495.95856421533875 4638720
1758826350185 495.94879801089957 4643840
1758826360824 495.9494363766347 4648960
1758826371244 495.9451186954326 4654080
1758826382208 495.94859742338275 4659200
1758826392626 495.9493481236044 4664320
1758826403465 495.9474044059965 4669440
1758826414073 495.94237144315883 4674560
1758826424445 495.943068168755 4679680
1758826435494 495.9435729925697 4684800
1758826445951 495.94697730467965 4689920
1758826456264 495.944569470923 4695040
1758826466758 495.9450555746534 4700160
1758826477888 495.9431531944126 4705280
1758826488399 495.94362732830433 4710400
1758826499355 495.94722065452675 4715520
1758826510042 495.9509232229653 4720640
1758826521131 495.9517775004457 4725760
1758826531181 495.952586913304 4730880
1758826541985 495.94793988024463 4736000
1758826552547 495.9429721904057 4741120
1758826562968 495.94631750296776 4746240
1758826573824 495.9498586667803 4751360
1758826584720 495.9476156684644 4756480
1758826596139 495.951006111828 4761600
1758826606752 495.9461868159116 4766720
1758826616817 495.94652868225836 4771840
1758826627882 495.941820496499 4776960
1758826638337 495.94508989145186 4782080
1758826649002 495.94290636672383 4787200
1758826659417 495.9407382323061 4792320
1758826669703 495.9418851378501 4797440
1758826680274 495.94246590781023 4802560
1758826691363 495.93763944903117 4807680
1758826701285 495.9380802340629 4812800
1758826712335 495.9417051387454 4817920
1758826723086 495.9425835305021 4823040
1758826733864 495.94602747029194 4828160
1758826744191 495.9382762777918 4833280
1758826755241 495.9416897778525 4838400
1758826765720 495.9397370317759 4843520
1758826776263 495.92966117100866 4848640
1758826786770 495.9328745589828 4853760
1758826796723 495.92771723574623 4858880
1758826808348 495.91983928795634 4864000
1758826818948 495.9150775064124 4869120
1758826829443 495.9129708045465 4874240
1758826839879 495.90346420966193 4879360
1758826850278 495.8880382708581 4884480
1758826860790 495.8884573429586 4889600
1758826871401 495.8890601352383 4894720
1758826882637 495.8866474277152 4899840
1758826893243 495.8843117275607 4904960
1758826903619 495.8852235343007 4910080
1758826914285 495.8881852597776 4915200
1758826924675 495.8861556974018 4920320
1758826935112 495.8894816125154 4925440
1758826946170 495.89283051175124 4930560
1758826957441 495.89625889056754 4935680
1758826967982 495.8994837010843 4940800
1758826978416 495.9025058893221 4945920
1758826988619 495.900283566886 4951040
1758826999437 495.890596738809 4956160
1758827009518 495.8891286421111 4961280
1758827020835 495.8894573121743 4966400
1758827031605 495.8900819925212 4971520
1758827041814 495.8878490576386 4976640
1758827052661 495.8857017585926 4981760
1758827063463 495.8837904997912 4986880
1758827074478 495.88719716556545 4992000
1758827084980 495.8875607405737 4997120
1758827090688 495.8893025734214 5000192
