1758816359563 0.0 5120
1758816369768 0.0 10240
1758816380612 0.0 15360
1758816390836 0.0 20480
1758816401801 0.0 25600
1758816412684 0.0 30720
1758816424611 0.0 35840
1758816437135 0.0 40960
1758816449780 0.0 46080
1758816462426 0.0 51200
1758816473866 0.0 56320
1758816485064 0.0 61440
1758816496485 0.0 66560
1758816507941 0.0 71680
1758816519307 0.0 76800
1758816530824 0.0 81920
1758816543301 0.0 87040
1758816555240 0.0 92160
1758816566904 0.0 97280
1758816578109 0.0 102400
1758816589032 0.0 107520
1758816600202 0.0 112640
1758816611277 0.0 117760
1758816622593 0.0 122880
1758816634469 0.0 128000
1758816645768 0.0 133120
1758816656854 0.0 138240
1758816668625 0.0 143360
1758816680037 0.0 148480
1758816691067 0.0 153600
1758816702242 0.0 158720
1758816713698 0.0 163840
1758816724692 0.0 168960
1758816736069 0.0 174080
1758816747393 0.0 179200
1758816758992 0.0 184320
1758816770453 0.0 189440
1758816781769 0.0 194560
1758816793194 0.0 199680
1758816804788 0.0 204800
1758816816100 0.0 209920
1758816826836 0.0 215040
1758816838122 0.0 220160
1758816849171 0.0 225280
1758816860159 0.0 230400
1758816871066 0.0 235520
1758816882156 0.0 240640
1758816893777 0.0 245760
1758816904892 0.0 250880
1758816916266 0.0 256000
1758816927792 0.0 261120
1758816938892 0.0 266240
1758816950447 0.0 271360
1758816962382 0.0 276480
1758816974165 0.0 281600
1758816986384 0.0 286720
1758816998716 0.0 291840
1758817010319 0.0 296960
1758817022364 0.0 302080
1758817035073 0.0 307200
1758817046662 0.0 312320
1758817058653 0.0 317440
1758817070662 0.0 322560
1758817082325 0.0 327680
1758817094150 0.0 332800
1758817106250 0.0 337920
1758817118163 0.0 343040
1758817130026 0.0 348160
1758817141460 0.0 353280
1758817153456 0.0 358400
1758817165290 0.0 363520
1758817177104 0.0 368640
1758817188836 0.0 373760
1758817201547 0.0 378880
1758817213139 0.0 384000
1758817224767 0.0 389120
1758817237129 0.0 394240
1758817249054 0.0 399360
1758817261061 0.0 404480
1758817272662 0.0 409600
1758817284226 0.0 414720
1758817295811 0.0 419840
1758817306914 0.0 424960
1758817317954 0.0 430080
1758817329437 0.0 435200
1758817341081 0.0 440320
1758817352860 0.0 445440
1758817364253 0.0 450560
1758817375681 0.0 455680
1758817386762 0.0 460800
1758817398077 0.0 465920
1758817409680 0.0 471040
1758817421087 0.0 476160
1758817432132 0.0 481280
1758817443322 0.0 486400
1758817454538 0.0 491520
1758817465507 0.0 496640
1758817476668 0.0 501760
1758817488401 0.0 506880
1758817499234 0.0 512000
1758817510148 0.0 517120
1758817521392 0.0 522240
1758817532073 0.0 527360
1758817542764 0.0 532480
1758817554008 0.0 537600
1758817565212 0.0 542720
1758817576475 0.0 547840
1758817588529 0.0 552960
1758817599394 0.0 558080
1758817610382 0.0 563200
1758817622711 0.0 568320
1758817634054 0.0 573440
1758817645209 0.0 578560
1758817656139 0.0 583680
1758817667306 0.0 588800
1758817679109 0.0 593920
1758817690575 0.0 599040
1758817701802 0.0 604160
1758817713330 0.0 609280
1758817724441 0.0 614400
1758817735281 0.0 619520
1758817747224 0.0 624640
1758817758370 0.0 629760
1758817769820 0.0 634880
1758817781538 0.0 640000
1758817792843 0.0 645120
1758817804104 0.0 650240
1758817815059 0.0 655360
1758817826156 0.0 660480
1758817838126 0.0 665600
1758817849454 0.0 670720
1758817860642 0.0 675840
1758817871173 0.0 680960
1758817882556 0.0 686080
1758817893673 0.0 691200
1758817904749 0.0 696320
1758817915186 0.0 701440
1758817926244 0.0 706560
1758817937163 0.0 711680
1758817948471 0.0 716800
1758817959327 0.0 721920
1758817970312 0.0 727040
1758817981169 0.0 732160
1758817991968 0.0 737280
1758818003004 0.0 742400
1758818013754 0.0 747520
1758818024891 0.0 752640
1758818036221 0.0 757760
1758818047372 0.0 762880
1758818057659 0.0 768000
1758818068574 0.0 773120
1758818078568 0.0 778240
1758818089082 0.0 783360
1758818099282 0.0 788480
1758818109671 0.0 793600
1758818119667 0.0 798720
1758818129780 0.0 803840
1758818139867 0.0 808960
1758818150503 0.0 814080
1758818160327 0.0 819200
1758818170746 0.0 824320
1758818180927 0.0 829440
1758818190576 0.0 834560
1758818200821 0.0 839680
1758818211066 0.0 844800
1758818221185 0.0 849920
1758818231134 0.0 855040
1758818241419 0.0 860160
1758818252207 0.0 865280
1758818262460 0.0 870400
1758818272455 0.0 875520
1758818282820 0.0 880640
1758818292550 0.0 885760
1758818302536 0.0 890880
1758818312784 0.0 896000
1758818323726 0.0 901120
1758818335320 0.0 906240
1758818345686 0.0 911360
1758818355808 0.0 916480
1758818366335 0.0 921600
1758818376987 0.0 926720
1758818387142 0.0 931840
1758818397807 0.0 936960
1758818407728 0.0 942080
1758818417627 0.0 947200
1758818427658 0.0 952320
1758818438011 0.0 957440
1758818447988 0.0 962560
1758818458301 0.0 967680
1758818468662 0.0 972800
1758818479026 0.0 977920
1758818489931 0.0 983040
1758818499769 0.0 988160
1758818510999 0.0 993280
1758818521918 0.0 998400
1758818532396 0.0 1003520
1758818542690 0.0 1008640
1758818553461 0.0 1013760
1758818564166 0.0 1018880
1758818574507 0.0 1024000
1758818586196 0.0 1029120
1758818597718 0.0 1034240
1758818609707 0.0 1039360
1758818621875 0.0 1044480
1758818635254 0.0 1049600
1758818647245 0.0 1054720
1758818659842 0.0 1059840
1758818671557 0.0 1064960
1758818683532 0.0 1070080
1758818696200 0.0 1075200
1758818708455 0.0 1080320
1758818720534 0.0 1085440
1758818732996 0.0 1090560
1758818745357 0.0 1095680
1758818757127 0.0 1100800
1758818769667 0.0 1105920
1758818781918 0.0 1111040
1758818794822 0.0 1116160
1758818806839 0.0 1121280
1758818818915 0.0 1126400
1758818832416 0.0 1131520
1758818844783 0.0 1136640
1758818856240 0.0 1141760
1758818868406 0.0 1146880
1758818879902 0.0 1152000
1758818892920 0.0 1157120
1758818905171 0.0 1162240
1758818917468 0.0 1167360
1758818930080 0.0 1172480
1758818942083 0.0 1177600
1758818954059 0.0 1182720
1758818965637 0.0 1187840
1758818977433 0.0 1192960
1758818989086 0.0 1198080
1758819002087 0.0 1203200
1758819014234 0.0 1208320
1758819027466 0.0 1213440
1758819040450 0.0 1218560
1758819052400 0.0 1223680
1758819064577 0.0 1228800
1758819076847 0.0 1233920
1758819088218 0.0 1239040
1758819100718 0.0 1244160
1758819113270 0.0 1249280
1758819125557 0.0 1254400
1758819136857 0.0 1259520
1758819148644 0.0 1264640
1758819160427 0.0 1269760
1758819172380 0.0 1274880
1758819185214 0.0 1280000
1758819196817 0.0 1285120
1758819209310 0.0 1290240
1758819221444 0.0 1295360
1758819233691 0.0 1300480
1758819245916 0.0 1305600
1758819257545 0.0 1310720
1758819269136 0.0 1315840
1758819280764 0.0 1320960
1758819293098 0.0 1326080
1758819305654 0.0 1331200
1758819316922 0.0 1336320
1758819328512 0.0 1341440
1758819339692 0.0 1346560
1758819350773 0.0 1351680
1758819362012 0.0 1356800
1758819373724 0.0 1361920
1758819385018 0.0 1367040
1758819396488 0.0 1372160
1758819408163 0.0 1377280
1758819420261 0.0 1382400
1758819431730 0.0 1387520
1758819443382 0.0 1392640
1758819454785 0.0 1397760
1758819467211 0.0 1402880
1758819478487 0.0 1408000
1758819489310 0.0 1413120
1758819501285 0.0 1418240
1758819512487 0.0 1423360
1758819523654 0.0 1428480
1758819534901 0.0 1433600
1758819545637 0.0 1438720
1758819557049 0.0 1443840
1758819568828 0.0 1448960
1758819580959 0.0 1454080
1758819592737 0.0 1459200
1758819603890 0.0 1464320
1758819615228 0.0 1469440
1758819626322 0.0 1474560
1758819637424 0.0 1479680
1758819648620 0.0 1484800
1758819660317 0.0 1489920
1758819671465 0.0 1495040
1758819682553 0.0 1500160
1758819693710 0.0 1505280
1758819705038 0.0 1510400
1758819716117 0.0 1515520
1758819727121 0.0 1520640
1758819738745 0.0 1525760
1758819749744 0.0 1530880
1758819760834 0.0 1536000
1758819772335 0.0 1541120
1758819783500 0.0 1546240
1758819795561 0.0 1551360
1758819807717 0.0 1556480
1758819819354 0.0 1561600
1758819830953 0.0 1566720
1758819842492 0.0 1571840
1758819853948 0.0 1576960
1758819865393 0.0 1582080
1758819877752 0.0 1587200
1758819888691 0.0 1592320
1758819900174 0.0 1597440
1758819911810 0.0 1602560
1758819922412 0.0 1607680
1758819933893 0.0 1612800
1758819945003 0.0 1617920
1758819956447 0.0 1623040
1758819968066 0.0 1628160
1758819978999 0.0 1633280
1758819989824 0.0 1638400
1758820001597 0.0 1643520
1758820012803 0.0 1648640
1758820024335 0.0 1653760
1758820035354 0.0 1658880
1758820046517 0.0 1664000
1758820057382 0.0 1669120
1758820068053 0.0 1674240
1758820079155 0.0 1679360
1758820090092 0.0 1684480
1758820101249 0.0 1689600
1758820112276 0.0 1694720
1758820123931 0.0 1699840
1758820135109 0.0 1704960
1758820145982 0.0 1710080
1758820156906 0.0 1715200
1758820168008 0.0 1720320
1758820179307 0.0 1725440
1758820190299 0.0 1730560
1758820201505 0.0 1735680
1758820212253 0.0 1740800
1758820223281 0.0 1745920
1758820235013 0.0 1751040
1758820245549 0.0 1756160
1758820256190 0.0 1761280
1758820267308 0.0 1766400
1758820278260 0.0 1771520
1758820287912 0.0 1776640
1758820298819 0.0 1781760
1758820309828 0.0 1786880
1758820320839 0.0 1792000
1758820331259 0.0 1797120
1758820342510 0.0 1802240
1758820353635 0.0 1807360
1758820364722 0.0 1812480
1758820375762 0.0 1817600
1758820386846 0.0 1822720
1758820397802 0.0 1827840
1758820409095 0.0 1832960
1758820421029 0.0 1838080
1758820432569 0.0 1843200
1758820443030 0.0 1848320
1758820454401 0.0 1853440
1758820465426 0.0 1858560
1758820477030 0.0 1863680
1758820487918 0.0 1868800
1758820498882 0.0 1873920
1758820510189 0.0 1879040
1758820521401 0.0 1884160
1758820532325 0.0 1889280
1758820543559 0.0 1894400
1758820554255 0.0 1899520
1758820565809 0.0 1904640
1758820577238 0.0 1909760
1758820587867 0.0 1914880
1758820598975 0.0 1920000
1758820610660 0.0 1925120
1758820621477 0.0 1930240
1758820632742 0.0 1935360
1758820643644 0.0 1940480
1758820654658 0.0 1945600
1758820666248 0.0 1950720
1758820677009 0.0 1955840
1758820689067 0.0 1960960
1758820700129 0.0 1966080
1758820710461 0.0 1971200
1758820721449 0.0 1976320
1758820732414 0.0 1981440
1758820743566 0.0 1986560
1758820754965 0.0 1991680
1758820765860 0.0 1996800
1758820777058 0.0 2001920
1758820788462 0.0 2007040
1758820799500 0.0 2012160
1758820810229 0.0 2017280
1758820821187 0.0 2022400
1758820832030 0.0 2027520
1758820843088 0.0 2032640
1758820853089 0.0 2037760
1758820863428 0.0 2042880
1758820874365 0.0 2048000
1758820885472 0.0 2053120
1758820898050 0.0 2058240
1758820909239 0.0 2063360
1758820920740 0.0 2068480
1758820931778 0.0 2073600
1758820943111 0.0 2078720
1758820953563 0.0 2083840
1758820964170 0.0 2088960
1758820975312 0.0 2094080
1758820985851 0.0 2099200
1758820996687 0.0 2104320
1758821007155 0.0 2109440
1758821018013 0.0 2114560
1758821028842 0.0 2119680
1758821039202 0.0 2124800
1758821049961 0.0 2129920
1758821060888 0.0 2135040
1758821071338 0.0 2140160
1758821081991 0.0 2145280
1758821092862 0.0 2150400
1758821104311 0.0 2155520
1758821114652 0.0 2160640
1758821125027 0.0 2165760
1758821135490 0.0 2170880
1758821145433 0.0 2176000
1758821157669 0.0 2181120
1758821168041 0.0 2186240
1758821179020 0.0 2191360
1758821189868 0.0 2196480
1758821201354 0.0 2201600
1758821212474 0.0 2206720
1758821223765 0.0 2211840
1758821234493 0.0 2216960
1758821246153 0.0 2222080
1758821257233 0.0 2227200
1758821268425 0.0 2232320
1758821279144 0.0 2237440
1758821290608 0.0 2242560
1758821301349 0.0 2247680
1758821312122 0.0 2252800
1758821323386 0.0 2257920
1758821334248 0.0 2263040
1758821344960 0.0 2268160
1758821355683 0.0 2273280
1758821366165 0.0 2278400
1758821376723 0.0 2283520
1758821388024 0.0 2288640
1758821398865 0.0 2293760
1758821409674 0.0 2298880
1758821419713 0.0 2304000
1758821430693 0.0 2309120
1758821441100 0.0 2314240
1758821451609 0.0 2319360
1758821462371 0.0 2324480
1758821473079 0.0 2329600
1758821483505 0.0 2334720
1758821495209 0.0 2339840
1758821505338 0.0 2344960
1758821515375 0.0 2350080
1758821525151 0.0 2355200
1758821535305 0.0 2360320
1758821545962 0.0 2365440
1758821556181 0.0 2370560
1758821567035 0.0 2375680
1758821577405 0.0 2380800
1758821587666 0.0 2385920
1758821597987 0.0 2391040
1758821607823 0.0 2396160
1758821618093 0.0 2401280
1758821628575 0.0 2406400
1758821638929 0.0 2411520
1758821649363 0.0 2416640
1758821659714 0.0 2421760
1758821669605 0.0 2426880
1758821679991 0.0 2432000
1758821690897 0.0 2437120
1758821701315 0.0 2442240
1758821711328 0.0 2447360
1758821721431 0.0 2452480
1758821731793 0.0 2457600
1758821741910 0.0 2462720
1758821753602 0.0 2467840
1758821765067 0.0 2472960
1758821775923 0.0 2478080
1758821787067 0.0 2483200
1758821797851 0.0 2488320
1758821808948 0.0 2493440
1758821820739 0.0 2498560
1758821831680 0.0 2503680
1758821842654 0.0 2508800
1758821853437 0.0 2513920
1758821864607 0.0 2519040
1758821876002 0.0 2524160
1758821886899 0.0 2529280
1758821898018 0.0 2534400
1758821909454 0.0 2539520
1758821922638 0.0 2544640
1758821935662 0.0 2549760
1758821948076 0.0 2554880
1758821959870 0.0 2560000
1758821971166 0.0 2565120
1758821982242 0.0 2570240
1758821993902 0.0 2575360
1758822004599 0.0 2580480
1758822016548 0.0 2585600
1758822028100 0.0 2590720
1758822039690 0.0 2595840
1758822051314 0.0 2600960
1758822062925 0.0 2606080
1758822074091 0.0 2611200
1758822085615 0.0 2616320
1758822098152 0.0 2621440
1758822110127 0.0 2626560
1758822121618 0.0 2631680
1758822132978 0.0 2636800
1758822145479 0.0 2641920
1758822157226 0.0 2647040
1758822168388 0.0 2652160
1758822179736 0.0 2657280
1758822191314 0.0 2662400
1758822202855 0.0 2667520
1758822213806 0.0 2672640
1758822225271 0.0 2677760
1758822236503 0.0 2682880
1758822248215 0.0 2688000
1758822260279 0.0 2693120
1758822271796 0.0 2698240
1758822282713 0.0 2703360
1758822294280 0.0 2708480
1758822305427 0.0 2713600
1758822317153 0.0 2718720
1758822328306 0.0 2723840
1758822339397 0.0 2728960
1758822351055 0.0 2734080
1758822362743 0.0 2739200
1758822373742 0.0 2744320
1758822383928 0.0 2749440
1758822394479 0.0 2754560
1758822404764 0.0 2759680
1758822415532 0.0 2764800
1758822426156 0.0 2769920
1758822437780 0.0 2775040
1758822448348 0.0 2780160
1758822459057 0.0 2785280
1758822469254 0.0 2790400
1758822479998 0.0 2795520
1758822490607 0.0 2800640
1758822501126 0.0 2805760
1758822511671 0.0 2810880
1758822522033 0.0 2816000
1758822532476 0.0 2821120
1758822544067 0.0 2826240
1758822556463 0.0 2831360
1758822569249 0.0 2836480
1758822580959 0.0 2841600
1758822591824 0.0 2846720
1758822602820 0.0 2851840
1758822614631 0.0 2856960
1758822625633 0.0 2862080
1758822636990 0.0 2867200
1758822648236 0.0 2872320
1758822659604 0.0 2877440
1758822670724 0.0 2882560
1758822682182 0.0 2887680
1758822693088 0.0 2892800
1758822704624 0.0 2897920
1758822716267 0.0 2903040
1758822728046 0.0 2908160
1758822739963 0.0 2913280
1758822751923 0.0 2918400
1758822763109 0.0 2923520
1758822774255 0.0 2928640
1758822785338 0.0 2933760
1758822795363 0.0 2938880
1758822806015 0.0 2944000
1758822816383 0.0 2949120
1758822828077 0.0 2954240
1758822838821 0.0 2959360
1758822849652 0.0 2964480
1758822860097 0.0 2969600
1758822870950 0.0 2974720
1758822881524 0.0 2979840
1758822892479 0.0 2984960
1758822903413 0.0 2990080
1758822913986 0.0 2995200
1758822924947 0.0 3000320
1758822935627 0.0 3005440
1758822945897 0.0 3010560
1758822956933 0.0 3015680
1758822967626 0.0 3020800
1758822978259 0.0 3025920
1758822989209 0.0 3031040
1758822999848 0.0 3036160
1758823010529 0.0 3041280
1758823020967 0.0 3046400
1758823031908 0.0 3051520
1758823042195 0.0 3056640
1758823052812 0.0 3061760
1758823063814 0.0 3066880
1758823074423 0.0 3072000
1758823084910 0.0 3077120
1758823095775 0.0 3082240
1758823106257 0.0 3087360
1758823117097 0.0 3092480
1758823127977 0.0 3097600
1758823138511 0.0 3102720
1758823149300 0.0 3107840
1758823160035 0.0 3112960
1758823170436 0.0 3118080
1758823181782 0.0 3123200
1758823192160 0.0 3128320
1758823202998 0.0 3133440
1758823213471 0.0 3138560
1758823224422 0.0 3143680
1758823234951 0.0 3148800
1758823245753 0.0 3153920
1758823256359 0.0 3159040
1758823266786 0.0 3164160
1758823277576 0.0 3169280
1758823288643 0.0 3174400
1758823298855 0.0 3179520
1758823309448 0.0 3184640
1758823320331 0.0 3189760
1758823330978 0.0 3194880
1758823341579 0.0 3200000
1758823351796 0.0 3205120
1758823362919 0.0 3210240
1758823373423 0.0 3215360
1758823383731 0.0 3220480
1758823394869 0.0 3225600
1758823404930 0.0 3230720
1758823415555 0.0 3235840
1758823426230 0.0 3240960
1758823437681 0.0 3246080
1758823448001 0.0 3251200
1758823458463 0.0 3256320
1758823469020 0.0 3261440
1758823479408 0.0 3266560
1758823490308 0.0 3271680
1758823501187 0.0 3276800
1758823511557 0.0 3281920
1758823522146 0.0 3287040
1758823532634 0.0 3292160
1758823543670 0.0 3297280
1758823554461 0.0 3302400
1758823565237 0.0 3307520
1758823575998 0.0 3312640
1758823586504 0.0 3317760
1758823597018 0.0 3322880
1758823607681 0.0 3328000
1758823618304 0.0 3333120
1758823628866 0.0 3338240
1758823639524 0.0 3343360
1758823649993 0.0 3348480
1758823660528 0.0 3353600
1758823671600 0.0 3358720
1758823682370 0.0 3363840
1758823692622 0.0 3368960
1758823703454 0.0 3374080
1758823714260 0.0 3379200
1758823725209 0.0 3384320
1758823735653 0.0 3389440
1758823746375 0.0 3394560
1758823757328 0.0 3399680
1758823767134 0.0 3404800
1758823777755 0.0 3409920
1758823788862 0.0 3415040
1758823799065 0.0 3420160
1758823809572 0.0 3425280
1758823820485 0.0 3430400
1758823830892 0.0 3435520
1758823841604 0.0 3440640
1758823852366 0.0 3445760
1758823862727 0.0 3450880
1758823873382 0.0 3456000
1758823884043 0.0 3461120
1758823894418 0.0 3466240
1758823905504 0.0 3471360
1758823916064 0.0 3476480
1758823926907 0.0 3481600
1758823937500 0.0 3486720
1758823948285 0.0 3491840
1758823958895 0.0 3496960
1758823969677 0.0 3502080
1758823980211 0.0 3507200
1758823990851 0.0 3512320
1758824001415 0.0 3517440
1758824011540 0.0 3522560
1758824022289 0.0 3527680
1758824033478 0.0 3532800
1758824043701 0.0 3537920
1758824054714 0.0 3543040
1758824065363 0.0 3548160
1758824076611 0.0 3553280
1758824087453 0.0 3558400
1758824097845 0.0 3563520
1758824108569 0.0 3568640
1758824119497 0.0 3573760
1758824130131 0.0 3578880
1758824140252 0.0 3584000
1758824150731 0.0 3589120
1758824161926 0.0 3594240
1758824172772 0.0 3599360
1758824183466 0.0 3604480
1758824193784 0.0 3609600
1758824204709 0.0 3614720
1758824215429 0.0 3619840
1758824225791 0.0 3624960
1758824236860 0.0 3630080
1758824247731 0.0 3635200
1758824258463 0.0 3640320
1758824269197 0.0 3645440
1758824279826 0.0 3650560
1758824290764 0.0 3655680
1758824301212 0.0 3660800
1758824311552 0.0 3665920
1758824322085 0.0 3671040
1758824332492 0.0 3676160
1758824343293 0.0 3681280
1758824354219 0.0 3686400
1758824365057 0.0 3691520
1758824375774 0.0 3696640
1758824386912 0.0 3701760
1758824397412 0.0 3706880
1758824407523 0.0 3712000
1758824418210 0.0 3717120
1758824429184 0.0 3722240
1758824440007 0.0 3727360
1758824450442 0.0 3732480
1758824460975 0.0 3737600
1758824471819 0.0 3742720
1758824482813 0.0 3747840
1758824493927 0.0 3752960
1758824504393 0.0 3758080
1758824514815 0.0 3763200
1758824525598 0.0 3768320
1758824536108 0.0 3773440
1758824546963 0.0 3778560
1758824557309 0.0 3783680
1758824567767 0.0 3788800
1758824578467 0.0 3793920
1758824589138 0.0 3799040
1758824599347 0.0 3804160
1758824610766 0.0 3809280
1758824620870 0.0 3814400
1758824631979 0.0 3819520
1758824642873 0.0 3824640
1758824652887 0.0 3829760
1758824663610 0.0 3834880
1758824674508 0.0 3840000
1758824684835 0.0 3845120
1758824695636 0.0 3850240
1758824706097 0.0 3855360
1758824716966 0.0 3860480
1758824727551 0.0 3865600
1758824738185 0.0 3870720
1758824748440 0.0 3875840
1758824759252 0.0 3880960
1758824769675 0.0 3886080
1758824780227 0.0 3891200
1758824791767 0.0 3896320
1758824801793 0.0 3901440
1758824812578 0.0 3906560
1758824823079 0.0 3911680
1758824833945 0.0 3916800
1758824844562 0.0 3921920
1758824855276 0.0 3927040
1758824866019 0.0 3932160
1758824876362 0.0 3937280
1758824887399 0.0 3942400
1758824898047 0.0 3947520
1758824909057 0.0 3952640
1758824919310 0.0 3957760
1758824930052 0.0 3962880
1758824940463 0.0 3968000
1758824951224 0.0 3973120
1758824961977 0.0 3978240
1758824972952 0.0 3983360
1758824983159 0.0 3988480
1758824993548 0.0 3993600
1758825004621 0.0 3998720
1758825014982 0.0 4003840
1758825025872 0.0 4008960
1758825036697 0.0 4014080
1758825047725 0.0 4019200
1758825057709 0.0 4024320
1758825068878 0.0 4029440
1758825079002 0.0 4034560
1758825089811 0.0 4039680
1758825100728 0.0 4044800
1758825111128 0.0 4049920
1758825122156 0.0 4055040
1758825132850 0.0 4060160
1758825143360 0.0 4065280
1758825154106 0.0 4070400
1758825165082 0.0 4075520
1758825175498 0.0 4080640
1758825186256 0.0 4085760
1758825196685 0.0 4090880
1758825206825 0.0 4096000
1758825218201 0.0 4101120
1758825229024 0.0 4106240
1758825239168 0.0 4111360
1758825250319 0.0 4116480
1758825261012 0.0 4121600
1758825271599 0.0 4126720
1758825282557 0.0 4131840
1758825292668 0.0 4136960
1758825303771 0.0 4142080
1758825314500 0.0 4147200
1758825325391 0.0 4152320
1758825335627 0.0 4157440
1758825346371 0.0 4162560
1758825357058 0.0 4167680
1758825367985 0.0 4172800
1758825378337 0.0 4177920
1758825389594 0.0 4183040
1758825400824 0.0 4188160
1758825411043 0.0 4193280
1758825421226 0.0 4198400
1758825432551 0.0 4203520
1758825442835 0.0 4208640
1758825453547 0.0 4213760
1758825463626 0.0 4218880
1758825474831 0.0 4224000
1758825485413 0.0 4229120
1758825495772 0.0 4234240
1758825507078 0.0 4239360
1758825517590 0.0 4244480
1758825529695 0.0 4249600
1758825540552 0.0 4254720
1758825551021 0.0 4259840
1758825561955 0.0 4264960
1758825572046 0.0 4270080
1758825582762 0.0 4275200
1758825593564 0.0 4280320
1758825604436 0.0 4285440
1758825614865 0.0 4290560
1758825625073 0.0 4295680
1758825635866 0.0 4300800
1758825646696 0.0 4305920
1758825657091 0.0 4311040
1758825667818 0.0 4316160
1758825678863 0.0 4321280
1758825689395 0.0 4326400
1758825699542 0.0 4331520
1758825710525 0.0 4336640
1758825721283 0.0 4341760
1758825731844 0.0 4346880
1758825742757 0.0 4352000
1758825753231 0.0 4357120
1758825763908 0.0 4362240
1758825774723 0.0 4367360
1758825785269 0.0 4372480
1758825796464 0.0 4377600
1758825806847 0.0 4382720
1758825817482 0.0 4387840
1758825828143 0.0 4392960
1758825839083 0.0 4398080
1758825849568 0.0 4403200
1758825860491 0.0 4408320
1758825870836 0.0 4413440
1758825881262 0.0 4418560
1758825892710 0.0 4423680
1758825902891 0.0 4428800
1758825913120 0.0 4433920
1758825924107 0.0 4439040
1758825934567 0.0 4444160
1758825945409 0.0 4449280
1758825956374 0.0 4454400
1758825967188 0.0 4459520
1758825977514 0.0 4464640
1758825988485 0.0 4469760
1758825998765 0.0 4474880
1758826009857 0.0 4480000
1758826020387 0.0 4485120
1758826030803 0.0 4490240
1758826041879 0.0 4495360
1758826052876 0.0 4500480
1758826062907 0.0 4505600
1758826073530 0.0 4510720
1758826084431 0.0 4515840
1758826095044 0.0 4520960
1758826105587 0.0 4526080
1758826116140 0.0 4531200
1758826126614 0.0 4536320
1758826137474 0.0 4541440
1758826147794 0.0 4546560
1758826158093 0.0 4551680
1758826169411 0.0 4556800
1758826179857 0.0 4561920
1758826190609 0.0 4567040
1758826201251 0.0 4572160
1758826211540 0.0 4577280
1758826222301 0.0 4582400
1758826233325 0.0 4587520
1758826243986 0.0 4592640
1758826255026 0.0 4597760
1758826265341 0.0 4602880
1758826275950 0.0 4608000
1758826286407 0.0 4613120
1758826297021 0.0 4618240
1758826307683 0.0 4623360
1758826318008 0.0 4628480
1758826329019 0.0 4633600
1758826339610 0.0 4638720
1758826350185 0.0 4643840
1758826360824 0.0 4648960
1758826371244 0.0 4654080
1758826382208 0.0 4659200
1758826392626 0.0 4664320
1758826403465 0.0 4669440
1758826414073 0.0 4674560
1758826424445 0.0 4679680
1758826435494 0.0 4684800
1758826445951 0.0 4689920
1758826456264 0.0 4695040
1758826466758 0.0 4700160
1758826477888 0.0 4705280
1758826488399 0.0 4710400
1758826499355 0.0 4715520
1758826510042 0.0 4720640
1758826521131 0.0 4725760
1758826531181 0.0 4730880
1758826541985 0.0 4736000
1758826552547 0.0 4741120
1758826562968 0.0 4746240
1758826573824 0.0 4751360
1758826584720 0.0 4756480
1758826596139 0.0 4761600
1758826606752 0.0 4766720
1758826616817 0.0 4771840
1758826627882 0.0 4776960
1758826638337 0.0 4782080
1758826649002 0.0 4787200
1758826659417 0.0 4792320
1758826669703 0.0 4797440
1758826680274 0.0 4802560
1758826691363 0.0 4807680
1758826701285 0.0 4812800
1758826712335 0.0 4817920
1758826723086 0.0 4823040
1758826733864 0.0 4828160
1758826744191 0.0 4833280
1758826755241 0.0 4838400
1758826765720 0.0 4843520
1758826776263 0.0 4848640
1758826786770 0.0 4853760
1758826796723 0.0 4858880
1758826808348 0.0 4864000
1758826818948 0.0 4869120
1758826829443 0.0 4874240
1758826839879 0.0 4879360
1758826850278 0.0 4884480
1758826860790 0.0 4889600
1758826871401 0.0 4894720
1758826882637 0.0 4899840
1758826893243 0.0 4904960
1758826903619 0.0 4910080
1758826914285 0.0 4915200
1758826924675 0.0 4920320
1758826935112 0.0 4925440
1758826946170 0.0 4930560
1758826957441 0.0 4935680
1758826967982 0.0 4940800
1758826978416 0.0 4945920
1758826988619 0.0 4951040
1758826999437 0.0 4956160
1758827009518 0.0 4961280
1758827020835 0.0 4966400
1758827031605 0.0 4971520
1758827041814 0.0 4976640
1758827052661 0.0 4981760
1758827063463 0.0 4986880
1758827074478 0.0 4992000
1758827084980 0.0 4997120
1758827090688 0.0 5000192
