1758816359563 20.22641509433962 5120
1758816369768 20.314563106796115 10240
1758816380612 20.15135834411384 15360
1758816390836 20.120388349514563 20480
1758816401801 20.055900621118013 25600
1758816412684 20.076573653471772 30720
1758816424611 20.08690807799443 35840
1758816437135 20.07801072647489 40960
1758816449780 20.092447916666668 46080
1758816462426 20.07377049180328 51200
1758816473866 20.06065980844271 56320
1758816485064 20.054326610279766 61440
1758816496485 20.0796992481203 66560
1758816507941 20.078190449595084 71680
1758816519307 20.067205001302423 76800
1758816530824 20.04686355870149 81920
1758816543301 20.070361002529317 87040
1758816555240 20.07366362451108 92160
1758816566904 20.080313014827016 97280
1758816578109 20.091638926962993 102400
1758816589032 20.1142643764003 107520
1758816600202 20.108498129342596 112640
1758816611277 20.1154305200341 117760
1758816622593 20.117012583755514 122880
1758816634469 20.123214566002197 128000
1758816645768 20.114798612158697 133120
1758816656854 20.123546511627907 138240
1758816668625 20.108823529411765 143360
1758816680037 20.109954016770356 148480
1758816691067 20.105345706443604 153600
1758816702242 20.101289833080425 158720
1758816713698 20.098627787307034 163840
1758816724692 20.09251781472684 168960
1758816736069 20.10068042901626 174080
1758816747393 20.10252100840336 179200
1758816758992 20.10655916321639 184320
1758816770453 20.110486692821546 189440
1758816781769 20.109746025190997 194560
1758816793194 20.113716413404447 199680
1758816804788 20.119246245951516 204800
1758816816100 20.129514321295144 209920
1758816826836 20.128296240882737 215040
1758816838122 20.12538812785388 220160
1758816849171 20.1192005710207 225280
1758816860159 20.12320041881162 230400
1758816871066 20.12480792214444 235520
1758816882156 20.128269407537395 240640
1758816893777 20.129224977494065 245760
1758816904892 20.128256513026052 250880
1758816916266 20.1195319249195 256000
1758816927792 20.106716934677234 261120
1758816938892 20.106315551195955 266240
1758816950447 20.107589781562385 271360
1758816962382 20.106613372093022 276480
1758816974165 20.112752444158996 281600
1758816986384 20.114125481948825 286720
1758816998716 20.109198567887635 291840
1758817010319 20.110171212018678 296960
1758817022364 20.113033064999 302080
1758817035073 20.11068227906064 307200
1758817046662 20.10641446310236 312320
1758817058653 20.11251108015702 317440
1758817070662 20.115029910269193 322560
1758817082325 20.11045691505673 327680
1758817094150 20.11002415458937 332800
1758817106250 20.11187771367394 337920
1758817118163 20.11585794655415 343040
1758817130026 20.112522371687547 348160
1758817141460 20.107502417382403 353280
1758817153456 20.10539888994786 358400
1758817165290 20.1061795268627 363520
1758817177104 20.100975423682634 368640
1758817188836 20.098672542591498 373760
1758817201547 20.096215012722645 378880
1758817213139 20.097400219699743 384000
1758817224767 20.100831225153595 389120
1758817237129 20.102023136115783 394240
1758817249054 20.10394968553459 399360
1758817261061 20.102925835775668 404480
1758817272662 20.099019127023052 409600
1758817284226 20.10329457364341 414720
1758817295811 20.10361826361635 419840
1758817306914 20.104785322489125 424960
1758817317954 20.100051380260638 430080
1758817329437 20.09785368105239 435200
1758817341081 20.095935404406735 440320
1758817352860 20.095729810163682 445440
1758817364253 20.09360791655523 450560
1758817375681 20.09516463172742 455680
1758817386762 20.09642545771578 460800
1758817398077 20.095447490946714 465920
1758817409680 20.095560956888832 471040
1758817421087 20.09220127377789 476160
1758817432132 20.09134153974546 481280
1758817443322 20.091329479768785 486400
1758817454538 20.09151822193169 491520
1758817465507 20.08947559940161 496640
1758817476668 20.090050428239813 501760
1758817488401 20.096143938493242 506880
1758817499234 20.095649103534857 512000
1758817510148 20.0987567987568 517120
1758817521392 20.100373177393912 522240
1758817532073 20.102076586016384 527360
1758817542764 20.10385689485999 532480
1758817554008 20.10293787844808 537600
1758817565212 20.101258793039616 542720
1758817576475 20.10119200440125 547840
1758817588529 20.101021112685782 552960
1758817599394 20.10135378411464 558080
1758817610382 20.101826744683887 563200
1758817622711 20.10143544053175 568320
1758817634054 20.103735894021167 573440
1758817645209 20.10183384273409 578560
1758817656139 20.09837532699986 583680
1758817667306 20.101938434236573 588800
1758817679109 20.09901559487162 593920
1758817690575 20.098671854038102 599040
1758817701802 20.09823417910944 604160
1758817713330 20.10118399788925 609280
1758817724441 20.09951273749959 614400
1758817735281 20.100252983912817 619520
1758817747224 20.099749099330932 624640
1758817758370 20.101754945756223 629760
1758817769820 20.102494302355026 634880
1758817781538 20.10065618033971 640000
1758817792843 20.10273183191602 645120
1758817804104 20.102636214729426 650240
1758817815059 20.10429635990064 655360
1758817826156 20.10486275941817 660480
1758817838126 20.106356635965575 665600
1758817849454 20.10852364682611 670720
1758817860642 20.111468094600625 675840
1758817871173 20.11201653380573 680960
1758817882556 20.113888807479263 686080
1758817893673 20.114941525571652 691200
1758817904749 20.113774184233325 696320
1758817915186 20.114984376343777 701440
1758817926244 20.11495005265105 706560
1758817937163 20.11298205961294 711680
1758817948471 20.116909351064724 716800
1758817959327 20.117478270559396 721920
1758817970312 20.115841009044892 727040
1758817981169 20.115520887692604 732160
1758817991968 20.117815543249954 737280
1758818003004 20.11702242929895 742400
1758818013754 20.11911424420169 747520
1758818024891 20.12101451212016 752640
1758818036221 20.117870318762108 757760
1758818047372 20.116389423457147 762880
1758818057659 20.11555380989788 768000
1758818068574 20.115492664655083 773120
1758818078568 20.115271317829457 778240
1758818089082 20.116291009909123 783360
1758818099282 20.102895447825865 788480
1758818109671 20.09928090342837 793600
1758818119667 20.088204973473132 798720
1758818129780 20.07540197742934 803840
1758818139867 20.06755449743323 808960
1758818150503 20.062432245984034 814080
1758818160327 20.05072552426163 819200
1758818170746 20.040808886080256 824320
1758818180927 20.028898384877238 829440
1758818190576 20.016737404982855 834560
1758818200821 20.008004002001 839680
1758818211066 19.99179047979559 844800
1758818221185 19.982747273411057 849920
1758818231134 19.975475884619875 855040
1758818241419 19.971611615329262 860160
1758818252207 19.966732801181195 865280
1758818262460 19.961000550256788 870400
1758818272455 19.955042610399673 875520
1758818282820 19.94816341319806 880640
1758818292550 19.948013058651355 885760
1758818302536 19.94065388144203 890880
1758818312784 19.937910168850525 896000
1758818323726 19.933937852482583 901120
1758818335320 19.934133843548636 906240
1758818345686 19.927117717783364 911360
1758818355808 19.92375570528146 916480
1758818366335 19.919355187242044 921600
1758818376987 19.909227596872583 926720
1758818387142 19.90324578261798 931840
1758818397807 19.897898089171974 936960
1758818407728 19.88683705126311 942080
1758818417627 19.87699569915032 947200
1758818427658 19.86691555258932 952320
1758818438011 19.8695174073613 957440
1758818447988 19.871150829687114 962560
1758818458301 19.87351908506663 967680
1758818468662 19.875053618481523 972800
1758818479026 19.876572311068664 977920
1758818489931 19.883900584440536 983040
1758818499769 19.892185078591986 988160
1758818510999 19.899909864797195 993280
1758818521918 19.90698508890838 998400
1758818532396 19.9129468714042 1003520
1758818542690 19.92103704288761 1008640
1758818553461 19.92887185534591 1013760
1758818564166 19.93860541555799 1018880
1758818574507 19.948308435424497 1024000
1758818586196 19.960248206321506 1029120
1758818597718 19.970867601065677 1034240
1758818609707 19.98433294886582 1039360
1758818621875 20.012260066664112 1044480
1758818635254 20.04433666844879 1049600
1758818647245 20.07874450387346 1054720
1758818659842 20.10890844936829 1059840
1758818671557 20.144794326241136 1064960
1758818683532 20.18291533094475 1070080
1758818696200 20.22366812719785 1075200
1758818708455 20.261162263018733 1080320
1758818720534 20.296204898111796 1085440
1758818732996 20.323824252813594 1090560
1758818745357 20.353051521117344 1095680
1758818757127 20.393420760168926 1100800
1758818769667 20.431627168110534 1105920
1758818781918 20.47216183352371 1111040
1758818794822 20.513533378658973 1116160
1758818806839 20.546938551170715 1121280
1758818818915 20.573959094229366 1126400
1758818832416 20.61014788373279 1131520
1758818844783 20.64311525122115 1136640
1758818856240 20.67793571751924 1141760
1758818868406 20.71303719754424 1146880
1758818879902 20.748329701597363 1152000
1758818892920 20.78317320642902 1157120
1758818905171 20.808588715451812 1162240
1758818917468 20.832280626628126 1167360
1758818930080 20.86984765430341 1172480
1758818942083 20.909173220657944 1177600
1758818954059 20.941136898755467 1182720
1758818965637 20.976710925912847 1187840
1758818977433 21.005809654589626 1192960
1758818989086 21.036481101104265 1198080
1758819002087 21.06146630029578 1203200
1758819014234 21.0938018187848 1208320
1758819027466 21.12085138968656 1213440
1758819040450 21.149287660298125 1218560
1758819052400 21.177380560987004 1223680
1758819064577 21.212050604946583 1228800
1758819076847 21.244065345750634 1233920
1758819088218 21.272483820575765 1239040
1758819100718 21.30092949211729 1244160
1758819113270 21.33362928561672 1249280
1758819125557 21.364201420227168 1254400
1758819136857 21.397200706617745 1259520
1758819148644 21.42199752722592 1264640
1758819160427 21.45967319488332 1269760
1758819172380 21.49610560388428 1274880
1758819185214 21.533295207979414 1280000
1758819196817 21.566339458008223 1285120
1758819209310 21.605598901650872 1290240
1758819221444 21.64421165188044 1295360
1758819233691 21.683971858224133 1300480
1758819245916 21.71753846153846 1305600
1758819257545 21.757236274314547 1310720
1758819269136 21.794571139928124 1315840
1758819280764 21.833269983969856 1320960
1758819293098 21.86938526482422 1326080
1758819305654 21.89936837949865 1331200
1758819316922 21.933209708387352 1336320
1758819328512 21.968429670869494 1341440
1758819339692 22.00243432231081 1346560
1758819350773 22.037281559728743 1351680
1758819362012 22.070999853608548 1356800
1758819373724 22.10287698573677 1361920
1758819385018 22.13690090673575 1367040
1758819396488 22.173492963663097 1372160
1758819408163 22.212839036346633 1377280
1758819420261 22.242949305790177 1382400
1758819431730 22.2766032586885 1387520
1758819443382 22.309402530834536 1392640
1758819454785 22.3424005114272 1397760
1758819467211 22.377938690229353 1402880
1758819478487 22.414216817610264 1408000
1758819489310 22.447758823342546 1413120
1758819501285 22.488092973110096 1418240
1758819512487 22.528628853579793 1423360
1758819523654 22.56968624601093 1428480
1758819534901 22.611894398183196 1433600
1758819545637 22.649859899883513 1438720
1758819557049 22.686016370006126 1443840
1758819568828 22.718368370722224 1448960
1758819580959 22.752022153730618 1454080
1758819592737 22.78925587569298 1459200
1758819603890 22.825782017113198 1464320
1758819615228 22.864146246596654 1469440
1758819626322 22.90012267271231 1474560
1758819637424 22.935849349039056 1479680
1758819648620 22.97271081821135 1484800
1758819660317 23.00847732431556 1489920
1758819671465 23.045004777904502 1495040
1758819682553 23.083852604046466 1500160
1758819693710 23.120672707725387 1505280
1758819705038 23.160559320474686 1510400
1758819716117 23.19728484625863 1515520
1758819727121 23.237527695011078 1520640
1758819738745 23.277228628958447 1525760
1758819749744 23.313933302878027 1530880
1758819760834 23.34952651659092 1536000
1758819772335 23.386059143945257 1541120
1758819783500 23.421009586987143 1546240
1758819795561 23.457326015633267 1551360
1758819807717 23.496498113207547 1556480
1758819819354 23.53177736258438 1561600
1758819830953 23.56790049182547 1566720
1758819842492 23.602666506516126 1571840
1758819853948 23.63971701365469 1576960
1758819865393 23.67464200745163 1582080
1758819877752 23.71508605234851 1587200
1758819888691 23.750775563775207 1592320
1758819900174 23.784897570271557 1597440
1758819911810 23.821643554643956 1602560
1758819922412 23.85596854366051 1607680
1758819933893 23.895349698522985 1612800
1758819945003 23.930490852892024 1617920
1758819956447 23.966630738110354 1623040
1758819968066 24.00194575471698 1628160
1758819978999 24.03905928062636 1633280
1758819989824 24.076391848009756 1638400
1758820001597 24.109587232669345 1643520
1758820012803 24.14237392373924 1648640
1758820024335 24.177084551514444 1653760
1758820035354 24.21184437115087 1658880
1758820046517 24.24480965077145 1664000
1758820057382 24.276016520272236 1669120
1758820068053 24.306516468999956 1674240
1758820079155 24.342430610913834 1679360
1758820090092 24.37492222881368 1684480
1758820101249 24.408591899231524 1689600
1758820112276 24.43671150712978 1694720
1758820123931 24.469556956559288 1699840
1758820135109 24.501163926888147 1704960
1758820145982 24.532849437686483 1710080
1758820156906 24.56752073099122 1715200
1758820168008 24.599044936591223 1720320
1758820179307 24.631689386910285 1725440
1758820190299 24.662947287418238 1730560
1758820201505 24.69557794092539 1735680
1758820212253 24.72308850261304 1740800
1758820223281 24.754678462061925 1745920
1758820235013 24.78550704125681 1751040
1758820245549 24.8143940999449 1756160
1758820256190 24.840781847156215 1761280
1758820267308 24.870324224634313 1766400
1758820278260 24.89676929778952 1771520
1758820287912 24.925468191064038 1776640
1758820298819 24.955507317414746 1781760
1758820309828 24.985137855824618 1786880
1758820320839 25.012979943893146 1792000
1758820331259 25.042050996237982 1797120
1758820342510 25.070951678860546 1802240
1758820353635 25.099647290804565 1807360
1758820364722 25.128994246898177 1812480
1758820375762 25.153318204461172 1817600
1758820386846 25.17879440853086 1822720
1758820397802 25.202693946203798 1827840
1758820409095 25.227217680896153 1832960
1758820421029 25.252057203302517 1838080
1758820432569 25.27788367915084 1843200
1758820443030 25.30554300655742 1848320
1758820454401 25.3341716097641 1853440
1758820465426 25.361176679264847 1858560
1758820477030 25.389737232839764 1863680
1758820487918 25.41671653157809 1868800
1758820498882 25.436073183311166 1873920
1758820510189 25.460493158108658 1879040
1758820521401 25.480020554150723 1884160
1758820532325 25.503293558663138 1889280
1758820543559 25.528073839520314 1894400
1758820554255 25.552512643925535 1899520
1758820565809 25.576866783935117 1904640
1758820577238 25.598579278917036 1909760
1758820587867 25.622723806210782 1914880
1758820598975 25.649786944151316 1920000
1758820610660 25.673800856102734 1925120
1758820621477 25.69416493637864 1930240
1758820632742 25.71650457057823 1935360
1758820643644 25.740218054487094 1940480
1758820654658 25.76662914652718 1945600
1758820666248 25.793719838699015 1950720
1758820677009 25.819376979936642 1955840
1758820689067 25.845359058501035 1960960
1758820700129 25.870935908738044 1966080
1758820710461 25.896316632950633 1971200
1758820721449 25.925182649300226 1976320
1758820732414 25.950419067574646 1981440
1758820743566 25.97876485740811 1986560
1758820754965 26.003994934527462 1991680
1758820765860 26.032159664194182 1996800
1758820777058 26.05511452368558 2001920
1758820788462 26.081029106029106 2007040
1758820799500 26.10454421627512 2012160
1758820810229 26.1322651260994 2017280
1758820821187 26.153175752560255 2022400
1758820832030 26.17367789237263 2027520
1758820843088 26.193794454179983 2032640
1758820853089 26.217728032934517 2037760
1758820863428 26.24295439948619 2042880
1758820874365 26.27031013518713 2048000
1758820885472 26.292702290858337 2053120
1758820898050 26.318633969211884 2058240
1758820909239 26.342550393831463 2063360
1758820920740 26.365388291974153 2068480
1758820931778 26.390913718503437 2073600
1758820943111 26.41616580047524 2078720
1758820953563 26.440532379212343 2083840
1758820964170 26.467940352966515 2088960
1758820975312 26.488641825402848 2094080
1758820985851 26.5103865435856 2099200
1758820996687 26.534105809965705 2104320
1758821007155 26.561967237884186 2109440
1758821018013 26.58989576391596 2114560
1758821028842 26.613252316267857 2119680
1758821039202 26.637388121443077 2124800
1758821049961 26.660763232662053 2129920
1758821060888 26.685246516278198 2135040
1758821071338 26.71162390175719 2140160
1758821081991 26.737911266201397 2145280
1758821092862 26.760579854414235 2150400
1758821104311 26.785067282961197 2155520
1758821114652 26.807453724380924 2160640
1758821125027 26.832914183773337 2165760
1758821135490 26.85662506030654 2170880
1758821145433 26.87915318297473 2176000
1758821157669 26.900621577623205 2181120
1758821168041 26.92791428043599 2186240
1758821179020 26.95348551188075 2191360
1758821189868 26.97627322632542 2196480
1758821201354 26.9982588010251 2201600
1758821212474 27.021966719318222 2206720
1758821223765 27.04505385678131 2211840
1758821234493 27.068543660871264 2216960
1758821246153 27.092254611511404 2222080
1758821257233 27.11522167847491 2227200
1758821268425 27.13693051976467 2232320
1758821279144 27.16040930774553 2237440
1758821290608 27.184290909090908 2242560
1758821301349 27.205799767621997 2247680
1758821312122 27.228955415090464 2252800
1758821323386 27.24707088989442 2257920
1758821334248 27.268154270636288 2263040
1758821344960 27.287620147485175 2268160
1758821355683 27.30886398308648 2273280
1758821366165 27.333085421589914 2278400
1758821376723 27.357112053475166 2283520
1758821388024 27.377618028061192 2288640
1758821398865 27.39622123227956 2293760
1758821409674 27.418327310889293 2298880
1758821419713 27.439403141485954 2304000
1758821430693 27.461481745748603 2309120
1758821441100 27.48314393264698 2314240
1758821451609 27.504814305364512 2319360
1758821462371 27.525279435445675 2324480
1758821473079 27.545335240775113 2329600
1758821483505 27.56564857557762 2334720
1758821495209 27.587328908432855 2339840
1758821505338 27.60833990652335 2344960
1758821515375 27.62805050077585 2350080
1758821525151 27.647517988567134 2355200
1758821535305 27.669214178544635 2360320
1758821545962 27.69091292184153 2365440
1758821556181 27.712731013361076 2370560
1758821567035 27.7329776926938 2375680
1758821577405 27.755015445590722 2380800
1758821587666 27.778671633971708 2385920
1758821597987 27.80218821942655 2391040
1758821607823 27.823394175839486 2396160
1758821618093 27.84602272727273 2401280
1758821628575 27.863863191654413 2406400
1758821638929 27.88267258622085 2411520
1758821649363 27.902522657738267 2416640
1758821659714 27.920304808457168 2421760
1758821669605 27.93665757335083 2426880
1758821679991 27.95714794763038 2432000
1758821690897 27.9781091443396 2437120
1758821701315 27.998991184326673 2442240
1758821711328 28.0211343392943 2447360
1758821721431 28.042763872531644 2452480
1758821731793 28.06472240619362 2457600
1758821741910 28.083881635212954 2462720
1758821753602 28.10446843399836 2467840
1758821765067 28.124304900098934 2472960
1758821775923 28.144228039293623 2478080
1758821787067 28.1646100802976 2483200
1758821797851 28.18541883749377 2488320
1758821808948 28.20359667477238 2493440
1758821820739 28.22233015191732 2498560
1758821831680 28.239601191013264 2503680
1758821842654 28.257689578664024 2508800
1758821853437 28.275494022246466 2513920
1758821864607 28.2919474393531 2519040
1758821876002 28.311014658546707 2524160
1758821886899 28.328954294481964 2529280
1758821898018 28.348600765049326 2534400
1758821909454 28.368877271762564 2539520
1758821922638 28.388326770116354 2544640
1758821935662 28.40483006761649 2549760
1758821948076 28.42293145259973 2554880
1758821959870 28.43842266037212 2560000
1758821971166 28.45355930699439 2565120
1758821982242 28.4706429639475 2570240
1758821993902 28.488380324532393 2575360
1758822004599 28.503087067451595 2580480
1758822016548 28.51617278913065 2585600
1758822028100 28.535171866911902 2590720
1758822039690 28.553168789458635 2595840
1758822051314 28.572266526066038 2600960
1758822062925 28.591976216073896 2606080
1758822074091 28.61063633973179 2611200
1758822085615 28.627182808875663 2616320
1758822098152 28.64435873341929 2621440
1758822110127 28.659421950181663 2626560
1758822121618 28.674663877448737 2631680
1758822132978 28.69392063198442 2636800
1758822145479 28.710640702425454 2641920
1758822157226 28.726825827455237 2647040
1758822168388 28.742866741078686 2652160
1758822179736 28.75928010216229 2657280
1758822191314 28.776641736198176 2662400
1758822202855 28.79631908462867 2667520
1758822213806 28.811605294929286 2672640
1758822225271 28.83008386534176 2677760
1758822236503 28.849856986171744 2682880
1758822248215 28.866595792661318 2688000
1758822260279 28.884504836876086 2693120
1758822271796 28.90229638832955 2698240
1758822282713 28.92000770185272 2703360
1758822294280 28.935370152761458 2708480
1758822305427 28.949957862621478 2713600
1758822317153 28.969665650904595 2718720
1758822328306 28.984018216254178 2723840
1758822339397 28.999819354564487 2728960
1758822351055 29.01803130803927 2734080
1758822362743 29.03577258177347 2739200
1758822373742 29.052303979167327 2744320
1758822383928 29.0697566236018 2749440
1758822394479 29.08959006526009 2754560
1758822404764 29.10952893276797 2759680
1758822415532 29.125944106772288 2764800
1758822426156 29.143491388833365 2769920
1758822437780 29.160588006598786 2775040
1758822448348 29.176772446795113 2780160
1758822459057 29.195142914041945 2785280
1758822469254 29.214729899497488 2790400
1758822479998 29.228470762893497 2795520
1758822490607 29.242803595852866 2800640
1758822501126 29.2610436741334 2805760
1758822511671 29.28078874178394 2810880
1758822522033 29.299541184181777 2816000
1758822532476 29.31776283656694 2821120
1758822544067 29.335582172586303 2826240
1758822556463 29.353641848603594 2831360
1758822569249 29.372059310801856 2836480
1758822580959 29.3866517755579 2841600
1758822591824 29.402441543418988 2846720
1758822602820 29.418592176926886 2851840
1758822614631 29.434534908877374 2856960
1758822625633 29.452933670844395 2862080
1758822636990 29.46883864337102 2867200
1758822648236 29.487835174311172 2872320
1758822659604 29.504670501502147 2877440
1758822670724 29.523335484069193 2882560
1758822682182 29.542291560102303 2887680
1758822693088 29.55894103342223 2892800
1758822704624 29.576623191068112 2897920
1758822716267 29.58999551551225 2903040
1758822728046 29.60628518492126 2908160
1758822739963 29.624187824743 2913280
1758822751923 29.639598651338506 2918400
1758822763109 29.65506993538964 2923520
1758822774255 29.669364642003323 2928640
1758822785338 29.68613404565323 2933760
1758822795363 29.701113648766093 2938880
1758822806015 29.71536854429294 2944000
1758822816383 29.732536922223904 2949120
1758822828077 29.74689381582392 2954240
1758822838821 29.761368435872168 2959360
1758822849652 29.77567643573107 2964480
1758822860097 29.79133479124451 2969600
1758822870950 29.806107726835524 2974720
1758822881524 29.82279709782337 2979840
1758822892479 29.83776300664701 2984960
1758822903413 29.85380829248325 2990080
1758822913986 29.871462193589565 2995200
1758822924947 29.886549264910954 3000320
1758822935627 29.903037418045425 3005440
1758822945897 29.919040852222476 3010560
1758822956933 29.938333250608032 3015680
1758822967626 29.955892706628987 3020800
1758822978259 29.97233585245788 3025920
1758822989209 29.989245503294615 3031040
1758822999848 30.004733482222267 3036160
1758823010529 30.02176552459356 3041280
1758823020967 30.037534754402223 3046400
1758823031908 30.05265697628614 3051520
1758823042195 30.064656359416183 3056640
1758823052812 30.080310829927697 3061760
1758823063814 30.09320237838262 3066880
1758823074423 30.108813469623765 3072000
1758823084910 30.121176528165222 3077120
1758823095775 30.137152913570592 3082240
1758823106257 30.14817744187636 3087360
1758823117097 30.16085430076068 3092480
1758823127977 30.17572911999065 3097600
1758823138511 30.189647791399103 3102720
1758823149300 30.205629094019088 3107840
1758823160035 30.220772538855073 3112960
1758823170436 30.234520138848488 3118080
1758823181782 30.251641710090464 3123200
1758823192160 30.26561154698217 3128320
1758823202998 30.280579015519006 3133440
1758823213471 30.296891891891892 3138560
1758823224422 30.31216313937232 3143680
1758823234951 30.3265019165206 3148800
1758823245753 30.342000711860166 3153920
1758823256359 30.355269858656904 3159040
1758823266786 30.37180262412777 3164160
1758823277576 30.38720625880864 3169280
1758823288643 30.39769996074038 3174400
1758823298855 30.410162488882087 3179520
1758823309448 30.425740871658675 3184640
1758823320331 30.441953677459992 3189760
1758823330978 30.456731869137496 3194880
1758823341579 30.472523496195855 3200000
1758823351796 30.48572868814259 3205120
1758823362919 30.498978748468122 3210240
1758823373423 30.509962805526037 3215360
1758823383731 30.52363171113112 3220480
1758823394869 30.535853236020788 3225600
1758823404930 30.54957024934048 3230720
1758823415555 30.56147293264327 3235840
1758823426230 30.573423011253762 3240960
1758823437681 30.587172214945962 3246080
1758823448001 30.60340543287965 3251200
1758823458463 30.618376020158713 3256320
1758823469020 30.63204853675946 3261440
1758823479408 30.64588395328111 3266560
1758823490308 30.656228918371937 3271680
1758823501187 30.66851350971932 3276800
1758823511557 30.68065734370326 3281920
1758823522146 30.694124897288415 3287040
1758823532634 30.704642530729487 3292160
1758823543670 30.719808833530525 3297280
1758823554461 30.73196605374823 3302400
1758823565237 30.745106240588925 3307520
1758823575998 30.75781068659765 3312640
1758823586504 30.76823353765405 3317760
1758823597018 30.778432298757952 3322880
1758823607681 30.79074113478458 3328000
1758823618304 30.801284420624654 3333120
1758823628866 30.815069504698258 3338240
1758823639524 30.827722918337805 3343360
1758823649993 30.83932403186444 3348480
1758823660528 30.852121357079778 3353600
1758823671600 30.866349325957305 3358720
1758823682370 30.879912242855962 3363840
1758823692622 30.895824736122957 3368960
1758823703454 30.908427223596227 3374080
1758823714260 30.921282105243893 3379200
1758823725209 30.93505899988118 3384320
1758823735653 30.948139220627443 3389440
1758823746375 30.960363712641477 3394560
1758823757328 30.97418073485601 3399680
1758823767134 30.986022004422725 3404800
1758823777755 30.99810017271157 3409920
1758823788862 31.00987006383307 3415040
1758823799065 31.02384623757347 3420160
1758823809572 31.03773875539125 3425280
1758823820485 31.048999466019858 3430400
1758823830892 31.061785765948212 3435520
1758823841604 31.074524962069216 3440640
1758823852366 31.088214066616146 3445760
1758823862727 31.10164114672987 3450880
1758823873382 31.115181360677727 3456000
1758823884043 31.12626571464542 3461120
1758823894418 31.136098660750374 3466240
1758823905504 31.14697279643985 3471360
1758823916064 31.158010772443337 3476480
1758823926907 31.169446309475852 3481600
1758823937500 31.180650815083744 3486720
1758823948285 31.19247878517195 3491840
1758823958895 31.204457848525948 3496960
1758823969677 31.21603650819117 3502080
1758823980211 31.229489805004008 3507200
1758823990851 31.242853076690444 3512320
1758824001415 31.25847758859702 3517440
1758824011540 31.273146134247135 3522560
1758824022289 31.283650648671177 3527680
1758824033478 31.295810080609442 3532800
1758824043701 31.306740757782222 3537920
1758824054714 31.317076188792647 3543040
1758824065363 31.32710032842462 3548160
1758824076611 31.33959518454822 3553280
1758824087453 31.35200521567522 3558400
1758824097845 31.36436284907105 3563520
1758824108569 31.375406607704885 3568640
1758824119497 31.388837168452486 3573760
1758824130131 31.402328601259935 3578880
1758824140252 31.4148757143358 3584000
1758824150731 31.427370633044394 3589120
1758824161926 31.44200876494721 3594240
1758824172772 31.455205620707133 3599360
1758824183466 31.46622612521387 3604480
1758824193784 31.479083639281075 3609600
1758824204709 31.49074848421493 3614720
1758824215429 31.504081597131567 3619840
1758824225791 31.52050256499435 3624960
1758824236860 31.534998870723953 3630080
1758824247731 31.548854888960243 3635200
1758824258463 31.560964402753456 3640320
1758824269197 31.57369027307449 3645440
1758824279826 31.58744895133938 3650560
1758824290764 31.59996542484225 3655680
1758824301212 31.61144786377923 3660800
1758824311552 31.623752469183724 3665920
1758824322085 31.634659795946504 3671040
1758824332492 31.648241249289786 3676160
1758824343293 31.65992724520773 3681280
1758824354219 31.67358581345797 3686400
1758824365057 31.684996523993032 3691520
1758824375774 31.69577220855161 3696640
1758824386912 31.70827159119136 3701760
1758824397412 31.720534629404618 3706880
1758824407523 31.73053482746536 3712000
1758824418210 31.74298718266201 3717120
1758824429184 31.755538683341722 3722240
1758824440007 31.76913374015614 3727360
1758824450442 31.78290560446859 3732480
1758824460975 31.795445652358836 3737600
1758824471819 31.80678303137428 3742720
1758824482813 31.819652089753713 3747840
1758824493927 31.829222993028818 3752960
1758824504393 31.841242406527208 3758080
1758824514815 31.854581774474784 3763200
1758824525598 31.867076511974023 3768320
1758824536108 31.879069728149762 3773440
1758824546963 31.891297008979812 3778560
1758824557309 31.902981299428358 3783680
1758824567767 31.914859924866494 3788800
1758824578467 31.924909966005856 3793920
1758824589138 31.93388360286454 3799040
1758824599347 31.945293475522714 3804160
1758824610766 31.956948475747865 3809280
1758824620870 31.969627382289346 3814400
1758824631979 31.982784894917526 3819520
1758824642873 31.99426157513907 3824640
1758824652887 32.00492199186075 3829760
1758824663610 32.01635430145678 3834880
1758824674508 32.028515905186076 3840000
1758824684835 32.03893550187887 3845120
1758824695636 32.05147628045583 3850240
1758824706097 32.06332798323451 3855360
1758824716966 32.07726438061369 3860480
1758824727551 32.088168401480814 3865600
1758824738185 32.100524098583605 3870720
1758824748440 32.11321739562707 3875840
1758824759252 32.12645685716178 3880960
1758824769675 32.13871981475356 3886080
1758824780227 32.15108977642646 3891200
1758824791767 32.163718457741425 3896320
1758824801793 32.17472621717905 3901440
1758824812578 32.185898597768954 3906560
1758824823079 32.19816616458426 3911680
1758824833945 32.20829016396139 3916800
1758824844562 32.21840241838763 3921920
1758824855276 32.22653493295695 3927040
1758824866019 32.2371516875579 3932160
1758824876362 32.24786037788388 3937280
1758824887399 32.260195398160576 3942400
1758824898047 32.27183918382028 3947520
1758824909057 32.28304830041979 3952640
1758824919310 32.29476561543797 3957760
1758824930052 32.30638547636322 3962880
1758824940463 32.31929172978872 3968000
1758824951224 32.33158113155346 3973120
1758824961977 32.34419765532268 3978240
1758824972952 32.35429086597034 3983360
1758824983159 32.36479742942689 3988480
1758824993548 32.375874508532284 3993600
1758825004621 32.38452879390351 3998720
1758825014982 32.39631053036126 4003840
1758825025872 32.408177452993385 4008960
1758825036697 32.41857460125177 4014080
1758825047725 32.428487288511654 4019200
1758825057709 32.43650461022632 4024320
1758825068878 32.44498301099857 4029440
1758825079002 32.45183344191621 4034560
1758825089811 32.45834069836577 4039680
1758825100728 32.4686391292482 4044800
1758825111128 32.47739064191492 4049920
1758825122156 32.484115159088724 4055040
1758825132850 32.49305772293312 4060160
1758825143360 32.500875390728055 4065280
1758825154106 32.5107382175118 4070400
1758825165082 32.521692294188526 4075520
1758825175498 32.532641883973625 4080640
1758825186256 32.54208778343249 4085760
1758825196685 32.552639745374975 4090880
1758825206825 32.56278171281391 4096000
1758825218201 32.57274127962386 4101120
1758825229024 32.582347480421795 4106240
1758825239168 32.59386098427194 4111360
1758825250319 32.60314732390351 4116480
1758825261012 32.61446431397373 4121600
1758825271599 32.623459473987936 4126720
1758825282557 32.63390092879257 4131840
1758825292668 32.645784672684805 4136960
1758825303771 32.65699058671418 4142080
1758825314500 32.66836280571856 4147200
1758825325391 32.6771302212849 4152320
1758825335627 32.68783659478116 4157440
1758825346371 32.69701206484856 4162560
1758825357058 32.70298327108377 4167680
1758825367985 32.71218594442049 4172800
1758825378337 32.72270171206591 4177920
1758825389594 32.73279342723005 4183040
1758825400824 32.74342717315675 4188160
1758825411043 32.7531417681379 4193280
1758825421226 32.762026640031834 4198400
1758825432551 32.77243137468913 4203520
1758825442835 32.78278445912263 4208640
1758825453547 32.792834297009364 4213760
1758825463626 32.802942068311346 4218880
1758825474831 32.81356129693787 4224000
1758825485413 32.822628711565024 4229120
1758825495772 32.83187309070045 4234240
1758825507078 32.84194625413475 4239360
1758825517590 32.851607909910605 4244480
1758825529695 32.861696204880765 4249600
1758825540552 32.87123289787783 4254720
1758825551021 32.88056406733612 4259840
1758825561955 32.891165538195786 4264960
1758825572046 32.90074118589744 4270080
1758825582762 32.910913877513316 4275200
1758825593564 32.92205814490078 4280320
1758825604436 32.931885071426926 4285440
1758825614865 32.94211176881559 4290560
1758825625073 32.952264794998655 4295680
1758825635866 32.96377850162867 4300800
1758825646696 32.97290116083188 4305920
1758825657091 32.98241157974463 4311040
1758825667818 32.99218069250172 4316160
1758825678863 33.003322106903106 4321280
1758825689395 33.014627892957705 4326400
1758825699542 33.0225810386363 4331520
1758825710525 33.03238632035951 4336640
1758825721283 33.04167966698882 4341760
1758825731844 33.0518776469157 4346880
1758825742757 33.063343741215974 4352000
1758825753231 33.07236487563473 4357120
1758825763908 33.08169533169533 4362240
1758825774723 33.09150351557764 4367360
1758825785269 33.09922335094545 4372480
1758825796464 33.107018074567044 4377600
1758825806847 33.11519281914894 4382720
1758825817482 33.12382994142158 4387840
1758825828143 33.134427985277256 4392960
1758825839083 33.14505870472803 4398080
1758825849568 33.153731478135164 4403200
1758825860491 33.16298436054253 4408320
1758825870836 33.17264316154199 4413440
1758825881262 33.18106044108703 4418560
1758825892710 33.19117360183671 4423680
1758825902891 33.20259086002159 4428800
1758825913120 33.211364027893254 4433920
1758825924107 33.22193784004251 4439040
1758825934567 33.23190117991894 4444160
1758825945409 33.243309475068365 4449280
1758825956374 33.250992774393886 4454400
1758825967188 33.26233237369293 4459520
1758825977514 33.27082774449313 4464640
1758825988485 33.280639709331325 4469760
1758825998765 33.28762914971325 4474880
1758826009857 33.29613692440322 4480000
1758826020387 33.301822771652375 4485120
1758826030803 33.30907944514502 4490240
1758826041879 33.317969583778016 4495360
1758826052876 33.326138307404086 4500480
1758826062907 33.33625824017283 4505600
1758826073530 33.345345811526066 4510720
1758826084431 33.35538337678837 4515840
1758826095044 33.36437701095138 4520960
1758826105587 33.37362856131658 4526080
1758826116140 33.38146524733876 4531200
1758826126614 33.39094495723476 4536320
1758826137474 33.399252825803984 4541440
1758826147794 33.40807359402783 4546560
1758826158093 33.41540155630597 4551680
1758826169411 33.42317424692499 4556800
1758826179857 33.431957085696695 4561920
1758826190609 33.441090975654404 4567040
1758826201251 33.45035152277765 4572160
1758826211540 33.46001578901202 4577280
1758826222301 33.46759563559879 4582400
1758826233325 33.4775095595318 4587520
1758826243986 33.488534033322395 4592640
1758826255026 33.49589124923507 4597760
1758826265341 33.502485534408095 4602880
1758826275950 33.51051173343611 4608000
1758826286407 33.51795691502888 4613120
1758826297021 33.52538890945651 4618240
1758826307683 33.53233924660217 4623360
1758826318008 33.54000275356333 4628480
1758826329019 33.548449921084256 4633600
1758826339610 33.55713334973017 4638720
1758826350185 33.565954002052706 4643840
1758826360824 33.57273666043227 4648960
1758826371244 33.583072371743995 4654080
1758826382208 33.59104311904779 4659200
1758826392626 33.598256860909025 4664320
1758826403465 33.6070660035841 4669440
1758826414073 33.61528228213112 4674560
1758826424445 33.62377859524083 4679680
1758826435494 33.63328188377185 4684800
1758826445951 33.64219722835911 4689920
1758826456264 33.651376804323206 4695040
1758826466758 33.66196144150338 4700160
1758826477888 33.67173545912526 4705280
1758826488399 33.68174895427407 4710400
1758826499355 33.68868901763836 4715520
1758826510042 33.69446922709072 4720640
1758826521131 33.70172223212694 4725760
1758826531181 33.711110794422154 4730880
1758826541985 33.720582686023086 4736000
1758826552547 33.73070438166516 4741120
1758826562968 33.739378300954655 4746240
1758826573824 33.74643115864831 4751360
1758826584720 33.75453448765257 4756480
1758826596139 33.7625462641274 4761600
1758826606752 33.77037299422621 4766720
1758826616817 33.77895124299224 4771840
1758826627882 33.786738807553576 4776960
1758826638337 33.79606936906377 4782080
1758826649002 33.802756536536116 4787200
1758826659417 33.810940851111866 4792320
1758826669703 33.82043184333519 4797440
1758826680274 33.829602445621546 4802560
1758826691363 33.83975590700817 4807680
1758826701285 33.850215214088784 4812800
1758826712335 33.85616010006254 4817920
1758826723086 33.86270737820589 4823040
1758826733864 33.870224616636506 4828160
1758826744191 33.8786693582303 4833280
1758826755241 33.88637700647113 4838400
1758826765720 33.894091961905296 4843520
1758826776263 33.902791178979456 4848640
1758826786770 33.91148216718483 4853760
1758826796723 33.92138533820152 4858880
1758826808348 33.92924205856503 4864000
1758826818948 33.93891491022639 4869120
1758826829443 33.947967740138175 4874240
1758826839879 33.95676349009729 4879360
1758826850278 33.964378341920636 4884480
1758826860790 33.97425778345967 4889600
1758826871401 33.982248233154216 4894720
1758826882637 33.99218880071036 4899840
1758826893243 34.00024260572411 4904960
1758826903619 34.00795789036257 4910080
1758826914285 34.01899798600586 4915200
1758826924675 34.02815333227294 4920320
1758826935112 34.0356831907572 4925440
1758826946170 34.04336629014886 4930560
1758826957441 34.050601212773444 4935680
1758826967982 34.05914345389499 4940800
1758826978416 34.068894736117045 4945920
1758826988619 34.07765740715249 4951040
1758826999437 34.086061881477505 4956160
1758827009518 34.09501099505223 4961280
1758827020835 34.104753926126335 4966400
1758827031605 34.112147929603076 4971520
1758827041814 34.12132431079756 4976640
1758827052661 34.129643965499525 4981760
1758827063463 34.1389229263217 4986880
1758827074478 34.146030834051516 4992000
1758827084980 34.1530013190358 4997120
1758827090688 34.15818309753315 5000192
