1758816359563 10.464150943396227 5120
1758816369768 10.619417386842006 10240
1758816380612 10.567701579065558 15360
1758816390836 10.511488638572322 20480
1758816401801 10.51164592126882 25600
1758816412684 10.509355350719652 30720
1758816424611 10.544846754153792 35840
1758816437135 10.529457125763727 40960
1758816449780 10.542209141784245 46080
1758816462426 10.494372830178754 51200
1758816473866 10.504641069762036 56320
1758816485064 10.527488552135699 61440
1758816496485 10.567092666052337 66560
1758816507941 10.582658413501134 71680
1758816519307 10.541547224278808 76800
1758816530824 10.49890158506379 81920
1758816543301 10.5262703543615 87040
1758816555240 10.529697177825623 92160
1758816566904 10.550041134314247 97280
1758816578109 10.537366960808235 102400
1758816589032 10.525438710412844 107520
1758816600202 10.522625996385605 112640
1758816611277 10.562347207878354 117760
1758816622593 10.556722180596713 122880
1758816634469 10.56339920396016 128000
1758816645768 10.565884699341686 133120
1758816656854 10.595893843229426 138240
1758816668625 10.554575108546837 143360
1758816680037 10.565266834905994 148480
1758816691067 10.55492741259823 153600
1758816702242 10.535775960788138 158720
1758816713698 10.522972262101382 163840
1758816724692 10.515281027569623 168960
1758816736069 10.50442081487051 174080
1758816747393 10.5199626010072 179200
1758816758992 10.533258830054079 184320
1758816770453 10.51270627080541 189440
1758816781769 10.507794700179886 194560
1758816793194 10.509786601420247 199680
1758816804788 10.51795231052301 204800
1758816816100 10.524651091906609 209920
1758816826836 10.526478964479388 215040
1758816838122 10.521248040743615 220160
1758816849171 10.504810495260866 225280
1758816860159 10.502915627606283 230400
1758816871066 10.49818587274667 235520
1758816882156 10.505877217085347 240640
1758816893777 10.501200259419644 245760
1758816904892 10.50360047854498 250880
1758816916266 10.520242620186673 256000
1758816927792 10.50950854545723 261120
1758816938892 10.516260408882033 266240
1758816950447 10.505744725622455 271360
1758816962382 10.507055415663608 276480
1758816974165 10.516799817867575 281600
1758816986384 10.515171107985118 286720
1758816998716 10.512932561770906 291840
1758817010319 10.517792235435955 296960
1758817022364 10.531723274219283 302080
1758817035073 10.537193861299027 307200
1758817046662 10.523585056112761 312320
1758817058653 10.528692278089713 317440
1758817070662 10.530117926783005 322560
1758817082325 10.520888222393468 327680
1758817094150 10.52302228955255 332800
1758817106250 10.519563182916349 337920
1758817118163 10.521228851536547 343040
1758817130026 10.515669751391663 348160
1758817141460 10.510916088311028 353280
1758817153456 10.512759007700236 358400
1758817165290 10.509728004730515 363520
1758817177104 10.516288795988798 368640
1758817188836 10.506395388041625 373760
1758817201547 10.49914735085485 378880
1758817213139 10.50038790664158 384000
1758817224767 10.495697536307993 389120
1758817237129 10.494152214696864 394240
1758817249054 10.505412942370528 399360
1758817261061 10.502992841953564 404480
1758817272662 10.51048302643436 409600
1758817284226 10.521232989407325 414720
1758817295811 10.522171383464554 419840
1758817306914 10.514047768067746 424960
1758817317954 10.503370802920003 430080
1758817329437 10.501400053586416 435200
1758817341081 10.507633418226801 440320
1758817352860 10.512531699365386 445440
1758817364253 10.512376994598652 450560
1758817375681 10.508642930690664 455680
1758817386762 10.507446910987861 460800
1758817398077 10.50568699166577 465920
1758817409680 10.503411316331793 471040
1758817421087 10.499145841190236 476160
1758817432132 10.501644706447513 481280
1758817443322 10.497842638439428 486400
1758817454538 10.495056331576544 491520
1758817465507 10.497314603658479 496640
1758817476668 10.497088319104694 501760
1758817488401 10.49783677744515 506880
1758817499234 10.493938512643858 512000
1758817510148 10.502755065953536 517120
1758817521392 10.503587454430152 522240
1758817532073 10.495824551123578 527360
1758817542764 10.48721911061601 532480
1758817554008 10.486182701251712 537600
1758817565212 10.495896530998763 542720
1758817576475 10.487633668027536 547840
1758817588529 10.48216075932565 552960
1758817599394 10.487221211501879 558080
1758817610382 10.487128892264048 563200
1758817622711 10.485079853525594 568320
1758817634054 10.484439566298006 573440
1758817645209 10.482333005352396 578560
1758817656139 10.485178824546464 583680
1758817667306 10.48729603836198 588800
1758817679109 10.489380664953838 593920
1758817690575 10.493303322107568 599040
1758817701802 10.489976448768717 604160
1758817713330 10.48745363858927 609280
1758817724441 10.485521058734674 614400
1758817735281 10.488410260433598 619520
1758817747224 10.490591176686308 624640
1758817758370 10.495054196672372 629760
1758817769820 10.49882349348515 634880
1758817781538 10.4956882081935 640000
1758817792843 10.495153570963884 645120
1758817804104 10.496512811772 650240
1758817815059 10.49716330915502 655360
1758817826156 10.496563862161043 660480
1758817838126 10.499536914874398 665600
1758817849454 10.50351899809055 670720
1758817860642 10.506715699127348 675840
1758817871173 10.504659921889957 680960
1758817882556 10.50636210952651 686080
1758817893673 10.506741961821382 691200
1758817904749 10.501412498458699 696320
1758817915186 10.503471073452133 701440
1758817926244 10.499781752350586 706560
1758817937163 10.496880390152686 711680
1758817948471 10.501526660296838 716800
1758817959327 10.50515836688493 721920
1758817970312 10.503814752028104 727040
1758817981169 10.505131462051278 732160
1758817991968 10.5050919201166 737280
1758818003004 10.506970726742312 742400
1758818013754 10.508076323892215 747520
1758818024891 10.506523272506723 752640
1758818036221 10.500258724397828 757760
1758818047372 10.503677483108806 762880
1758818057659 10.509934920945009 768000
1758818068574 10.507088178551887 773120
1758818078568 10.510962478578552 778240
1758818089082 10.506952591302758 783360
1758818099282 10.4502854133689 788480
1758818109671 10.401636904014143 793600
1758818119667 10.344897401284598 798720
1758818129780 10.286034351924815 803840
1758818139867 10.234812171131102 808960
1758818150503 10.186333755877284 814080
1758818160327 10.131073509654746 819200
1758818170746 10.080783229899552 824320
1758818180927 10.029312773957999 829440
1758818190576 9.976574372402544 834560
1758818200821 9.927207596978628 839680
1758818211066 9.870532420891578 844800
1758818221185 9.823206508493639 849920
1758818231134 9.777381315145567 855040
1758818241419 9.736121050873905 860160
1758818252207 9.694087443362527 865280
1758818262460 9.653590371655962 870400
1758818272455 9.610591402659251 875520
1758818282820 9.56931354698914 880640
1758818292550 9.531006737505814 885760
1758818302536 9.490038062266649 890880
1758818312784 9.45434652994436 896000
1758818323726 9.418371429383248 901120
1758818335320 9.385091541173715 906240
1758818345686 9.346239970209611 911360
1758818355808 9.310542941922547 916480
1758818366335 9.272898288328207 921600
1758818376987 9.232410016645936 926720
1758818387142 9.192132835985884 931840
1758818397807 9.15524587474811 936960
1758818407728 9.115046479638949 942080
1758818417627 9.076359257142341 947200
1758818427658 9.03865721099585 952320
1758818438011 9.04517816705295 957440
1758818447988 9.052306006908967 962560
1758818458301 9.05929985107187 967680
1758818468662 9.064263822532867 972800
1758818479026 9.069882694371785 977920
1758818489931 9.079652718257204 983040
1758818499769 9.092198776820197 988160
1758818510999 9.105665110142516 993280
1758818521918 9.121278818106502 998400
1758818532396 9.137058696472298 1003520
1758818542690 9.151998867822686 1008640
1758818553461 9.166520846344577 1013760
1758818564166 9.178544125178737 1018880
1758818574507 9.192556219594293 1024000
1758818586196 9.207669135367013 1029120
1758818597718 9.219434095826442 1034240
1758818609707 9.235867563228064 1039360
1758818621875 9.254777862438228 1044480
1758818635254 9.271253353683722 1049600
1758818647245 9.291586513107408 1054720
1758818659842 9.311762478575295 1059840
1758818671557 9.332335646252824 1064960
1758818683532 9.354275830579258 1070080
1758818696200 9.372968212269686 1075200
1758818708455 9.39361856649761 1080320
1758818720534 9.415451435700469 1085440
1758818732996 9.435597823190735 1090560
1758818745357 9.452301746717309 1095680
1758818757127 9.470195487423139 1100800
1758818769667 9.48733763051605 1105920
1758818781918 9.503944151064788 1111040
1758818794822 9.520482239712077 1116160
1758818806839 9.535750442114516 1121280
1758818818915 9.55169066164161 1126400
1758818832416 9.571803391700563 1131520
1758818844783 9.586167504616828 1136640
1758818856240 9.604454455606643 1141760
1758818868406 9.623239388062059 1146880
1758818879902 9.639971858143976 1152000
1758818892920 9.660683558994878 1157120
1758818905171 9.676309083609361 1162240
1758818917468 9.6915137680968 1167360
1758818930080 9.708401508774122 1172480
1758818942083 9.72540103280843 1177600
1758818954059 9.744236089277186 1182720
1758818965637 9.76179015662965 1187840
1758818977433 9.780918758333806 1192960
1758818989086 9.795646681749336 1198080
1758819002087 9.811415206243309 1203200
1758819014234 9.827945587249724 1208320
1758819027466 9.838927130081816 1213440
1758819040450 9.854962326120933 1218560
1758819052400 9.872452699682839 1223680
1758819064577 9.889658329749754 1228800
1758819076847 9.906300700063193 1233920
1758819088218 9.91833892324203 1239040
1758819100718 9.93394267782088 1244160
1758819113270 9.948265218133077 1249280
1758819125557 9.96389825614526 1254400
1758819136857 9.980400937073158 1259520
1758819148644 9.992077761895873 1264640
1758819160427 10.008132061974992 1269760
1758819172380 10.020371074038705 1274880
1758819185214 10.037985141669552 1280000
1758819196817 10.054125021019882 1285120
1758819209310 10.068572826368413 1290240
1758819221444 10.083915269538366 1295360
1758819233691 10.101390094156244 1300480
1758819245916 10.11570335074522 1305600
1758819257545 10.129551671177776 1310720
1758819269136 10.145173933717615 1315840
1758819280764 10.159554967322963 1320960
1758819293098 10.17155718553759 1326080
1758819305654 10.187050364493414 1331200
1758819316922 10.204324367129027 1336320
1758819328512 10.219271556570192 1341440
1758819339692 10.23429803227914 1346560
1758819350773 10.249102014210706 1351680
1758819362012 10.26496848184938 1356800
1758819373724 10.28003954915245 1361920
1758819385018 10.29286076139678 1367040
1758819396488 10.307536080271367 1372160
1758819408163 10.320595574420489 1377280
1758819420261 10.332665625438153 1382400
1758819431730 10.345846332456205 1387520
1758819443382 10.361741106525056 1392640
1758819454785 10.376578188914165 1397760
1758819467211 10.387071048716402 1402880
1758819478487 10.401685007336447 1408000
1758819489310 10.416225853613573 1413120
1758819501285 10.429727094301803 1418240
1758819512487 10.441250669301187 1423360
1758819523654 10.452760444685138 1428480
1758819534901 10.465537954637897 1433600
1758819545637 10.478793417304407 1438720
1758819557049 10.492919903660155 1443840
1758819568828 10.50596232309144 1448960
1758819580959 10.517873397743266 1454080
1758819592737 10.529694656038616 1459200
1758819603890 10.540765895720286 1464320
1758819615228 10.551741174191921 1469440
1758819626322 10.565059198233858 1474560
1758819637424 10.57681722422601 1479680
1758819648620 10.58856217117715 1484800
1758819660317 10.600581326833467 1489920
1758819671465 10.612824008308346 1495040
1758819682553 10.626653290913742 1500160
1758819693710 10.638893113852536 1505280
1758819705038 10.649739821577667 1510400
1758819716117 10.661682211349444 1515520
1758819727121 10.674464522009911 1520640
1758819738745 10.685650395306174 1525760
1758819749744 10.698760174249104 1530880
1758819760834 10.709777936173808 1536000
1758819772335 10.723347504495958 1541120
1758819783500 10.736391889904002 1546240
1758819795561 10.746841303320764 1551360
1758819807717 10.758895556874545 1556480
1758819819354 10.771996001731837 1561600
1758819830953 10.783807320448982 1566720
1758819842492 10.798181500368868 1571840
1758819853948 10.809241482477397 1576960
1758819865393 10.822524935829847 1582080
1758819877752 10.831052507627705 1587200
1758819888691 10.842462325295974 1592320
1758819900174 10.853151758610066 1597440
1758819911810 10.86240663275215 1602560
1758819922412 10.871899458328866 1607680
1758819933893 10.882811573074086 1612800
1758819945003 10.892626814592793 1617920
1758819956447 10.904303266382993 1623040
1758819968066 10.915164317840816 1628160
1758819978999 10.923541982960462 1633280
1758819989824 10.934111563221967 1638400
1758820001597 10.944067102681336 1643520
1758820012803 10.957049590848085 1648640
1758820024335 10.968714633642227 1653760
1758820035354 10.981113082779215 1658880
1758820046517 10.991665049376778 1664000
1758820057382 11.004332412222585 1669120
1758820068053 11.012368042300439 1674240
1758820079155 11.02191580064971 1679360
1758820090092 11.03096615689817 1684480
1758820101249 11.039220604404335 1689600
1758820112276 11.04790067819513 1694720
1758820123931 11.057492692771104 1699840
1758820135109 11.067756792065987 1704960
1758820145982 11.078085513793605 1710080
1758820156906 11.086212002827953 1715200
1758820168008 11.093885935823923 1720320
1758820179307 11.100347308273294 1725440
1758820190299 11.109455640788987 1730560
1758820201505 11.117507740158965 1735680
1758820212253 11.12688873746847 1740800
1758820223281 11.137149786457691 1745920
1758820235013 11.146245804792013 1751040
1758820245549 11.155499239404723 1756160
1758820256190 11.16377442448528 1761280
1758820267308 11.17127963838428 1766400
1758820278260 11.17931869043367 1771520
1758820287912 11.186624077014104 1776640
1758820298819 11.195484639252529 1781760
1758820309828 11.202990101248577 1786880
1758820320839 11.211319497565711 1792000
1758820331259 11.21761177863785 1797120
1758820342510 11.225847507284543 1802240
1758820353635 11.234469418289708 1807360
1758820364722 11.243739710500618 1812480
1758820375762 11.251788445132542 1817600
1758820386846 11.26127821085196 1822720
1758820397802 11.269155612162217 1827840
1758820409095 11.276026578598904 1832960
1758820421029 11.28212645029528 1838080
1758820432569 11.29085579944665 1843200
1758820443030 11.299520592275847 1848320
1758820454401 11.308575668694841 1853440
1758820465426 11.31721944991846 1858560
1758820477030 11.326481463322578 1863680
1758820487918 11.334634318446033 1868800
1758820498882 11.345833636960474 1873920
1758820510189 11.354078002548398 1879040
1758820521401 11.360530360594778 1884160
1758820532325 11.3701979829396 1889280
1758820543559 11.377859337114785 1894400
1758820554255 11.385612791457243 1899520
1758820565809 11.393123423204978 1904640
1758820577238 11.40257781391696 1909760
1758820587867 11.411746306529809 1914880
1758820598975 11.42078637907036 1920000
1758820610660 11.430349384544071 1925120
1758820621477 11.440282844811058 1930240
1758820632742 11.447696296032518 1935360
1758820643644 11.456952772804712 1940480
1758820654658 11.466378609347815 1945600
1758820666248 11.475819140409866 1950720
1758820677009 11.485263736601112 1955840
1758820689067 11.495309383161352 1960960
1758820700129 11.503698381401565 1966080
1758820710461 11.514995936800833 1971200
1758820721449 11.525080086109476 1976320
1758820732414 11.534043749147463 1981440
1758820743566 11.542655491465103 1986560
1758820754965 11.551035471634355 1991680
1758820765860 11.55900388926 1996800
1758820777058 11.567266363209576 2001920
1758820788462 11.574814804431183 2007040
1758820799500 11.583208980665088 2012160
1758820810229 11.590948701344926 2017280
1758820821187 11.599279947610507 2022400
1758820832030 11.60874388295818 2027520
1758820843088 11.619021200864 2032640
1758820853089 11.62713341933488 2037760
1758820863428 11.636802577840722 2042880
1758820874365 11.646129903142475 2048000
1758820885472 11.654836720684392 2053120
1758820898050 11.664580422804763 2058240
1758820909239 11.672197507521137 2063360
1758820920740 11.68162030304558 2068480
1758820931778 11.69070052629999 2073600
1758820943111 11.698582292749784 2078720
1758820953563 11.707931520154913 2083840
1758820964170 11.714529112123548 2088960
1758820975312 11.723276213770804 2094080
1758820985851 11.733369921136777 2099200
1758820996687 11.742131253948298 2104320
1758821007155 11.749926518340834 2109440
1758821018013 11.757565150861266 2114560
1758821028842 11.76574828650347 2119680
1758821039202 11.775502218932827 2124800
1758821049961 11.783645368576384 2129920
1758821060888 11.791739015797337 2135040
1758821071338 11.800681376660142 2140160
1758821081991 11.808736258088532 2145280
1758821092862 11.815977071474197 2150400
1758821104311 11.824903774568973 2155520
1758821114652 11.833124460629639 2160640
1758821125027 11.841886635866004 2165760
1758821135490 11.85168092205728 2170880
1758821145433 11.859678993803813 2176000
1758821157669 11.866981533919693 2181120
1758821168041 11.875502358822482 2186240
1758821179020 11.882834374975008 2191360
1758821189868 11.89235139892748 2196480
1758821201354 11.902523479951295 2201600
1758821212474 11.909494390288456 2206720
1758821223765 11.918372201053225 2211840
1758821234493 11.925726021100568 2216960
1758821246153 11.934124136305924 2222080
1758821257233 11.94191740764124 2227200
1758821268425 11.950561952447778 2232320
1758821279144 11.959358492698419 2237440
1758821290608 11.965779766108772 2242560
1758821301349 11.973952249999682 2247680
1758821312122 11.980938479157537 2252800
1758821323386 11.988801376046458 2257920
1758821334248 11.996950661347402 2263040
1758821344960 12.004500110813613 2268160
1758821355683 12.012758186019955 2273280
1758821366165 12.019913879198244 2278400
1758821376723 12.029088471105986 2283520
1758821388024 12.038374787878253 2288640
1758821398865 12.045720789086307 2293760
1758821409674 12.055147071553618 2298880
1758821419713 12.065894165110953 2304000
1758821430693 12.07478095762709 2309120
1758821441100 12.08264061442697 2314240
1758821451609 12.08976917496014 2319360
1758821462371 12.097594179960433 2324480
1758821473079 12.105821607673294 2329600
1758821483505 12.114998611570288 2334720
1758821495209 12.121741713905601 2339840
1758821505338 12.12774157825567 2344960
1758821515375 12.134415966034407 2350080
1758821525151 12.141954120627457 2355200
1758821535305 12.148800841600417 2360320
1758821545962 12.155807716333035 2365440
1758821556181 12.163939090776005 2370560
1758821567035 12.17210241281491 2375680
1758821577405 12.17947773385341 2380800
1758821587666 12.186804595546787 2385920
1758821597987 12.193622120205193 2391040
1758821607823 12.201868786937952 2396160
1758821618093 12.208867664729178 2401280
1758821628575 12.215838407371212 2406400
1758821638929 12.223760852395504 2411520
1758821649363 12.23110024136979 2416640
1758821659714 12.237228526455942 2421760
1758821669605 12.244437508185307 2426880
1758821679991 12.250997130919629 2432000
1758821690897 12.259315349985249 2437120
1758821701315 12.266464873710206 2442240
1758821711328 12.273647303810305 2447360
1758821721431 12.280001380501176 2452480
1758821731793 12.286856419375246 2457600
1758821741910 12.295184986672494 2462720
1758821753602 12.302123159859756 2467840
1758821765067 12.310770749584865 2472960
1758821775923 12.318792202671561 2478080
1758821787067 12.32510695846891 2483200
1758821797851 12.3337155583518 2488320
1758821808948 12.340401297767581 2493440
1758821820739 12.347055749049762 2498560
1758821831680 12.354908201097635 2503680
1758821842654 12.36306953273627 2508800
1758821853437 12.370662866103649 2513920
1758821864607 12.378266293150503 2519040
1758821876002 12.384844768323152 2524160
1758821886899 12.392007011815535 2529280
1758821898018 12.396472243543434 2534400
1758821909454 12.40518076255537 2539520
1758821922638 12.41271290376328 2544640
1758821935662 12.418565914766365 2549760
1758821948076 12.426269614595984 2554880
1758821959870 12.432248420580265 2560000
1758821971166 12.440185534268894 2565120
1758821982242 12.446577475755827 2570240
1758821993902 12.451949672817014 2575360
1758822004599 12.458635660548138 2580480
1758822016548 12.466363179972516 2585600
1758822028100 12.47455768439891 2590720
1758822039690 12.48104241261761 2595840
1758822051314 12.487735861932544 2600960
1758822062925 12.495211371948734 2606080
1758822074091 12.502681516769819 2611200
1758822085615 12.509112332426927 2616320
1758822098152 12.515580014234155 2621440
1758822110127 12.522022345834161 2626560
1758822121618 12.52759706764658 2631680
1758822132978 12.535511917630066 2636800
1758822145479 12.542228991807796 2641920
1758822157226 12.547630646532797 2647040
1758822168388 12.553139545053558 2652160
1758822179736 12.559470185472145 2657280
1758822191314 12.564730924711396 2662400
1758822202855 12.57091066578149 2667520
1758822213806 12.576396646235741 2672640
1758822225271 12.584173932606255 2677760
1758822236503 12.590971462590563 2682880
1758822248215 12.59817120828509 2688000
1758822260279 12.604057156958586 2693120
1758822271796 12.610283379344635 2698240
1758822282713 12.617609224652128 2703360
1758822294280 12.624010049753013 2708480
1758822305427 12.630638291604058 2713600
1758822317153 12.634918747131247 2718720
1758822328306 12.64055525625392 2723840
1758822339397 12.646377677465608 2728960
1758822351055 12.652499309328768 2734080
1758822362743 12.65787453379061 2739200
1758822373742 12.66578626149882 2744320
1758822383928 12.672128159567858 2749440
1758822394479 12.67794371687771 2754560
1758822404764 12.682371517634806 2759680
1758822415532 12.686869032334167 2764800
1758822426156 12.692809622669843 2769920
1758822437780 12.700378597865562 2775040
1758822448348 12.706086703145534 2780160
1758822459057 12.710990781095942 2785280
1758822469254 12.716661405485977 2790400
1758822479998 12.722500992713156 2795520
1758822490607 12.727049090991544 2800640
1758822501126 12.732204780251712 2805760
1758822511671 12.736342129643411 2810880
1758822522033 12.739760716500694 2816000
1758822532476 12.746122071183294 2821120
1758822544067 12.751081146245243 2826240
1758822556463 12.757083937590938 2831360
1758822569249 12.762806813161625 2836480
1758822580959 12.769092994849094 2841600
1758822591824 12.774603033584375 2846720
1758822602820 12.78085541611291 2851840
1758822614631 12.786706578545232 2856960
1758822625633 12.791918744825688 2862080
1758822636990 12.797444304246207 2867200
1758822648236 12.802400260122289 2872320
1758822659604 12.808016386631726 2877440
1758822670724 12.81239947844562 2882560
1758822682182 12.81835803043385 2887680
1758822693088 12.824107539780577 2892800
1758822704624 12.830013105331703 2897920
1758822716267 12.835304613670644 2903040
1758822728046 12.838338516464104 2908160
1758822739963 12.84291163747532 2913280
1758822751923 12.846913015505395 2918400
1758822763109 12.851191597719724 2923520
1758822774255 12.85530120899005 2928640
1758822785338 12.861431494683282 2933760
1758822795363 12.866513708213294 2938880
1758822806015 12.871557014932915 2944000
1758822816383 12.87707039147677 2949120
1758822828077 12.882430651947962 2954240
1758822838821 12.887346367633068 2959360
1758822849652 12.89196778163893 2964480
1758822860097 12.897013263112791 2969600
1758822870950 12.901577670594158 2974720
1758822881524 12.906876799065918 2979840
1758822892479 12.909958826712126 2984960
1758822903413 12.914259731539268 2990080
1758822913986 12.918204095679513 2995200
1758822924947 12.923305352423608 3000320
1758822935627 12.926906610706283 3005440
1758822945897 12.930589621110002 3010560
1758822956933 12.934582460534278 3015680
1758822967626 12.939502842599241 3020800
1758822978259 12.944039422766421 3025920
1758822989209 12.947931688641955 3031040
1758822999848 12.951807888785867 3036160
1758823010529 12.955989360675181 3041280
1758823020967 12.96018276869636 3046400
1758823031908 12.964975749407124 3051520
1758823042195 12.969724066193509 3056640
1758823052812 12.973465473689455 3061760
1758823063814 12.97820876416378 3066880
1758823074423 12.983840804432907 3072000
1758823084910 12.98738557723092 3077120
1758823095775 12.991339924694925 3082240
1758823106257 12.994692928546996 3087360
1758823117097 12.997908921724921 3092480
1758823127977 13.00137022121559 3097600
1758823138511 13.0038204336403 3102720
1758823149300 13.008063290080567 3107840
1758823160035 13.0127914899336 3112960
1758823170436 13.017517638892604 3118080
1758823181782 13.022477037072138 3123200
1758823192160 13.026890694207644 3128320
1758823202998 13.03155738469992 3133440
1758823213471 13.034863232058909 3138560
1758823224422 13.039973300306636 3143680
1758823234951 13.04496437430228 3148800
1758823245753 13.049261821950106 3153920
1758823256359 13.054778032507752 3159040
1758823266786 13.058979663270652 3164160
1758823277576 13.06231880976385 3169280
1758823288643 13.066089398726259 3174400
1758823298855 13.069767862903529 3179520
1758823309448 13.074842662373683 3184640
1758823320331 13.079419019929027 3189760
1758823330978 13.084840242901157 3194880
1758823341579 13.090652759470398 3200000
1758823351796 13.095919582668063 3205120
1758823362919 13.100577418858505 3210240
1758823373423 13.10462050418608 3215360
1758823383731 13.10826183493395 3220480
1758823394869 13.112632779272333 3225600
1758823404930 13.117383997291483 3230720
1758823415555 13.122269787404612 3235840
1758823426230 13.126795028436735 3240960
1758823437681 13.132578410891933 3246080
1758823448001 13.136287885184739 3251200
1758823458463 13.141446314050729 3256320
1758823469020 13.146153413363601 3261440
1758823479408 13.150699665474955 3266560
1758823490308 13.155544132534848 3271680
1758823501187 13.158945466825228 3276800
1758823511557 13.164720724132597 3281920
1758823522146 13.169858483835146 3287040
1758823532634 13.176238327195087 3292160
1758823543670 13.180652446015008 3297280
1758823554461 13.186857126178971 3302400
1758823565237 13.190679216698241 3307520
1758823575998 13.195668701950451 3312640
1758823586504 13.200928230046953 3317760
1758823597018 13.205567419151901 3322880
1758823607681 13.209818556064551 3328000
1758823618304 13.214558284453645 3333120
1758823628866 13.219632054713705 3338240
1758823639524 13.224402747061777 3343360
1758823649993 13.228166851255454 3348480
1758823660528 13.23159755739853 3353600
1758823671600 13.23600758014951 3358720
1758823682370 13.240777521681796 3363840
1758823692622 13.244432041958511 3368960
1758823703454 13.248682460523279 3374080
1758823714260 13.253453359581718 3379200
1758823725209 13.258170539502283 3384320
1758823735653 13.26362028004093 3389440
1758823746375 13.267875523737109 3394560
1758823757328 13.271956374654508 3399680
1758823767134 13.276710750273702 3404800
1758823777755 13.280291920873797 3409920
1758823788862 13.283571360935639 3415040
1758823799065 13.287333988382581 3420160
1758823809572 13.291852393454413 3425280
1758823820485 13.294974983365877 3430400
1758823830892 13.298442073693398 3435520
1758823841604 13.301342757812652 3440640
1758823852366 13.305096179198506 3445760
1758823862727 13.307862191323634 3450880
1758823873382 13.311082230228394 3456000
1758823884043 13.314644348906308 3461120
1758823894418 13.318681058169595 3466240
1758823905504 13.323564134863322 3471360
1758823916064 13.327719303028319 3476480
1758823926907 13.330615587690396 3481600
1758823937500 13.335685861654452 3486720
1758823948285 13.339315893014343 3491840
1758823958895 13.345301064515116 3496960
1758823969677 13.348972145590121 3502080
1758823980211 13.35263628263145 3507200
1758823990851 13.354887489569476 3512320
1758824001415 13.359183736521295 3517440
1758824011540 13.362319430115157 3522560
1758824022289 13.365098838286308 3527680
1758824033478 13.369021444722373 3532800
1758824043701 13.371918501835715 3537920
1758824054714 13.376197609744224 3543040
1758824065363 13.379330416061567 3548160
1758824076611 13.383419302081066 3553280
1758824087453 13.388057521274217 3558400
1758824097845 13.392113957763444 3563520
1758824108569 13.395364797205666 3568640
1758824119497 13.398078027603686 3573760
1758824130131 13.4000663679695 3578880
1758824140252 13.402572756083504 3584000
1758824150731 13.406464678111192 3589120
1758824161926 13.40950612660257 3594240
1758824172772 13.412633752967468 3599360
1758824183466 13.417345352691747 3604480
1758824193784 13.42123478667628 3609600
1758824204709 13.425381683592548 3614720
1758824215429 13.4303292623793 3619840
1758824225791 13.434183238178903 3624960
1758824236860 13.43746776544898 3630080
1758824247731 13.4426612590837 3635200
1758824258463 13.44790887894858 3640320
1758824269197 13.451136562250065 3645440
1758824279826 13.45519468477088 3650560
1758824290764 13.458532119345486 3655680
1758824301212 13.464291963588222 3660800
1758824311552 13.467687816569445 3665920
1758824322085 13.472121428709087 3671040
1758824332492 13.475514777283726 3676160
1758824343293 13.479938662024168 3681280
1758824354219 13.483656501811398 3686400
1758824365057 13.487050780246257 3691520
1758824375774 13.491505384915351 3696640
1758824386912 13.496079174629608 3701760
1758824397412 13.500442793959168 3706880
1758824407523 13.505156358684276 3712000
1758824418210 13.508507156351303 3717120
1758824429184 13.512423094486758 3722240
1758824440007 13.517351028659775 3727360
1758824450442 13.521090531756826 3732480
1758824460975 13.524676451033406 3737600
1758824471819 13.527838422707987 3742720
1758824482813 13.531407835761078 3747840
1758824493927 13.53723898406009 3752960
1758824504393 13.541502491476345 3758080
1758824514815 13.54520123443157 3763200
1758824525598 13.549368862791017 3768320
1758824536108 13.552833935139596 3773440
1758824546963 13.556479679277349 3778560
1758824557309 13.560757164377979 3783680
1758824567767 13.564092284818438 3788800
1758824578467 13.56808222744282 3793920
1758824589138 13.570749119441672 3799040
1758824599347 13.573987440072337 3804160
1758824610766 13.576859925156574 3809280
1758824620870 13.579109306543979 3814400
1758824631979 13.582945359107548 3819520
1758824642873 13.586935164483789 3824640
1758824652887 13.591952369811347 3829760
1758824663610 13.596010888159741 3834880
1758824674508 13.599377506198723 3840000
1758824684835 13.60373077794528 3845120
1758824695636 13.607053550966134 3850240
1758824706097 13.61052803178636 3855360
1758824716966 13.614576821834225 3860480
1758824727551 13.617993627157848 3865600
1758824738185 13.621199159437213 3870720
1758824748440 13.624209087535021 3875840
1758824759252 13.628908385522601 3880960
1758824769675 13.632907411827775 3886080
1758824780227 13.637475813193738 3891200
1758824791767 13.640925879915235 3896320
1758824801793 13.64396892378687 3901440
1758824812578 13.647458745193454 3906560
1758824823079 13.652116545459783 3911680
1758824833945 13.656143598385801 3916800
1758824844562 13.660162711930036 3921920
1758824855276 13.665664830497537 3927040
1758824866019 13.670606468008058 3932160
1758824876362 13.673273199255846 3937280
1758824887399 13.67762029017067 3942400
1758824898047 13.681705695455896 3947520
1758824909057 13.685323099119078 3952640
1758824919310 13.6889994769886 3957760
1758824930052 13.692060864914644 3962880
1758824940463 13.695372929792724 3968000
1758824951224 13.699230204926977 3973120
1758824961977 13.703667400319434 3978240
1758824972952 13.706953246163081 3983360
1758824983159 13.711163472984566 3988480
1758824993548 13.714527833569514 3993600
1758825004621 13.715638418656239 3998720
1758825014982 13.718514078838876 4003840
1758825025872 13.721055682390862 4008960
1758825036697 13.725054829362762 4014080
1758825047725 13.72835831185177 4019200
1758825057709 13.732380506849603 4024320
1758825068878 13.73672614893834 4029440
1758825079002 13.738789804384735 4034560
1758825089811 13.74296570510959 4039680
1758825100728 13.746737069475122 4044800
1758825111128 13.75039491270879 4049920
1758825122156 13.754622044837625 4055040
1758825132850 13.758840880523609 4060160
1758825143360 13.76231740779897 4065280
1758825154106 13.766858063761209 4070400
1758825165082 13.769966706213243 4075520
1758825175498 13.774755435711551 4080640
1758825186256 13.777427989433065 4085760
1758825196685 13.781802911678744 4090880
1758825206825 13.785879693253785 4096000
1758825218201 13.788965025203899 4101120
1758825229024 13.792445213470677 4106240
1758825239168 13.797186133223537 4111360
1758825250319 13.800154020792215 4116480
1758825261012 13.804717895152317 4121600
1758825271599 13.808474751494872 4126720
1758825282557 13.812048484532735 4131840
1758825292668 13.816642054269563 4136960
1758825303771 13.820307266153744 4142080
1758825314500 13.824145675660457 4147200
1758825325391 13.828436638338264 4152320
1758825335627 13.831983004202066 4157440
1758825346371 13.83514055433481 4162560
1758825357058 13.837673129009394 4167680
1758825367985 13.842405160141679 4172800
1758825378337 13.846160102860805 4177920
1758825389594 13.849330314972404 4183040
1758825400824 13.85468571805425 4188160
1758825411043 13.858485033182642 4193280
1758825421226 13.86228503627284 4198400
1758825432551 13.865644966854605 4203520
1758825442835 13.869877977422991 4208640
1758825453547 13.872813552061643 4213760
1758825463626 13.877095673616033 4218880
1758825474831 13.880244645963563 4224000
1758825485413 13.883507025420036 4229120
1758825495772 13.887794549703608 4234240
1758825507078 13.890202993697939 4239360
1758825517590 13.89382310478289 4244480
1758825529695 13.896890091966482 4249600
1758825540552 13.900554021874287 4254720
1758825551021 13.903846234174956 4259840
1758825561955 13.906931337457573 4264960
1758825572046 13.910390580725108 4270080
1758825582762 13.913195601914227 4275200
1758825593564 13.91650833912839 4280320
1758825604436 13.921022448214314 4285440
1758825614865 13.924204018313485 4290560
1758825625073 13.927584072330378 4295680
1758825635866 13.931707205130099 4300800
1758825646696 13.93525450694776 4305920
1758825657091 13.938057987387058 4311040
1758825667818 13.942119526021171 4316160
1758825678863 13.945636438741312 4321280
1758825689395 13.94926845979982 4326400
1758825699542 13.953143564152251 4331520
1758825710525 13.955600179731732 4336640
1758825721283 13.960137189015647 4341760
1758825731844 13.964231929478784 4346880
1758825742757 13.96760449739787 4352000
1758825753231 13.97110981940644 4357120
1758825763908 13.97479106073482 4362240
1758825774723 13.977102635630855 4367360
1758825785269 13.980152914517328 4372480
1758825796464 13.984058692620632 4377600
1758825806847 13.988319639485812 4382720
1758825817482 13.99218009032268 4387840
1758825828143 13.995218736236847 4392960
1758825839083 13.998629074479089 4398080
1758825849568 14.002078672187283 4403200
1758825860491 14.006304536309466 4408320
1758825870836 14.009718832349181 4413440
1758825881262 14.01331431712029 4418560
1758825892710 14.017692418520326 4423680
1758825902891 14.02097637733317 4428800
1758825913120 14.024792942237799 4433920
1758825924107 14.027167834856119 4439040
1758825934567 14.031242660521734 4444160
1758825945409 14.034176074988087 4449280
1758825956374 14.037280651116177 4454400
1758825967188 14.040964321281136 4459520
1758825977514 14.043894112110138 4464640
1758825988485 14.046909145704612 4469760
1758825998765 14.050391615437778 4474880
1758826009857 14.055430434946109 4480000
1758826020387 14.058525430483042 4485120
1758826030803 14.061942716449881 4490240
1758826041879 14.065127309413972 4495360
1758826052876 14.068431713437608 4500480
1758826062907 14.073138683530075 4505600
1758826073530 14.077940636954143 4510720
1758826084431 14.081627736408485 4515840
1758826095044 14.083400962338818 4520960
1758826105587 14.085999387575097 4526080
1758826116140 14.089473505031382 4531200
1758826126614 14.092321867455226 4536320
1758826137474 14.095218116538083 4541440
1758826147794 14.098242915169452 4546560
1758826158093 14.101752050130173 4551680
1758826169411 14.10587911390361 4556800
1758826179857 14.10953307441654 4561920
1758826190609 14.112792709271332 4567040
1758826201251 14.114694195438851 4572160
1758826211540 14.117355225495833 4577280
1758826222301 14.119945549192499 4582400
1758826233325 14.124008758784058 4587520
1758826243986 14.12714096470603 4592640
1758826255026 14.131164929951689 4597760
1758826265341 14.134908458128814 4602880
1758826275950 14.13811601524662 4608000
1758826286407 14.141350293200192 4613120
1758826297021 14.145355572527048 4618240
1758826307683 14.14897398457003 4623360
1758826318008 14.151705621910285 4628480
1758826329019 14.155940624523863 4633600
1758826339610 14.159383316747096 4638720
1758826350185 14.162610628825224 4643840
1758826360824 14.166335070850899 4648960
1758826371244 14.168987042906137 4654080
1758826382208 14.172252684485057 4659200
1758826392626 14.175243085876525 4664320
1758826403465 14.178118258128912 4669440
1758826414073 14.181737756356744 4674560
1758826424445 14.184992510721333 4679680
1758826435494 14.188405884003288 4684800
1758826445951 14.192264637278269 4689920
1758826456264 14.195498193458459 4695040
1758826466758 14.198379771659516 4700160
1758826477888 14.200439119220585 4705280
1758826488399 14.202818973970244 4710400
1758826499355 14.205361144204549 4715520
1758826510042 14.208171237729797 4720640
1758826521131 14.211611678406907 4725760
1758826531181 14.215455551867299 4730880
1758826541985 14.21690112898074 4736000
1758826552547 14.220843424434111 4741120
1758826562968 14.223454917000634 4746240
1758826573824 14.225923620381664 4751360
1758826584720 14.229977984650718 4756480
1758826596139 14.233458341702088 4761600
1758826606752 14.23645990292217 4766720
1758826616817 14.239180429221495 4771840
1758826627882 14.241866451637168 4776960
1758826638337 14.244314631367164 4782080
1758826649002 14.247894099267647 4787200
1758826659417 14.250031730422304 4792320
1758826669703 14.251933267988038 4797440
1758826680274 14.25352542542671 4802560
1758826691363 14.255393185364127 4807680
1758826701285 14.258091610849176 4812800
1758826712335 14.261381745592253 4817920
1758826723086 14.263446656301413 4823040
1758826733864 14.266484964273042 4828160
1758826744191 14.269454240593399 4833280
1758826755241 14.271672555993684 4838400
1758826765720 14.274322911131733 4843520
1758826776263 14.276752277699254 4848640
1758826786770 14.27987329626648 4853760
1758826796723 14.282999268802683 4858880
1758826808348 14.286063700709411 4864000
1758826818948 14.28877177610337 4869120
1758826829443 14.292390964599834 4874240
1758826839879 14.295298108512151 4879360
1758826850278 14.298210556450066 4884480
1758826860790 14.300761827850085 4889600
1758826871401 14.304118457986048 4894720
1758826882637 14.30770180729526 4899840
1758826893243 14.310915392468313 4904960
1758826903619 14.314456702048178 4910080
1758826914285 14.316818795376992 4915200
1758826924675 14.319415708917823 4920320
1758826935112 14.323241275620353 4925440
1758826946170 14.326899603173425 4930560
1758826957441 14.331635111965799 4935680
1758826967982 14.334710803160013 4940800
1758826978416 14.338404103412543 4945920
1758826988619 14.341813939688532 4951040
1758826999437 14.345725544582466 4956160
1758827009518 14.349566480628798 4961280
1758827020835 14.352894135435754 4966400
1758827031605 14.35615628389982 4971520
1758827041814 14.359118846520765 4976640
1758827052661 14.362898955236927 4981760
1758827063463 14.366878633066444 4986880
1758827074478 14.371124067558762 4992000
1758827084980 14.37555670094264 4997120
1758827090688 14.37705085308357 5000192
