1758816359552 67.6598861125002 5120
1758816369765 56.822608177310535 10240
1758816380609 78.19650247958536 15360
1758816390833 54.611200083330075 20480
1758816401798 56.30542877087473 25600
1758816412680 120.63343783255199 30720
1758816424606 83.2252713455166 35840
1758816437132 119.5912408759124 40960
1758816449776 91.46286362248681 46080
1758816462423 97.93368824133745 51200
1758816473862 95.16072238860151 56320
1758816485060 94.19686931524693 61440
1758816496481 88.37183430955291 66560
1758816507937 83.179058006941 71680
1758816519303 44.07679778055675 76800
1758816530818 78.44659322572802 81920
1758816543293 56.882716719106 87040
1758816555236 64.99068751258967 92160
1758816566899 216.75989664082687 97280
1758816578105 104.78163331584601 102400
1758816589028 132.99629007197893 107520
1758816600194 238.01520826239928 112640
1758816611270 54.40435825929048 117760
1758816622585 111.55063829787234 122880
1758816634464 148.57086181856823 128000
1758816645761 93.91003739112912 133120
1758816656849 162.8350027176023 138240
1758816668619 105.12567045967216 143360
1758816680029 90.94525033066633 148480
1758816691060 100.20076924914595 153600
1758816702216 43.97328664437059 158720
1758816713693 80.97268287032568 163840
1758816724685 67.48461835500065 168960
1758816736064 120.4256223262224 174080
1758816747387 69.06250411644602 179200
1758816758988 122.76251243926711 184320
1758816770448 190.8757622644944 189440
1758816781763 110.25166259232974 194560
1758816793185 51.72788712939668 199680
1758816804783 112.48401630551383 204800
1758816816095 189.495979036776 209920
1758816826831 87.3376645010828 215040
1758816838112 78.64221697228784 220160
1758816849165 149.83938268076594 225280
1758816860154 89.81956014304987 230400
1758816871057 90.66413038779127 235520
1758816882151 122.93522480801923 240640
1758816893770 151.1134169188644 245760
1758816904886 113.46690112268362 250880
1758816916260 61.17356046905081 256000
1758816927783 70.17289320908132 261120
1758816938886 44.664444610092964 266240
1758816950439 62.4301024053346 271360
1758816962376 85.63823835677971 276480
1758816974159 104.58046177629282 281600
1758816986379 88.9566065747614 286720
1758816998710 101.01401666586388 291840
1758817010312 53.284008333756795 296960
1758817022353 130.57012109703328 302080
1758817035066 127.96875762753234 307200
1758817046656 171.12623419012647 312320
1758817058647 88.47622663797831 317440
1758817070656 100.90223248652809 322560
1758817082319 139.88007337001835 327680
1758817094143 166.97070063694267 332800
1758817106244 67.13894224612626 337920
1758817118157 116.50197211266041 343040
1758817130016 192.25815914924826 348160
1758817141450 56.204325570176614 353280
1758817153443 90.56429080387797 358400
1758817165282 128.92459963729138 363520
1758817177098 109.81003246413238 368640
1758817188826 152.74231609613983 373760
1758817201540 82.53904282115869 378880
1758817213129 130.92470970158573 384000
1758817224761 197.12854255769142 389120
1758817237123 104.49708505655488 394240
1758817249043 86.78648430548945 399360
1758817261055 54.611200083330075 404480
1758817272655 87.48339729684632 409600
1758817284219 191.067055393586 414720
1758817295802 50.10696835390111 419840
1758817306908 94.63682310469314 424960
1758817317947 113.15771866400475 430080
1758817329430 110.00010490427485 435200
1758817341074 92.4120122502038 440320
1758817352853 93.75469968929521 445440
1758817364247 116.18248801972244 450560
1758817375675 131.31411039103347 455680
1758817386749 80.00732488936364 460800
1758817398068 92.63652627161693 465920
1758817409672 65.40009043706048 471040
1758817421080 158.06089840217064 476160
1758817432116 121.28224850360003 481280
1758817443314 75.27736099644639 486400
1758817454531 94.24766869649237 491520
1758817465499 61.836441640006484 496640
1758817476655 73.65793864039478 501760
1758817488391 165.31882858381616 506880
1758817499221 81.27708555372541 512000
1758817510136 61.08269012320508 517120
1758817521380 68.21115628557489 522240
1758817532066 190.33871846070068 527360
1758817542757 96.66967825205126 532480
1758817553995 90.02970722074353 537600
1758817565199 120.1152381225121 542720
1758817576464 66.91507793430226 547840
1758817588517 149.98941496209412 552960
1758817599385 98.83368679014092 558080
1758817610373 67.83387242851597 563200
1758817622702 76.54677519436434 568320
1758817634040 90.28940457226504 573440
1758817645200 70.36006173253708 578560
1758817656131 138.85665099649077 583680
1758817667295 57.496387887428206 588800
1758817679100 78.45099506209786 593920
1758817690566 162.3433968106518 599040
1758817701793 81.6393646838991 604160
1758817713316 140.8808276232702 609280
1758817724431 133.76826662414288 614400
1758817735273 69.41798381357475 619520
1758817747211 86.70395865633076 624640
1758817758361 70.31641771027175 629760
1758817769810 115.9993362464738 634880
1758817781523 182.32140838948055 640000
1758817792836 137.59937012007086 645120
1758817804097 69.7724989187211 650240
1758817815051 74.16983200707338 655360
1758817826148 153.76705649448252 660480
1758817838110 99.78835173201371 665600
1758817849440 56.589546398985405 670720
1758817860630 68.68251784895526 675840
1758817871157 61.25664880022199 680960
1758817882546 111.96156104852918 686080
1758817893628 69.55728026533997 691200
1758817904741 112.56250335462401 696320
1758817915176 88.28998442302024 701440
1758817926229 64.16448415126668 706560
1758817937154 175.7954650236808 711680
1758817948463 112.37853334405058 716800
1758817959313 96.8997112163567 721920
1758817970304 72.1104444253417 727040
1758817981160 85.32638945398324 732160
1758817991960 159.63705564436324 737280
1758818002995 141.39850992819336 742400
1758818013744 88.29370158302459 747520
1758818024876 91.75097344358402 752640
1758818036208 69.82244344192705 757760
1758818047358 124.5524573125464 762880
1758818057641 113.89518275131701 768000
1758818068564 209.99869824262754 773120
1758818078548 67.84374747262346 778240
1758818089068 184.8443876426777 783360
1758818099274 125.75115428434371 788480
1758818109662 114.69875300809451 793600
1758818119657 88.63889769437223 798720
1758818129769 117.03510240526815 803840
1758818139857 127.54459480006082 808960
1758818150467 61.13967522812746 814080
1758818160316 60.96106274435708 819200
1758818170732 72.90004345181194 824320
1758818180917 130.2781177201429 829440
1758818190566 122.87760004687408 834560
1758818200811 164.33428672178036 839680
1758818211051 150.7603608784731 844800
1758818221168 99.37696062171256 849920
1758818231125 112.51117250999222 855040
1758818241403 74.30517122256276 860160
1758818252197 95.16719987293808 865280
1758818262446 135.53184476685948 870400
1758818272443 196.09631118799382 875520
1758818282809 144.64114766535624 880640
1758818292540 116.40820404651551 885760
1758818302525 132.20816390858943 890880
1758818312771 87.98439302720732 896000
1758818323714 126.86177484725667 901120
1758818335309 139.96409383655353 906240
1758818345649 51.69792064685509 911360
1758818355796 117.3494488277097 916480
1758818366321 100.29181511680734 921600
1758818376967 97.60096802717922 926720
1758818387130 96.91314494327503 931840
1758818397797 104.21925705056529 936960
1758818407712 108.75370135089584 942080
1758818417610 160.02075464499637 947200
1758818427627 54.57567043576698 952320
1758818437999 110.55388913782652 957440
1758818447977 102.4675445239782 962560
1758818458290 72.32930383348567 967680
1758818468649 124.93458834743238 972800
1758818479009 124.06614014848996 977920
1758818489917 117.1331546023235 983040
1758818499757 139.49394705334575 988160
1758818510987 223.01823789014728 993280
1758818521901 82.10602145485866 998400
1758818532380 100.26544272327405 1003520
1758818542679 108.13127433035139 1008640
1758818553446 102.46253817026994 1013760
1758818564149 107.09316992212435 1018880
1758818574495 126.63961352657005 1024000
1758818586183 90.84872639057356 1029120
1758818597702 116.83623499261817 1034240
1758818609691 107.35631830863345 1039360
1758818621862 65.70642604254786 1044480
1758818635233 119.13944042039483 1049600
1758818647227 116.0635342298965 1054720
1758818659827 81.56474729206775 1059840
1758818671540 96.25703401110754 1064960
1758818683516 66.91507793430226 1070080
1758818696186 105.30514687421541 1075200
1758818708442 79.81093372405 1080320
1758818720518 69.67398129537035 1085440
1758818732976 96.52063053733748 1090560
1758818745341 62.80496533548957 1095680
1758818757115 55.88009432579704 1100800
1758818769650 63.5250355920395 1105920
1758818781903 106.81498459266051 1111040
1758818794808 62.08632837941855 1116160
1758818806826 71.7588366124893 1121280
1758818818902 113.66985555164096 1126400
1758818832394 72.09433119048438 1131520
1758818844766 136.5200013019562 1136640
1758818856220 153.58687612142518 1141760
1758818868392 56.8487937110328 1146880
1758818879889 84.43660667552442 1152000
1758818892896 83.33275053643806 1157120
1758818905158 110.17925816959126 1162240
1758818917452 85.46374065244412 1167360
1758818930030 34.481855998947694 1172480
1758818942069 77.88286849630482 1177600
1758818954043 71.25414514813808 1182720
1758818965623 67.9525630224872 1187840
1758818977418 72.03489849895236 1192960
1758818989072 107.6787841445882 1198080
1758819001378 140.29180185302874 1203200
1758819014209 175.4792067609405 1208320
1758819027445 68.1812181998472 1213440
1758819040435 91.50875968146613 1218560
1758819052381 65.34710602165615 1223680
1758819064547 138.2388187600936 1228800
1758819076832 137.1090843712203 1233920
1758819088198 40.04108830548926 1239040
1758819100695 54.24463930058715 1244160
1758819113232 42.905847211424366 1249280
1758819125535 74.68889007603683 1254400
1758819136838 58.33767751088362 1259520
1758819148630 71.18642226748133 1264640
1758819160407 42.41426245588488 1269760
1758819172365 62.97942881167602 1274880
1758819185157 42.50754013296579 1280000
1758819196802 89.89463757554975 1285120
1758819209296 97.84002425995475 1290240
1758819221428 105.75119761988806 1295360
1758819233675 120.28057698374008 1300480
1758819245895 121.83535699761808 1305600
1758819257527 66.64713266489758 1310720
1758819269121 135.11271462165382 1315840
1758819280748 100.11705733517927 1320960
1758819293077 121.45433485840041 1326080
1758819305632 46.13282298334763 1331200
1758819316906 104.21925705056529 1336320
1758819328492 149.01424663374428 1341440
1758819339678 63.14630694649363 1346560
1758819350757 50.816026363294924 1351680
1758819361998 76.67130975230783 1356800
1758819373708 96.8281275249902 1361920
1758819385002 120.70981667482084 1367040
1758819396470 67.58683811917884 1372160
1758819408148 123.53992518629789 1377280
1758819420247 84.68722111171684 1382400
1758819431708 43.54009052028402 1387520
1758819443357 65.29420738826533 1392640
1758819454761 101.95692547036803 1397760
1758819467193 81.0540514425957 1402880
1758819478431 115.88075701063683 1408000
1758819489294 106.82858743823545 1413120
1758819501269 135.39621666989476 1418240
1758819512471 123.48173226955575 1423360
1758819523638 97.89711511530203 1428480
1758819534882 65.0320019846192 1433600
1758819545620 51.94506161372221 1438720
1758819557031 116.69645540036726 1443840
1758819568812 65.33692655191214 1448960
1758819580937 103.56561890417048 1454080
1758819592722 109.38904102443732 1459200
1758819603874 135.08225442834137 1464320
1758819615213 151.6214438058056 1469440
1758819626306 91.12505431476492 1474560
1758819637407 79.75933215433471 1479680
1758819648593 46.05987129647932 1484800
1758819660300 89.3698116423762 1489920
1758819671447 152.33180794653882 1495040
1758819682536 102.11081896971467 1500160
1758819693695 173.66280225240146 1505280
1758819705023 155.1951454155258 1510400
1758819716102 88.38486987672532 1515520
1758819727097 105.32365718303492 1520640
1758819738726 102.96813472774586 1525760
1758819749725 210.86441104016893 1530880
1758819760811 162.94887334887335 1536000
1758819772320 108.94296103896104 1541120
1758819783483 110.89588070435197 1546240
1758819795543 121.31381963325042 1551360
1758819807698 85.9488524590164 1556480
1758819819336 99.72666317941889 1561600
1758819830939 153.72197177936596 1566720
1758819842475 57.372910568216014 1571840
1758819853920 109.90498650525377 1576960
1758819865375 90.67589069526116 1582080
1758819877730 93.16948776045137 1587200
1758819888675 121.4789584962493 1592320
1758819900158 93.66258011210111 1597440
1758819911784 90.31078957001056 1602560
1758819922395 65.6488339333229 1607680
1758819933874 103.63214982828059 1612800
1758819944987 140.94237037534864 1617920
1758819956430 96.61178421707284 1623040
1758819968041 245.41009888245276 1628160
1758819978982 84.32287247944352 1633280
1758819989799 156.0845489729086 1638400
1758820001582 156.91372989150767 1643520
1758820012786 96.54729185369335 1648640
1758820024307 81.35591116283581 1653760
1758820035337 87.08560513257065 1658880
1758820046502 115.7400590524021 1664000
1758820057356 118.68432371250708 1669120
1758820068026 81.61553579420521 1674240
1758820079135 122.34355219788233 1679360
1758820090075 84.69406134523352 1684480
1758820101232 151.3369655421252 1689600
1758820112258 85.6120182887002 1694720
1758820123905 97.78072036367875 1699840
1758820135091 114.98804693497094 1704960
1758820145964 108.26804336602994 1710080
1758820156876 108.75088155984236 1715200
1758820167991 186.30586772087239 1720320
1758820179280 141.16532040926225 1725440
1758820190283 110.36480370487317 1730560
1758820201478 68.34898803897924 1735680
1758820212235 73.97231089398775 1740800
1758820223263 69.13422011241326 1745920
1758820234995 276.3956507413509 1751040
1758820245527 121.00931883096275 1756160
1758820256172 71.97062356292254 1761280
1758820267289 98.60134468005077 1766400
1758820278186 56.9305860955018 1771520
1758820287893 168.24324107501002 1776640
1758820298802 184.17072099762888 1781760
1758820309811 153.46324686253703 1786880
1758820320818 119.80644977005913 1792000
1758820331241 134.57947763588527 1797120
1758820342491 140.76735132232514 1802240
1758820353617 84.52679309163459 1807360
1758820364702 85.59629395318463 1812480
1758820375694 39.84329818561793 1817600
1758820386829 143.72422300654492 1822720
1758820397782 88.30857335354557 1827840
1758820409051 74.29990611326637 1832960
1758820420986 96.03223738437586 1838080
1758820432550 193.27699184369385 1843200
1758820443006 45.75737475999302 1848320
1758820454383 83.97005005005005 1853440
1758820465406 260.98587517889365 1858560
1758820477011 102.92770552147239 1863680
1758820487887 134.84773662551441 1868800
1758820498863 85.31597575363085 1873920
1758820510162 163.05656416436653 1879040
1758820521381 128.84143269644284 1884160
1758820532295 137.26164217691527 1889280
1758820543541 136.3646530983809 1894400
1758820554222 97.89483020189054 1899520
1758820565788 115.44697365885882 1904640
1758820577212 89.08319350933458 1909760
1758820587822 63.24914799288235 1914880
1758820598949 107.4525798022237 1920000
1758820610637 123.97812657030534 1925120
1758820621458 76.51186632371987 1930240
1758820632719 119.76197818514076 1935360
1758820643625 151.1406435804115 1940480
1758820654638 72.15758597553632 1945600
1758820666227 119.69020917158919 1950720
1758820676979 90.16324512564759 1955840
1758820689048 266.06851053032227 1960960
1758820700097 98.17437914004167 1966080
1758820710426 81.61712395407667 1971200
1758820721428 80.46472010129303 1976320
1758820732384 85.17909871854755 1981440
1758820743494 54.90573496877904 1986560
1758820754934 99.74563614744352 1991680
1758820765835 68.18343493456881 1996800
1758820777036 116.18570637119113 2001920
1758820788433 50.867794554605545 2007040
1758820799478 55.002937473772555 2012160
1758820810205 62.97091897248037 2017280
1758820821151 103.32070452026112 2022400
1758820832009 110.22558604015558 2027520
1758820843061 45.82636627843454 2032640
1758820853068 94.66672685415068 2037760
1758820863407 73.67475847532057 2042880
1758820874334 118.14275252098473 2048000
1758820885441 103.6014326293689 2053120
1758820898025 57.89399293286219 2058240
1758820909215 67.29081837288027 2063360
1758820920719 109.88483101912497 2068480
1758820931735 74.0663617581098 2073600
1758820943035 69.90739691323044 2078720
1758820953543 79.80789648939206 2083840
1758820964149 101.77385227603611 2088960
1758820975292 115.38345575087342 2094080
1758820985830 102.30259274616454 2099200
1758820996664 65.7352600068959 2104320
1758821007129 84.18071249372805 2109440
1758821017993 88.074923354752 2114560
1758821028816 51.0784144188029 2119680
1758821039178 75.50910040146182 2124800
1758821049937 58.19441129949774 2129920
1758821060866 82.15265889726766 2135040
1758821071314 117.17896854221378 2140160
1758821081967 69.28382173180482 2145280
1758821092842 113.43314582431847 2150400
1758821104274 123.10842383328442 2155520
1758821114633 96.2106663608212 2160640
1758821124991 131.7554815605956 2165760
1758821135471 68.34787426466994 2170880
1758821145411 64.24704368604866 2176000
1758821157646 121.32785652299683 2181120
1758821168015 75.20312696107436 2186240
1758821178995 232.1784666482148 2191360
1758821189836 68.99434136070536 2196480
1758821201332 88.858607686115 2201600
1758821212450 113.52832588983624 2206720
1758821223743 197.6860065042183 2211840
1758821234471 65.2627123918591 2216960
1758821246129 95.34676062741532 2222080
1758821257207 47.41630396689917 2227200
1758821268397 90.47833121211468 2232320
1758821279117 141.6324711285203 2237440
1758821290585 122.84520985267844 2242560
1758821301312 80.54352376380221 2247680
1758821312102 116.88833152189059 2252800
1758821323363 110.87536017341193 2257920
1758821334227 110.65597298438159 2263040
1758821344940 122.96045263991088 2268160
1758821355663 170.63889340927582 2273280
1758821366143 105.73520217807805 2278400
1758821376690 66.97919228373868 2283520
1758821387986 109.64354054477963 2288640
1758821398843 70.60880105046968 2293760
1758821409651 138.57679981498 2298880
1758821419692 142.93078889078208 2304000
1758821430670 123.98179130948861 2309120
1758821441068 138.22059647388366 2314240
1758821451581 253.00422246350584 2319360
1758821462336 81.71730278410973 2324480
1758821473052 59.5080232112708 2329600
1758821483481 112.16216071667336 2334720
1758821495181 106.80682454800102 2339840
1758821505313 93.85540065788001 2344960
1758821515352 102.08348139314138 2350080
1758821525125 179.74304692521963 2355200
1758821535279 80.19855064150366 2360320
1758821545938 84.87573102373678 2365440
1758821556158 112.56250335462401 2370560
1758821567011 83.19555687791332 2375680
1758821577380 122.41853948981378 2380800
1758821587632 64.88813255155556 2385920
1758821597962 128.67936800122718 2391040
1758821607784 80.44311469121595 2396160
1758821618072 89.14756955514464 2401280
1758821628551 49.29603685769357 2406400
1758821638903 45.43321995710479 2411520
1758821649335 206.0171914141166 2416640
1758821659682 210.10389220057107 2421760
1758821669572 92.63652627161693 2426880
1758821679959 185.33445274181432 2432000
1758821690875 119.2444419173253 2437120
1758821701277 85.33333333333333 2442240
1758821711297 60.05933902285354 2447360
1758821721407 119.71070582527042 2452480
1758821731769 56.40006992348757 2457600
1758821741885 43.77868005469329 2462720
1758821753575 99.22884383354231 2467840
1758821765042 94.00685837236928 2472960
1758821775890 79.64876566654007 2478080
1758821787036 102.1829609959315 2483200
1758821797823 128.69911015648972 2488320
1758821808924 90.84282341729657 2493440
1758821820714 114.45774321189793 2498560
1758821831654 107.8809640165642 2503680
1758821842631 152.77013294481878 2508800
1758821853407 110.8841537566753 2513920
1758821864574 76.45189748824323 2519040
1758821875964 207.57715530040582 2524160
1758821886872 82.56666469812397 2529280
1758821897962 105.45871467363975 2534400
1758821909410 108.68043427564584 2539520
1758821922595 110.95455266917094 2544640
1758821935628 50.99643756003258 2549760
1758821948047 70.46881720430108 2554880
1758821959843 178.5038089968932 2560000
1758821971132 255.12798053527982 2565120
1758821982218 126.42966088922381 2570240
1758821993875 104.43724010856303 2575360
1758822004573 107.58763627036039 2580480
1758822016470 48.809570357957455 2585600
1758822028075 111.03973737855081 2590720
1758822039662 72.4617590657015 2595840
1758822051279 146.4440487413149 2600960
1758822062894 58.18553097038219 2606080
1758822074066 87.52173277966739 2611200
1758822085591 172.97525569119102 2616320
1758822098120 78.20962538924836 2621440
1758822110095 90.79955837464551 2626560
1758822121588 113.25855318229686 2631680
1758822132944 61.22177784265071 2636800
1758822145442 98.46939781664514 2641920
1758822157201 88.68012770365985 2647040
1758822168349 115.62200904179072 2652160
1758822179702 53.46535966041632 2657280
1758822191286 105.82056716116662 2662400
1758822202751 60.72716742920021 2667520
1758822213767 92.81281671129207 2672640
1758822225245 98.07796094937449 2677760
1758822236465 150.2204075785251 2682880
1758822248176 81.19841254476817 2688000
1758822260240 100.98726314015362 2693120
1758822271771 125.42775119617225 2698240
1758822282682 54.558632620939946 2703360
1758822294254 80.16176442482274 2708480
1758822305400 84.35000502765209 2713600
1758822317124 111.16039436022474 2718720
1758822328277 128.86914308538422 2723840
1758822339360 99.76461633604491 2728960
1758822351024 107.67325563485136 2734080
1758822362716 68.18343493456881 2739200
1758822373714 124.05146254177635 2744320
1758822383901 103.06174902326953 2749440
1758822394453 100.80765255846372 2754560
1758822404735 133.57230661443904 2759680
1758822415497 98.85698123880456 2764800
1758822426049 63.248194224534416 2769920
1758822437755 247.5537980286844 2775040
1758822448321 108.21776149440116 2780160
1758822459017 95.34025867751687 2785280
1758822469228 102.79904904291561 2790400
1758822479968 76.73162343126852 2795520
1758822490571 117.23792486583184 2800640
1758822501097 69.53652309426705 2805760
1758822511643 154.7028622012393 2810880
1758822522002 73.96839729119638 2816000
1758822532448 126.65108554518827 2821120
1758822544041 108.95711131315755 2826240
1758822556429 116.22756117161305 2831360
1758822569210 111.0897340820002 2836480
1758822580931 128.74651605377863 2841600
1758822591788 139.72164295945902 2846720
1758822602732 41.65644366756714 2851840
1758822614602 138.6088565763384 2856960
1758822625570 90.73081249459202 2862080
1758822636959 80.44002915116413 2867200
1758822648195 121.36647472438439 2872320
1758822659566 127.27753838684227 2877440
1758822670689 53.185361771195254 2882560
1758822682152 153.89682248477288 2887680
1758822693043 94.75441093414662 2892800
1758822704564 130.85527095747668 2897920
1758822716238 53.517206180699986 2903040
1758822728013 50.5410902781125 2908160
1758822739932 98.79876569382611 2913280
1758822751897 108.15915830733128 2918400
1758822763074 89.61805051066193 2923520
1758822774228 128.948381344729 2928640
1758822785310 137.92969186753922 2933760
1758822795331 141.25564947967536 2938880
1758822805988 101.91480986514397 2944000
1758822816353 96.85495901166148 2949120
1758822828051 182.96562554528006 2954240
1758822838797 163.80160899789112 2959360
1758822849623 131.8383101779091 2964480
1758822860070 132.4461285840596 2969600
1758822870911 54.16268288588437 2974720
1758822881493 63.48753500340574 2979840
1758822892444 123.66376743226111 2984960
1758822903385 102.93780984636528 2990080
1758822913942 172.71171505044265 2995200
1758822924922 259.54851485148515 3000320
1758822935597 98.1812734082397 3005440
1758822945866 108.70015031358524 3010560
1758822956896 78.53325344517675 3015680
1758822967600 72.54573128545731 3020800
1758822978231 37.9149551634365 3025920
1758822989180 114.12451023073574 3031040
1758822999819 171.637435037034 3036160
1758823010491 160.25308524051505 3041280
1758823020935 134.75675502008033 3046400
1758823031872 136.1079958463136 3051520
1758823042167 138.09317485924998 3056640
1758823052785 120.94650941491969 3061760
1758823063782 137.5271821103023 3066880
1758823074392 68.56799084518555 3072000
1758823084852 103.3563490303344 3077120
1758823095749 124.38623962040332 3082240
1758823106228 90.42371456289749 3087360
1758823117063 69.26093992536082 3092480
1758823127951 116.45345253630231 3097600
1758823138482 159.76475069515865 3102720
1758823149270 130.62298349423855 3107840
1758823159998 183.43774327574897 3112960
1758823170410 82.01290524422197 3118080
1758823181757 141.78088767197377 3123200
1758823192131 99.3698974152432 3128320
1758823202968 139.79615371796154 3133440
1758823213439 201.77534035695388 3138560
1758823224389 112.04231334312809 3143680
1758823234923 82.01932027064022 3148800
1758823245722 61.765414463899155 3153920
1758823256328 68.42034517634009 3159040
1758823266739 126.19761704176194 3164160
1758823277547 58.95761937560619 3169280
1758823288618 159.4428647456854 3174400
1758823298824 114.8589424103842 3179520
1758823309400 97.3517779221985 3184640
1758823320289 198.64096613781672 3189760
1758823330936 110.54223440423793 3194880
1758823341536 90.89006869352288 3200000
1758823351755 107.04943722722749 3205120
1758823362883 90.24278153104694 3210240
1758823373387 47.83977005725757 3215360
1758823383701 124.15060383613545 3220480
1758823394833 95.64463092604839 3225600
1758823404897 132.3959595959596 3230720
1758823415522 61.84373571607614 3235840
1758823426190 107.60971855196654 3240960
1758823437653 123.91219829241632 3246080
1758823447974 117.72163125543798 3251200
1758823458425 116.31458679977814 3256320
1758823468972 100.51052000958543 3261440
1758823479336 59.211474391552315 3266560
1758823490272 111.89286381219155 3271680
1758823501094 95.80848828178537 3276800
1758823511526 51.62474460281121 3281920
1758823522116 147.11178141769844 3287040
1758823532593 92.98565632828607 3292160
1758823543629 57.826945348260075 3297280
1758823554429 60.49069774149817 3302400
1758823565205 203.78505490234184 3307520
1758823575971 157.62726896914577 3312640
1758823586474 86.14125813805425 3317760
1758823596985 67.21748745973493 3322880
1758823607650 62.64081961826817 3328000
1758823618267 144.38223752151464 3333120
1758823628819 193.6786110084965 3338240
1758823639484 93.40394165460417 3343360
1758823649954 136.68461187512221 3348480
1758823660498 67.60862697056643 3353600
1758823671571 92.55067411019661 3358720
1758823682339 56.7449638097815 3363840
1758823692580 112.0902215452043 3368960
1758823703409 48.32314480915239 3374080
1758823714230 111.1427208649107 3379200
1758823725177 286.1834061135371 3384320
1758823735618 65.30234006445687 3389440
1758823746341 233.1723371136313 3394560
1758823757292 87.04584414236795 3399680
1758823767098 106.79866575000636 3404800
1758823777725 117.8572552545802 3409920
1758823788832 56.13512138975883 3415040
1758823799035 182.3927639589494 3420160
1758823809541 115.05113012947115 3425280
1758823820456 110.59761628520198 3430400
1758823830854 75.19773383294189 3435520
1758823841562 127.8673251630998 3440640
1758823852326 68.05841500616603 3445760
1758823862691 156.53308453069602 3450880
1758823873351 154.94288880679719 3456000
1758823884008 117.54677428395269 3461120
1758823894390 110.92520892838252 3466240
1758823905410 88.82473528166031 3471360
1758823916032 122.47931084829902 3476480
1758823926874 183.64656946451245 3481600
1758823937455 180.2373769928237 3486720
1758823948254 96.10925505831672 3491840
1758823958861 103.85282392849184 3496960
1758823969633 144.92602190663763 3502080
1758823980178 95.55093858210316 3507200
1758823990810 152.2378135094915 3512320
1758824001382 47.39273002564943 3517440
1758824011503 55.30464135021097 3522560
1758824022255 87.66441634444561 3527680
1758824033444 179.22844201350313 3532800
1758824043666 118.03968142290266 3537920
1758824054672 97.00504186132568 3543040
1758824065330 178.60262306251065 3548160
1758824076574 124.674632899352 3553280
1758824087408 68.61061309952234 3558400
1758824097813 177.544192346766 3563520
1758824108534 209.5056943056943 3568640
1758824119454 128.1799401014608 3573760
1758824130098 102.98583249441403 3578880
1758824140221 82.75073984926804 3584000
1758824150697 54.46016412174094 3589120
1758824161890 91.49279061143469 3594240
1758824172737 117.9732793294518 3599360
1758824183435 120.85241744943238 3604480
1758824193745 131.23193892556554 3609600
1758824204672 73.37060490501347 3614720
1758824215396 131.8300226301232 3619840
1758824225757 159.68567730145435 3624960
1758824236828 146.4389358285036 3630080
1758824247700 105.10722967046736 3635200
1758824258431 95.38796024652612 3640320
1758824269158 105.89804832479108 3645440
1758824279789 110.43745227625793 3650560
1758824290733 240.03113196749456 3655680
1758824301169 178.4202824570359 3660800
1758824311507 89.17220852113275 3665920
1758824322054 149.39640249332146 3671040
1758824332447 156.91372989150767 3676160
1758824343259 190.6328515589492 3681280
1758824354175 216.70390080082666 3686400
1758824365022 61.69001323724077 3691520
1758824375739 68.7534464388165 3696640
1758824386872 115.14904598490048 3701760
1758824397374 111.45578231292517 3706880
1758824407489 108.0560593569662 3712000
1758824418172 88.4818260447651 3717120
1758824429149 47.2172013959248 3722240
1758824439972 89.28610354223433 3727360
1758824450406 72.308106057994 3732480
1758824460927 64.66005827308184 3737600
1758824471763 73.60623343804292 3742720
1758824482777 83.41395700336098 3747840
1758824493894 115.4978383588049 3752960
1758824504352 48.429716185945544 3758080
1758824514780 70.41203330647328 3763200
1758824525567 150.2688449412439 3768320
1758824536072 52.389507869098175 3773440
1758824546932 166.4142199650849 3778560
1758824557274 87.25590297280992 3783680
1758824567732 246.56422314972664 3788800
1758824578434 65.78681222159483 3793920
1758824589097 67.47376210546636 3799040
1758824599311 107.80609674600319 3804160
1758824610731 60.764117868629214 3809280
1758824620821 74.9504833723486 3814400
1758824631932 112.29128292996359 3819520
1758824642833 150.7820397598591 3824640
1758824652853 85.46722363728986 3829760
1758824663562 99.79784905301227 3834880
1758824674474 98.85931128762344 3840000
1758824684800 137.11356652500817 3845120
1758824695598 74.59325259207883 3850240
1758824706049 126.93856304097815 3855360
1758824716929 77.10684609162439 3860480
1758824727507 108.92315682862856 3865600
1758824738152 80.4261471496232 3870720
1758824748391 86.87816396702432 3875840
1758824759206 87.55644622578491 3880960
1758824769641 75.16673835125448 3886080
1758824780187 129.73812985245445 3891200
1758824791722 78.43339067993118 3896320
1758824801757 56.83492777582048 3901440
1758824812540 89.42697539550552 3906560
1758824823044 127.80498506916936 3911680
1758824833861 80.45854594283522 3916800
1758824844531 176.3943140718311 3921920
1758824855243 99.65084343074365 3927040
1758824865984 93.83650275180098 3932160
1758824876328 64.39994472508407 3937280
1758824887352 45.80384619584803 3942400
1758824898011 67.8942648558525 3947520
1758824908994 99.68163129500677 3952640
1758824919268 99.31107638395605 3957760
1758824930008 117.14951261067509 3962880
1758824940421 130.14875725323486 3968000
1758824951189 119.54011457234873 3973120
1758824961940 112.62295258041996 3978240
1758824972920 78.41139630965957 3983360
1758824983122 52.54834749054098 3988480
1758824993513 124.24990372367213 3993600
1758825004537 54.04473765591176 3998720
1758825014930 156.40466868031473 4003840
1758825025832 99.59641915797972 4008960
1758825036660 95.314259743211 4014080
1758825047687 47.216138328530256 4019200
1758825057671 99.55859384272117 4024320
1758825068840 59.80755739341223 4029440
1758825078961 75.41542002301496 4034560
1758825089771 102.43251031821623 4039680
1758825100683 102.77385998872853 4044800
1758825111094 76.25036813496465 4049920
1758825122117 147.6815605084328 4055040
1758825132810 181.69745278114712 4060160
1758825143315 73.79530939352887 4065280
1758825154060 116.42112859799595 4070400
1758825165045 89.47275907675242 4075520
1758825175451 150.48450057405282 4080640
1758825186212 129.30217645970774 4085760
1758825196643 105.80721979768421 4090880
1758825206784 83.04894661808966 4096000
1758825218153 89.1059038473795 4101120
1758825228986 99.50899169632265 4106240
1758825239136 207.73136545985835 4111360
1758825250265 118.70783686638553 4116480
1758825260976 137.6671152394394 4121600
1758825271533 103.22916000098446 4126720
1758825282508 92.30625673980501 4131840
1758825292624 123.22416123156472 4136960
1758825303713 48.17218527834246 4142080
1758825314459 119.71412261673707 4147200
1758825325334 168.41888853196275 4152320
1758825335589 70.19873135952066 4157440
1758825346333 67.52916552623529 4162560
1758825357012 75.69033096329447 4167680
1758825367927 82.9438380003164 4172800
1758825378299 59.05557354659758 4177920
1758825389555 157.9299646057685 4183040
1758825400744 88.89062201970965 4188160
1758825411010 181.9181124219292 4193280
1758825421170 114.47648680367914 4198400
1758825432503 133.6787353391127 4203520
1758825442798 246.11571411806125 4208640
1758825453511 277.107822410148 4213760
1758825463591 150.27422879868152 4218880
1758825474794 65.89740608650568 4224000
1758825485353 96.66522240147499 4229120
1758825495733 148.52351274787534 4234240
1758825507039 48.584547665933044 4239360
1758825517553 105.75386399737778 4244480
1758825529651 108.11176409939169 4249600
1758825540493 123.15179987080862 4254720
1758825550967 151.61596298438403 4259840
1758825561916 86.35407959481995 4264960
1758825572001 76.93288578293806 4270080
1758825582710 82.2106274133166 4275200
1758825593524 95.79754699312518 4280320
1758825604402 137.01502678688095 4285440
1758825614813 127.64940045042303 4290560
1758825625035 67.29945605956068 4295680
1758825635821 65.6920185440421 4300800
1758825646658 78.62600056237699 4305920
1758825657054 119.26478616924477 4311040
1758825667782 114.40466968523266 4316160
1758825678804 126.19761704176194 4321280
1758825689355 105.56754171805392 4326400
1758825699495 103.86053882725832 4331520
1758825710472 88.7251496625981 4336640
1758825721239 53.21235188145442 4341760
1758825731804 80.78553130838421 4346880
1758825742720 125.98912619026163 4352000
1758825753191 170.0094848202343 4357120
1758825763860 204.0130356534851 4362240
1758825774685 112.23719561145303 4367360
1758825785225 87.32675411201332 4372480
1758825796411 233.96574998605456 4377600
1758825806808 123.66012146942626 4382720
1758825817440 127.859529325692 4387840
1758825828099 106.37342125285316 4392960
1758825839024 93.2378348338335 4398080
1758825849528 91.15079865261328 4403200
1758825860444 206.3009197776794 4408320
1758825870792 130.24170910445906 4413440
1758825881208 89.3336457157462 4418560
1758825892649 86.27592306901163 4423680
1758825902852 133.1778751508224 4428800
1758825913080 66.16560710510956 4433920
1758825924068 122.11914051126769 4439040
1758825934526 50.17950374464623 4444160
1758825945364 113.78086428125764 4449280
1758825956324 72.99138576127247 4454400
1758825967149 90.24278153104694 4459520
1758825977473 106.18491139240507 4464640
1758825988446 72.95456759201281 4469760
1758825998718 100.9095152171298 4474880
1758826009799 97.83774201073011 4480000
1758826020351 54.636810087667875 4485120
1758826030748 108.61570333540502 4490240
1758826041837 78.76627230046948 4495360
1758826052832 127.28526341344987 4500480
1758826062863 117.89700921969867 4505600
1758826073473 143.63071022532702 4510720
1758826084382 231.46095690083328 4515840
1758826094997 90.84675864757737 4520960
1758826105545 53.36604109676188 4526080
1758826116097 49.39123881300047 4531200
1758826126576 126.75442731943185 4536320
1758826137410 70.34826070913421 4541440
1758826147747 78.68500140699747 4546560
1758826158053 129.54178763357837 4551680
1758826169368 178.65587596370915 4556800
1758826179799 96.4385174284926 4561920
1758826190555 209.38019169329073 4567040
1758826201214 73.3667547097203 4572160
1758826211490 108.15079160435253 4577280
1758826222257 68.82000459423095 4582400
1758826233277 88.91700409149689 4587520
1758826243936 117.25431215230215 4592640
1758826254987 229.32225259704757 4597760
1758826265305 101.40231607958803 4602880
1758826275909 72.63492943111957 4608000
1758826286358 45.4893930848987 4613120
1758826296961 111.20165438252293 4618240
1758826307619 55.62294777603904 4623360
1758826317961 83.20215825911012 4628480
1758826328964 75.69716111101084 4633600
1758826339557 61.394733375294585 4638720
1758826350123 184.69787308996433 4643840
1758826360784 94.88516876300787 4648960
1758826371204 90.2874609837477 4654080
1758826382172 118.5266905925905 4659200
1758826392577 169.52162315091746 4664320
1758826403425 117.43487512599395 4669440
1758826414026 71.02850078745492 4674560
1758826424393 105.72987143937485 4679680
1758826435378 50.670532521503816 4684800
1758826445901 55.94792444776438 4689920
1758826456208 145.2220760335157 4695040
1758826466696 175.69237213588573 4700160
1758826477843 104.05120317539073 4705280
1758826488357 152.06671017330143 4710400
1758826499311 72.85319252414368 4715520
1758826509999 60.9734695954295 4720640
1758826521070 131.91709388268595 4725760
1758826531135 78.31622974083203 4730880
1758826541944 110.86363756508868 4736000
1758826552503 92.45478993078517 4741120
1758826562902 106.05067003792668 4746240
1758826573778 105.7138824478274 4751360
1758826584677 151.04811293575338 4756480
1758826596082 142.30521815837687 4761600
1758826606695 267.45976278535903 4766720
1758826616773 131.34289472036073 4771840
1758826627842 160.78138536435773 4776960
1758826638278 76.05403543128615 4782080
1758826648964 93.11777634704616 4787200
1758826659363 52.19068002239781 4792320
1758826669648 64.59135148453862 4797440
1758826680232 118.8154443216906 4802560
1758826691312 88.61455252260627 4807680
1758826701229 70.8940385037946 4812800
1758826712295 109.3092178989341 4817920
1758826723047 217.72757475083057 4823040
1758826733811 50.56424352019289 4828160
1758826744145 78.84326478439039 4833280
1758826755205 191.95899313501144 4838400
1758826765673 120.29782596225549 4843520
1758826776222 118.6910408059313 4848640
1758826786724 242.4032826677455 4853760
1758826796676 95.58577939835916 4858880
1758826808298 103.03896231513782 4864000
1758826818904 177.03461083910182 4869120
1758826829400 82.51955615015346 4874240
1758826839826 61.06668219672704 4879360
1758826850224 67.53895204663296 4884480
1758826860744 65.06630262790482 4889600
1758826871359 107.623524581751 4894720
1758826882579 97.46488822791281 4899840
1758826893201 56.53615139914811 4904960
1758826903568 118.64403711246888 4910080
1758826914224 81.245598062954 4915200
1758826924626 48.58623605592688 4920320
1758826935046 60.59731853906611 4925440
1758826946129 57.70998500254544 4930560
1758826957376 46.05633091392241 4935680
1758826967936 112.53834182988999 4940800
1758826978275 93.09710785075356 4945920
1758826988574 88.47809302816158 4951040
1758826999394 59.36904087872268 4956160
1758827009465 136.88981723237598 4961280
1758827020774 116.89810479375697 4966400
1758827031550 67.88217776914611 4971520
1758827041767 151.44625383643256 4976640
1758827052605 113.39021357123546 4981760
1758827063413 74.83147190008921 4986880
1758827074437 277.12613148331684 4992000
1758827084932 95.11756168359942 4997120
1758827090641 151.53379818635065 5000192
