1771170621318 1.147473931312561 5120
1771170627804 1.1553523540496826 10240
1771170635238 1.1636576652526855 15360
1771170642022 1.1746289730072021 20480
1771170648627 1.1698983907699585 25600
1771170655579 1.1616120338439941 30720
1771170662246 1.1615667343139648 35840
1771170669369 1.1589893102645874 40960
1771170676224 1.161305546760559 46080
1771170682650 1.1595128774642944 51200
1771170689296 1.156145691871643 56320
1771170696366 1.1542329788208008 61440
1771170703090 1.154764175415039 66560
1771170710062 1.1557135581970215 71680
1771170716447 1.1538151502609253 76800
1771170723338 1.154797911643982 81920
1771170730533 1.1561613082885742 87040
1771170737045 1.1565974950790405 92160
1771170744485 1.1536527872085571 97280
1771170750418 1.156965732574463 102400
1771170757790 1.1567827463150024 107520
1771170764214 1.1561071872711182 112640
1771170771725 1.1565275192260742 117760
1771170777963 1.157738208770752 122880
1771170785526 1.1565604209899902 128000
1771170791552 1.15550696849823 133120
1771170799259 1.1532022953033447 138240
1771170805183 1.1534274816513062 143360
1771170812431 1.1542013883590698 148480
1771170818815 1.1534253358840942 153600
1771170826229 1.1527507305145264 158720
1771170832078 1.1529325246810913 163840
1771170839806 1.152908444404602 168960
1771170846052 1.1529972553253174 174080
1771170853792 1.1535909175872803 179200
1771170859544 1.154085397720337 184320
1771170867742 1.154219150543213 189440
1771170873434 1.154542326927185 194560
1771170881155 1.1531695127487183 199680
1771170887516 1.153214454650879 204800
1771170895093 1.1531741619110107 209920
1771170901092 1.1532539129257202 215040
1771170908710 1.153098464012146 220160
1771170915223 1.1535860300064087 225280
1771170922599 1.153446078300476 230400
1771170928676 1.1532726287841797 235520
1771170936518 1.1538355350494385 240640
1771170942574 1.1541551351547241 245760
1771170949832 1.1538695096969604 250880
1771170956132 1.1549187898635864 256000
1771170963479 1.154813528060913 261120
1771170970153 1.1546682119369507 266240
1771170976825 1.1544491052627563 271360
1771170983759 1.1543875932693481 276480
1771170990768 1.154628872871399 281600
1771170997362 1.15468168258667 286720
1771171004529 1.1542491912841797 291840
1771171011506 1.1546202898025513 296960
1771171014418 1.154784083366394 300032
