1760383109430 1.068097611343906 5120
1760383132176 0.9616517865560889 10240
1760383157419 0.9228417405702777 15360
1760383177765 0.9345917549486877 20480
1760383198275 0.947891669055733 25600
1760383223569 0.940085343425894 30720
1760383245786 0.9402428922942879 35840
1760383265930 0.9387838177588935 40960
1760383286135 0.9366344264354246 46080
1760383314231 0.9464997516544478 51200
1760383336626 0.9474995734805153 56320
1760383356217 0.9705043060678832 61440
1760383378221 0.996648703431036 66560
1760383404576 1.0281099277409906 71680
1760383424628 1.055411534916919 76800
1760383445007 1.0823295789020009 81920
1760383468094 1.1156015140362288 87040
1760383493118 1.141642191386459 92160
1760383513336 1.1753129344273434 97280
1760383533562 1.2102735121315773 102400
1760383559887 1.239410289237802 107520
1760383585139 1.2667315786802162 112640
1760383605219 1.2900428222338163 117760
1760383626448 1.3033231678001502 122880
1760383649262 1.3170537332040075 128000
1760383676317 1.3338579608183667 133120
1760383696273 1.3611750452537237 138240
1760383717429 1.384846806279033 143360
1760383737339 1.405755761634546 148480
1760383767134 1.429792031903814 153600
1760383786719 1.4507861362030758 158720
1760383806928 1.4666246228796327 163840
1760383827360 1.479644349874793 168960
1760383855554 1.4927800164396274 174080
1760383877199 1.5128992576471039 179200
1760383898009 1.533118191290721 184320
1760383918921 1.5488187170562175 189440
1760383943777 1.5626236162661384 194560
1760383966560 1.5786441954999384 199680
1760383987464 1.5926314937057582 204800
1760384007934 1.608347698669358 209920
1760384034448 1.6198489232813504 215040
1760384054471 1.6352960167850412 220160
1760384077154 1.6481194827549577 225280
1760384097306 1.6627349129290123 230400
1760384125776 1.6746841485159738 235520
1760384146672 1.6842467501957497 240640
1760384166400 1.6993438037859192 245760
1760384185960 1.7069194943403436 250880
1760384214128 1.7173133032809575 256000
1760384235531 1.725944500160339 261120
1760384259483 1.7335735098186291 266240
1760384282112 1.7404552508210396 271360
1760384313134 1.7486177318482452 276480
1760384337439 1.7547434487891305 281600
1760384358925 1.7615452364336592 286720
1760384382043 1.7675703168934023 291840
1760384409628 1.7721773331637107 296960
1760384416527 1.7733420714572887 300032
