1760383109430 4.673003802281369 5120
1760383132176 4.42479674796748 10240
1760383157419 4.290809327846365 15360
1760383177765 4.284243048403708 20480
1760383198275 4.292116182572614 25600
1760383223569 4.274687065368568 30720
1760383245786 4.254318046456224 35840
1760383265930 4.243088158581116 40960
1760383286135 4.231910946196661 46080
1760383314231 4.248851774530271 51200
1760383336626 4.260190476190476 56320
1760383356217 4.337323943661972 61440
1760383378221 4.415929203539823 66560
1760383404576 4.5027556644213105 71680
1760383424628 4.578372159907967 76800
1760383445007 4.65109964702688 81920
1760383468094 4.752449716348633 87040
1760383493118 4.883168316831683 92160
1760383513336 5.048710601719198 97280
1760383533562 5.180963302752294 102400
1760383559887 5.319299800576114 107520
1760383585139 5.396643297216911 112640
1760383605219 5.472103004291846 117760
1760383626448 5.529411764705882 122880
1760383649262 5.599846977811783 128000
1760383676317 5.665741254858412 133120
1760383696273 5.7457050823192555 138240
1760383717429 5.801140290255701 143360
1760383737339 5.858193979933111 148480
1760383767134 5.916653180126234 153600
1760383786719 5.972832914572864 158720
1760383806928 6.012340036563072 163840
1760383827360 6.038586635127143 168960
1760383855554 6.075960293482952 174080
1760383877199 6.126049244543928 179200
1760383898009 6.185710389964549 184320
1760383918921 6.2432072456046885 189440
1760383943777 6.319535126664926 194560
1760383966560 6.404279856483854 199680
1760383987464 6.494645331989417 204800
1760384007934 6.594819038175508 209920
1760384034448 6.663784705309303 215040
1760384054471 6.767054310034768 220160
1760384077154 6.850265486725664 225280
1760384097306 6.9343938690199725 230400
1760384125776 7.0117714285714285 235520
1760384146672 7.080387300157622 240640
1760384166400 7.170791255132616 245760
1760384185960 7.227918670747704 250880
1760384214128 7.30717754991905 256000
1760384235531 7.371300830317224 261120
1760384259483 7.445894736842106 266240
1760384282112 7.525372512243409 271360
1760384313134 7.6153766769865845 276480
1760384337439 7.699652067130577 281600
1760384358925 7.790969051243024 286720
1760384382043 7.864984417412285 291840
1760384409628 7.945215048398364 296960
1760384416527 7.9710447761194025 300032
