1760383109430 25.725975587794082 5120
1760383132176 23.165055934006606 10240
1760383157419 21.808985831806197 15360
1760383177765 21.735851849635523 20480
1760383198275 21.85032128298431 25600
1760383223569 21.614055819239503 30720
1760383245786 21.52519730459444 35840
1760383265930 21.427449162204127 40960
1760383286135 21.320218399415875 46080
1760383314231 21.52125287464118 51200
1760383336626 21.58339953031994 56320
1760383356217 22.32361551204198 61440
1760383378221 23.08036141534666 66560
1760383404576 23.93305469333067 71680
1760383424628 24.664033939689613 76800
1760383445007 25.398636813012278 81920
1760383468094 26.417155163013916 87040
1760383493118 27.598777680349823 92160
1760383513336 29.200130531872126 97280
1760383533562 30.499659589015018 102400
1760383559887 31.813220236482625 107520
1760383585139 32.596784213608885 112640
1760383605219 33.32667683395364 117760
1760383626448 33.84756626350532 122880
1760383649262 34.493081884522795 128000
1760383676317 35.11094979288488 133120
1760383696273 35.91331918835213 138240
1760383717429 36.50006087697945 143360
1760383737339 37.09142377464269 148480
1760383767134 37.70806977617295 153600
1760383786719 38.30104662066129 158720
1760383806928 38.71382291748493 163840
1760383827360 38.99152565115236 168960
1760383855554 39.36441280193216 174080
1760383877199 39.906870504164736 179200
1760383898009 40.52309145379983 184320
1760383918921 41.10174969453156 189440
1760383943777 41.82352648954474 194560
1760383966560 42.65261682053825 199680
1760383987464 43.523927465349686 204800
1760384007934 44.52025494932478 209920
1760384034448 45.18132360934979 215040
1760384054471 46.1917151284295 220160
1760384077154 47.00540078672336 225280
1760384097306 47.83681066701759 230400
1760384125776 48.59815236467634 235520
1760384146672 49.25487431210726 240640
1760384166400 50.146293602036316 245760
1760384185960 50.685476492417656 250880
1760384214128 51.452500689074725 256000
1760384235531 52.07660370165423 261120
1760384259483 52.8030961849815 266240
1760384282112 53.56287186481412 271360
1760384313134 54.43961320843613 276480
1760384337439 55.25734562352696 281600
1760384358925 56.1485888089703 286720
1760384382043 56.86222982171721 291840
1760384409628 57.643245735469186 296960
1760384416527 57.88992986119209 300032
