1759753308603 500.0 5120
1759753330550 500.0 10240
1759753352309 500.0 15360
1759753377013 500.0 20480
1759753399922 500.0 25600
1759753422996 500.0 30720
1759753444919 500.0 35840
1759753472937 500.0 40960
1759753494563 500.0 46080
1759753516395 500.0 51200
1759753537655 500.0 56320
1759753567801 500.0 61440
1759753589153 500.0 66560
1759753610537 500.0 71680
1759753631597 500.0 76800
1759753661164 500.0 81920
1759753682883 500.0 87040
1759753704193 500.0 92160
1759753727713 500.0 97280
1759753752080 500.0 102400
1759753773534 500.0 107520
1759753796239 500.0 112640
1759753824121 500.0 117760
1759753845691 500.0 122880
1759753867507 500.0 128000
1759753888597 500.0 133120
1759753915518 500.0 138240
1759753940153 500.0 143360
1759753961028 500.0 148480
1759753986591 500.0 153600
1759754008093 500.0 158720
1759754034756 500.0 163840
1759754055718 500.0 168960
1759754080328 500.0 174080
1759754102194 500.0 179200
1759754127745 500.0 184320
1759754149751 500.0 189440
1759754174644 500.0 194560
1759754196431 500.0 199680
1759754221657 500.0 204800
1759754244876 500.0 209920
1759754268081 500.0 215040
1759754289598 500.0 220160
1759754314435 500.0 225280
1759754341282 500.0 230400
1759754363250 500.0 235520
1759754385925 500.0 240640
1759754409422 500.0 245760
1759754433725 500.0 250880
1759754459417 500.0 256000
1759754480992 500.0 261120
1759754504728 500.0 266240
1759754527848 500.0 271360
1759754552663 500.0 276480
1759754577653 500.0 281600
1759754600566 500.0 286720
1759754622254 500.0 291840
1759754647371 500.0 296960
1759754656779 500.0 300032
