1760021645385 500.0 5120
1760021661149 500.0 10240
1760021676877 500.0 15360
1760021702351 500.0 20480
1760021718434 500.0 25600
1760021733922 500.0 30720
1760021754646 500.0 35840
1760021775369 500.0 40960
1760021790465 500.0 46080
1760021808843 500.0 51200
1760021829198 500.0 56320
1760021846559 500.0 61440
1760021862089 500.0 66560
1760021884774 500.0 71680
1760021902484 500.0 76800
1760021918247 500.0 81920
1760021932912 500.0 87040
1760021963190 500.0 92160
1760021979956 500.0 97280
1760021997026 500.0 102400
1760022018632 500.0 107520
1760022045501 500.0 112640
1760022063999 500.0 117760
1760022085428 500.0 122880
1760022102472 500.0 128000
1760022128719 500.0 133120
1760022146574 500.0 138240
1760022165936 500.0 143360
1760022182578 500.0 148480
1760022206533 500.0 153600
1760022223268 500.0 158720
1760022244387 500.0 163840
1760022262975 500.0 168960
1760022286350 500.0 174080
1760022304641 500.0 179200
1760022323652 500.0 184320
1760022341536 500.0 189440
1760022365666 500.0 194560
1760022383254 500.0 199680
1760022403130 500.0 204800
1760022421437 500.0 209920
1760022446146 500.0 215040
1760022464579 500.0 220160
1760022484051 500.0 225280
1760022501916 500.0 230400
1760022524989 500.0 235520
1760022544775 500.0 240640
1760022563610 500.0 245760
1760022581384 500.0 250880
1760022606197 500.0 256000
1760022623524 500.0 261120
1760022642586 500.0 266240
1760022659748 500.0 271360
1760022686470 500.0 276480
1760022704522 500.0 281600
1760022720723 500.0 286720
1760022740369 500.0 291840
1760022766219 500.0 296960
1760022770356 500.0 300032
