1760021645385 0.0 5120
1760021661149 0.0 10240
1760021676877 0.0 15360
1760021702351 0.0 20480
1760021718434 0.0 25600
1760021733922 0.0 30720
1760021754646 0.0 35840
1760021775369 0.0 40960
1760021790465 0.0 46080
1760021808843 0.0 51200
1760021829198 0.0 56320
1760021846559 0.0 61440
1760021862089 0.0 66560
1760021884774 0.0 71680
1760021902484 0.0 76800
1760021918247 0.0 81920
1760021932912 0.0 87040
1760021963190 0.0 92160
1760021979956 0.0 97280
1760021997026 0.0 102400
1760022018632 0.0 107520
1760022045501 0.0 112640
1760022063999 0.0 117760
1760022085428 0.0 122880
1760022102472 0.0 128000
1760022128719 0.0 133120
1760022146574 0.0 138240
1760022165936 0.0 143360
1760022182578 0.0 148480
1760022206533 0.0 153600
1760022223268 0.0 158720
1760022244387 0.0 163840
1760022262975 0.0 168960
1760022286350 0.0 174080
1760022304641 0.0 179200
1760022323652 0.0 184320
1760022341536 0.0 189440
1760022365666 0.0 194560
1760022383254 0.0 199680
1760022403130 0.0 204800
1760022421437 0.0 209920
1760022446146 0.0 215040
1760022464579 0.0 220160
1760022484051 0.0 225280
1760022501916 0.0 230400
1760022524989 0.0 235520
1760022544775 0.0 240640
1760022563610 0.0 245760
1760022581384 0.0 250880
1760022606197 0.0 256000
1760022623524 0.0 261120
1760022642586 0.0 266240
1760022659748 0.0 271360
1760022686470 0.0 276480
1760022704522 0.0 281600
1760022720723 0.0 286720
1760022740369 0.0 291840
1760022766219 0.0 296960
1760022770356 0.0 300032
