1760021645385 24.09486166007905 5120
1760021661149 24.232758620689655 10240
1760021676877 23.406876790830946 15360
1760021702351 22.8604898828541 20480
1760021718434 22.494077834179357 25600
1760021733922 22.639285714285716 30720
1760021754646 22.70203578038248 35840
1760021775369 22.525241675617615 40960
1760021790465 22.395337773549002 46080
1760021808843 22.287483981204613 51200
1760021829198 22.220240403257076 56320
1760021846559 22.19914651493599 61440
1760021862089 22.127171419206817 66560
1760021884774 22.079307201458523 71680
1760021902484 22.03341829510054 76800
1760021918247 22.02550478214665 81920
1760021932912 22.016512384288216 87040
1760021963190 21.975696083058047 92160
1760021979956 21.972501676727028 97280
1760021997026 21.93846806704859 102400
1760022018632 22.021311142683174 107520
1760022045501 22.058629392351 112640
1760022063999 22.0332158099833 117760
1760022085428 22.031122176773962 122880
1760022102472 22.03518961393919 128000
1760022128719 22.08002634612218 133120
1760022146574 22.25499600319744 138240
1760022165936 22.394353087185852 143360
1760022182578 22.417341734173416 148480
1760022206533 22.57359813084112 153600
1760022223268 22.715931721194877 158720
1760022244387 22.730557087699946 163840
1760022262975 22.696180555555557 168960
1760022286350 22.65842609370955 174080
1760022304641 22.623932697137118 179200
1760022323652 22.59670731707317 184320
1760022341536 22.55484482350154 189440
1760022365666 22.522515259702867 194560
1760022383254 22.49103340058283 199680
1760022403130 22.474224552206202 204800
1760022421437 22.451777730466254 209920
1760022446146 22.433689895108525 215040
1760022464579 22.422690864848423 220160
1760022484051 22.394239334851033 225280
1760022501916 22.383380090935475 230400
1760022524989 22.35904707884288 235520
1760022544775 22.343166265951545 240640
1760022563610 22.331704226626844 245760
1760022581384 22.311630791035522 250880
1760022606197 22.295679333680376 256000
1760022623524 22.284645468457747 261120
1760022642586 22.271545257542925 266240
1760022659748 22.261075690698053 271360
1760022686470 22.251904723714812 276480
1760022704522 22.24163715072806 281600
1760022720723 22.236899057041274 286720
1760022740369 22.22311603551643 291840
1760022766219 22.2114954525123 296960
1760022770356 22.20383391310784 300032
