1760021645382 15.41731071472168 5120
1760021661130 6.440110293301669 10240
1760021676874 4.542934775352478 15360
1760021702347 3.464577493213472 20480
1760021718429 2.6855273980360765 25600
1760021733916 2.1254901270712576 30720
1760021754642 1.835201130972968 35840
1760021775364 1.4903189031089223 40960
1760021790458 1.1955029653466267 46080
1760021808838 1.3114661796420228 51200
1760021829192 1.1655784675053187 56320
1760021846554 1.016434184840468 61440
1760021862084 1.0039059899070046 66560
1760021884769 1.087546724668691 71680
1760021902479 1.0241837627009343 76800
1760021918241 1.0357636463494948 81920
1760021932907 0.9076482861541039 87040
1760021963184 0.8512060144445398 92160
1760021979948 0.7565024097760519 97280
1760021997021 0.7459202473706538 102400
1760022018625 0.6874780834845777 107520
1760022045496 0.6438270259547878 112640
1760022063991 0.5702536517176134 117760
1760022085422 0.5725956987743536 122880
1760022102465 0.5276797536819701 128000
1760022128714 0.487215886589225 133120
1760022146569 0.47188087771920595 138240
1760022165931 0.43937882633073955 143360
1760022182573 0.4020243278921467 148480
1760022206527 0.38062533953331956 153600
1760022223262 0.36058548780588 158720
1760022244381 0.35272004145272773 163840
1760022262970 0.3550447843160974 168960
1760022286341 0.35973996167991595 174080
1760022304635 0.33302717317234387 179200
1760022323647 0.3280940292948517 184320
1760022341530 0.33407542013352914 189440
1760022365658 0.3283036716321376 194560
1760022383247 0.29029752283680194 199680
1760022403123 0.27870807837491013 204800
1760022421430 0.27434935616058054 209920
1760022446141 0.2548085840957425 215040
1760022464572 0.2637336077513518 220160
1760022484041 0.2391677010652706 225280
1760022501910 0.2616727331043345 230400
1760022524978 0.24241823551458713 235520
1760022544764 0.22175886267322606 240640
1760022563603 0.22507401620698667 245760
1760022581377 0.21966642286719346 250880
1760022606191 0.2031338680312928 256000
1760022623517 0.2086453139781952 261120
1760022642579 0.21009041431763162 266240
1760022659741 0.20387676066922067 271360
1760022686464 0.19624090722566162 276480
1760022704516 0.1983459548673768 281600
1760022720716 0.1978280654581416 286720
1760022740361 0.18545477873795516 291840
1760022766208 0.1837552224647548 296960
1760022770350 0.06020150168357042 300032
