1760021645385 17.616930090862773 5120
1760021661149 17.487414261390423 10240
1760021676877 18.130855265182888 15360
1760021702351 18.43279288294978 20480
1760021718434 18.55459842585065 25600
1760021733922 18.762564915248326 30720
1760021754646 18.89809414429991 35840
1760021775369 18.923667801181946 40960
1760021790465 18.693241979597182 46080
1760021808843 18.578563405020223 51200
1760021829198 18.51251682194225 56320
1760021846559 18.42741936674159 61440
1760021862089 18.39567223332898 66560
1760021884774 18.385392575305996 71680
1760021902484 18.385859677150815 76800
1760021918247 18.39098704355303 81920
1760021932912 18.30945149474899 87040
1760021963190 18.239082253614985 92160
1760021979956 18.183459480843393 97280
1760021997026 18.173743015081293 102400
1760022018632 18.229343384111147 107520
1760022045501 18.305372714718622 112640
1760022063999 18.261161471501556 117760
1760022085428 18.1929237926089 122880
1760022102472 18.156321033911777 128000
1760022128719 18.033999697608138 133120
1760022146574 17.850696137425995 138240
1760022165936 17.56711209327066 143360
1760022182578 17.234622459743534 148480
1760022206533 16.999922725641838 153600
1760022223268 16.84394863774393 158720
1760022244387 16.81345372060617 163840
1760022262975 16.78731564578847 168960
1760022286350 16.796632707967618 174080
1760022304641 16.81882615906099 179200
1760022323652 16.818948193061644 184320
1760022341536 16.809150672303474 189440
1760022365666 16.824846913734092 194560
1760022383254 16.82921551941917 199680
1760022403130 16.853806341928706 204800
1760022421437 16.83529416190479 209920
1760022446146 16.84671053152018 215040
1760022464579 16.874721978458396 220160
1760022484051 16.88869555081682 225280
1760022501916 16.91088715441005 230400
1760022524989 16.94064277970604 235520
1760022544775 16.927820627936732 240640
1760022563610 16.958966532339605 245760
1760022581384 16.958013181258096 250880
1760022606197 16.971233700870247 256000
1760022623524 16.957373196323434 261120
1760022642586 16.988143872570884 266240
1760022659748 17.000638304805957 271360
1760022686470 17.030484165182777 276480
1760022704522 17.047259797715896 281600
1760022720723 17.0464310963752 286720
1760022740369 17.060932618855002 291840
1760022766219 17.10108994392519 296960
1760022770356 17.097852072067436 300032
