1771196378858 19.838184356689453 6144
1771196413391 20.611448287963867 12288
1771196430475 20.910966873168945 18432
1771196454768 21.28516960144043 24576
1771196489767 21.38573455810547 30720
1771196524144 21.501489639282227 36864
1771196540202 21.58251953125 43008
1771196566048 21.56820297241211 49152
1771196601213 21.68429183959961 55296
1771196635649 21.742313385009766 61440
1771196650959 21.74703598022461 67584
1771196677619 21.76677894592285 73728
1771196712468 21.758495330810547 79872
1771196746930 21.754077911376953 86016
1771196761120 21.72019386291504 92160
1771196789361 21.748266220092773 98304
1771196824159 21.74159049987793 104448
1771196857889 21.78061294555664 110592
1771196872545 21.804988861083984 116736
1771196901838 21.832799911499023 122880
1771196935575 21.828554153442383 129024
1771196968836 21.8572940826416 135168
1771196982554 21.85818099975586 141312
1771197011754 21.85675811767578 147456
1771197046361 21.844614028930664 153600
1771197078992 21.830219268798828 159744
1771197093711 21.868844985961914 165888
1771197123604 21.864208221435547 172032
1771197157820 21.859437942504883 178176
1771197190196 21.895214080810547 184320
1771197203070 21.906288146972656 190464
1771197234250 21.918479919433594 196608
1771197268955 21.92978286743164 202752
1771197302172 21.968196868896484 208896
1771197313313 21.989303588867188 215040
1771197346215 21.972267150878906 221184
1771197379849 21.957231521606445 227328
1771197413682 21.943571090698242 233472
1771197424690 21.95783233642578 239616
1771197457900 21.95224380493164 245760
1771197491260 21.95221710205078 251904
1771197524799 21.95514678955078 258048
1771197534643 21.959928512573242 264192
1771197568254 21.965229034423828 270336
1771197602466 21.969371795654297 276480
1771197636791 21.971294403076172 282624
1771197645891 21.95644187927246 288768
1771197678992 21.9593563079834 294912
1771197710710 21.960416793823242 301056
