1771196378858 26.21558380126953 6144
1771196413391 26.557754516601562 12288
1771196430475 26.618663787841797 18432
1771196454768 26.932645797729492 24576
1771196489767 26.97644805908203 30720
1771196524144 27.100996017456055 36864
1771196540202 27.152860641479492 43008
1771196566048 27.097803115844727 49152
1771196601213 27.239587783813477 55296
1771196635649 27.287595748901367 61440
1771196650959 27.27784538269043 67584
1771196677619 27.290700912475586 73728
1771196712468 27.270938873291016 79872
1771196746930 27.24970054626465 86016
1771196761120 27.192726135253906 92160
1771196789361 27.216646194458008 98304
1771196824159 27.211471557617188 104448
1771196857889 27.259092330932617 110592
1771196872545 27.285314559936523 116736
1771196901838 27.327468872070312 122880
1771196935575 27.31793975830078 129024
1771196968836 27.35047721862793 135168
1771196982554 27.346229553222656 141312
1771197011754 27.34739112854004 147456
1771197046361 27.32670783996582 153600
1771197078992 27.298625946044922 159744
1771197093711 27.344499588012695 165888
1771197123604 27.33760643005371 172032
1771197157820 27.329395294189453 178176
1771197190196 27.36839485168457 184320
1771197203070 27.378582000732422 190464
1771197234250 27.386940002441406 196608
1771197268955 27.40103530883789 202752
1771197302172 27.442256927490234 208896
1771197313313 27.45948028564453 215040
1771197346215 27.43633270263672 221184
1771197379849 27.41741180419922 227328
1771197413682 27.39900016784668 233472
1771197424690 27.41840171813965 239616
1771197457900 27.421279907226562 245760
1771197491260 27.41168975830078 251904
1771197524799 27.413654327392578 258048
1771197534643 27.420345306396484 264192
1771197568254 27.422945022583008 270336
1771197602466 27.426788330078125 276480
1771197636791 27.432912826538086 282624
1771197645891 27.42057991027832 288768
1771197678992 27.425146102905273 294912
1771197710710 27.429868698120117 301056
