1771196378855 22.894838333129883 6144
1771196413389 21.5606632232666 12288
1771196430472 21.2357177734375 18432
1771196454766 21.848907470703125 24576
1771196489765 19.937456130981445 30720
1771196524142 22.00001335144043 36864
1771196540200 20.91655731201172 43008
1771196566046 21.06873893737793 49152
1771196601211 21.7502384185791 55296
1771196635647 20.78154945373535 61440
1771196650956 20.62803840637207 67584
1771196677617 21.651290893554688 73728
1771196712466 21.727638244628906 79872
1771196746928 21.8046875 86016
1771196761117 21.327463150024414 92160
1771196789359 21.149070739746094 98304
1771196824157 22.42888832092285 104448
1771196857886 21.719797134399414 110592
1771196872542 20.482925415039062 116736
1771196901836 21.21491050720215 122880
1771196935573 23.078351974487305 129024
1771196968833 22.194189071655273 135168
1771196982551 22.052709579467773 141312
1771197011752 20.59172821044922 147456
1771197046359 21.588354110717773 153600
1771197078989 21.116247177124023 159744
1771197093709 22.259302139282227 165888
1771197123602 22.492464065551758 172032
1771197157818 24.447046279907227 178176
1771197190193 22.261682510375977 184320
1771197203067 22.096206665039062 190464
1771197234247 22.915802001953125 196608
1771197268953 21.80704689025879 202752
1771197302170 21.39005470275879 208896
1771197313310 22.706022262573242 215040
1771197346213 21.043500900268555 221184
1771197379846 22.401281356811523 227328
1771197413679 20.156984329223633 233472
1771197424687 23.760881423950195 239616
1771197457897 22.78540802001953 245760
1771197491257 23.10314178466797 251904
1771197524797 23.056554794311523 258048
1771197534641 22.78496551513672 264192
1771197568251 22.57489585876465 270336
1771197602464 23.56435203552246 276480
1771197636789 23.975248336791992 282624
1771197645889 22.21758460998535 288768
1771197678990 22.58466911315918 294912
1771197710707 23.060409545898438 301056
