1771196378858 2.1202895641326904 6144
1771196413391 1.8861833810806274 12288
1771196430475 1.7586095333099365 18432
1771196454768 1.7033050060272217 24576
1771196489767 1.6809202432632446 30720
1771196524144 1.654310703277588 36864
1771196540202 1.6378583908081055 43008
1771196566048 1.6161726713180542 49152
1771196601213 1.6155645847320557 55296
1771196635649 1.609513759613037 61440
1771196650959 1.6044902801513672 67584
1771196677619 1.599406361579895 73728
1771196712468 1.5917648077011108 79872
1771196746930 1.5806876420974731 86016
1771196761120 1.5786514282226562 92160
1771196789361 1.5787696838378906 98304
1771196824159 1.5837048292160034 104448
1771196857889 1.589532732963562 110592
1771196872545 1.5891873836517334 116736
1771196901838 1.5944148302078247 122880
1771196935575 1.5913251638412476 129024
1771196968836 1.5965250730514526 135168
1771196982554 1.5952672958374023 141312
1771197011754 1.593705654144287 147456
1771197046361 1.5905336141586304 153600
1771197078992 1.581457495689392 159744
1771197093711 1.582260251045227 165888
1771197123604 1.5792534351348877 172032
1771197157820 1.5783013105392456 178176
1771197190196 1.5782811641693115 184320
1771197203070 1.576237678527832 190464
1771197234250 1.5721040964126587 196608
1771197268955 1.5725513696670532 202752
1771197302172 1.5709995031356812 208896
1771197313313 1.5679601430892944 215040
1771197346215 1.566187858581543 221184
1771197379849 1.5611450672149658 227328
1771197413682 1.5588642358779907 233472
1771197424690 1.562436580657959 239616
1771197457900 1.5671197175979614 245760
1771197491260 1.5649076700210571 251904
1771197524799 1.564652681350708 258048
1771197534643 1.5647245645523071 264192
1771197568254 1.5637953281402588 270336
1771197602466 1.561187744140625 276480
1771197636791 1.56331205368042 282624
1771197645891 1.5652095079421997 288768
1771197678992 1.565180778503418 294912
1771197710710 1.5657702684402466 301056
