1771171226517 0.07287025451660156 8192
1771171264035 0.06628265976905823 16384
1771171299247 0.06121928244829178 24576
1771171303892 0.055740904062986374 32768
1771171336643 0.051083870232105255 40960
1771171342132 0.04753841832280159 49152
1771171374696 0.04429904371500015 57344
1771171380156 0.041722994297742844 65536
1771171412760 0.039898958057165146 73728
1771171418883 0.038332946598529816 81920
1771171450217 0.03835248202085495 90112
1771171456621 0.03954048827290535 98304
1771171488835 0.041446492075920105 106496
1771171495344 0.044864196330308914 114688
1771171526989 0.04791099578142166 122880
1771171533830 0.05142999812960625 131072
1771171565452 0.05457613244652748 139264
1771171572394 0.05688663199543953 147456
1771171603666 0.059211600571870804 155648
1771171610985 0.061698026955127716 163840
1771171641740 0.06411311775445938 172032
1771171649226 0.06631849706172943 180224
1771171680034 0.06869494169950485 188416
1771171687715 0.07084465026855469 196608
1771171718529 0.07268388569355011 204800
1771171726219 0.07439033687114716 212992
1771171756885 0.07581334561109543 221184
1771171764620 0.07745738327503204 229376
1771171795178 0.07854857295751572 237568
1771171802836 0.07944556325674057 245760
1771171833805 0.08010843396186829 253952
1771171840815 0.08053772896528244 262144
1771171871110 0.08096232265233994 270336
1771171879634 0.0819271057844162 278528
1771171909743 0.08294098824262619 286720
1771171918143 0.08390092104673386 294912
1771171920475 0.08436840772628784 303104
