1771171226517 16.54022979736328 8192
1771171264035 16.266204833984375 16384
1771171299247 16.116926193237305 24576
1771171303892 16.04166030883789 32768
1771171336643 15.955573081970215 40960
1771171342132 15.744129180908203 49152
1771171374696 15.506176948547363 57344
1771171380156 15.260127067565918 65536
1771171412760 15.155861854553223 73728
1771171418883 15.128388404846191 81920
1771171450217 15.197898864746094 90112
1771171456621 15.48474407196045 98304
1771171488835 15.784597396850586 106496
1771171495344 16.15990447998047 114688
1771171526989 16.5225772857666 122880
1771171533830 16.832042694091797 131072
1771171565452 17.046945571899414 139264
1771171572394 17.18299102783203 147456
1771171603666 17.31915855407715 155648
1771171610985 17.433956146240234 163840
1771171641740 17.527162551879883 172032
1771171649226 17.624267578125 180224
1771171680034 17.741273880004883 188416
1771171687715 17.864912033081055 196608
1771171718529 17.952131271362305 204800
1771171726219 18.037887573242188 212992
1771171756885 18.088638305664062 221184
1771171764620 18.156152725219727 229376
1771171795178 18.220460891723633 237568
1771171802836 18.26805305480957 245760
1771171833805 18.295446395874023 253952
1771171840815 18.261470794677734 262144
1771171871110 18.260950088500977 270336
1771171879634 18.30008888244629 278528
1771171909743 18.336307525634766 286720
1771171918143 18.40538215637207 294912
1771171920475 18.426326751708984 303104
