1771171226517 1.8910765647888184 8192
1771171264035 1.757883906364441 16384
1771171299247 1.6496137380599976 24576
1771171303892 1.5316473245620728 32768
1771171336643 1.4322679042816162 40960
1771171342132 1.353056788444519 49152
1771171374696 1.2780559062957764 57344
1771171380156 1.2235015630722046 65536
1771171412760 1.1846182346343994 73728
1771171418883 1.1482232809066772 81920
1771171450217 1.1463052034378052 90112
1771171456621 1.165644884109497 98304
1771171488835 1.1900794506072998 106496
1771171495344 1.2429139614105225 114688
1771171526989 1.2879106998443604 122880
1771171533830 1.344581127166748 131072
1771171565452 1.395890235900879 139264
1771171572394 1.4337140321731567 147456
1771171603666 1.4734989404678345 155648
1771171610985 1.5201711654663086 163840
1771171641740 1.5634373426437378 172032
1771171649226 1.601749300956726 180224
1771171680034 1.6446871757507324 188416
1771171687715 1.6826995611190796 196608
1771171718529 1.7146536111831665 204800
1771171726219 1.7435550689697266 212992
1771171756885 1.7672315835952759 221184
1771171764620 1.7973296642303467 229376
1771171795178 1.8177611827850342 237568
1771171802836 1.8351222276687622 245760
1771171833805 1.8499503135681152 253952
1771171840815 1.8614970445632935 262144
1771171871110 1.8714096546173096 270336
1771171879634 1.8897984027862549 278528
1771171909743 1.908677577972412 286720
1771171918143 1.9245750904083252 294912
1771171920475 1.932484745979309 303104
