1758833079815 500.0 5120
1758833091164 500.0 10240
1758833108766 500.0 15360
1758833119828 500.0 20480
1758833132742 500.0 25600
1758833187286 500.0 30720
1758833206133 500.0 35840
1758833218161 500.0 40960
1758833231816 500.0 46080
1758833379678 500.0 51200
1758833412036 500.0 56320
1758833820379 500.0 61440
1758833931886 500.0 66560
1758833957454 500.0 71680
1758833981101 500.0 76800
1758833997159 500.0 81920
1758834023961 500.0 87040
1758834038325 500.0 92160
1758834052994 500.0 97280
1758834102597 500.0 102400
1758834124500 500.0 107520
1758834146984 500.0 112640
1758834158557 500.0 117760
1758834169338 500.0 122880
1758834361736 500.0 128000
1758834505962 500.0 133120
1758834597920 500.0 138240
1758834618649 500.0 143360
1758834643883 500.0 148480
1758834654088 500.0 153600
1758834680404 500.0 158720
1758834714070 500.0 163840
1758834818605 500.0 168960
1758834864708 499.9122302158273 174080
1758834912909 499.91409458983685 179200
1758834929226 499.91569733962916 184320
1758834956264 499.91700680272106 189440
