1758833079815 4.624107073034559 5120
1758833091164 3.371239406537493 10240
1758833108766 2.974620238768397 15360
1758833119828 2.898089583600041 20480
1758833132742 2.904305279513689 25600
1758833187286 2.815871507793233 30720
1758833206133 2.7026084034649793 35840
1758833218161 2.90184926563851 40960
1758833231816 3.606507820395771 46080
1758833379678 4.2149154603635655 51200
1758833412036 4.750591546559027 56320
1758833820379 5.1813556978688435 61440
1758833931886 5.561037215357121 66560
1758833957454 5.912919526916713 71680
1758833981101 6.234504855589171 76800
1758833997159 6.460001521131999 81920
1758834023961 6.6740425582117515 87040
1758834038325 6.910325461123363 92160
1758834052994 7.079851292423955 97280
1758834102597 7.237851807348684 102400
1758834124500 7.402041128604209 107520
1758834146984 7.544221779818319 112640
1758834158557 7.653755226279991 117760
1758834169338 7.777493413383438 122880
1758834361736 7.873309712909671 128000
1758834505962 7.947195877731375 133120
1758834597920 8.051065638988183 138240
1758834618649 8.131600600363004 143360
1758834643883 8.258926128473917 148480
1758834654088 8.397377392890725 153600
1758834680404 8.50846190959888 158720
1758834714070 8.618397485346378 163840
1758834818605 8.735134971933054 168960
1758834864708 8.836600666452084 174080
1758834912909 8.98406871942382 179200
1758834929226 9.097124599990353 184320
1758834956264 9.207407358471228 189440
