1771178842182 0.09476089477539062 8192
1771178845244 0.09587403386831284 16384
1771178863782 0.08837303519248962 24576
1771178866659 0.08575347810983658 32768
1771178885328 0.08325967937707901 40960
1771178888912 0.08127454668283463 49152
1771178906660 0.08017674088478088 57344
1771178911273 0.07956647872924805 65536
1771178928275 0.0792805477976799 73728
1771178932770 0.07991985231637955 81920
1771178950511 0.08009827882051468 90112
1771178954782 0.0792011246085167 98304
1771178972243 0.07782863080501556 106496
1771178976235 0.07691769301891327 114688
1771178994389 0.07631558179855347 122880
1771178998062 0.07608824968338013 131072
1771179016125 0.07612039148807526 139264
1771179019376 0.07596976310014725 147456
1771179038561 0.07568146288394928 155648
1771179041501 0.07535481452941895 163840
1771179059866 0.07537753880023956 172032
1771179063647 0.07515022903680801 180224
1771179081575 0.07343050837516785 188416
1771179085498 0.07167674601078033 196608
1771179103257 0.07161169499158859 204800
1771179106859 0.07157367467880249 212992
1771179125727 0.07169275730848312 221184
1771179128663 0.07171706855297089 229376
1771179148024 0.07163047045469284 237568
1771179151001 0.07140166312456131 245760
1771179170355 0.07142581790685654 253952
1771179173499 0.07149560749530792 262144
1771179192132 0.07159138470888138 270336
1771179195052 0.07160602509975433 278528
1771179214160 0.07165944576263428 286720
1771179217085 0.07168947160243988 294912
1771179233517 0.07206636667251587 303104
