1771178842182 1.156226396560669 8192
1771178845244 1.186095118522644 16384
1771178863782 1.1757184267044067 24576
1771178866659 1.1728588342666626 32768
1771178885328 1.1732773780822754 40960
1771178888912 1.1688528060913086 49152
1771178906660 1.1660937070846558 57344
1771178911273 1.1610314846038818 65536
1771178928275 1.1590218544006348 73728
1771178932770 1.1611260175704956 81920
1771178950511 1.1630265712738037 90112
1771178954782 1.1627634763717651 98304
1771178972243 1.1628724336624146 106496
1771178976235 1.162786602973938 114688
1771178994389 1.1626105308532715 122880
1771178998062 1.1642241477966309 131072
1771179016125 1.1664605140686035 139264
1771179019376 1.166367769241333 147456
1771179038561 1.1672111749649048 155648
1771179041501 1.1663563251495361 163840
1771179059866 1.165485143661499 172032
1771179063647 1.1667542457580566 180224
1771179081575 1.1653748750686646 188416
1771179085498 1.1650669574737549 196608
1771179103257 1.1644142866134644 204800
1771179106859 1.164719581604004 212992
1771179125727 1.164613962173462 221184
1771179128663 1.1644891500473022 229376
1771179148024 1.1632345914840698 237568
1771179151001 1.1626909971237183 245760
1771179170355 1.1623262166976929 253952
1771179173499 1.1630332469940186 262144
1771179192132 1.1636083126068115 270336
1771179195052 1.162656307220459 278528
1771179214160 1.1628873348236084 286720
1771179217085 1.1620436906814575 294912
1771179233517 1.1615350246429443 303104
