1758845177732 23.32857142857143 6144
1758845193660 21.609682299546144 12288
1758845210671 21.13561076604555 18432
1758845227649 20.892295597484278 24576
1758845228567 20.750792644261256 30720
1758845243948 20.556319407720782 36864
1758845259241 20.292924740874266 43008
1758845275195 20.175867507886434 49152
1758845277826 20.146976090014064 55296
1758845294812 20.121788772597526 61440
1758845309617 20.124674573329475 67584
1758845326884 20.113974495217853 73728
1758845329540 20.1033636140437 79872
1758845344472 20.097488584474885 86016
1758845361874 20.091529763174737 92160
1758845377366 20.100160256410255 98304
1758845381274 20.097206493016234 104448
1758845396262 20.102481699696483 110592
1758845412850 20.12250084717045 116736
1758845428568 20.14124475975492 122880
1758845433689 20.11699677567941 129024
1758845447015 20.120269873863304 135168
1758845463251 20.11058097109178 141312
1758845479129 20.128046317490238 147456
1758845485851 20.13365247768146 153600
1758845498785 20.135707171314742 159744
1758845515245 20.138778937267602 165888
1758845529129 20.14654473897442 172032
1758845537718 20.139168343393695 178176
1758845549420 20.138780804150453 184320
1758845566324 20.1432757718472 190464
1758845581200 20.138105860880145 196608
1758845589398 20.135018192545974 202752
1758845601405 20.144603629417382 208896
1758845616404 20.147604901596733 215040
1758845632721 20.151331828442437 221184
1758845641977 20.160615384615383 227328
1758845651824 20.15870570107858 233472
1758845668382 20.15674007340674 239616
1758845683378 20.157094044907257 245760
1758845693713 20.163979988882712 251904
1758845703585 20.16297100325632 258048
1758845720362 20.171023717511556 264192
1758845735104 20.16339675723699 270336
1758845745082 20.16545981173063 276480
1758845755973 20.166005384724386 282624
1758845770179 20.167707032875573 288768
1758845787182 20.16825159625051 294912
1758845788498 20.163719185423364 301056
