1771161565280 0.06384221464395523 8192
1771161567603 0.07202612608671188 16384
1771161584953 0.07548539340496063 24576
1771161587600 0.07960544526576996 32768
1771161605115 0.08219460397958755 40960
1771161607510 0.08363313972949982 49152
1771161625353 0.0858243852853775 57344
1771161628004 0.08701248466968536 65536
1771161646156 0.08865399658679962 73728
1771161648026 0.08950861543416977 81920
1771161665923 0.0913219228386879 90112
1771161667867 0.09306171536445618 98304
1771161685610 0.09359782189130783 106496
1771161687273 0.09337744861841202 114688
1771161705467 0.09416385740041733 122880
1771161707561 0.09440645575523376 131072
1771161725422 0.09534045308828354 139264
1771161727713 0.09659343957901001 147456
1771161745234 0.09692496806383133 155648
1771161747935 0.09768126904964447 163840
1771161765050 0.09777674823999405 172032
1771161768133 0.09811895340681076 180224
1771161784921 0.09831365197896957 188416
1771161788567 0.09850633889436722 196608
1771161804895 0.09799397736787796 204800
1771161808970 0.0981127992272377 212992
1771161824761 0.09797332435846329 221184
1771161828512 0.09809144586324692 229376
1771161844603 0.09783675521612167 237568
1771161849138 0.09785158932209015 245760
1771161864905 0.09788690507411957 253952
1771161869091 0.09797456860542297 262144
1771161885502 0.09808003157377243 270336
1771161889013 0.09829366207122803 278528
1771161905536 0.09844422340393066 286720
1771161908641 0.09882409870624542 294912
1771161910877 0.09892229735851288 303104
