1771161565280 22.05076789855957 8192
1771161567603 23.129480361938477 16384
1771161584953 23.540414810180664 24576
1771161587600 23.924413681030273 32768
1771161605115 24.171430587768555 40960
1771161607510 24.41282844543457 49152
1771161625353 24.55243492126465 57344
1771161628004 24.669113159179688 65536
1771161646156 24.76071548461914 73728
1771161648026 24.819028854370117 81920
1771161665923 24.890146255493164 90112
1771161667867 25.063066482543945 98304
1771161685610 25.11617660522461 106496
1771161687273 25.062244415283203 114688
1771161705467 25.16673469543457 122880
1771161707561 25.251020431518555 131072
1771161725422 25.40568733215332 139264
1771161727713 25.543367385864258 147456
1771161745234 25.633544921875 155648
1771161747935 25.75288200378418 163840
1771161765050 25.89139747619629 172032
1771161768133 26.019954681396484 180224
1771161784921 26.125288009643555 188416
1771161788567 26.174654006958008 196608
1771161804895 26.239099502563477 204800
1771161808970 26.306421279907227 212992
1771161824761 26.3458194732666 221184
1771161828512 26.426721572875977 229376
1771161844603 26.448278427124023 237568
1771161849138 26.515554428100586 245760
1771161864905 26.565397262573242 253952
1771161869091 26.622848510742188 262144
1771161885502 26.641298294067383 270336
1771161889013 26.699644088745117 278528
1771161905536 26.740842819213867 286720
1771161908641 26.799299240112305 294912
1771161910877 26.817106246948242 303104
