1771777903097 0.0 5120
1771777928390 0.0 10240
1771777953161 0.0 15360
1771777978376 0.0 20480
1771778003482 0.0 25600
1771778028232 0.0 30720
1771778053402 0.0 35840
1771778078187 0.0 40960
1771778103224 0.0 46080
1771778128907 0.0 51200
1771778153824 0.0 56320
1771778179016 0.0 61440
1771778203769 0.0 66560
1771778228531 0.0 71680
1771778253794 0.0 76800
1771778278552 0.0 81920
1771778303430 0.0 87040
1771778328898 0.0 92160
1771778353624 0.0 97280
1771778378363 0.0 102400
1771778403520 0.0 107520
1771778428258 0.0 112640
1771778453497 0.0 117760
1771778478495 0.0 122880
1771778503255 0.0 128000
1771778528683 0.0 133120
1771778553419 0.0 138240
1771778578508 0.0 143360
1771778603754 0.0 148480
1771778628474 0.0 153600
1771778653211 0.0 158720
1771778678440 0.0 163840
1771778703237 0.0 168960
1771778728397 0.0 174080
1771778753138 0.0 179200
1771778777879 0.0 184320
1771778803109 0.0 189440
1771778827867 0.0 194560
1771778852633 0.0 199680
1771778878044 0.0 204800
1771778903123 0.0 209920
1771778928141 0.0 215040
1771778952852 0.0 220160
1771778978016 0.0 225280
1771779003277 0.0 230400
1771779028014 0.0 235520
1771779052752 0.0 240640
1771779077868 0.0 245760
1771779103023 0.0 250880
1771779127748 0.0 256000
1771779152935 0.0 261120
1771779177656 0.0 266240
1771779203215 0.0 271360
1771779228256 0.0 276480
1771779253236 0.0 281600
1771779278770 0.0 286720
1771779303507 0.0 291840
1771779328228 0.0 296960
1771779338542 0.0 300032
