1771777903097 3.25 5120
1771777928390 3.4221789836883545 10240
1771777953161 3.6684210300445557 15360
1771777978376 3.594674587249756 20480
1771778003482 3.5664830207824707 25600
1771778028232 3.5744400024414062 30720
1771778053402 3.861205816268921 35840
1771778078187 4.0827484130859375 40960
1771778103224 4.280646800994873 46080
1771778128907 4.5364155769348145 51200
1771778153824 4.698988914489746 56320
1771778179016 4.950672626495361 61440
1771778203769 5.1790900230407715 66560
1771778228531 5.407990455627441 71680
1771778253794 5.5765509605407715 76800
1771778278552 5.69141149520874 81920
1771778303430 5.767321586608887 87040
1771778328898 5.942458152770996 92160
1771778353624 6.044894218444824 97280
1771778378363 6.213667392730713 102400
1771778403520 6.373481273651123 107520
1771778428258 6.529726505279541 112640
1771778453497 6.64722204208374 117760
1771778478495 6.740811824798584 122880
1771778503255 6.798853874206543 128000
1771778528683 6.921241283416748 133120
1771778553419 7.042044639587402 138240
1771778578508 7.16774320602417 143360
1771778603754 7.260083198547363 148480
1771778628474 7.396492958068848 153600
1771778653211 7.491982936859131 158720
1771778678440 7.604658603668213 163840
1771778703237 7.704507350921631 168960
1771778728397 7.815551280975342 174080
1771778753138 7.898110389709473 179200
1771778777879 8.014971733093262 184320
1771778803109 8.10901165008545 189440
1771778827867 8.191953659057617 194560
1771778852633 8.287637710571289 199680
1771778878044 8.35768985748291 204800
1771778903123 8.433372497558594 209920
1771778928141 8.51165771484375 215040
1771778952852 8.595292091369629 220160
1771778978016 8.669090270996094 225280
1771779003277 8.723394393920898 230400
1771779028014 8.780888557434082 235520
1771779052752 8.850744247436523 240640
1771779077868 8.911397933959961 245760
1771779103023 8.994434356689453 250880
1771779127748 9.068390846252441 256000
1771779152935 9.11367130279541 261120
1771779177656 9.167952537536621 266240
1771779203215 9.218428611755371 271360
1771779228256 9.28529167175293 276480
1771779253236 9.331981658935547 281600
1771779278770 9.381732940673828 286720
1771779303507 9.43821907043457 291840
1771779328228 9.491142272949219 296960
1771779338542 9.51939868927002 300032
