1771777903093 68.40583870178585 5120
1771777928386 69.99489344658978 10240
1771777953158 70.45934686198092 15360
1771777978373 58.44009418846052 20480
1771778003478 71.7588366124893 25600
1771778028229 68.70164288873237 30720
1771778053399 70.67304711194986 35840
1771778078184 70.00540775110993 40960
1771778103221 13.682595916396721 46080
1771778128903 71.22631480632397 51200
1771778153821 59.83998173828682 56320
1771778179013 71.05858435265814 61440
1771778203766 71.15260907918844 66560
1771778228528 55.638442661006835 71680
1771778253791 57.14933507739263 76800
1771778278549 62.15625370480142 81920
1771778303427 72.71804296190989 87040
1771778328895 69.10802082646806 92160
1771778353620 64.73290736796616 97280
1771778378360 60.58243901029856 102400
1771778403517 67.04450127877237 107520
1771778428254 68.02530085309287 112640
1771778453493 69.23350170017497 117760
1771778478492 67.69155288725348 122880
1771778503251 75.93424578173655 128000
1771778528680 72.66261282331133 133120
1771778553416 60.221456466804504 138240
1771778578505 62.807786762503746 143360
1771778603750 74.1790142015811 148480
1771778628471 72.77608314680825 153600
1771778653208 66.42232287080733 158720
1771778678437 57.557931138587364 163840
1771778703233 69.56304834563397 168960
1771778728393 9.550633588742272 174080
1771778753135 71.49341196925018 179200
1771778777875 67.85143005047237 184320
1771778803106 67.6108066284093 189440
1771778827864 74.37104810539567 194560
1771778852630 67.35890023768228 199680
1771778878041 58.14116994732465 204800
1771778903119 57.9035838533326 209920
1771778928138 69.09322131620131 215040
1771778952849 72.41421936775953 220160
1771778978012 70.39430710101875 225280
1771779003274 5.139064473798674 230400
1771779028011 58.46779207382522 235520
1771779052749 75.04703966791318 240640
1771779077864 73.83558074851248 245760
1771779103020 67.19272051520298 250880
1771779127745 68.7196526583108 256000
1771779152931 74.20788733391129 261120
1771779177653 74.68889007603683 266240
1771779203211 70.76963571633455 271360
1771779228252 62.28732662092726 276480
1771779253233 72.95837464558437 281600
1771779278767 68.65778359797021 286720
1771779303504 74.94512641829715 291840
1771779328224 70.56484799542388 296960
1771779338539 69.94936793302425 300032
