1771634892382 0.0 5120
1771634907597 0.0 10240
1771634923537 0.0 15360
1771634938812 0.0 20480
1771634954485 0.0 25600
1771634970341 0.0 30720
1771634985432 0.0 35840
1771635001643 0.0 40960
1771635015940 0.0 46080
1771635032730 0.0 51200
1771635046395 0.0 56320
1771635063862 0.0 61440
1771635077109 0.0 66560
1771635095026 0.0 71680
1771635108227 0.0 76800
1771635126288 0.0 81920
1771635139563 0.0 87040
1771635157148 0.0 92160
1771635170945 0.0 97280
1771635188540 0.0 102400
1771635202534 0.0 107520
1771635219041 0.0 112640
1771635234004 0.0 117760
1771635249435 0.0 122880
1771635265570 0.0 128000
1771635279991 0.0 133120
1771635296525 0.0 138240
1771635310387 0.0 143360
1771635327400 0.0 148480
1771635341370 0.0 153600
1771635358409 0.0 158720
1771635372718 0.0 163840
1771635389449 0.0 168960
1771635404143 0.0 174080
1771635420622 0.0 179200
1771635435441 0.0 184320
1771635450985 0.0 189440
1771635466610 0.0 194560
1771635481720 0.0 199680
1771635498026 0.0 204800
1771635512655 0.0 209920
1771635529841 0.0 215040
1771635543402 0.0 220160
1771635560958 0.0 225280
1771635574478 0.0 230400
1771635591413 0.0 235520
1771635605632 0.0 240640
1771635622131 0.0 245760
1771635636926 0.0 250880
1771635652746 0.0 256000
1771635668142 0.0 261120
1771635683126 0.0 266240
1771635699575 0.0 271360
1771635713431 0.0 276480
1771635731040 0.0 281600
1771635744137 0.0 286720
1771635762268 0.0 291840
1771635775239 0.0 296960
1771635786754 0.0 300032
