1771121652191 0.0 5120
1771121667386 0.0 10240
1771121682035 0.0 15360
1771121696737 0.0 20480
1771121711117 0.0 25600
1771121725744 0.0 30720
1771121740300 0.0 35840
1771121755076 0.0 40960
1771121769314 0.0 46080
1771121783853 0.0 51200
1771121798055 0.0 56320
1771121812891 0.0 61440
1771121826415 0.0 66560
1771121841106 0.0 71680
1771121856097 0.0 76800
1771121870403 0.0 81920
1771121885139 0.0 87040
1771121899908 0.0 92160
1771121914629 0.0 97280
1771121929400 0.0 102400
1771121944241 0.0 107520
1771121958971 0.0 112640
1771121973547 0.0 117760
1771121988437 0.0 122880
1771122003259 0.0 128000
1771122017493 0.0 133120
1771122032307 0.0 138240
1771122047065 0.0 143360
1771122062799 0.0 148480
1771122077643 0.0 153600
1771122092134 0.0 158720
1771122107043 0.0 163840
1771122122781 0.0 168960
1771122137555 0.0 174080
1771122152623 0.0 179200
1771122168091 0.0 184320
1771122181843 0.0 189440
1771122196870 0.0 194560
1771122212202 0.0 199680
1771122226649 0.0 204800
1771122241671 0.0 209920
1771122256122 0.0 215040
1771122270518 0.0 220160
1771122285445 0.0 225280
1771122300155 0.0 230400
1771122314812 0.0 235520
1771122329361 0.0 240640
1771122344048 0.0 245760
1771122358676 0.0 250880
1771122372358 0.0 256000
1771122386699 0.0 261120
1771122401163 0.0 266240
1771122415915 0.0 271360
1771122430693 0.0 276480
1771122445554 0.0 281600
1771122460153 0.0 286720
1771122474835 0.0 291840
1771122489614 0.0 296960
1771122495374 0.0 300032
