1771121652186 -1.1047104597091675 5120
1771121667380 -1.3107985258102417 10240
1771121682029 -3.0525500774383545 15360
1771121696731 -3.867464065551758 20480
1771121711111 -3.9363226890563965 25600
1771121725737 -4.043194770812988 30720
1771121740294 -4.158613681793213 35840
1771121755070 -4.279786586761475 40960
1771121769307 -4.3692193031311035 46080
1771121783847 -4.461050987243652 51200
1771121798048 -4.5634613037109375 56320
1771121812885 -5.155271053314209 61440
1771121826408 -5.444661617279053 66560
1771121841100 -5.582263946533203 71680
1771121856090 -5.9354963302612305 76800
1771121870396 -6.280142784118652 81920
1771121885132 -6.478739261627197 87040
1771121899902 -6.72308349609375 92160
1771121914622 -6.907917022705078 97280
1771121929393 -7.198713779449463 102400
1771121944234 -7.5348663330078125 107520
1771121958964 -7.916204929351807 112640
1771121973540 -8.496049880981445 117760
1771121988430 -9.274380683898926 122880
1771122003252 -10.084688186645508 128000
1771122017485 -11.020642280578613 133120
1771122032300 -11.586851119995117 138240
1771122047057 -12.078481674194336 143360
1771122062791 -12.553089141845703 148480
1771122077636 -13.12122917175293 153600
1771122092127 -13.813545227050781 158720
1771122107036 -14.326245307922363 163840
1771122122773 -14.702369689941406 168960
1771122137547 -15.258584976196289 174080
1771122152615 -15.749011039733887 179200
1771122168083 -16.18059730529785 184320
1771122181835 -16.528396606445312 189440
1771122196862 -16.915056228637695 194560
1771122212194 -17.282466888427734 199680
1771122226641 -17.790761947631836 204800
1771122241663 -18.09242820739746 209920
1771122256114 -18.447370529174805 215040
1771122270510 -18.9849796295166 220160
1771122285437 -19.110733032226562 225280
1771122300147 -19.568979263305664 230400
1771122314804 -20.068851470947266 235520
1771122329353 -20.299022674560547 240640
1771122344040 -20.401039123535156 245760
1771122358668 -20.458099365234375 250880
1771122372349 -20.689321517944336 256000
1771122386691 -21.110782623291016 261120
1771122401154 -21.457860946655273 266240
1771122415906 -21.378660202026367 271360
1771122430684 -21.806888580322266 276480
1771122445545 -21.830556869506836 281600
1771122460144 -22.055360794067383 286720
1771122474826 -22.15903663635254 291840
1771122489605 -22.16851234436035 296960
1771122495365 -22.546987533569336 300032
