1771121652191 1.054639458656311 5120
1771121667386 0.9575709104537964 10240
1771121682035 0.8176285028457642 15360
1771121696737 0.8782332539558411 20480
1771121711117 0.9216626882553101 25600
1771121725744 0.9553643465042114 30720
1771121740300 0.9810714721679688 35840
1771121755076 0.997247040271759 40960
1771121769314 1.022444248199463 46080
1771121783853 1.0301569700241089 51200
1771121798055 1.0366334915161133 56320
1771121812891 1.0366822481155396 61440
1771121826415 1.036624550819397 66560
1771121841106 1.0434061288833618 71680
1771121856097 1.0462111234664917 76800
1771121870403 1.0540791749954224 81920
1771121885139 1.0547853708267212 87040
1771121899908 1.0565177202224731 92160
1771121914629 1.059553861618042 97280
1771121929400 1.072779893875122 102400
1771121944241 1.0855787992477417 107520
1771121958971 1.1013245582580566 112640
1771121973547 1.1179739236831665 117760
1771121988437 1.1388535499572754 122880
1771122003259 1.159554362297058 128000
1771122017493 1.176119327545166 133120
1771122032307 1.1952829360961914 138240
1771122047065 1.2055085897445679 143360
1771122062799 1.2112921476364136 148480
1771122077643 1.2138051986694336 153600
1771122092134 1.2239446640014648 158720
1771122107043 1.2357877492904663 163840
1771122122781 1.2476942539215088 168960
1771122137555 1.2586761713027954 174080
1771122152623 1.269153118133545 179200
1771122168091 1.2798163890838623 184320
1771122181843 1.2862720489501953 189440
1771122196870 1.294425129890442 194560
1771122212202 1.3014745712280273 199680
1771122226649 1.310509204864502 204800
1771122241671 1.3212056159973145 209920
1771122256122 1.3286956548690796 215040
1771122270518 1.3326908349990845 220160
1771122285445 1.3353524208068848 225280
1771122300155 1.343936800956726 230400
1771122314812 1.3469897508621216 235520
1771122329361 1.3510733842849731 240640
1771122344048 1.357470154762268 245760
1771122358676 1.3600231409072876 250880
1771122372358 1.3624733686447144 256000
1771122386699 1.3692489862442017 261120
1771122401163 1.3753137588500977 266240
1771122415915 1.3826959133148193 271360
1771122430693 1.3873270750045776 276480
1771122445554 1.3966336250305176 281600
1771122460153 1.4003952741622925 286720
1771122474835 1.4059486389160156 291840
1771122489614 1.4124679565429688 296960
1771122495374 1.4129852056503296 300032
