1771722688083 498.4548645019531 5120
1771722719520 497.5663146972656 10240
1771722750897 497.7747802734375 15360
1771722782689 498.2993469238281 20480
1771722814260 497.2383117675781 25600
1771722845647 496.7979736328125 30720
1771722877709 496.4942321777344 35840
1771722909088 496.6901550292969 40960
1771722940439 496.4449157714844 46080
1771722972371 496.2541809082031 51200
1771723003742 495.9367370605469 56320
1771723035967 495.9745788574219 61440
1771723067284 495.8759765625 66560
1771723098590 495.9270324707031 71680
1771723130381 495.9588928222656 76800
1771723161689 495.87005615234375 81920
1771723192994 495.576171875 87040
1771723224821 495.61383056640625 92160
1771723256203 495.7540283203125 97280
1771723287565 495.7854309082031 102400
1771723319332 495.7170104980469 107520
1771723350585 495.7519226074219 112640
1771723382289 495.84686279296875 117760
1771723413615 496.0235595703125 122880
1771723444920 495.9704895019531 128000
1771723476633 495.9867248535156 133120
1771723507974 496.072265625 138240
1771723539328 496.2166748046875 143360
1771723570957 496.350830078125 148480
1771723602284 496.1688537597656 153600
1771723633620 496.0563659667969 158720
1771723665348 495.9541931152344 163840
1771723696672 496.0168762207031 168960
1771723728418 496.07696533203125 174080
1771723759710 496.07958984375 179200
1771723790992 496.1354064941406 184320
1771723822650 496.09173583984375 189440
1771723854050 496.1004943847656 194560
1771723885398 496.1559753417969 199680
1771723917016 496.1176452636719 204800
1771723948283 495.99176025390625 209920
1771723979907 496.0444030761719 215040
1771724011207 496.0120544433594 220160
1771724042553 495.9343566894531 225280
1771724074206 495.78118896484375 230400
1771724105727 495.8682556152344 235520
1771724137068 495.8777160644531 240640
1771724168914 495.88714599609375 245760
1771724200451 495.6728820800781 250880
1771724231706 495.6510925292969 256000
1771724263911 495.6677551269531 261120
1771724295162 495.75048828125 266240
1771724326779 495.75982666015625 271360
1771724358202 495.8366394042969 276480
1771724389461 495.8787841796875 281600
1771724421188 495.7870178222656 286720
1771724452501 495.82769775390625 291840
1771724483828 495.86712646484375 296960
1771724496837 495.8953857421875 300032
