1771722688083 20.057979583740234 5120
1771722719520 18.850284576416016 10240
1771722750897 18.829130172729492 15360
1771722782689 17.964967727661133 20480
1771722814260 18.09343910217285 25600
1771722845647 19.638612747192383 30720
1771722877709 20.78087043762207 35840
1771722909088 21.83759880065918 40960
1771722940439 22.834495544433594 46080
1771722972371 23.34298324584961 51200
1771723003742 24.001619338989258 56320
1771723035967 23.951305389404297 61440
1771723067284 24.108205795288086 66560
1771723098590 23.735782623291016 71680
1771723130381 23.68963050842285 76800
1771723161689 23.81670570373535 81920
1771723192994 23.68838119506836 87040
1771723224821 23.556812286376953 92160
1771723256203 23.508747100830078 97280
1771723287565 23.469900131225586 102400
1771723319332 23.666831970214844 107520
1771723350585 23.699115753173828 112640
1771723382289 23.95770835876465 117760
1771723413615 23.54945182800293 122880
1771723444920 23.161897659301758 128000
1771723476633 22.81436538696289 133120
1771723507974 22.427196502685547 138240
1771723539328 22.152700424194336 143360
1771723570957 22.02826499938965 148480
1771723602284 22.187747955322266 153600
1771723633620 22.397127151489258 158720
1771723665348 22.456035614013672 163840
1771723696672 22.64352798461914 168960
1771723728418 22.793054580688477 174080
1771723759710 22.95998191833496 179200
1771723790992 23.11823272705078 184320
1771723822650 23.103300094604492 189440
1771723854050 22.814970016479492 194560
1771723885398 22.60104751586914 199680
1771723917016 22.421642303466797 204800
1771723948283 22.216938018798828 209920
1771723979907 22.101701736450195 215040
1771724011207 21.982446670532227 220160
1771724042553 22.197593688964844 225280
1771724074206 22.25965690612793 230400
1771724105727 22.39915657043457 235520
1771724137068 22.55232810974121 240640
1771724168914 22.62067413330078 245760
1771724200451 22.688810348510742 250880
1771724231706 22.711454391479492 256000
1771724263911 22.581220626831055 261120
1771724295162 22.62400245666504 266240
1771724326779 22.71439552307129 271360
1771724358202 22.800376892089844 276480
1771724389461 22.856788635253906 281600
1771724421188 23.004772186279297 286720
1771724452501 23.09557342529297 291840
1771724483828 23.18810272216797 296960
1771724496837 23.232879638671875 300032
