1760060331087 404.0288660386029 5120
1760060359974 409.0814323425293 10240
1760060390526 409.5603875960896 15360
1760060420554 410.7975353233198 20480
1760060453168 407.8303678385417 25600
1760060483029 405.3575213269095 30720
1760060513830 402.8501030615775 35840
1760060546186 401.589868694803 40960
1760060575628 399.7671352707927 46080
1760060605302 398.90471453795334 51200
1760060638416 397.63569604137217 56320
1760060669228 397.00889159065525 61440
1760060698614 396.70174030172416 66560
1760060728670 396.44382915362075 71680
1760060763589 395.6547234229192 76800
1760060793012 395.2721812491165 81920
1760060822025 395.11193733754334 87040
1760060852496 394.78896602806026 92160
1760060887139 394.36856938391145 97280
1760060916545 393.48140078089193 102400
1760060946077 392.2646755761078 107520
1760060976028 391.01841912776524 112640
1760061012359 389.7940980972782 117760
1760061041723 388.75688275639317 122880
1760061071435 387.9499149639985 128000
1760061101369 387.06897658642157 133120
1760061136538 386.31544293708686 138240
1760061165920 385.4292497136161 143360
1760061195702 384.5390567723607 148480
1760061225555 383.80370846870557 153600
1760061261240 383.27446242645084 158720
1760061291065 382.7928037360894 163840
1760061320761 382.20848839482676 168960
1760061350909 381.6821482835808 174080
1760061386510 381.2138111661846 179200
1760061416385 380.6799037034876 184320
1760061446261 380.0370984452271 189440
1760061476385 379.80404542596324 194560
1760061512033 379.3575349978296 199680
1760061541921 378.88999196620415 204800
1760061571864 378.603751526421 209920
1760061601839 378.2166274609149 215040
1760061637324 377.77629882370013 220160
1760061666994 377.1716251942933 225280
1760061697070 376.47950559275927 230400
1760061727337 375.7850260486386 235520
1760061760629 375.3819321820262 240640
1760061793404 375.00745823582946 245760
1760061824414 374.8977123793399 250880
1760061855541 374.6744103728912 256000
1760061889595 374.2892802496759 261120
1760061923604 374.48561876870156 266240
1760061954796 374.61808801328505 271360
1760061986008 374.6931251822223 276480
1760062022278 374.8986730104313 281600
1760062061090 375.23997860433786 286720
1760062113644 375.6232927235225 291840
1760062162728 376.0132631910601 296960
1760062184205 376.1517700162763 300032
