1760060331081 14.508705711364748 5120
1760060359969 5.35859812823209 10240
1760060390512 3.5375514149665834 15360
1760060420550 2.446235043661935 20480
1760060453162 1.9682013511657717 25600
1760060483024 1.5989272886706936 30720
1760060513825 1.3928204112582736 35840
1760060546182 1.2475793885021675 40960
1760060575624 1.0707683293715768 46080
1760060605298 0.9195772348665723 51200
1760060638409 0.8279995032719203 56320
1760060669223 0.7497786662617667 61440
1760060698608 0.7007693341284087 66560
1760060728664 0.6350718142281117 71680
1760060763584 0.5789838414443167 76800
1760060793007 0.5440411120285222 81920
1760060822018 0.4810844327128211 87040
1760060852487 0.44819131211920105 92160
1760060887134 0.4193763713041942 97280
1760060916537 0.42424976660473507 102400
1760060946071 0.41069885919678883 107520
1760060976023 0.4404940716855161 112640
1760061012353 0.4455223823415822 117760
1760061041717 0.4169997790628229 122880
1760061071429 0.39677116076151525 128000
1760061101364 0.3841563188392697 133120
1760061136533 0.40518735366709097 138240
1760061165908 0.3843216212928718 143360
1760061195693 0.378242306513329 148480
1760061225548 0.34571019797925134 153600
1760061261233 0.3487405275687193 158720
1760061291059 0.3725895692102658 163840
1760061320756 0.3343457210494811 168960
1760061350903 0.35409024612248297 174080
1760061386504 0.3484468731013211 179200
1760061416376 0.33071520051903486 184320
1760061446255 0.3258910409865841 189440
1760061476378 0.3124630548567048 194560
1760061512027 0.31828151625029893 199680
1760061541911 0.30051023900805424 204800
1760061571846 0.3051922492610598 209920
1760061601830 0.28701371875419435 215040
1760061637317 0.2899474024772644 220160
1760061666985 0.2816646623395687 225280
1760061697064 0.28772760998886243 230400
1760061727321 0.278213915061125 235520
1760061760613 0.2875762309058238 240640
1760061793397 0.3017389507214558 245760
1760061824402 0.30182875695267347 250880
1760061855534 0.3144784083879327 256000
1760061889570 0.3280160002410412 261120
1760061923595 0.3142893221186496 266240
1760061954785 0.32938184343782584 271360
1760061985999 0.3224250599906893 276480
1760062022263 0.32757589747940286 281600
1760062061077 0.3259964335431408 286720
1760062113545 0.33396776572807685 291840
1760062162718 0.3271531960398881 296960
1760062184193 0.1259790540962089 300032
