1771702402923 0.8943760395050049 8192
1771702409812 0.8866574168205261 16384
1771702474148 0.8289540410041809 24576
1771702480954 0.7876557111740112 32768
1771702544854 0.5781716704368591 40960
1771702551894 0.3802381753921509 49152
1771702615043 0.2321753054857254 57344
1771702622039 0.12479212135076523 65536
1771702687271 0.037270788103342056 73728
1771702694065 -0.03456084802746773 81920
1771702756659 -0.09355442225933075 90112
1771702765524 -0.14098921418190002 98304
1771702828204 -0.18292459845542908 106496
1771702838174 -0.21532182395458221 114688
1771702897920 -0.2447516918182373 122880
1771702909243 -0.2713129222393036 131072
1771702969440 -0.2965134382247925 139264
1771702979858 -0.3199425935745239 147456
1771703040197 -0.3412368595600128 155648
1771703050515 -0.35837051272392273 163840
1771703112570 -0.3736819624900818 172032
1771703122289 -0.3885885775089264 180224
1771703183979 -0.4031176269054413 188416
1771703194127 -0.41354095935821533 196608
1771703253999 -0.42539018392562866 204800
1771703265849 -0.43460801243782043 212992
1771703325443 -0.40395358204841614 221184
1771703338105 -0.3604937195777893 229376
1771703395393 -0.31614017486572266 237568
1771703409533 -0.27616024017333984 245760
1771703465442 -0.24133017659187317 253952
1771703480316 -0.21054325997829437 262144
1771703535000 -0.17856675386428833 270336
1771703550327 -0.14976967871189117 278528
1771703605070 -0.125194251537323 286720
1771703621938 -0.10019037127494812 294912
1771703647978 -0.08889144659042358 303104
