1771702402920 -0.46417751908302307 8192
1771702409809 -0.6237660646438599 16384
1771702474145 -0.9836428165435791 24576
1771702480951 -0.9775718450546265 32768
1771702544851 -0.9757077693939209 40960
1771702551891 -1.1654986143112183 49152
1771702615039 -0.9399778246879578 57344
1771702622035 -0.07932570576667786 65536
1771702687268 -0.243242084980011 73728
1771702694062 -0.267842173576355 81920
1771702756656 -0.3488815724849701 90112
1771702765520 -0.41273367404937744 98304
1771702828201 -0.44436830282211304 106496
1771702838170 -0.4561527967453003 114688
1771702897917 -0.4685293436050415 122880
1771702909240 -0.5258683562278748 131072
1771702969437 -0.5026074647903442 139264
1771702979855 -0.5077470541000366 147456
1771703040194 -0.504727303981781 155648
1771703050512 -0.5235679745674133 163840
1771703112567 -0.494637668132782 172032
1771703122286 -0.5220751166343689 180224
1771703183976 -0.4844205975532532 188416
1771703194124 -0.4768151044845581 196608
1771703253996 -0.48062950372695923 204800
1771703265846 -1.8951959609985352 212992
1771703325440 -3.5214755535125732 221184
1771703338101 -3.3083720207214355 229376
1771703395389 -3.5335214138031006 237568
1771703409530 -3.390336036682129 245760
1771703465438 -3.2404046058654785 253952
1771703480312 -3.245295524597168 262144
1771703534996 -3.2848119735717773 270336
1771703550324 -4.099708557128906 278528
1771703605066 -4.413591384887695 286720
1771703621935 -4.103634357452393 294912
1771703647975 -4.330862045288086 303104
