1771702402923 15.308330535888672 8192
1771702409812 15.383879661560059 16384
1771702474148 15.211892127990723 24576
1771702480954 14.970131874084473 32768
1771702544854 13.320201873779297 40960
1771702551894 11.772941589355469 49152
1771702615043 10.591889381408691 57344
1771702622039 9.732184410095215 65536
1771702687271 9.067862510681152 73728
1771702694065 8.495767593383789 81920
1771702756659 8.042682647705078 90112
1771702765524 7.678744792938232 98304
1771702828204 7.356295108795166 106496
1771702838174 7.111924648284912 114688
1771702897920 6.886415004730225 122880
1771702909243 6.681992530822754 131072
1771702969440 6.473321914672852 139264
1771702979858 6.283581256866455 147456
1771703040197 6.10502815246582 155648
1771703050515 5.977907180786133 163840
1771703112570 5.86622953414917 172032
1771703122289 5.735556602478027 180224
1771703183979 5.607608318328857 188416
1771703194127 5.524465084075928 196608
1771703253999 5.422602653503418 204800
1771703265849 5.354403018951416 212992
1771703325443 5.620147228240967 221184
1771703338105 5.987168788909912 229376
1771703395393 6.363006591796875 237568
1771703409533 6.695912837982178 245760
1771703465442 6.99130392074585 253952
1771703480316 7.261843681335449 262144
1771703535000 7.550040245056152 270336
1771703550327 7.801757335662842 278528
1771703605070 8.015467643737793 286720
1771703621938 8.24822998046875 294912
1771703647978 8.355292320251465 303104
