1758801950520 2.908201239871179 20224
1758801989396 2.573639778487984 40448
1758802027906 2.5026765912634477 60672
1758802065584 2.4644441240173647 80896
1758802101987 2.47856479028879 101120
1758802139053 2.466884046504796 121344
1758802176341 2.5100886355023064 141568
1758802212985 2.4919382054094865 161792
1758802250434 2.4624871419664536 182016
1758802287791 2.4487645158232025 202240
1758802325417 2.467217172452527 222464
1758802363177 2.4574459244673905 242688
1758802376419 2.4728487533599823 250112
