1771783373467 0.00826446246355772 6144
1771783393283 0.007473841775208712 12288
1771783409271 0.007238883059471846 18432
1771783424782 0.005537974648177624 24576
1771783439722 0.0045045046135783195 30720
1771783455278 0.0043715848587453365 36864
1771783470518 0.0047236657701432705 43008
1771783486520 0.004558640532195568 49152
1771783502114 0.004065040498971939 55296
1771783517461 0.0039880359545350075 61440
1771783533033 0.003920386079698801 67584
1771783548782 0.004140215460211039 73728
1771783564534 0.004833375569432974 79872
1771783579369 0.004957506898790598 86016
1771783595105 0.004841549322009087 92160
1771783611090 0.004946413915604353 98304
1771783626481 0.0050338818691670895 104448
1771783641558 0.005477451253682375 110592
1771783657005 0.005187619011849165 116736
1771783672881 0.005580173805356026 122880
1771783688142 0.005625000223517418 129024
1771783703590 0.005963918287307024 135168
1771783719529 0.0064139110036194324 141312
1771783734659 0.006555586121976376 147456
1771783750844 0.006813417188823223 153600
1771783766004 0.006674222182482481 159744
1771783781717 0.006667474750429392 165888
1771783796945 0.006661213003098965 172032
1771783812305 0.006543321069329977 178176
1771783828578 0.006433322560042143 184320
1771783842837 0.006435277871787548 190464
1771783858848 0.006333639845252037 196608
1771783874720 0.006436918396502733 202752
1771783889482 0.006344323977828026 208896
1771783905754 0.006255835760384798 215040
1771783920541 0.006170598790049553 221184
1771783935906 0.0061766523867845535 227328
1771783951710 0.006270400248467922 233472
1771783967163 0.006192468572407961 239616
1771783982575 0.0061204503290355206 245760
1771783998377 0.0061286212876439095 251904
1771784014738 0.005981511902064085 258048
1771784029016 0.006144742947071791 264192
1771784045339 0.006228219717741013 270336
1771784061642 0.006233239080756903 276480
1771784076526 0.006309371907263994 282624
1771784092463 0.006244795862585306 288768
1771784107818 0.0063863033428788185 294912
1771784118584 0.006498727016150951 301056
