1771783373467 1.020780324935913 6144
1771783393283 0.891351580619812 12288
1771783409271 0.6717222929000854 18432
1771783424782 0.3522035479545593 24576
1771783439722 0.1621284782886505 30720
1771783455278 0.03749644383788109 36864
1771783470518 -0.058821629732847214 43008
1771783486520 -0.13548418879508972 49152
1771783502114 -0.1820223182439804 55296
1771783517461 -0.13365639746189117 61440
1771783533033 -0.05692753568291664 67584
1771783548782 0.010642830282449722 73728
1771783564534 0.061333540827035904 79872
1771783579369 0.11212508380413055 86016
1771783595105 0.1485712230205536 92160
1771783611090 0.1757567673921585 98304
1771783626481 0.19921529293060303 104448
1771783641558 0.21826903522014618 110592
1771783657005 0.24597813189029694 116736
1771783672881 0.2625962495803833 122880
1771783688142 0.28492772579193115 129024
1771783703590 0.305368036031723 135168
1771783719529 0.31772518157958984 141312
1771783734659 0.33573317527770996 147456
1771783750844 0.3505098223686218 153600
1771783766004 0.36003386974334717 159744
1771783781717 0.37419670820236206 165888
1771783796945 0.38527414202690125 172032
1771783812305 0.39493709802627563 178176
1771783828578 0.4038175940513611 184320
1771783842837 0.4153503477573395 190464
1771783858848 0.42020559310913086 196608
1771783874720 0.4278543293476105 202752
1771783889482 0.4355005621910095 208896
1771783905754 0.4462229609489441 215040
1771783920541 0.45299646258354187 221184
1771783935906 0.45473483204841614 227328
1771783951710 0.46410515904426575 233472
1771783967163 0.4693143963813782 239616
1771783982575 0.4724605977535248 245760
1771783998377 0.4779019355773926 251904
1771784014738 0.4834318459033966 258048
1771784029016 0.4882739782333374 264192
1771784045339 0.4929341673851013 270336
1771784061642 0.4930989146232605 276480
1771784076526 0.49651944637298584 282624
1771784092463 0.5006057024002075 288768
1771784107818 0.507387101650238 294912
1771784118584 0.511327862739563 301056
