1771783373467 363.0 6144
1771783393283 669.0 12288
1771783409271 967.0 18432
1771783424782 1264.0 24576
1771783439722 1554.0 30720
1771783455278 1830.0 36864
1771783470518 2117.0 43008
1771783486520 2413.0 49152
1771783502114 2706.0 55296
1771783517461 3009.0 61440
1771783533033 3316.0 67584
1771783548782 3623.0 73728
1771783564534 3931.0 79872
1771783579369 4236.0 86016
1771783595105 4544.0 92160
1771783611090 4852.0 98304
1771783626481 5165.0 104448
1771783641558 5477.0 110592
1771783657005 5783.0 116736
1771783672881 6093.0 122880
1771783688142 6400.0 129024
1771783703590 6707.0 135168
1771783719529 7016.0 141312
1771783734659 7322.0 147456
1771783750844 7632.0 153600
1771783766004 7941.0 159744
1771783781717 8249.0 165888
1771783796945 8557.0 172032
1771783812305 8864.0 178176
1771783828578 9171.0 184320
1771783842837 9479.0 190464
1771783858848 9789.0 196608
1771783874720 10098.0 202752
1771783889482 10403.0 208896
1771783905754 10710.0 215040
1771783920541 11020.0 221184
1771783935906 11333.0 227328
1771783951710 11642.0 233472
1771783967163 11950.0 239616
1771783982575 12254.0 245760
1771783998377 12564.0 251904
1771784014738 12873.0 258048
1771784029016 13182.0 264192
1771784045339 13487.0 270336
1771784061642 13797.0 276480
1771784076526 14106.0 282624
1771784092463 14412.0 288768
1771784107818 14719.0 294912
1771784118584 14926.0 301056
