1771783373467 0.0 6144
1771783393283 0.0 12288
1771783409271 0.0 18432
1771783424782 0.0 24576
1771783439722 0.0 30720
1771783455278 0.0 36864
1771783470518 0.0 43008
1771783486520 0.0 49152
1771783502114 0.0 55296
1771783517461 0.0 61440
1771783533033 0.0 67584
1771783548782 0.0 73728
1771783564534 0.0 79872
1771783579369 0.0 86016
1771783595105 0.0 92160
1771783611090 0.0 98304
1771783626481 0.0 104448
1771783641558 0.0 110592
1771783657005 0.0 116736
1771783672881 0.0 122880
1771783688142 0.0 129024
1771783703590 0.0 135168
1771783719529 0.0 141312
1771783734659 0.0 147456
1771783750844 0.0 153600
1771783766004 0.0 159744
1771783781717 0.0 165888
1771783796945 0.0 172032
1771783812305 0.0 178176
1771783828578 0.0 184320
1771783842837 0.0 190464
1771783858848 0.0 196608
1771783874720 0.0 202752
1771783889482 0.0 208896
1771783905754 0.0 215040
1771783920541 0.0 221184
1771783935906 0.0 227328
1771783951710 0.0 233472
1771783967163 0.0 239616
1771783982575 0.0 245760
1771783998377 0.0 251904
1771784014738 0.0 258048
1771784029016 0.0 264192
1771784045339 0.0 270336
1771784061642 0.0 276480
1771784076526 0.0 282624
1771784092463 0.0 288768
1771784107818 0.0 294912
1771784118584 0.0 301056
