1771783373467 22.531681060791016 6144
1771783393283 21.396114349365234 12288
1771783409271 21.14788055419922 18432
1771783424782 21.056962966918945 24576
1771783439722 21.074003219604492 30720
1771783455278 21.247541427612305 36864
1771783470518 21.264053344726562 43008
1771783486520 21.20472526550293 49152
1771783502114 21.178861618041992 55296
1771783517461 21.093053817749023 61440
1771783533033 20.991254806518555 67584
1771783548782 20.91719627380371 73728
1771783564534 20.839990615844727 79872
1771783579369 20.792964935302734 86016
1771783595105 20.732614517211914 92160
1771783611090 20.676422119140625 98304
1771783626481 20.613359451293945 104448
1771783641558 20.559978485107422 110592
1771783657005 20.53588104248047 116736
1771783672881 20.5007381439209 122880
1771783688142 20.478281021118164 129024
1771783703590 20.457134246826172 135168
1771783719529 20.430444717407227 141312
1771783734659 20.41354751586914 147456
1771783750844 20.392295837402344 153600
1771783766004 20.37337875366211 159744
1771783781717 20.35470962524414 165888
1771783796945 20.33913803100586 172032
1771783812305 20.326940536499023 178176
1771783828578 20.315887451171875 184320
1771783842837 20.30636215209961 190464
1771783858848 20.29308319091797 196608
1771783874720 20.28074836730957 202752
1771783889482 20.27405548095703 208896
1771783905754 20.267133712768555 215040
1771783920541 20.257078170776367 221184
1771783935906 20.240713119506836 227328
1771783951710 20.230545043945312 233472
1771783967163 20.222511291503906 239616
1771783982575 20.221397399902344 245760
1771783998377 20.211397171020508 251904
1771784014738 20.20282745361328 258048
1771784029016 20.1951904296875 264192
1771784045339 20.193742752075195 270336
1771784061642 20.185184478759766 276480
1771784076526 20.179428100585938 282624
1771784092463 20.176658630371094 288768
1771784107818 20.17310905456543 294912
1771784118584 20.16856575012207 301056
