1759531450137 23.18702290076336 5120
1759531459380 22.74089068825911 10240
1759531471756 22.390946502057613 15360
1759531485337 22.144329896907216 20480
1759531494774 21.988429752066114 25600
1759531504490 21.84366391184573 30720
1759531520984 21.736127508854782 35840
1759531532156 21.713768115942027 40960
1759531542364 21.75913083680074 46080
1759531552079 21.72844648063307 51200
1759531570309 21.691404770920105 56320
1759531580816 21.65499306518724 61440
1759531591751 21.66495671689644 66560
1759531602898 21.646410485552575 71680
1759531620810 21.64736988588923 76800
1759531631727 21.671895424836602 81920
1759531642590 21.645438898450948 87040
1759531654443 21.68389199255121 92160
1759531670233 21.686824100640035 97280
1759531680881 21.69884575026233 102400
1759531693761 21.70614122824565 107520
1759531704622 21.70735434574976 112640
1759531718708 21.699068152749863 117760
1759531728686 21.681953439523895 122880
1759531743779 21.67008231143961 128000
1759531757570 21.665912762520193 133120
1759531768539 21.680735087992524 138240
1759531779497 21.675777143715273 143360
1759531793168 21.677639211136892 148480
1759531807314 21.661995515695068 153600
1759531818317 21.661874406618743 158720
1759531830181 21.65423016290068 163840
1759531843339 21.657958455460687 168960
1759531856490 21.65705802301126 174080
1759531870528 21.6637008536732 179200
1759531881019 21.66308159925181 184320
1759531892524 21.663708759954492 189440
1759531905471 21.665706371191135 194560
1759531921510 21.673722864240197 199680
1759531933013 21.681066273311558 204800
1759531943518 21.691627237193995 209920
1759531956083 21.687248995983936 215040
1759531970649 21.683271229652874 220160
1759531983393 21.66637939289476 225280
1759531993800 21.665199887650967 230400
1759532006460 21.663643858202803 235520
1759532020015 21.65068554529976 240640
1759532033762 21.646021580840426 245760
1759532044589 21.637855485866485 250880
1759532056550 21.62999747496002 256000
1759532069125 21.63516302104829 261120
1759532083511 21.631344612644703 266240
1759532094859 21.631980300262132 271360
1759532106260 21.639965681304112 276480
1759532118818 21.644328712567972 281600
1759532133469 21.647253574115876 286720
1759532145793 21.647176227084564 291840
1759532156996 21.645477660733746 296960
1759532163142 21.645717584241286 300032
