1759531450134 14.197470664978027 5120
1759531459377 5.418231010437012 10240
1759531471753 3.7534130215644836 15360
1759531485334 2.633777300516764 20480
1759531494770 2.2347998985877404 25600
1759531504486 1.7465920909758537 30720
1759531520980 1.6249165270063612 35840
1759531532152 1.3613402203815739 40960
1759531542361 1.5656825148540994 46080
1759531552076 1.4909033307842179 51200
1759531570303 1.2563826867512293 56320
1759531580807 1.020323878428975 61440
1759531591745 1.0840257297862659 66560
1759531602894 1.031958714337416 71680
1759531620803 0.7782201390517386 76800
1759531631722 0.6732311837467146 81920
1759531642584 0.6824531444283419 87040
1759531654439 0.6032131216028235 92160
1759531670229 0.5492392977078756 97280
1759531680876 0.5159775195735516 102400
1759531693755 0.4680468091424906 107520
1759531704617 0.47728105493493983 112640
1759531718702 0.4292941915577856 117760
1759531728681 0.42694673459391946 122880
1759531743774 0.43357754510546487 128000
1759531757565 0.3669142104287184 133120
1759531768534 0.38763349897721233 138240
1759531779489 0.35448836603908673 143360
1759531793162 0.35672264229761413 148480
1759531807306 0.3376460170114277 153600
1759531818310 0.3723565187209692 158720
1759531830176 0.3421241156062724 163840
1759531843330 0.29529217065098773 168960
1759531856481 0.2805552677801478 174080
1759531870524 0.2931077209385959 179200
1759531881011 0.2681682070315872 184320
1759531892519 0.2636319744971491 189440
1759531905465 0.2528996292833258 194560
1759531921502 0.23763591659312344 199680
1759531933004 0.24102491881716903 204800
1759531943511 0.23261962353604512 209920
1759531956078 0.20714250899039174 215040
1759531970644 0.22488635999185067 220160
1759531983384 0.20875362465284528 225280
1759531993792 0.22156853380456434 230400
1759532006454 0.2266755909114689 235520
1759532020006 0.2090186264555333 240640
1759532033753 0.20916088389163195 245760
1759532044583 0.20577864530609874 250880
1759532056540 0.21799094363512747 256000
1759532069120 0.19977056235074997 261120
1759532083504 0.16987790001763237 266240
1759532094852 0.20046361048418776 271360
1759532106254 0.1841941917954336 276480
1759532118812 0.18535552854123322 281600
1759532133462 0.19530806422657815 286720
1759532145787 0.15845538852931737 291840
1759532156987 0.15781350807635644 296960
1759532163137 0.06713703793470363 300032
