1771080411321 0.10473763942718506 6144
1771080420576 -0.05072188377380371 12288
1771080424994 -0.18210665881633759 18432
1771080432664 -0.30971458554267883 24576
1771080442027 -0.4371649920940399 30720
1771080450735 -0.5619053840637207 36864
1771080455325 -0.6834023594856262 43008
1771080463063 -0.7982341647148132 49152
1771080473089 -0.8953680396080017 55296
1771080481018 -0.9720890522003174 61440
1771080485393 -1.031762957572937 67584
1771080494012 -1.0676182508468628 73728
1771080503946 -1.0937178134918213 79872
1771080511869 -1.1164344549179077 86016
1771080515859 -1.1395230293273926 92160
1771080525324 -1.1636371612548828 98304
1771080534455 -1.2145596742630005 104448
1771080542780 -1.2742236852645874 110592
1771080546045 -1.3447386026382446 116736
1771080555545 -1.4233325719833374 122880
1771080565142 -1.5045009851455688 129024
1771080573016 -1.5668716430664062 135168
1771080576901 -1.606951355934143 141312
1771080586307 -1.663230538368225 147456
1771080595302 -1.713405728340149 153600
1771080604240 -1.7253822088241577 159744
1771080607844 -1.7321821451187134 165888
1771080617231 -1.7548893690109253 172032
1771080626062 -1.788090705871582 178176
1771080634887 -1.8245729207992554 184320
1771080638086 -1.8479324579238892 190464
1771080648148 -1.8616615533828735 196608
1771080656895 -1.9023243188858032 202752
1771080665285 -1.9430030584335327 208896
1771080668848 -1.9895786046981812 215040
1771080679042 -2.0463168621063232 221184
1771080687592 -2.0841808319091797 227328
1771080696169 -2.1091067790985107 233472
1771080700079 -2.1354076862335205 239616
1771080709870 -2.14327335357666 245760
1771080718524 -2.1640560626983643 251904
1771080726518 -2.190526008605957 258048
1771080730682 -2.2530155181884766 264192
1771080740786 -2.3079278469085693 270336
1771080749554 -2.361039400100708 276480
1771080757458 -2.4007718563079834 282624
1771080761738 -2.4157636165618896 288768
1771080771409 -2.430093765258789 294912
1771080777905 -2.4308042526245117 301056
