1771080411325 2.242776393890381 6144
1771080420582 2.226396083831787 12288
1771080425000 2.1878128051757812 18432
1771080432669 2.1759543418884277 24576
1771080442033 2.182262659072876 30720
1771080450741 2.1844475269317627 36864
1771080455332 2.2398691177368164 43008
1771080463069 2.2737441062927246 49152
1771080473095 2.2811737060546875 55296
1771080481024 2.2932422161102295 61440
1771080485399 2.3130087852478027 67584
1771080494018 2.3355603218078613 73728
1771080503953 2.3468017578125 79872
1771080511875 2.341163158416748 86016
1771080515865 2.3551831245422363 92160
1771080525330 2.3624427318573 98304
1771080534461 2.354083776473999 104448
1771080542787 2.35115385055542 110592
1771080546052 2.3538718223571777 116736
1771080555551 2.3621749877929688 122880
1771080565149 2.373072862625122 129024
1771080573023 2.370403528213501 135168
1771080576908 2.376006603240967 141312
1771080586314 2.3803606033325195 147456
1771080595309 2.3816986083984375 153600
1771080604247 2.396761655807495 159744
1771080607852 2.4043564796447754 165888
1771080617238 2.4118282794952393 172032
1771080626070 2.4157567024230957 178176
1771080634894 2.4217116832733154 184320
1771080638093 2.4241104125976562 190464
1771080648156 2.4233062267303467 196608
1771080656903 2.4274590015411377 202752
1771080665292 2.4271979331970215 208896
1771080668855 2.4243552684783936 215040
1771080679050 2.4184906482696533 221184
1771080687600 2.4129796028137207 227328
1771080696176 2.407431125640869 233472
1771080700086 2.3940277099609375 239616
1771080709877 2.3852272033691406 245760
1771080718532 2.374054193496704 251904
1771080726526 2.3617587089538574 258048
1771080730690 2.3513598442077637 264192
1771080740795 2.3395919799804688 270336
1771080749562 2.326742649078369 276480
1771080757466 2.3120229244232178 282624
1771080761746 2.302753448486328 288768
1771080771417 2.2892508506774902 294912
1771080777913 2.279143810272217 301056
