1771780315457 0.0037174720782786608 5120
1771780340733 0.015717092901468277 10240
1771780365496 0.01184210553765297 15360
1771780390710 0.0109452735632658 20480
1771780415496 0.009592326357960701 25600
1771780440226 0.008643616922199726 30720
1771780465544 0.007959067821502686 35840
1771780490513 0.006947890855371952 40960
1771780515271 0.007123775780200958 46080
1771780540744 0.007349938619881868 51200
1771780565482 0.008689082227647305 56320
1771780590620 0.009203540161252022 61440
1771780615351 0.009274594485759735 66560
1771780640412 0.009253547526896 71680
1771780665524 0.009248554706573486 76800
1771780690257 0.008957655169069767 81920
1771780715269 0.009999999776482582 87040
1771780740471 0.009975668974220753 92160
1771780765172 0.00972447358071804 97280
1771780789882 0.009481808170676231 102400
1771780815107 0.009896820411086082 107520
1771780840019 0.010915706865489483 112640
1771780865211 0.010903426446020603 117760
1771780889924 0.010912511497735977 122880
1771780914946 0.0109449103474617 128000
1771780940154 0.01101047731935978 133120
1771780964897 0.013342575170099735 138240
1771780989902 0.016534503549337387 143360
1771781015076 0.019701197743415833 148480
1771781039804 0.022924013435840607 153600
1771781064503 0.02504304237663746 158720
1771781089660 0.029371270909905434 163840
1771781114372 0.03235955163836479 168960
1771781139690 0.034467585384845734 174080
1771781164403 0.03704235330224037 179200
1771781189115 0.039061401039361954 184320
1771781214575 0.04070407152175903 189440
1771781239558 0.04517259821295738 194560
1771781264316 0.04700290411710739 199680
1771781289433 0.04909326508641243 204800
1771781314146 0.05212428793311119 209920
1771781339225 0.05335157364606857 215040
1771781363944 0.05481626093387604 220160
1771781388684 0.05613530054688454 225280
1771781413811 0.05758111923933029 230400
1771781438558 0.05863267555832863 235520
1771781463535 0.06001594290137291 240640
1771781488860 0.06185682490468025 245760
1771781513572 0.06357236951589584 250880
1771781538308 0.06580086797475815 256000
1771781563437 0.06724928319454193 261120
1771781588421 0.0694502741098404 266240
1771781613497 0.07143594324588776 271360
1771781638215 0.07275683432817459 276480
1771781663270 0.07529035210609436 281600
1771781688371 0.07724178582429886 286720
1771781713410 0.07996886968612671 291840
1771781738498 0.08310966193675995 296960
1771781748888 0.08408007770776749 300032
