1771780315457 0.0 5120
1771780340733 0.0 10240
1771780365496 0.0 15360
1771780390710 0.0 20480
1771780415496 0.0 25600
1771780440226 0.0 30720
1771780465544 0.0 35840
1771780490513 0.0 40960
1771780515271 0.0 46080
1771780540744 0.0 51200
1771780565482 0.0 56320
1771780590620 0.0 61440
1771780615351 0.0 66560
1771780640412 0.0 71680
1771780665524 0.0 76800
1771780690257 0.0 81920
1771780715269 0.0 87040
1771780740471 0.0 92160
1771780765172 0.0 97280
1771780789882 0.0 102400
1771780815107 0.0 107520
1771780840019 0.0 112640
1771780865211 0.0 117760
1771780889924 0.0 122880
1771780914946 0.0 128000
1771780940154 0.0 133120
1771780964897 0.0 138240
1771780989902 0.0 143360
1771781015076 0.0 148480
1771781039804 0.0 153600
1771781064503 0.0 158720
1771781089660 0.0 163840
1771781114372 0.0 168960
1771781139690 0.0 174080
1771781164403 0.0 179200
1771781189115 0.0 184320
1771781214575 0.0 189440
1771781239558 0.0 194560
1771781264316 0.0 199680
1771781289433 0.0 204800
1771781314146 0.0 209920
1771781339225 0.0 215040
1771781363944 0.0 220160
1771781388684 0.0 225280
1771781413811 0.0 230400
1771781438558 0.0 235520
1771781463535 0.0 240640
1771781488860 0.0 245760
1771781513572 0.0 250880
1771781538308 0.0 256000
1771781563437 0.0 261120
1771781588421 0.0 266240
1771781613497 0.0 271360
1771781638215 0.0 276480
1771781663270 0.0 281600
1771781688371 0.0 286720
1771781713410 0.0 291840
1771781738498 0.0 296960
1771781748888 0.0 300032
