1771780315454 68.7692282467905 5120
1771780340730 71.90029999142881 10240
1771780365493 72.89750942871544 15360
1771780390707 70.56366083445491 20480
1771780415493 69.71103761197999 25600
1771780440222 75.67940529031793 30720
1771780465541 70.7708298181082 35840
1771780490510 70.27989276139411 40960
1771780515268 64.08801149038902 46080
1771780540741 72.96725931595978 51200
1771780565479 73.82648337528383 56320
1771780590617 71.61548312189458 61440
1771780615348 61.740866134777875 66560
1771780640408 66.44968314321926 71680
1771780665521 61.69818037392801 76800
1771780690254 70.47000117609502 81920
1771780715265 70.80308580495957 87040
1771780740468 66.7404566791312 92160
1771780765169 67.42278448456011 97280
1771780789879 70.95760446624936 102400
1771780815104 71.55317479272578 107520
1771780840016 57.672689272062264 112640
1771780865208 73.64759178943302 117760
1771780889920 68.63306715538683 122880
1771780914943 3.1061417761340593 128000
1771780940151 68.99888135816279 133120
1771780964893 71.42158498790995 138240
1771780989898 65.13298962668489 143360
1771781015073 73.50432862500438 148480
1771781039801 73.4747131470614 153600
1771781064500 68.33117200482226 158720
1771781089656 73.47857468203637 163840
1771781114369 71.13450808133915 168960
1771781139687 69.81779442363712 174080
1771781164399 72.82157056791152 179200
1771781189112 67.76373271293784 184320
1771781214571 64.50294502114572 189440
1771781239555 41.75389485630096 194560
1771781264313 61.76177644269706 199680
1771781289430 62.72325407507103 204800
1771781314142 72.20851840374617 209920
1771781339222 73.34237952017907 215040
1771781363941 70.92160973960095 220160
1771781388681 65.50222541502038 225280
1771781413808 71.83257407090255 230400
1771781438554 43.11047157011882 235520
1771781463531 72.9901155506056 240640
1771781488857 63.63394171104334 245760
1771781513568 61.80637175444284 250880
1771781538305 71.05136197316709 256000
1771781563433 75.97826244475038 261120
1771781588417 72.78997605081392 266240
1771781613494 73.72267238500342 271360
1771781638212 74.81678885499724 276480
1771781663267 59.50971183723273 281600
1771781688368 72.55828114728575 286720
1771781713407 70.13769000518386 291840
1771781738494 66.26282031027837 296960
1771781748885 68.4683719943192 300032
