1771780315457 7.096649169921875 5120
1771780340733 8.659784317016602 10240
1771780365496 14.118860244750977 15360
1771780390710 18.518848419189453 20480
1771780415496 19.58304214477539 25600
1771780440226 19.400407791137695 30720
1771780465544 19.005146026611328 35840
1771780490513 18.50944709777832 40960
1771780515271 19.377843856811523 46080
1771780540744 20.651596069335938 51200
1771780565482 21.31007194519043 56320
1771780590620 23.068260192871094 61440
1771780615351 26.121131896972656 66560
1771780640412 27.93979835510254 71680
1771780665524 30.070438385009766 76800
1771780690257 31.54183006286621 81920
1771780715269 33.02961349487305 87040
1771780740471 34.374664306640625 92160
1771780765172 35.592872619628906 97280
1771780789882 36.47980499267578 102400
1771780815107 37.326786041259766 107520
1771780840019 38.29334259033203 112640
1771780865211 39.34361267089844 117760
1771780889924 40.1234130859375 122880
1771780914946 40.624996185302734 128000
1771780940154 40.63984680175781 133120
1771780964897 41.328914642333984 138240
1771780989902 42.83347702026367 143360
1771781015076 43.85701370239258 148480
1771781039804 45.027408599853516 153600
1771781064503 46.01314926147461 158720
1771781089660 47.262298583984375 163840
1771781114372 48.34121322631836 168960
1771781139690 49.513267517089844 174080
1771781164403 50.881874084472656 179200
1771781189115 51.89796829223633 184320
1771781214575 52.64969253540039 189440
1771781239558 53.54401397705078 194560
1771781264316 54.13093948364258 199680
1771781289433 54.87162399291992 204800
1771781314146 55.545387268066406 209920
1771781339225 56.39768600463867 215040
1771781363944 57.04060363769531 220160
1771781388684 57.555030822753906 225280
1771781413811 58.33921432495117 230400
1771781438558 58.7935676574707 235520
1771781463535 59.31288146972656 240640
1771781488860 59.69617462158203 245760
1771781513572 60.27095413208008 250880
1771781538308 60.65679168701172 256000
1771781563437 61.279296875 261120
1771781588421 61.82955551147461 266240
1771781613497 62.46195983886719 271360
1771781638215 63.129478454589844 276480
1771781663270 63.72637939453125 281600
1771781688371 64.44522094726562 286720
1771781713410 65.17124938964844 291840
1771781738498 65.65270233154297 296960
1771781748888 65.91246795654297 300032
