1758803445740 -0.38167240295809457 20224
1758803490885 -0.39449044545890655 40448
1758803531594 -0.252295938863806 60672
1758803574369 -0.16189852776896252 80896
1758803617362 -0.1163572698843401 101120
1758803660864 -0.0934572342063323 121344
1758803702439 -0.07312774169255468 141568
1758803741522 -0.05751709482704182 161792
1758803782005 -0.046113984358197496 182016
1758803822355 -0.03658866594014959 202240
1758803862624 -0.026408732289054295 222464
1758803903019 -0.018996086016074935 242688
1758803918887 -0.01597681091937808 250112
