1758803445736 -0.1663499093032442 20224
1758803490880 -0.13620887822969435 40448
1758803531590 -0.2508549017816031 60672
1758803574357 -0.2758013260101294 80896
1758803617359 -0.2840026592967486 101120
1758803660860 -0.23785130676470304 121344
1758803702435 -0.20518562036300825 141568
1758803741518 -0.16990581931661092 161792
1758803781999 -0.13576509962590894 182016
1758803822351 -0.1203533747102759 202240
1758803862619 -0.10302098146800337 222464
1758803903013 -0.09331727561759748 242688
1758803918884 -0.028093997202241677 250112
