1771632976674 278.0 5120
1771632985652 512.0 10240
1771632996519 754.0 15360
1771633005778 992.0 20480
1771633019074 1231.0 25600
1771633027442 1462.0 30720
1771633038225 1680.0 35840
1771633047443 1887.0 40960
1771633060817 2079.0 46080
1771633069407 2274.0 51200
1771633080749 2471.0 56320
1771633089603 2655.0 61440
1771633102218 2842.0 66560
1771633111047 3037.0 71680
1771633122588 3257.0 76800
1771633131472 3477.0 81920
1771633143490 3706.0 87040
1771633153234 3937.0 92160
1771633164387 4166.0 97280
1771633173542 4407.0 102400
1771633184962 4639.0 107520
1771633195517 4869.0 112640
1771633206106 5106.0 117760
1771633216171 5343.0 122880
1771633226553 5588.0 128000
1771633236873 5830.0 133120
1771633247704 6096.0 138240
1771633258337 6337.0 143360
1771633267977 6582.0 148480
1771633279082 6818.0 153600
1771633290023 7059.0 158720
1771633299946 7287.0 163840
1771633309161 7520.0 168960
1771633320867 7752.0 174080
1771633331590 7993.0 179200
1771633342129 8211.0 184320
1771633350810 8410.0 189440
1771633362370 8654.0 194560
1771633373614 8910.0 199680
1771633382635 9166.0 204800
1771633392346 9428.0 209920
1771633404117 9685.0 215040
1771633415829 9944.0 220160
1771633424474 10196.0 225280
1771633434215 10456.0 230400
1771633445623 10719.0 235520
1771633457209 10981.0 240640
1771633466846 11240.0 245760
1771633476352 11494.0 250880
1771633487784 11740.0 256000
1771633498589 11985.0 261120
1771633508108 12245.0 266240
1771633518305 12505.0 271360
1771633529516 12762.0 276480
1771633540084 13024.0 281600
1771633549982 13280.0 286720
1771633560586 13538.0 291840
1771633571153 13796.0 296960
1771633575426 13898.0 300032
