1771632976674 15.126262664794922 5120
1771632985652 15.227458000183105 10240
1771632996519 14.961955070495605 15360
1771633005778 14.784079551696777 20480
1771633019074 14.449729919433594 25600
1771633027442 14.394110679626465 30720
1771633038225 14.010319709777832 35840
1771633047443 13.610617637634277 40960
1771633060817 13.364813804626465 46080
1771633069407 13.124115943908691 51200
1771633080749 12.889937400817871 56320
1771633089603 12.6414794921875 61440
1771633102218 12.284077644348145 66560
1771633111047 11.926467895507812 71680
1771633122588 11.446794509887695 76800
1771633131472 11.027660369873047 81920
1771633143490 10.583721160888672 87040
1771633153234 10.172618865966797 92160
1771633164387 9.85289478302002 97280
1771633173542 9.527161598205566 102400
1771633184962 9.255763053894043 107520
1771633195517 8.986273765563965 112640
1771633206106 8.727330207824707 117760
1771633216171 8.487340927124023 122880
1771633226553 8.239301681518555 128000
1771633236873 8.025626182556152 133120
1771633247704 7.780249118804932 138240
1771633258337 7.5988688468933105 143360
1771633267977 7.430848121643066 148480
1771633279082 7.319418907165527 153600
1771633290023 7.202415943145752 158720
1771633299946 7.080090045928955 163840
1771633309161 6.9913434982299805 168960
1771633320867 6.90908145904541 174080
1771633331590 6.807529449462891 179200
1771633342129 6.76969575881958 184320
1771633350810 6.8112359046936035 189440
1771633362370 6.984727382659912 194560
1771633373614 7.22467565536499 199680
1771633382635 7.461112022399902 204800
1771633392346 7.66188383102417 209920
1771633404117 7.867530345916748 215040
1771633415829 8.087459564208984 220160
1771633424474 8.29558277130127 225280
1771633434215 8.458898544311523 230400
1771633445623 8.644728660583496 235520
1771633457209 8.830410957336426 240640
1771633466846 9.030069351196289 245760
1771633476352 9.243141174316406 250880
1771633487784 9.422930717468262 256000
1771633498589 9.587737083435059 261120
1771633508108 9.748517990112305 266240
1771633518305 9.875502586364746 271360
1771633529516 9.996169090270996 276480
1771633540084 10.122191429138184 281600
1771633549982 10.238280296325684 286720
1771633560586 10.336355209350586 291840
1771633571153 10.443374633789062 296960
1771633575426 10.494293212890625 300032
