1771632976674 22.59395408630371 5120
1771632985652 22.68047523498535 10240
1771632996519 21.43097496032715 15360
1771633005778 20.273540496826172 20480
1771633019074 18.716445922851562 25600
1771633027442 18.30773162841797 30720
1771633038225 17.458698272705078 35840
1771633047443 16.3870849609375 40960
1771633060817 15.50102424621582 46080
1771633069407 14.7374906539917 51200
1771633080749 14.056388854980469 56320
1771633089603 13.310519218444824 61440
1771633102218 12.293283462524414 66560
1771633111047 11.138776779174805 71680
1771633122588 9.775422096252441 76800
1771633131472 8.52663516998291 81920
1771633143490 7.312684535980225 87040
1771633153234 6.262956619262695 92160
1771633164387 5.327086448669434 97280
1771633173542 4.433444976806641 102400
1771633184962 3.6505885124206543 107520
1771633195517 2.9342377185821533 112640
1771633206106 2.2967965602874756 117760
1771633216171 1.6504781246185303 122880
1771633226553 1.0498770475387573 128000
1771633236873 0.513291597366333 133120
1771633247704 -0.06922145932912827 138240
1771633258337 -0.5375719666481018 143360
1771633267977 -0.96513831615448 148480
1771633279082 -1.3278172016143799 153600
1771633290023 -1.6784731149673462 158720
1771633299946 -2.0170187950134277 163840
1771633309161 -2.2935128211975098 168960
1771633320867 -2.551193952560425 174080
1771633331590 -2.814362049102783 179200
1771633342129 -2.9537739753723145 184320
1771633350810 -2.8811936378479004 189440
1771633362370 -2.477330207824707 194560
1771633373614 -1.9611282348632812 199680
1771633382635 -1.4438166618347168 204800
1771633392346 -1.0121707916259766 209920
1771633404117 -0.5681760907173157 215040
1771633415829 -0.04119370877742767 220160
1771633424474 0.40426233410835266 225280
1771633434215 0.7537456750869751 230400
1771633445623 1.1234134435653687 235520
1771633457209 1.5577069520950317 240640
1771633466846 2.0386154651641846 245760
1771633476352 2.585357427597046 250880
1771633487784 3.0591886043548584 256000
1771633498589 3.475264072418213 261120
1771633508108 3.840820789337158 266240
1771633518305 4.11610221862793 271360
1771633529516 4.333888530731201 276480
1771633540084 4.606291770935059 281600
1771633549982 4.863522052764893 286720
1771633560586 5.0924506187438965 291840
1771633571153 5.310526371002197 296960
1771633575426 5.409900665283203 300032
