1759801683296 18.493342194733795 5120
1759801701380 17.46665523898217 10240
1759801724751 16.50395595993604 15360
1759801750464 16.13386988006862 20480
1759801770060 15.469076139053149 25600
1759801790069 14.80439574809014 30720
1759801812474 13.977111879372368 35840
1759801835937 13.333969725823575 40960
1759801857489 12.787915015980593 46080
1759801879822 12.35064931099679 51200
1759801899942 11.77863138969371 56320
1759801921172 11.40944605935017 61440
1759801943067 11.116916029773435 66560
1759801965738 10.826469583601103 71680
1759801989250 10.632997496026247 76800
1759802011279 10.404323761974375 81920
1759802030697 10.189543724334655 87040
1759802055355 9.999989730776942 92160
1759802074940 9.874888306607419 97280
1759802096565 9.743104069243444 102400
1759802114533 9.56589560030893 107520
1759802138092 9.402549380347843 112640
1759802159122 9.311239819889275 117760
1759802179315 9.194184308503479 122880
1759802195249 9.130763780989456 128000
1759802221581 9.063666442011444 133120
1759802239560 8.969631185424848 138240
1759802255974 8.891357650172818 143360
1759802272058 8.837108814452142 148480
1759802303667 8.775032716784517 153600
1759802324791 8.730502395617888 158720
1759802342935 8.685996828067607 163840
1759802360000 8.627289728895631 168960
1759802390062 8.603724530343083 174080
1759802408540 8.553121736167288 179200
1759802427410 8.527798299555755 184320
1759802444432 8.520802021089427 189440
1759802470972 8.492793472323333 194560
1759802488807 8.447728487647375 199680
1759802509217 8.421468102676362 204800
1759802533290 8.414389979180593 209920
1759802554800 8.38419799096623 215040
1759802572036 8.364257954393933 220160
1759802591921 8.345384773558148 225280
1759802617868 8.329122748174552 230400
1759802638329 8.303485192985178 235520
1759802656430 8.271799385597184 240640
1759802676140 8.260748000002286 245760
1759802699931 8.254140750529844 250880
1759802719870 8.228433419467883 256000
1759802737737 8.214292889270798 261120
1759802759822 8.18702162813573 266240
1759802782989 8.185919169175664 271360
1759802803584 8.156825589369657 276480
1759802820939 8.131368496101125 281600
1759802840331 8.118919064293504 286720
1759802865631 8.115139872625834 291840
1759802884633 8.087789085723083 296960
1759802890347 8.079979301187572 300032
