1771102981648 0.0 8192
1771102985606 0.0 16384
1771103033339 0.0 24576
1771103036657 0.0 32768
1771103083659 0.0 40960
1771103087610 0.0 49152
1771103133945 0.0 57344
1771103138577 0.0 65536
1771103185007 0.0 73728
1771103189430 0.0 81920
1771103236553 0.0 90112
1771103240966 0.0 98304
1771103288011 0.0 106496
1771103292839 0.0 114688
1771103339550 0.0 122880
1771103344196 0.0 131072
1771103390429 0.0 139264
1771103396376 0.0 147456
1771103442330 0.0 155648
1771103448348 0.0 163840
1771103493744 0.0 172032
1771103499643 0.0 180224
1771103545782 0.0 188416
1771103551787 0.0 196608
1771103596693 0.0 204800
1771103603399 0.0 212992
1771103648412 0.0 221184
1771103654627 0.0 229376
1771103699538 0.0 237568
1771103706066 0.0 245760
1771103751194 0.0 253952
1771103758272 0.0 262144
1771103803456 0.0 270336
1771103810386 0.0 278528
1771103854358 0.0 286720
1771103862109 0.0 294912
1771103872542 0.0 303104
