1771114108419 17.892335891723633 6144
1771114119422 19.825668334960938 12288
1771114130448 20.691722869873047 18432
1771114139642 21.343660354614258 24576
1771114143796 21.60530662536621 30720
1771114154846 21.50359535217285 36864
1771114165103 21.611310958862305 43008
1771114174538 21.709152221679688 49152
1771114178717 21.738204956054688 55296
1771114189249 21.779870986938477 61440
1771114200505 21.82979965209961 67584
1771114208659 21.784584045410156 73728
1771114214059 21.789363861083984 79872
1771114225063 21.774066925048828 86016
1771114235689 21.859960556030273 92160
1771114243518 21.90243911743164 98304
1771114249154 21.835227966308594 104448
1771114259963 21.86387825012207 110592
1771114270489 21.891265869140625 116736
1771114278340 21.8941707611084 122880
1771114284552 21.93085289001465 129024
1771114295084 21.925092697143555 135168
1771114305690 21.97829246520996 141312
1771114312620 21.9920654296875 147456
1771114320220 22.006120681762695 153600
1771114330284 22.006933212280273 159744
1771114341071 22.032974243164062 165888
1771114347665 22.032941818237305 172032
1771114355168 22.04149055480957 178176
1771114365595 22.02187156677246 184320
1771114376653 22.014741897583008 190464
1771114382627 22.030935287475586 196608
1771114390761 22.04683494567871 202752
1771114400993 22.055227279663086 208896
1771114411624 22.077259063720703 215040
1771114417053 22.07830238342285 221184
1771114425407 22.100067138671875 227328
1771114436128 22.10553550720215 233472
1771114447075 22.10686683654785 239616
1771114451861 22.08738899230957 245760
1771114460829 22.08907699584961 251904
1771114471633 22.098011016845703 258048
1771114482498 22.11001205444336 264192
1771114486764 22.109024047851562 270336
1771114496177 22.11046028137207 276480
1771114506827 22.128889083862305 282624
1771114517554 22.104772567749023 288768
1771114521107 22.106569290161133 294912
1771114530224 22.101877212524414 301056
