1771114108419 0.0 6144
1771114119422 0.0 12288
1771114130448 0.0 18432
1771114139642 0.0 24576
1771114143796 0.0 30720
1771114154846 0.0 36864
1771114165103 0.0 43008
1771114174538 0.0 49152
1771114178717 0.0 55296
1771114189249 0.0 61440
1771114200505 0.0 67584
1771114208659 0.0 73728
1771114214059 0.0 79872
1771114225063 0.0 86016
1771114235689 0.0 92160
1771114243518 0.0 98304
1771114249154 0.0 104448
1771114259963 0.0 110592
1771114270489 0.0 116736
1771114278340 0.0 122880
1771114284552 0.0 129024
1771114295084 0.0 135168
1771114305690 0.0 141312
1771114312620 0.0 147456
1771114320220 0.0 153600
1771114330284 0.0 159744
1771114341071 0.0 165888
1771114347665 0.0 172032
1771114355168 0.0 178176
1771114365595 0.0 184320
1771114376653 0.0 190464
1771114382627 0.0 196608
1771114390761 0.0 202752
1771114400993 0.0 208896
1771114411624 0.0 215040
1771114417053 0.0 221184
1771114425407 0.0 227328
1771114436128 0.0 233472
1771114447075 0.0 239616
1771114451861 0.0 245760
1771114460829 0.0 251904
1771114471633 0.0 258048
1771114482498 0.0 264192
1771114486764 0.0 270336
1771114496177 0.0 276480
1771114506827 0.0 282624
1771114517554 0.0 288768
1771114521107 0.0 294912
1771114530224 0.0 301056
