1771114108414 173.04662100833403 6144
1771114119417 174.102527914989 12288
1771114130442 176.79581858034058 18432
1771114139635 174.21823468328142 24576
1771114143790 176.95245327595663 30720
1771114154840 171.77098861495617 36864
1771114165097 177.7096856198627 43008
1771114174531 181.4459249005018 49152
1771114178711 168.81883678808614 55296
1771114189242 176.1646436221597 61440
1771114200498 174.0158486495457 67584
1771114208653 164.36648640175562 73728
1771114214053 178.968424645844 79872
1771114225056 138.87504138798755 86016
1771114235682 175.6335161844144 92160
1771114243511 179.5353137573838 98304
1771114249147 179.43546524064172 104448
1771114259956 174.29787234042553 110592
1771114270482 174.23270884393304 116736
1771114278333 177.15424902855213 122880
1771114284545 178.61022867606354 129024
1771114295077 174.6971552334541 135168
1771114305683 176.0832913518052 141312
1771114312613 172.89682179809554 147456
1771114320213 173.15377946579696 153600
1771114330277 165.8942372345054 159744
1771114341064 176.04633788037776 165888
1771114347658 174.95219821473262 172032
1771114355161 175.68501298483707 178176
1771114365588 165.91392405063291 184320
1771114376645 175.67765445026177 190464
1771114382620 180.82793705539987 196608
1771114390754 177.17669919317365 202752
1771114400986 180.4777969018933 208896
1771114411616 176.5948381120795 215040
1771114417046 179.06775391709004 221184
1771114425400 175.1055817642884 227328
1771114436120 169.02292967962924 233472
1771114447068 175.80283343113422 239616
1771114451853 163.84 245760
1771114460821 175.12020374932152 251904
1771114471625 177.0420834916213 258048
1771114482490 174.5662796021143 264192
1771114486756 177.4090178495897 270336
1771114496169 173.71314972043902 276480
1771114506818 178.64826646221994 282624
1771114517545 172.26482667980943 288768
1771114521099 180.3226139294927 294912
1771114530215 171.02156982670743 301056
