1771054084094 0.0 8192
1771054086341 0.0 16384
1771054112548 0.0 24576
1771054115042 0.0 32768
1771054140749 0.0 40960
1771054143792 0.0 49152
1771054168833 0.0 57344
1771054172528 0.0 65536
1771054196967 0.0 73728
1771054201381 0.0 81920
1771054225615 0.0 90112
1771054229558 0.0 98304
1771054253608 0.0 106496
1771054257926 0.0 114688
1771054281930 0.0 122880
1771054286494 0.0 131072
1771054309998 0.0 139264
1771054315288 0.0 147456
1771054338258 0.0 155648
1771054344358 0.0 163840
1771054366623 0.0 172032
1771054373274 0.0 180224
1771054395307 0.0 188416
1771054401304 0.0 196608
1771054423677 0.0 204800
1771054430541 0.0 212992
1771054452216 0.0 221184
1771054459033 0.0 229376
1771054480719 0.0 237568
1771054487901 0.0 245760
1771054509042 0.0 253952
1771054515684 0.0 262144
1771054536679 0.0 270336
1771054544957 0.0 278528
1771054565567 0.0 286720
1771054573941 0.0 294912
1771054575082 0.0 303104
