1771054084089 -0.9872315526008606 8192
1771054086335 -1.2064056396484375 16384
1771054112543 -1.1614360809326172 24576
1771054115036 -1.0950857400894165 32768
1771054140743 -1.4783952236175537 40960
1771054143786 -1.5264892578125 49152
1771054168826 -1.334320306777954 57344
1771054172522 -1.5335270166397095 65536
1771054196960 -1.5902000665664673 73728
1771054201375 -1.7649767398834229 81920
1771054225608 -1.9350389242172241 90112
1771054229551 -2.0699543952941895 98304
1771054253602 -2.3320279121398926 106496
1771054257919 -2.4097561836242676 114688
1771054281923 -2.5141568183898926 122880
1771054286487 -2.6944451332092285 131072
1771054309991 -2.767697811126709 139264
1771054315281 -2.854383707046509 147456
1771054338251 -3.068680763244629 155648
1771054344352 -3.0178279876708984 163840
1771054366616 -3.1416378021240234 172032
1771054373267 -3.2352116107940674 180224
1771054395300 -3.1779301166534424 188416
1771054401296 -3.360630512237549 196608
1771054423670 -3.3129935264587402 204800
1771054430534 -3.505462408065796 212992
1771054452209 -3.405271530151367 221184
1771054459026 -3.551285982131958 229376
1771054480712 -3.467708110809326 237568
1771054487894 -3.636864185333252 245760
1771054509034 -3.463493824005127 253952
1771054515676 -3.66286039352417 262144
1771054536671 -3.6777396202087402 270336
1771054544949 -3.7404117584228516 278528
1771054565559 -3.629046678543091 286720
1771054573933 -3.7292065620422363 294912
1771054575074 -3.7534866333007812 303104
