1771054084089 29.300233840942383 8192
1771054086335 27.86760902404785 16384
1771054112543 25.794845581054688 24576
1771054115036 22.07517433166504 32768
1771054140743 22.184154510498047 40960
1771054143786 23.612159729003906 49152
1771054168826 17.775909423828125 57344
1771054172522 17.038043975830078 65536
1771054196960 15.46501636505127 73728
1771054201375 16.989397048950195 81920
1771054225608 13.67669677734375 90112
1771054229551 14.50747299194336 98304
1771054253602 15.341699600219727 106496
1771054257919 15.768348693847656 114688
1771054281923 15.134578704833984 122880
1771054286487 15.333230972290039 131072
1771054309991 14.953953742980957 139264
1771054315281 13.740180969238281 147456
1771054338251 14.653932571411133 155648
1771054344352 14.185169219970703 163840
1771054366616 15.578693389892578 172032
1771054373267 14.234498977661133 180224
1771054395300 13.396617889404297 188416
1771054401296 13.837762832641602 196608
1771054423670 13.957513809204102 204800
1771054430534 13.491903305053711 212992
1771054452209 14.714102745056152 221184
1771054459026 14.005329132080078 229376
1771054480712 13.546222686767578 237568
1771054487894 13.716279983520508 245760
1771054509034 14.678136825561523 253952
1771054515676 13.669940948486328 262144
1771054536671 13.194496154785156 270336
1771054544949 14.383279800415039 278528
1771054565559 12.246736526489258 286720
1771054573933 12.447465896606445 294912
1771054575074 12.798251152038574 303104
