1771054084094 2.376120090484619 8192
1771054086341 2.2711262702941895 16384
1771054112548 2.0981509685516357 24576
1771054115042 1.9753808975219727 32768
1771054140749 1.8863914012908936 40960
1771054143792 1.8364168405532837 49152
1771054168833 1.8017678260803223 57344
1771054172528 1.7721433639526367 65536
1771054196967 1.7605007886886597 73728
1771054201381 1.734464168548584 81920
1771054225615 1.7244915962219238 90112
1771054229558 1.702535629272461 98304
1771054253608 1.6903691291809082 106496
1771054257926 1.67534601688385 114688
1771054281930 1.663879632949829 122880
1771054286494 1.654202938079834 131072
1771054309998 1.645491123199463 139264
1771054315288 1.6463189125061035 147456
1771054338258 1.6407995223999023 155648
1771054344358 1.63970148563385 163840
1771054366623 1.6374409198760986 172032
1771054373274 1.6386269330978394 180224
1771054395307 1.638914942741394 188416
1771054401304 1.634022831916809 196608
1771054423677 1.6320067644119263 204800
1771054430541 1.6296603679656982 212992
1771054452216 1.625897765159607 221184
1771054459033 1.6242201328277588 229376
1771054480719 1.6245367527008057 237568
1771054487901 1.62263822555542 245760
1771054509042 1.6228421926498413 253952
1771054515684 1.6187764406204224 262144
1771054536679 1.6150219440460205 270336
1771054544957 1.6169604063034058 278528
1771054565567 1.616213321685791 286720
1771054573941 1.6182981729507446 294912
1771054575082 1.6154465675354004 303104
