1771199902337 0.09091310948133469 5120
1771199909620 0.0879664495587349 10240
1771199916430 0.08719071000814438 15360
1771199923655 0.09516701102256775 20480
1771199930795 0.10678897798061371 25600
1771199938276 0.10592333227396011 30720
1771199945189 0.10265720635652542 35840
1771199952630 0.09967505931854248 40960
1771199959863 0.09695770591497421 46080
1771199967233 0.09498967230319977 51200
1771199974772 0.09316177666187286 56320
1771199981907 0.09165319800376892 61440
1771199989255 0.0908765122294426 66560
1771199996215 0.08939449489116669 71680
1771200003637 0.08803079277276993 76800
1771200011006 0.08696822822093964 81920
1771200018542 0.08581434935331345 87040
1771200026273 0.08563543111085892 92160
1771200033273 0.0848284512758255 97280
1771200040628 0.08412021398544312 102400
1771200047875 0.0834503099322319 107520
1771200055181 0.08286529034376144 112640
1771200062187 0.08221976459026337 117760
1771200069387 0.08168026059865952 122880
1771200076664 0.08126196265220642 128000
1771200083592 0.08066228777170181 133120
1771200091079 0.08021228760480881 138240
1771200098244 0.07996028661727905 143360
1771200105355 0.07980997115373611 148480
1771200113163 0.07990740984678268 153600
1771200120495 0.07961080968379974 158720
1771200127325 0.07950017601251602 163840
1771200135171 0.07923582196235657 168960
1771200142164 0.07909606397151947 174080
1771200149623 0.07888543605804443 179200
1771200156780 0.07888361066579819 184320
1771200164174 0.07873094826936722 189440
1771200171280 0.07848194986581802 194560
1771200178612 0.07854710519313812 199680
1771200185691 0.07880298048257828 204800
1771200192992 0.07851137220859528 209920
1771200200921 0.07813020795583725 215040
1771200208340 0.07804886251688004 220160
1771200215201 0.07799868285655975 225280
1771200222565 0.07791280746459961 230400
1771200229822 0.07848809659481049 235520
1771200237181 0.07949329167604446 240640
1771200244456 0.08007080107927322 245760
1771200251275 0.08047850430011749 250880
1771200258651 0.0803937315940857 256000
1771200265978 0.08021771907806396 261120
1771200272845 0.07958202064037323 266240
1771200280195 0.07857242971658707 271360
1771200288223 0.07715079188346863 276480
1771200295548 0.07576064765453339 281600
1771200302660 0.07432969659566879 286720
1771200309478 0.07306990027427673 291840
1771200316682 0.07184052467346191 296960
1771200319407 0.07138551026582718 300032
