1771199902337 0.0 5120
1771199909620 0.0 10240
1771199916430 0.0 15360
1771199923655 0.0 20480
1771199930795 0.0 25600
1771199938276 0.0 30720
1771199945189 0.0 35840
1771199952630 0.0 40960
1771199959863 0.0 46080
1771199967233 0.0 51200
1771199974772 0.0 56320
1771199981907 0.0 61440
1771199989255 0.0 66560
1771199996215 0.0 71680
1771200003637 0.0 76800
1771200011006 0.0 81920
1771200018542 0.0 87040
1771200026273 0.0 92160
1771200033273 0.0 97280
1771200040628 0.0 102400
1771200047875 0.0 107520
1771200055181 0.0 112640
1771200062187 0.0 117760
1771200069387 0.0 122880
1771200076664 0.0 128000
1771200083592 0.0 133120
1771200091079 0.0 138240
1771200098244 0.0 143360
1771200105355 0.0 148480
1771200113163 0.0 153600
1771200120495 0.0 158720
1771200127325 0.0 163840
1771200135171 0.0 168960
1771200142164 0.0 174080
1771200149623 0.0 179200
1771200156780 0.0 184320
1771200164174 0.0 189440
1771200171280 0.0 194560
1771200178612 0.0 199680
1771200185691 0.0 204800
1771200192992 0.0 209920
1771200200921 0.0 215040
1771200208340 0.0 220160
1771200215201 0.0 225280
1771200222565 0.0 230400
1771200229822 0.0 235520
1771200237181 0.0 240640
1771200244456 0.0 245760
1771200251275 0.0 250880
1771200258651 0.0 256000
1771200265978 0.0 261120
1771200272845 0.0 266240
1771200280195 0.0 271360
1771200288223 0.0 276480
1771200295548 0.0 281600
1771200302660 0.0 286720
1771200309478 0.0 291840
1771200316682 0.0 296960
1771200319407 0.0 300032
