1771199902334 -1.0947176218032837 5120
1771199909618 -2.0790116786956787 10240
1771199916427 -2.558344602584839 15360
1771199923652 -3.2437305450439453 20480
1771199930793 -4.145188808441162 25600
1771199938274 -4.88040018081665 30720
1771199945186 -5.50749397277832 35840
1771199952628 -6.098448276519775 40960
1771199959860 -6.6662917137146 46080
1771199967230 -7.227236747741699 51200
1771199974770 -7.74584436416626 56320
1771199981905 -8.247945785522461 61440
1771199989252 -8.710232734680176 66560
1771199996213 -9.138656616210938 71680
1771200003635 -9.535163879394531 76800
1771200011004 -9.919224739074707 81920
1771200018540 -10.212404251098633 87040
1771200026270 -10.476289749145508 92160
1771200033271 -10.727510452270508 97280
1771200040625 -10.945898056030273 102400
1771200047872 -11.108302116394043 107520
1771200055178 -11.296125411987305 112640
1771200062185 -11.43137264251709 117760
1771200069384 -11.545568466186523 122880
1771200076662 -11.652030944824219 128000
1771200083589 -11.746700286865234 133120
1771200091076 -11.815176010131836 138240
1771200098240 -11.83414077758789 143360
1771200105352 -11.869195938110352 148480
1771200113160 -11.92495346069336 153600
1771200120492 -11.91804313659668 158720
1771200127323 -11.96517276763916 163840
1771200135169 -11.989801406860352 168960
1771200142161 -11.978623390197754 174080
1771200149620 -11.747167587280273 179200
1771200156777 -11.56303882598877 184320
1771200164172 -11.416275024414062 189440
1771200171278 -11.169365882873535 194560
1771200178610 -11.023831367492676 199680
1771200185689 -11.748724937438965 204800
1771200192989 -12.252357482910156 209920
1771200200919 -12.457040786743164 215040
1771200208337 -12.516525268554688 220160
1771200215199 -12.412946701049805 225280
1771200222562 -12.517797470092773 230400
1771200229819 -13.290956497192383 235520
1771200237179 -14.134724617004395 240640
1771200244454 -14.496231079101562 245760
1771200251273 -14.772811889648438 250880
1771200258649 -14.960990905761719 256000
1771200265976 -15.172544479370117 261120
1771200272842 -15.316662788391113 266240
1771200280193 -15.537014961242676 271360
1771200288220 -15.699602127075195 276480
1771200295545 -15.816446304321289 281600
1771200302657 -15.96257495880127 286720
1771200309476 -16.2112979888916 291840
1771200316680 -16.413965225219727 296960
1771200319404 -16.480005264282227 300032
