1771199902337 1.133646845817566 5120
1771199909620 1.158737301826477 10240
1771199916430 1.1623408794403076 15360
1771199923655 1.2119698524475098 20480
1771199930795 1.2782052755355835 25600
1771199938276 1.2775862216949463 30720
1771199945189 1.2622134685516357 35840
1771199952630 1.2511957883834839 40960
1771199959863 1.2361094951629639 46080
1771199967233 1.231358528137207 51200
1771199974772 1.2234007120132446 56320
1771199981907 1.214196801185608 61440
1771199989255 1.217690348625183 66560
1771199996215 1.2065606117248535 71680
1771200003637 1.196002721786499 76800
1771200011006 1.1900180578231812 81920
1771200018542 1.1812572479248047 87040
1771200026273 1.1841679811477661 92160
1771200033273 1.180349588394165 97280
1771200040628 1.1746159791946411 102400
1771200047875 1.1683294773101807 107520
1771200055181 1.166123628616333 112640
1771200062187 1.1604750156402588 117760
1771200069387 1.1570733785629272 122880
1771200076664 1.1551722288131714 128000
1771200083592 1.1516165733337402 133120
1771200091079 1.148084044456482 138240
1771200098244 1.145513653755188 143360
1771200105355 1.1452369689941406 148480
1771200113163 1.1480916738510132 153600
1771200120495 1.1465232372283936 158720
1771200127325 1.1465588808059692 163840
1771200135171 1.1457703113555908 168960
1771200142164 1.1447054147720337 174080
1771200149623 1.1437684297561646 179200
1771200156780 1.1443464756011963 184320
1771200164174 1.143056035041809 189440
1771200171280 1.141491174697876 194560
1771200178612 1.1421592235565186 199680
1771200185691 1.1434800624847412 204800
1771200192992 1.140898585319519 209920
1771200200921 1.1380528211593628 215040
1771200208340 1.1374931335449219 220160
1771200215201 1.1373156309127808 225280
1771200222565 1.1356991529464722 230400
1771200229822 1.135636329650879 235520
1771200237181 1.1380712985992432 240640
1771200244456 1.1377009153366089 245760
1771200251275 1.136962652206421 250880
1771200258651 1.1337542533874512 256000
1771200265978 1.1291513442993164 261120
1771200272845 1.1209014654159546 266240
1771200280195 1.1097687482833862 271360
1771200288223 1.0961283445358276 276480
1771200295548 1.0833743810653687 281600
1771200302660 1.0702499151229858 286720
1771200309478 1.057289719581604 291840
1771200316682 1.0447896718978882 296960
1771200319407 1.03963303565979 300032
