1771199902337 2.06404972076416 5120
1771199909620 1.9380385875701904 10240
1771199916430 1.9027304649353027 15360
1771199923655 2.1095991134643555 20480
1771199930795 2.4088499546051025 25600
1771199938276 2.377065658569336 30720
1771199945189 2.2915704250335693 35840
1771199952630 2.218341112136841 40960
1771199959863 2.1492276191711426 46080
1771199967233 2.100020408630371 51200
1771199974772 2.0539917945861816 56320
1771199981907 2.015979051589966 61440
1771199989255 1.993094563484192 66560
1771199996215 1.9589054584503174 71680
1771200003637 1.9274249076843262 76800
1771200011006 1.9036026000976562 81920
1771200018542 1.877259373664856 87040
1771200026273 1.8705066442489624 92160
1771200033273 1.8523412942886353 97280
1771200040628 1.8357524871826172 102400
1771200047875 1.819495439529419 107520
1771200055181 1.8051955699920654 112640
1771200062187 1.790556788444519 117760
1771200069387 1.7775479555130005 122880
1771200076664 1.7674672603607178 128000
1771200083592 1.754193663597107 133120
1771200091079 1.7440528869628906 138240
1771200098244 1.7376960515975952 143360
1771200105355 1.7331196069717407 148480
1771200113163 1.7338409423828125 153600
1771200120495 1.7263872623443604 158720
1771200127325 1.7234567403793335 163840
1771200135171 1.7173888683319092 168960
1771200142164 1.7141470909118652 174080
1771200149623 1.7086820602416992 179200
1771200156780 1.7077991962432861 184320
1771200164174 1.7040278911590576 189440
1771200171280 1.6984105110168457 194560
1771200178612 1.699808120727539 199680
1771200185691 1.7077537775039673 204800
1771200192992 1.7013013362884521 209920
1771200200921 1.692720890045166 215040
1771200208340 1.6907614469528198 220160
1771200215201 1.6893408298492432 225280
1771200222565 1.6868987083435059 230400
1771200229822 1.7129546403884888 235520
1771200237181 1.7492059469223022 240640
1771200244456 1.7693482637405396 245760
1771200251275 1.784309983253479 250880
1771200258651 1.7886348962783813 256000
1771200265978 1.7917457818984985 261120
1771200272845 1.7861387729644775 266240
1771200280195 1.7707844972610474 271360
1771200288223 1.7434109449386597 276480
1771200295548 1.71588933467865 281600
1771200302660 1.6876187324523926 286720
1771200309478 1.665623426437378 291840
1771200316682 1.642688274383545 296960
1771200319407 1.6355443000793457 300032
