1759537361123 24.194444444444443 5120
1759537372936 22.881873727087576 10240
1759537385735 22.46565934065934 15360
1759537401292 22.21406411582213 20480
1759537411464 22.027340513670257 25600
1759537427742 22.000693962526025 30720
1759537441043 21.945172824791417 35840
1759537451481 21.893994778067885 40960
1759537463468 21.883310088331008 46080
1759537480192 21.847634993721222 51200
1759537492168 21.832634388105223 56320
1759537503049 21.827272727272728 61440
1759537514101 21.819709208400646 66560
1759537532503 21.781175059952037 71680
1759537543745 21.809310151430175 76800
1759537556831 21.897490092470278 81920
1759537572780 22.000999500249875 87040
1759537585605 22.124465558194775 92160
1759537596667 22.211073446327685 97280
1759537611668 22.297238999137186 102400
1759537626506 22.372860383584243 107520
1759537637928 22.453449298280294 112640
1759537656101 22.518209408194235 117760
1759537672089 22.57088192419825 122880
1759537684088 22.63140350877193 128000
1759537697154 22.695666892349358 133120
1759537716806 22.755188756332736 138240
1759537728843 22.774341170901057 143360
1759537740362 22.81847328244275 148480
1759537755959 22.871263687481502 153600
1759537771870 22.91090387374462 158720
1759537783684 22.954874651810584 163840
1759537796109 22.989040725206333 168960
1759537812978 23.027887398053142 174080
1759537825763 23.05361484325016 179200
1759537839194 23.066467513069455 184320
1759537852211 23.093984962406015 189440
1759537869526 23.118718221591582 194560
1759537882202 23.14580689814281 199680
1759537895450 23.166291375816257 204800
1759537906258 23.180349488954832 209920
1759537922908 23.205070362015253 215040
1759537934408 23.218290634187316 220160
1759537949256 23.229979466119097 225280
1759537960103 23.2491206913878 230400
1759537975478 23.263230375762344 235520
1759537987125 23.282644309530692 240640
1759538001516 23.30575233777274 245760
1759538013168 23.314079422382672 250880
1759538027173 23.3375715193897 256000
1759538042312 23.359415381873273 261120
1759538059664 23.382481624081205 266240
1759538072894 23.38835451734799 271360
1759538088142 23.402496626180838 276480
1759538099352 23.418282778054035 281600
1759538114045 23.42553537985506 286720
1759538126765 23.4252 291840
1759538140839 23.387755102040817 296960
1759538146115 23.375126626665626 300032
