1759537361119 -0.5542209672431152 5120
1759537372929 -0.31314901980486787 10240
1759537385729 -0.20006073378026484 15360
1759537401284 -0.1761175513267517 20480
1759537411457 -0.1505509619529431 25600
1759537427737 -0.14427994874215894 30720
1759537441039 -0.13663733336660597 35840
1759537451476 -0.12698099642265132 40960
1759537463464 -0.12027065468871075 46080
1759537480188 -0.12095408112395044 51200
1759537492164 -0.11712790387017387 56320
1759537503032 -0.11388562546401729 61440
1759537514095 -0.11209155248873162 66560
1759537532496 -0.10695981408508733 71680
1759537543739 -0.10202637252054715 76800
1759537556815 -0.10754225960484257 81920
1759537572773 -0.10987461029097094 87040
1759537585598 -0.11315673288408219 92160
1759537596659 -0.11568402871489525 97280
1759537611664 -0.11659470926416982 102400
1759537626499 -0.11601167399928254 107520
1759537637922 -0.11655901401966542 112640
1759537656095 -0.11870842349940333 117760
1759537672081 -0.12081832176397655 122880
1759537684083 -0.1200050740014939 128000
1759537697146 -0.11767481811173999 133120
1759537716800 -0.11172738706364352 138240
1759537728835 -0.11270721618165362 143360
1759537740355 -0.11357211413448803 148480
1759537755947 -0.10939012521150097 153600
1759537771860 -0.11014552360925918 158720
1759537783675 -0.11410233456155527 163840
1759537796102 -0.1140460890459727 168960
1759537812972 -0.11812322209453023 174080
1759537825757 -0.11469549021937632 179200
1759537839187 -0.11293708659008724 184320
1759537852204 -0.1104223333379274 189440
1759537869517 -0.10834479906172027 194560
1759537882195 -0.10432296383137606 199680
1759537895445 -0.1032813646307039 204800
1759537906252 -0.10113556408187718 209920
1759537922900 -0.09792218072719482 215040
1759537934400 -0.09593386274796946 220160
1759537949251 -0.09402739775126877 225280
1759537960097 -0.09190815634432092 230400
1759537975472 -0.09102924086830834 235520
1759537987119 -0.08816099530559475 240640
1759538001507 -0.08469618346186593 245760
1759538013162 -0.08548481096097124 250880
1759538027163 -0.08070168685153187 256000
1759538042302 -0.08037566114217043 261120
1759538059658 -0.07908542914408834 266240
1759538072883 -0.0769792922457358 271360
1759538088136 -0.07501980070698305 276480
1759538099338 -0.0728134124175362 281600
1759538114031 -0.07182130338458403 286720
1759538126751 -0.07175532337668893 291840
1759538140831 -0.07131256795011436 296960
1759538146107 -0.028577061480629565 300032
