1759537361119 12.290171591440837 5120
1759537372929 5.61183990131725 10240
1759537385729 3.5760264873504637 15360
1759537401284 2.6016113735380624 20480
1759537411457 2.0177416434654822 25600
1759537427737 1.5903247341032951 30720
1759537441039 1.3676171938578288 35840
1759537451476 1.15328014885507 40960
1759537463464 1.0381408670674201 46080
1759537480188 0.9078153759825464 51200
1759537492164 0.8315688490867615 56320
1759537503032 0.717865288843874 61440
1759537514095 0.6389020703055642 66560
1759537532496 0.6197030927093937 71680
1759537543739 0.5059688693598696 76800
1759537556815 0.5168596738650476 81920
1759537572773 0.4831046891766925 87040
1759537585598 0.46051784766899356 92160
1759537596659 0.46340956290562946 97280
1759537611664 0.4300194192640852 102400
1759537626499 0.42965153928072947 107520
1759537637922 0.39050579844294364 112640
1759537656095 0.4006236651848103 117760
1759537672081 0.37275488908625826 122880
1759537684083 0.36831970668974373 128000
1759537697146 0.35145727987507824 133120
1759537716800 0.33119558937409344 138240
1759537728835 0.3250064200543343 143360
1759537740355 0.32735198295279727 148480
1759537755947 0.3075964075050607 153600
1759537771860 0.32409442999424076 158720
1759537783675 0.33156289521211424 163840
1759537796102 0.3215592924370823 168960
1759537812972 0.333742690504643 174080
1759537825757 0.3353931340304288 179200
1759537839187 0.316461603154135 184320
1759537852204 0.3077843676331223 189440
1759537869517 0.2966225469299636 194560
1759537882195 0.2824377799520687 199680
1759537895445 0.2851176921407975 204800
1759537906252 0.28882140002204376 209920
1759537922900 0.26947905282838647 215040
1759537934400 0.2594865807780513 220160
1759537949251 0.25403929058782654 225280
1759537960097 0.2545226713197421 230400
1759537975472 0.25198282266592054 235520
1759537987119 0.2566893601821641 240640
1759538001507 0.2436626078182236 245760
1759538013162 0.24572777399202672 250880
1759538027163 0.2364534735204689 256000
1759538042302 0.23785280808806417 261120
1759538059658 0.2357966697079012 266240
1759538072883 0.2297195341354026 271360
1759538088136 0.23155974356450718 276480
1759538099338 0.22325691554857335 281600
1759538114031 0.21428839659775703 286720
1759538126751 0.21729081627372263 291840
1759538140831 0.21387436791383935 296960
1759538146107 0.08234733933067973 300032
