1759537361119 115.82955455524565 5120
1759537372929 140.09031396125584 10240
1759537385729 84.00368515922291 15360
1759537401284 70.52806457037161 20480
1759537411457 135.30012903225807 25600
1759537427737 128.4272023025812 30720
1759537441039 119.92291636883488 35840
1759537451476 110.3154572473107 40960
1759537463464 197.44405215835803 46080
1759537480188 144.07969496066778 51200
1759537492164 237.51650716348604 56320
1759537503032 157.2962310144384 61440
1759537514095 144.08464445207832 66560
1759537532496 62.29935388043074 71680
1759537543739 88.9943560364948 76800
1759537556815 51.522645472748046 81920
1759537572773 160.4983737037462 87040
1759537585598 84.74026183934055 92160
1759537596659 145.0613543612091 97280
1759537611664 61.46491009539999 102400
1759537626499 141.85281385281385 107520
1759537637922 44.774106771139124 112640
1759537656095 165.74346004900025 117760
1759537672081 74.28411526132157 122880
1759537684083 195.69374329305276 128000
1759537697146 107.94204390457318 133120
1759537716800 141.6372539087563 138240
1759537728835 111.41729313321822 143360
1759537740355 138.02955211110014 148480
1759537755947 47.35527429971435 153600
1759537771860 104.21666749490633 158720
1759537783675 95.05935679804183 163840
1759537796102 71.31593355210583 168960
1759537812972 113.20658569500675 174080
1759537825757 289.94220931840175 179200
1759537839187 112.77132793805286 184320
1759537852204 110.49855103008588 189440
1759537869517 111.851089362383 194560
1759537882195 70.35298064342983 199680
1759537895445 114.87152521019911 204800
1759537906252 153.04885969713555 209920
1759537922900 99.6484759212183 215040
1759537934400 110.38513566860541 220160
1759537949251 171.9047501946801 225280
1759537960097 83.80227772227772 230400
1759537975472 152.67559697146186 235520
1759537987119 110.4229149115417 240640
1759538001507 111.34335014600478 245760
1759538013162 79.69265261917882 250880
1759538027163 297.426180683591 256000
1759538042302 122.84161199625117 261120
1759538059658 150.1397479954181 266240
1759538072883 141.122573264695 271360
1759538088136 101.1943640223895 276480
1759538099338 173.81393228627078 281600
1759538114031 103.62190873829583 286720
1759538126751 83.8123251538646 291840
1759538140831 54.28535928763719 296960
1759538146107 148.80278142406073 300032
