1758839125718 0.0 5120
1758839137480 0.0 10240
1758839147290 0.0 15360
1758839155886 0.0 20480
1758839168255 0.0 25600
1758839177741 0.0 30720
1758839188812 0.0 35840
1758839197511 0.0 40960
1758839210251 0.0 46080
1758839220460 0.0 51200
1758839231530 0.0 56320
1758839242441 0.0 61440
1758839253376 0.0 66560
1758839264292 0.0 71680
1758839275473 0.0 76800
1758839286952 0.0 81920
1758839297402 0.0 87040
1758839306052 0.0 92160
1758839318593 0.0 97280
1758839328611 0.0 102400
1758839339055 0.0 107520
1758839349838 0.0 112640
1758839361133 0.0 117760
1758839370534 0.0 122880
1758839380688 0.0 128000
1758839392930 0.0 133120
1758839402794 0.0 138240
1758839412405 0.0 143360
1758839424883 0.0 148480
1758839438394 0.0 153600
1758839447850 0.0 158720
1758839457695 0.0 163840
1758839471777 0.0 168960
1758839481697 0.0 174080
1758839490947 0.0 179200
1758839499645 0.0 184320
1758839515465 0.0 189440
1758839524155 0.0 194560
1758839533185 0.0 199680
1758839542544 0.0 204800
1758839557298 0.0 209920
1758839566191 0.0 215040
1758839575567 0.0 220160
1758839586233 0.0 225280
1758839599025 0.0 230400
1758839608522 0.0 235520
1758839619081 0.0 240640
1758839630218 0.0 245760
1758839641674 0.0 250880
1758839650183 0.0 256000
1758839661361 0.0 261120
1758839671561 0.0 266240
1758839683283 0.0 271360
1758839691894 0.0 276480
1758839705228 0.0 281600
1758839714162 0.0 286720
1758839724180 0.0 291840
1758839734722 0.0 296960
1758839740202 0.0 300032
