1758839125712 -0.698379866965115 5120
1758839137477 -0.46722973815419455 10240
1758839147285 -0.5569551475346088 15360
1758839155883 -0.5226705636296953 20480
1758839168252 -0.49498230127187876 25600
1758839177738 -0.5580878027023808 30720
1758839188809 -0.42319841252432927 35840
1758839197505 -0.3445341348648071 40960
1758839210248 -0.3094783368317977 46080
1758839220456 -0.2836497891182993 51200
1758839231526 -0.2688807031938008 56320
1758839242436 -0.24824387401830952 61440
1758839253372 -0.2290402535236243 66560
1758839264287 -0.21739289693429437 71680
1758839275467 -0.207821891496056 76800
1758839286946 -0.20002154685832835 81920
1758839297396 -0.19188538346179695 87040
1758839306046 -0.18409428282098456 92160
1758839318589 -0.18022581165035564 97280
1758839328607 -0.17548282594964057 102400
1758839339050 -0.17114912451438183 107520
1758839349835 -0.1695496859851184 112640
1758839361128 -0.16689616112873473 117760
1758839370529 -0.1654912655018578 122880
1758839380684 -0.16951896141445824 128000
1758839392926 -0.16901391972112292 133120
1758839402790 -0.1701521512340097 138240
1758839412398 -0.17152213948838255 143360
1758839424872 -0.17061428076600377 148480
1758839438387 -0.17294530394850977 153600
1758839447843 -0.17603029960241073 158720
1758839457689 -0.17750715113574672 163840
1758839471772 -0.17990767381277428 168960
1758839481693 -0.18149854620994882 174080
1758839490942 -0.1825378572398966 179200
1758839499640 -0.18611079658592605 184320
1758839515460 -0.1893791788367815 189440
1758839524150 -0.1903298003511279 194560
1758839533178 -0.19160552292454 199680
1758839542539 -0.1936264078415448 204800
1758839557293 -0.19533729344895742 209920
1758839566186 -0.19792534299371364 215040
1758839575561 -0.19800648115299366 220160
1758839586228 -0.20168929509987119 225280
1758839599020 -0.20341079593759723 230400
1758839608517 -0.20352464444709545 235520
1758839619076 -0.20638089786141606 240640
1758839630213 -0.20865818514368845 245760
1758839641669 -0.21098139305424884 250880
1758839650177 -0.21326156593413945 256000
1758839661356 -0.21369007006287577 261120
1758839671555 -0.2149105031828314 266240
1758839683277 -0.2165168357074709 271360
1758839691886 -0.21768280536046325 276480
1758839705223 -0.2186212294343589 281600
1758839714154 -0.21992918808689318 286720
1758839724174 -0.22099207164524315 291840
1758839734717 -0.22098335842905997 296960
1758839740196 -0.08904234687622904 300032
