1771169520910 19.30156135559082 8192
1771169554593 20.158187866210938 16384
1771169579824 20.577634811401367 24576
1771169608274 21.084692001342773 32768
1771169633773 21.226299285888672 40960
1771169662149 21.27806854248047 49152
1771169687392 21.280927658081055 57344
1771169716597 21.489641189575195 65536
1771169741410 21.42508888244629 73728
1771169770131 21.426538467407227 81920
1771169795511 21.28936004638672 90112
1771169824088 21.314722061157227 98304
1771169849111 21.222475051879883 106496
1771169876939 21.084388732910156 114688
1771169902850 20.974348068237305 122880
1771169931606 20.922805786132812 131072
1771169956663 20.951602935791016 139264
1771169985152 20.964282989501953 147456
1771170011650 20.794654846191406 155648
1771170038232 20.64533042907715 163840
1771170065471 20.658363342285156 172032
1771170092573 20.729290008544922 180224
1771170119378 20.810556411743164 188416
1771170145920 20.848453521728516 196608
1771170173116 20.86716651916504 204800
1771170199889 20.858705520629883 212992
1771170228098 20.839317321777344 221184
1771170253614 20.77752113342285 229376
1771170282047 20.645957946777344 237568
1771170307546 20.55421257019043 245760
1771170335813 20.50481605529785 253952
1771170360938 20.483705520629883 262144
1771170389701 20.427734375 270336
1771170414015 20.412031173706055 278528
1771170444131 20.387632369995117 286720
1771170468771 20.36958122253418 294912
1771170491791 20.34273910522461 303104
