1771169520910 1.1086779832839966 8192
1771169554593 1.1295949220657349 16384
1771169579824 1.131961464881897 24576
1771169608274 1.1447478532791138 32768
1771169633773 1.1430094242095947 40960
1771169662149 1.141413688659668 49152
1771169687392 1.1390687227249146 57344
1771169716597 1.1465375423431396 65536
1771169741410 1.1462419033050537 73728
1771169770131 1.1477783918380737 81920
1771169795511 1.1460716724395752 90112
1771169824088 1.1517091989517212 98304
1771169849111 1.1518418788909912 106496
1771169876939 1.1519190073013306 114688
1771169902850 1.1517802476882935 122880
1771169931606 1.1530827283859253 131072
1771169956663 1.1514718532562256 139264
1771169985152 1.150681972503662 147456
1771170011650 1.149943470954895 155648
1771170038232 1.1498790979385376 163840
1771170065471 1.149574637413025 172032
1771170092573 1.151047706604004 180224
1771170119378 1.1532727479934692 188416
1771170145920 1.1527445316314697 196608
1771170173116 1.1536307334899902 204800
1771170199889 1.1539700031280518 212992
1771170228098 1.1538039445877075 221184
1771170253614 1.1531683206558228 229376
1771170282047 1.1524611711502075 237568
1771170307546 1.1539069414138794 245760
1771170335813 1.1533761024475098 253952
1771170360938 1.1541285514831543 262144
1771170389701 1.152888298034668 270336
1771170414015 1.1526535749435425 278528
1771170444131 1.1524380445480347 286720
1771170468771 1.1533641815185547 294912
1771170491791 1.1527442932128906 303104
