1771169520905 -1.4590274095535278 8192
1771169554587 -2.269895076751709 16384
1771169579818 -2.3785550594329834 24576
1771169608268 -2.2801589965820312 32768
1771169633767 -2.124117851257324 40960
1771169662142 -1.9410051107406616 49152
1771169687385 -1.71481454372406 57344
1771169716591 -1.5388426780700684 65536
1771169741404 -1.2998590469360352 73728
1771169770125 -1.1252630949020386 81920
1771169795504 -0.9388132095336914 90112
1771169824081 -0.7876763343811035 98304
1771169849105 -0.7213184833526611 106496
1771169876932 -0.555621862411499 114688
1771169902843 -0.5431594848632812 122880
1771169931599 -0.3950742185115814 131072
1771169956655 -0.3689333200454712 139264
1771169985145 -0.32309484481811523 147456
1771170011643 -0.27716898918151855 155648
1771170038225 -0.513469934463501 163840
1771170065464 -0.9136751890182495 172032
1771170092566 -1.0346753597259521 180224
1771170119370 -1.2735543251037598 188416
1771170145912 -1.4449125528335571 196608
1771170173109 -1.604158878326416 204800
1771170199881 -1.7467076778411865 212992
1771170228091 -1.792564868927002 221184
1771170253607 -1.8959441184997559 229376
1771170282038 -2.112771987915039 237568
1771170307538 -2.586050033569336 245760
1771170335805 -3.211700201034546 253952
1771170360930 -4.180070400238037 262144
1771170389694 -5.302514553070068 270336
1771170414006 -6.208154678344727 278528
1771170444123 -7.068045616149902 286720
1771170468763 -7.6552910804748535 294912
1771170491783 -8.220063209533691 303104
