1771169520905 99.3040225394796 8192
1771169554587 96.10044678657349 16384
1771169579818 99.66505085067959 24576
1771169608268 100.894950807053 32768
1771169633767 103.38692104809091 40960
1771169662142 101.21878469038082 49152
1771169687385 94.62828264597059 57344
1771169716591 93.86800349126065 65536
1771169741404 102.9352835791592 73728
1771169770125 107.42505890789879 81920
1771169795504 98.1927660072574 90112
1771169824081 91.39510154275256 98304
1771169849105 99.96911049671084 106496
1771169876932 101.69242332403928 114688
1771169902843 101.53732933088021 122880
1771169931599 91.84138036742648 131072
1771169956655 93.40394165460417 139264
1771169985145 94.68596067453778 147456
1771170011643 91.8273053682459 155648
1771170038225 99.98102548211008 163840
1771170065464 99.03905548996458 172032
1771170092566 98.10778443113773 180224
1771170119370 101.73682295582992 188416
1771170145912 98.75456771520061 196608
1771170173109 104.22702648973709 204800
1771170199881 95.505248537013 212992
1771170228091 100.86340900346288 221184
1771170253607 100.64075247144639 229376
1771170282038 91.60069012208173 237568
1771170307538 105.87933558842833 245760
1771170335805 94.70520231213872 253952
1771170360930 103.08454581203303 262144
1771170389694 102.9150779045516 270336
1771170414006 91.40506025671759 278528
1771170444123 102.61545236580712 286720
1771170468763 94.11443701476462 294912
1771170491783 114.67053066134456 303104
