1771169520910 2.073876142501831 8192
1771169554593 1.9696043729782104 16384
1771169579824 1.8831607103347778 24576
1771169608274 1.8168025016784668 32768
1771169633773 1.7585214376449585 40960
1771169662149 1.7190543413162231 49152
1771169687392 1.679722547531128 57344
1771169716597 1.6607791185379028 65536
1771169741410 1.6421335935592651 73728
1771169770131 1.6199811697006226 81920
1771169795511 1.59674072265625 90112
1771169824088 1.5795295238494873 98304
1771169849111 1.5450282096862793 106496
1771169876939 1.5140517950057983 114688
1771169902850 1.489606499671936 122880
1771169931606 1.476746678352356 131072
1771169956663 1.4757699966430664 139264
1771169985152 1.4872303009033203 147456
1771170011650 1.5434967279434204 155648
1771170038232 1.5998178720474243 163840
1771170065471 1.631789207458496 172032
1771170092573 1.6536985635757446 180224
1771170119378 1.6617118120193481 188416
1771170145920 1.6612763404846191 196608
1771170173116 1.6681407690048218 204800
1771170199889 1.6770875453948975 212992
1771170228098 1.6841163635253906 221184
1771170253614 1.6934059858322144 229376
1771170282047 1.709989070892334 237568
1771170307546 1.7313389778137207 245760
1771170335813 1.7496289014816284 253952
1771170360938 1.7732017040252686 262144
1771170389701 1.788805603981018 270336
1771170414015 1.8055304288864136 278528
1771170444131 1.8200305700302124 286720
1771170468771 1.8396369218826294 294912
1771170491791 1.8438265323638916 303104
