1771095430389 19.450227737426758 8192
1771095432762 20.12942123413086 16384
1771095479541 20.56435775756836 24576
1771095482600 20.88153839111328 32768
1771095528633 21.029565811157227 40960
1771095531820 21.20068359375 49152
1771095577901 21.12339973449707 57344
1771095581718 21.081872940063477 65536
1771095627086 20.923831939697266 73728
1771095631543 20.73346710205078 81920
1771095676219 20.506242752075195 90112
1771095681380 20.338970184326172 98304
1771095725325 20.165590286254883 106496
1771095731354 20.043699264526367 114688
1771095775333 19.873252868652344 122880
1771095781027 19.719053268432617 131072
1771095825626 19.68694496154785 139264
1771095829719 19.692209243774414 147456
1771095875304 19.690099716186523 155648
1771095880181 19.764188766479492 163840
1771095925821 19.85944366455078 172032
1771095929528 19.863134384155273 180224
1771095975330 19.910675048828125 188416
1771095980450 20.008092880249023 196608
1771096025401 20.082538604736328 204800
1771096028741 20.08753204345703 212992
1771096074465 20.097925186157227 221184
1771096078923 20.158777236938477 229376
1771096123657 20.058534622192383 237568
1771096128738 19.8076229095459 245760
1771096172364 19.557540893554688 253952
1771096177894 19.362998962402344 262144
1771096222085 19.142127990722656 270336
1771096228084 18.92026710510254 278528
1771096271211 18.720542907714844 286720
1771096278118 18.541793823242188 294912
1771096283375 18.458831787109375 303104
