1771095430389 0.0 8192
1771095432762 0.0 16384
1771095479541 0.0 24576
1771095482600 0.0 32768
1771095528633 0.0 40960
1771095531820 0.0 49152
1771095577901 0.0 57344
1771095581718 0.0 65536
1771095627086 0.0 73728
1771095631543 0.0 81920
1771095676219 0.0 90112
1771095681380 0.0 98304
1771095725325 0.0 106496
1771095731354 0.0 114688
1771095775333 0.0 122880
1771095781027 0.0 131072
1771095825626 0.0 139264
1771095829719 0.0 147456
1771095875304 0.0 155648
1771095880181 0.0 163840
1771095925821 0.0 172032
1771095929528 0.0 180224
1771095975330 0.0 188416
1771095980450 0.0 196608
1771096025401 0.0 204800
1771096028741 0.0 212992
1771096074465 0.0 221184
1771096078923 0.0 229376
1771096123657 0.0 237568
1771096128738 0.0 245760
1771096172364 0.0 253952
1771096177894 0.0 262144
1771096222085 0.0 270336
1771096228084 0.0 278528
1771096271211 0.0 286720
1771096278118 0.0 294912
1771096283375 0.0 303104
