1771095430389 1.1679840087890625 8192
1771095432762 1.1565945148468018 16384
1771095479541 1.1499979496002197 24576
1771095482600 1.1509357690811157 32768
1771095528633 1.1475234031677246 40960
1771095531820 1.148402214050293 49152
1771095577901 1.1462736129760742 57344
1771095581718 1.1488866806030273 65536
1771095627086 1.1484040021896362 73728
1771095631543 1.148514747619629 81920
1771095676219 1.1462788581848145 90112
1771095681380 1.144921064376831 98304
1771095725325 1.144073486328125 106496
1771095731354 1.1455206871032715 114688
1771095775333 1.1456454992294312 122880
1771095781027 1.1450214385986328 131072
1771095825626 1.1458027362823486 139264
1771095829719 1.147304892539978 147456
1771095875304 1.1477341651916504 155648
1771095880181 1.1499571800231934 163840
1771095925821 1.153424859046936 172032
1771095929528 1.1519328355789185 180224
1771095975330 1.152063012123108 188416
1771095980450 1.1516728401184082 196608
1771096025401 1.1534260511398315 204800
1771096028741 1.1545499563217163 212992
1771096074465 1.1540286540985107 221184
1771096078923 1.154157280921936 229376
1771096123657 1.153724193572998 237568
1771096128738 1.152585506439209 245760
1771096172364 1.1520665884017944 253952
1771096177894 1.1528233289718628 262144
1771096222085 1.1528966426849365 270336
1771096228084 1.1530134677886963 278528
1771096271211 1.1528079509735107 286720
1771096278118 1.1537704467773438 294912
1771096283375 1.1539922952651978 303104
