1771095430384 27.500328063964844 8192
1771095432756 22.922142028808594 16384
1771095479536 20.664264678955078 24576
1771095482594 18.357440948486328 32768
1771095528627 17.65918731689453 40960
1771095531814 18.964214324951172 49152
1771095577895 16.492534637451172 57344
1771095581712 16.573020935058594 65536
1771095627079 17.151350021362305 73728
1771095631537 17.436016082763672 81920
1771095676212 14.859909057617188 90112
1771095681374 16.145896911621094 98304
1771095725318 16.262935638427734 106496
1771095731348 17.039981842041016 114688
1771095775327 16.64291000366211 122880
1771095781020 18.921485900878906 131072
1771095825620 20.125802993774414 139264
1771095829712 22.679431915283203 147456
1771095875297 23.752840042114258 155648
1771095880174 19.719482421875 163840
1771095925814 22.774864196777344 172032
1771095929521 25.75499725341797 180224
1771095975323 30.403873443603516 188416
1771095980443 33.85509490966797 196608
1771096025394 28.833759307861328 204800
1771096028734 32.09069061279297 212992
1771096074458 32.118492126464844 221184
1771096078916 36.13362503051758 229376
1771096123649 35.916778564453125 237568
1771096128731 41.618377685546875 245760
1771096172357 37.74690628051758 253952
1771096177887 43.137203216552734 262144
1771096222077 39.574806213378906 270336
1771096228076 44.532554626464844 278528
1771096271203 45.21142578125 286720
1771096278110 46.07726287841797 294912
1771096283368 42.99570083618164 303104
