1771095430389 0.30844682455062866 8192
1771095432762 0.30143025517463684 16384
1771095479541 0.2911229729652405 24576
1771095482600 0.28506264090538025 32768
1771095528633 0.2816958725452423 40960
1771095531820 0.2794787287712097 49152
1771095577901 0.28394070267677307 57344
1771095581718 0.2911047637462616 65536
1771095627086 0.29732441902160645 73728
1771095631543 0.3019581139087677 81920
1771095676219 0.30511775612831116 90112
1771095681380 0.3088853657245636 98304
1771095725325 0.3132041394710541 106496
1771095731354 0.3180292546749115 114688
1771095775333 0.3228205144405365 122880
1771095781027 0.3262241780757904 131072
1771095825626 0.32841381430625916 139264
1771095829719 0.3300750255584717 147456
1771095875304 0.3321450352668762 155648
1771095880181 0.33410048484802246 163840
1771095925821 0.33540982007980347 172032
1771095929528 0.33518365025520325 180224
1771095975330 0.33414730429649353 188416
1771095980450 0.3309842050075531 196608
1771096025401 0.3303273618221283 204800
1771096028741 0.3316701352596283 212992
1771096074465 0.3311556875705719 221184
1771096078923 0.32933467626571655 229376
1771096123657 0.3319023549556732 237568
1771096128738 0.33768409490585327 245760
1771096172364 0.3442316949367523 253952
1771096177894 0.3499397933483124 262144
1771096222085 0.35546040534973145 270336
1771096228084 0.36099323630332947 278528
1771096271211 0.36574485898017883 286720
1771096278118 0.37085065245628357 294912
1771096283375 0.37331169843673706 303104
