1771095430389 2.066408395767212 8192
1771095432762 1.9774870872497559 16384
1771095479541 1.8646615743637085 24576
1771095482600 1.7932294607162476 32768
1771095528633 1.7574094533920288 40960
1771095531820 1.7311569452285767 49152
1771095577901 1.782399296760559 57344
1771095581718 1.8588104248046875 65536
1771095627086 1.9280266761779785 73728
1771095631543 1.9788187742233276 81920
1771095676219 2.017549514770508 90112
1771095681380 2.0607948303222656 98304
1771095725325 2.1107850074768066 106496
1771095731354 2.1620771884918213 114688
1771095775333 2.215733528137207 122880
1771095781027 2.2548160552978516 131072
1771095825626 2.2775421142578125 139264
1771095829719 2.294149875640869 147456
1771095875304 2.314441680908203 155648
1771095880181 2.33203125 163840
1771095925821 2.3418517112731934 172032
1771095929528 2.3397789001464844 180224
1771095975330 2.3285744190216064 188416
1771095980450 2.294951915740967 196608
1771096025401 2.2854647636413574 204800
1771096028741 2.2983851432800293 212992
1771096074465 2.292287588119507 221184
1771096078923 2.273038864135742 229376
1771096123657 2.3018741607666016 237568
1771096128738 2.369020700454712 245760
1771096172364 2.443303346633911 253952
1771096177894 2.5077924728393555 262144
1771096222085 2.5709619522094727 270336
1771096228084 2.6341373920440674 278528
1771096271211 2.6887810230255127 286720
1771096278118 2.7458577156066895 294912
1771096283375 2.773362398147583 303104
