1758803966178 1.7591876208897486 20224
1758804005466 1.9159335288367547 40448
1758804046205 1.9690789473684212 60672
1758804087263 1.9807407407407407 80896
1758804127978 2.0009895111814764 101120
1758804168268 2.00527096030308 121344
1758804209736 2.0161221892235894 141568
1758804250744 2.024372139057281 161792
1758804291668 2.034346103038309 182016
1758804333185 2.0368718406184954 202240
1758804375310 2.033600576524637 222464
1758804417305 2.0301428689404575 242688
1758804432851 2.0285530959255693 250112
