1758803966178 -1.7695841992155035 20224
1758804005466 0.14043660084639592 40448
1758804046205 0.7368146739507976 60672
1758804087263 0.9318312722665292 80896
1758804127978 1.1490203866669855 101120
1758804168268 1.23544995770229 121344
1758804209736 1.345106784060962 141568
1758804250744 1.430646634553161 161792
1758804291668 1.5541428301839353 182016
1758804333185 1.5691760150419023 202240
1758804375310 1.5582980668047572 222464
1758804417305 1.5563836951054573 242688
1758804432851 1.5328039907284718 250112
