1771688160604 20.92327308654785 6144
1771688163666 20.735166549682617 12288
1771688176814 20.53961944580078 18432
1771688189556 20.427034378051758 24576
1771688199989 20.287662506103516 30720
1771688203956 20.24102020263672 36864
1771688215938 20.13947296142578 43008
1771688228676 20.07921600341797 49152
1771688238835 20.05281639099121 55296
1771688243187 20.004098892211914 61440
1771688255413 19.994543075561523 67584
1771688267176 19.973634719848633 73728
1771688277828 19.943023681640625 79872
1771688282586 19.921493530273438 86016
1771688293748 19.912702560424805 92160
1771688306214 19.888404846191406 98304
1771688317745 19.894638061523438 104448
1771688322907 19.899999618530273 110592
1771688332547 19.902814865112305 116736
1771688344830 19.892658233642578 122880
1771688357294 19.890575408935547 129024
1771688362292 19.88001823425293 135168
1771688372170 19.883771896362305 141312
1771688384175 19.878589630126953 147456
1771688396036 19.86888885498047 153600
1771688401686 19.87383270263672 159744
1771688411322 19.870296478271484 165888
1771688423644 19.877683639526367 172032
1771688435127 19.87964630126953 178176
1771688441321 19.88018798828125 184320
1771688450475 19.87794303894043 190464
1771688462523 19.878402709960938 196608
1771688475076 19.885316848754883 202752
1771688482266 19.882081985473633 208896
1771688490857 19.878387451171875 215040
1771688503022 19.880733489990234 221184
1771688514794 19.878662109375 227328
1771688521605 19.88458251953125 233472
1771688530639 19.88389778137207 239616
1771688542239 19.8847599029541 245760
1771688553653 19.884103775024414 251904
1771688562268 19.885005950927734 258048
1771688570182 19.887643814086914 264192
1771688581172 19.884727478027344 270336
1771688592792 19.883995056152344 276480
1771688601651 19.888004302978516 282624
1771688609548 19.894567489624023 288768
1771688620396 19.897607803344727 294912
1771688627844 19.89366912841797 301056
