1771688160600 0.05509581044316292 6144
1771688163663 -0.06111166998744011 12288
1771688176811 -0.15901444852352142 18432
1771688189553 -0.25575414299964905 24576
1771688199986 -0.3519030809402466 30720
1771688203952 -0.44471922516822815 36864
1771688215935 -0.5218316316604614 43008
1771688228673 -0.5887115001678467 49152
1771688238832 -0.6471486687660217 55296
1771688243183 -0.6867396235466003 61440
1771688255409 -0.6954652667045593 67584
1771688267172 -0.6942505836486816 73728
1771688277825 -0.6906137466430664 79872
1771688282583 -0.7041020393371582 86016
1771688293745 -0.7188277244567871 92160
1771688306211 -0.7264721393585205 98304
1771688317742 -0.727301299571991 104448
1771688322903 -0.7157499194145203 110592
1771688332544 -0.7079681754112244 116736
1771688344827 -0.6927939057350159 122880
1771688357291 -0.701110303401947 129024
1771688362288 -0.7274534702301025 135168
1771688372167 -0.7541307806968689 141312
1771688384172 -0.764882504940033 147456
1771688396033 -0.7576332688331604 153600
1771688401683 -0.7518649101257324 159744
1771688411318 -0.7523441314697266 165888
1771688423641 -0.7620570063591003 172032
1771688435124 -0.7701825499534607 178176
1771688441318 -0.7690210342407227 184320
1771688450472 -0.7792821526527405 190464
1771688462519 -0.8070037961006165 196608
1771688475073 -0.8358199000358582 202752
1771688482263 -0.8491013646125793 208896
1771688490854 -0.8164426684379578 215040
1771688503019 -0.7878711819648743 221184
1771688514791 -0.7909731864929199 227328
1771688521602 -0.8124838471412659 233472
1771688530635 -0.8252949714660645 239616
1771688542236 -0.8368120193481445 245760
1771688553649 -0.8410612940788269 251904
1771688562265 -0.8614295125007629 258048
1771688570178 -0.8714835047721863 264192
1771688581168 -0.8828220367431641 270336
1771688592789 -0.8665758967399597 276480
1771688601647 -0.8701339364051819 282624
1771688609545 -0.8744795322418213 288768
1771688620393 -0.8804159164428711 294912
1771688627841 -0.8991734981536865 301056
