1771741078340 495.1205749511719 5120
1771741085431 495.7392883300781 10240
1771741093237 494.71356201171875 15360
1771741101537 495.2908630371094 20480
1771741112722 496.1333312988281 25600
1771741119742 496.7388000488281 30720
1771741127663 496.3203125 35840
1771741135332 496.3272399902344 40960
1771741146869 496.1261291503906 46080
1771741154238 496.5484313964844 51200
1771741161516 495.8333435058594 56320
1771741169108 495.56353759765625 61440
1771741181302 495.6321105957031 66560
1771741188688 495.83074951171875 71680
1771741196379 495.8714599609375 76800
1771741203759 496.0132751464844 81920
1771741215303 496.14569091796875 87040
1771741222771 496.1607666015625 92160
1771741231573 496.173828125 97280
1771741239191 496.1854248046875 102400
1771741249846 496.2855529785156 107520
1771741257187 496.2959899902344 112640
1771741266095 496.46392822265625 117760
1771741273893 496.3841247558594 122880
1771741283874 496.4599914550781 128000
1771741291814 496.5998840332031 133120
1771741300834 496.5931396484375 138240
1771741308252 496.32257080078125 143360
1771741318028 496.4538879394531 148480
1771741326273 496.57476806640625 153600
1771741336215 496.5716247558594 158720
1771741343327 496.51190185546875 163840
1771741352439 496.5667724609375 168960
1771741361374 496.6177062988281 174080
1771741370285 496.6108703613281 179200
1771741378382 496.6558532714844 184320
1771741386933 496.5984802246094 189440
1771741395337 496.5951843261719 194560
1771741404570 496.5889587402344 199680
1771741412738 496.6312561035156 204800
1771741421000 496.6711120605469 209920
1771741429248 496.75146484375 215040
1771741438364 496.7855529785156 220160
1771741446461 496.7373352050781 225280
1771741455039 496.7293701171875 230400
1771741464137 496.7196960449219 235520
1771741472153 496.5967712402344 240640
1771741480368 496.5541687011719 245760
1771741488757 496.6258544921875 250880
1771741498332 496.5487365722656 256000
1771741506251 496.54559326171875 261120
1771741514688 496.5753173828125 266240
1771741522891 496.5041809082031 271360
1771741532293 496.4647521972656 276480
1771741540141 496.4942932128906 281600
1771741549024 496.4940490722656 286720
1771741556685 496.46337890625 291840
1771741566539 496.4934997558594 296960
1771741569717 496.5169677734375 300032
