1771132647233 0.09038424491882324 5120
1771132654049 0.08018229901790619 10240
1771132661234 0.07986016571521759 15360
1771132667959 0.08025987446308136 20480
1771132676154 0.07959754019975662 25600
1771132683400 0.07819078862667084 30720
1771132690526 0.07778258621692657 35840
1771132697616 0.07754144817590714 40960
1771132705330 0.07632150501012802 46080
1771132712429 0.07518478482961655 51200
1771132719987 0.07334112375974655 56320
1771132727494 0.07278942316770554 61440
1771132734822 0.071669802069664 66560
1771132742058 0.07102131098508835 71680
1771132748967 0.07053501158952713 76800
1771132756763 0.07029876857995987 81920
1771132763544 0.06972198933362961 87040
1771132770681 0.06932301074266434 92160
1771132778275 0.0689774751663208 97280
1771132785961 0.06872247904539108 102400
1771132793161 0.06824808567762375 107520
1771132800606 0.06766632944345474 112640
1771132807823 0.06724675744771957 117760
1771132815678 0.06690383702516556 122880
1771132822850 0.06670107692480087 128000
1771132830134 0.06625745445489883 133120
1771132836809 0.0661545991897583 138240
1771132845071 0.06612779945135117 143360
1771132852263 0.06572187691926956 148480
1771132859470 0.06521668285131454 153600
1771132866930 0.06500671058893204 158720
1771132874780 0.06463991105556488 163840
1771132881941 0.06453787535429001 168960
1771132888593 0.06421978026628494 174080
1771132896156 0.06395329535007477 179200
1771132903975 0.06354796141386032 184320
1771132911055 0.06349658221006393 189440
1771132918387 0.06320097297430038 194560
1771132925204 0.06284317374229431 199680
1771132933317 0.06270725280046463 204800
1771132940516 0.06270701438188553 209920
1771132947627 0.06269103288650513 215040
1771132954846 0.062448274344205856 220160
1771132963395 0.06229318305850029 225280
1771132970606 0.062133874744176865 230400
1771132977804 0.06209647282958031 235520
1771132984510 0.06190420687198639 240640
1771132992702 0.0617101825773716 245760
1771133000041 0.06165618821978569 250880
1771133007141 0.06138661131262779 256000
1771133013938 0.06122111156582832 261120
1771133021935 0.06103454902768135 266240
1771133029362 0.06073128432035446 271360
1771133036663 0.06084834784269333 276480
1771133043813 0.06156167760491371 281600
1771133051298 0.06202695518732071 286720
1771133059311 0.062314990907907486 291840
1771133066623 0.06252021342515945 296960
1771133069272 0.06262833625078201 300032
