1771132647233 0.0 5120
1771132654049 0.0 10240
1771132661234 0.0 15360
1771132667959 0.0 20480
1771132676154 0.0 25600
1771132683400 0.0 30720
1771132690526 0.0 35840
1771132697616 0.0 40960
1771132705330 0.0 46080
1771132712429 0.0 51200
1771132719987 0.0 56320
1771132727494 0.0 61440
1771132734822 0.0 66560
1771132742058 0.0 71680
1771132748967 0.0 76800
1771132756763 0.0 81920
1771132763544 0.0 87040
1771132770681 0.0 92160
1771132778275 0.0 97280
1771132785961 0.0 102400
1771132793161 0.0 107520
1771132800606 0.0 112640
1771132807823 0.0 117760
1771132815678 0.0 122880
1771132822850 0.0 128000
1771132830134 0.0 133120
1771132836809 0.0 138240
1771132845071 0.0 143360
1771132852263 0.0 148480
1771132859470 0.0 153600
1771132866930 0.0 158720
1771132874780 0.0 163840
1771132881941 0.0 168960
1771132888593 0.0 174080
1771132896156 0.0 179200
1771132903975 0.0 184320
1771132911055 0.0 189440
1771132918387 0.0 194560
1771132925204 0.0 199680
1771132933317 0.0 204800
1771132940516 0.0 209920
1771132947627 0.0 215040
1771132954846 0.0 220160
1771132963395 0.0 225280
1771132970606 0.0 230400
1771132977804 0.0 235520
1771132984510 0.0 240640
1771132992702 0.0 245760
1771133000041 0.0 250880
1771133007141 0.0 256000
1771133013938 0.0 261120
1771133021935 0.0 266240
1771133029362 0.0 271360
1771133036663 0.0 276480
1771133043813 0.0 281600
1771133051298 0.0 286720
1771133059311 0.0 291840
1771133066623 0.0 296960
1771133069272 0.0 300032
