1771132647233 1.1211236715316772 5120
1771132654049 1.1565200090408325 10240
1771132661234 1.1630812883377075 15360
1771132667959 1.1608531475067139 20480
1771132676154 1.161970853805542 25600
1771132683400 1.154022216796875 30720
1771132690526 1.1567803621292114 35840
1771132697616 1.1630046367645264 40960
1771132705330 1.16181480884552 46080
1771132712429 1.1595524549484253 51200
1771132719987 1.158852458000183 56320
1771132727494 1.1589374542236328 61440
1771132734822 1.1577171087265015 66560
1771132742058 1.154502034187317 71680
1771132748967 1.1553539037704468 76800
1771132756763 1.1579145193099976 81920
1771132763544 1.1592497825622559 87040
1771132770681 1.1588871479034424 92160
1771132778275 1.1631269454956055 97280
1771132785961 1.1637319326400757 102400
1771132793161 1.1639286279678345 107520
1771132800606 1.1642488241195679 112640
1771132807823 1.163638710975647 117760
1771132815678 1.1627546548843384 122880
1771132822850 1.1655735969543457 128000
1771132830134 1.1657005548477173 133120
1771132836809 1.1678169965744019 138240
1771132845071 1.1693137884140015 143360
1771132852263 1.1681280136108398 148480
1771132859470 1.1670918464660645 153600
1771132866930 1.165637731552124 158720
1771132874780 1.1657863855361938 163840
1771132881941 1.1650274991989136 168960
1771132888593 1.1633015871047974 174080
1771132896156 1.1621991395950317 179200
1771132903975 1.1612783670425415 184320
1771132911055 1.1615716218948364 189440
1771132918387 1.1613662242889404 194560
1771132925204 1.1587501764297485 199680
1771132933317 1.1582486629486084 204800
1771132940516 1.1594312191009521 209920
1771132947627 1.1594645977020264 215040
1771132954846 1.1598690748214722 220160
1771132963395 1.1593830585479736 225280
1771132970606 1.159610390663147 230400
1771132977804 1.1602790355682373 235520
1771132984510 1.1606719493865967 240640
1771132992702 1.1600910425186157 245760
1771133000041 1.1606159210205078 250880
1771133007141 1.1615991592407227 256000
1771133013938 1.1614975929260254 261120
1771133021935 1.1617717742919922 266240
1771133029362 1.161611795425415 271360
1771133036663 1.1614265441894531 276480
1771133043813 1.1613610982894897 281600
1771133051298 1.1618694067001343 286720
1771133059311 1.1617300510406494 291840
1771133066623 1.1620508432388306 296960
1771133069272 1.1622467041015625 300032
