1771191697353 24.285154342651367 8192
1771191700898 25.017742156982422 16384
1771191753456 26.014589309692383 24576
1771191756669 26.02022933959961 32768
1771191810284 26.173940658569336 40960
1771191813106 26.3060302734375 49152
1771191865621 26.390562057495117 57344
1771191869506 26.482383728027344 65536
1771191921594 26.57430648803711 73728
1771191925264 26.715761184692383 81920
1771191978721 26.707746505737305 90112
1771191981583 26.67558479309082 98304
1771192035514 26.747459411621094 106496
1771192038992 26.77228355407715 114688
1771192091777 26.856348037719727 122880
1771192095314 26.928924560546875 131072
1771192147617 26.99405860900879 139264
1771192152110 27.047658920288086 147456
1771192203705 27.079965591430664 155648
1771192208658 27.07964515686035 163840
1771192259965 26.81549072265625 172032
1771192263958 26.525257110595703 180224
1771192316288 26.416845321655273 188416
1771192319743 26.362058639526367 196608
1771192371953 26.418155670166016 204800
1771192376198 26.465604782104492 212992
1771192428681 26.4965763092041 221184
1771192433177 26.568967819213867 229376
1771192484740 26.63697052001953 237568
1771192490037 26.685693740844727 245760
1771192541057 26.705263137817383 253952
1771192546231 26.724157333374023 262144
1771192597418 26.775259017944336 270336
1771192603136 26.77875518798828 278528
1771192652685 26.7841854095459 286720
1771192660127 26.78844451904297 294912
1771192688712 26.79983139038086 303104
