1758804987237 20.11111111111111 20224
1758805029531 20.12172191984166 40448
1758805071391 20.141912007939133 60672
1758805113980 20.132075471698112 80896
1758805156458 20.105137869470344 101120
1758805197500 20.126179831097865 121344
1758805237294 20.132755927871646 141568
1758805278035 20.125341614906834 161792
1758805317943 20.100055157198014 182016
1758805358205 20.086318087111817 202240
1758805397904 20.115818953835035 222464
1758805437672 20.13311230832988 242688
1758805452437 20.12993076799227 250112
