1758804987235 -0.9427137238340217 20224
1758805029527 -0.457610389138074 40448
1758805071387 -0.018810443612238187 60672
1758805113975 0.2423236619528348 80896
1758805156454 0.34579271561268604 101120
1758805197496 0.26112409099779627 121344
1758805237291 0.17204212503312735 141568
1758805278030 0.18364701996576535 161792
1758805317939 0.20280248683490107 182016
1758805358201 0.1904845029153354 202240
1758805397900 0.18252920430282066 222464
1758805437667 0.17468289509965187 242688
1758805452434 0.06120891212318912 250112
