1758804987237 1.904621435594887 20224
1758805029531 1.9722909450766948 40448
1758805071391 2.0373800860072775 60672
1758805113980 2.0461767626613705 80896
1758805156458 2.046816107915096 101120
1758805197500 2.0539824474250703 121344
1758805237294 2.0633252875195227 141568
1758805278035 2.0598757763975155 161792
1758805317943 2.0458907887479314 182016
1758805358205 2.0386943149121937 202240
1758805397904 2.037853464630951 222464
1758805437672 2.0357231661831743 242688
1758805452437 2.0378360972468204 250112
