1771105037252 1.1533828973770142 8192
1771105073417 1.1519856452941895 16384
1771105095066 1.151778221130371 24576
1771105123552 1.1448644399642944 32768
1771105145165 1.1478742361068726 40960
1771105173245 1.1468408107757568 49152
1771105195730 1.148568034172058 57344
1771105222898 1.1477553844451904 65536
1771105246169 1.1465210914611816 73728
1771105272870 1.147196888923645 81920
1771105296356 1.149821162223816 90112
1771105322562 1.152014970779419 98304
1771105346136 1.15254807472229 106496
1771105372494 1.15207839012146 114688
1771105396595 1.1547045707702637 122880
1771105422716 1.1536786556243896 131072
1771105447039 1.153449296951294 139264
1771105471984 1.1533864736557007 147456
1771105496850 1.1544893980026245 155648
1771105522807 1.1525225639343262 163840
1771105547156 1.1532739400863647 172032
1771105573478 1.1549527645111084 180224
1771105597531 1.1552051305770874 188416
1771105623468 1.1561864614486694 196608
1771105647731 1.1555006504058838 204800
1771105672870 1.1546027660369873 212992
1771105698168 1.1564644575119019 221184
1771105722932 1.1562318801879883 229376
1771105748340 1.1558979749679565 237568
1771105772774 1.1570839881896973 245760
1771105797862 1.1573212146759033 253952
1771105824200 1.1577773094177246 262144
1771105847887 1.1584793329238892 270336
1771105874214 1.1591426134109497 278528
1771105898452 1.159525990486145 286720
1771105923776 1.1596754789352417 294912
1771105933685 1.1600053310394287 303104
