1771222123248 0.0 8192
1771222125919 0.0 16384
1771222163357 0.0 24576
1771222166757 0.0 32768
1771222204134 0.0 40960
1771222207986 0.0 49152
1771222244746 0.0 57344
1771222248946 0.0 65536
1771222286729 0.0 73728
1771222289629 0.0 81920
1771222327152 0.0 90112
1771222330967 0.0 98304
1771222368042 0.0 106496
1771222371767 0.0 114688
1771222408306 0.0 122880
1771222412412 0.0 131072
1771222449309 0.0 139264
1771222453168 0.0 147456
1771222490871 0.0 155648
1771222493623 0.0 163840
1771222531464 0.0 172032
1771222534144 0.0 180224
1771222573144 0.0 188416
1771222575792 0.0 196608
1771222613087 0.0 204800
1771222616811 0.0 212992
1771222653965 0.0 221184
1771222657949 0.0 229376
1771222695073 0.0 237568
1771222699043 0.0 245760
1771222736327 0.0 253952
1771222740183 0.0 262144
1771222777365 0.0 270336
1771222780569 0.0 278528
1771222818937 0.0 286720
1771222821922 0.0 294912
1771222853295 0.0 303104
