1771222123248 22.61859130859375 8192
1771222125919 22.597732543945312 16384
1771222163357 23.815324783325195 24576
1771222166757 24.66042709350586 32768
1771222204134 25.352773666381836 40960
1771222207986 25.734399795532227 49152
1771222244746 25.995637893676758 57344
1771222248946 26.209440231323242 65536
1771222286729 26.36921501159668 73728
1771222289629 26.503976821899414 81920
1771222327152 26.62104606628418 90112
1771222330967 26.682941436767578 98304
1771222368042 26.705886840820312 106496
1771222371767 26.798688888549805 114688
1771222408306 26.823522567749023 122880
1771222412412 26.929943084716797 131072
1771222449309 26.989883422851562 139264
1771222453168 26.99462890625 147456
1771222490871 27.04731559753418 155648
1771222493623 27.073461532592773 163840
1771222531464 27.090604782104492 172032
1771222534144 27.070484161376953 180224
1771222573144 27.03881072998047 188416
1771222575792 27.078968048095703 196608
1771222613087 27.096559524536133 204800
1771222616811 27.142375946044922 212992
1771222653965 27.138517379760742 221184
1771222657949 27.1602725982666 229376
1771222695073 27.157773971557617 237568
1771222699043 27.163118362426758 245760
1771222736327 27.199317932128906 253952
1771222740183 27.19308853149414 262144
1771222777365 27.175582885742188 270336
1771222780569 27.176578521728516 278528
1771222818937 27.19634437561035 286720
1771222821922 27.1896915435791 294912
1771222853295 27.191936492919922 303104
