1771222123248 0.8776847124099731 8192
1771222125919 0.8971196413040161 16384
1771222163357 0.9737387299537659 24576
1771222166757 1.016343355178833 32768
1771222204134 1.0792574882507324 40960
1771222207986 1.1199135780334473 49152
1771222244746 1.13068687915802 57344
1771222248946 1.1291924715042114 65536
1771222286729 1.1282709836959839 73728
1771222289629 1.127196192741394 81920
1771222327152 1.130197286605835 90112
1771222330967 1.1287775039672852 98304
1771222368042 1.1243208646774292 106496
1771222371767 1.1252118349075317 114688
1771222408306 1.1237664222717285 122880
1771222412412 1.1271015405654907 131072
1771222449309 1.1274954080581665 139264
1771222453168 1.1241286993026733 147456
1771222490871 1.1231309175491333 155648
1771222493623 1.1190555095672607 163840
1771222531464 1.115539789199829 172032
1771222534144 1.1129014492034912 180224
1771222573144 1.109876036643982 188416
1771222575792 1.1097660064697266 196608
1771222613087 1.112607479095459 204800
1771222616811 1.1130136251449585 212992
1771222653965 1.1124141216278076 221184
1771222657949 1.1117862462997437 229376
1771222695073 1.1101274490356445 237568
1771222699043 1.109488606452942 245760
1771222736327 1.1125684976577759 253952
1771222740183 1.1116130352020264 262144
1771222777365 1.11080801486969 270336
1771222780569 1.1109874248504639 278528
1771222818937 1.1101940870285034 286720
1771222821922 1.1101592779159546 294912
1771222853295 1.1108877658843994 303104
