1771222123245 42.014043733910306 8192
1771222125917 43.17837325893822 16384
1771222163355 46.972371854456675 24576
1771222166754 37.25951852180865 32768
1771222204131 3.233573687988152 40960
1771222207984 42.10429946695845 49152
1771222244744 24.976948316828146 57344
1771222248944 47.83485966492935 65536
1771222286727 45.70601632395088 73728
1771222289626 42.25190139922836 81920
1771222327150 43.61660929879476 90112
1771222330965 48.100368123487655 98304
1771222368040 33.152098137009254 106496
1771222371765 47.92668685368223 114688
1771222408303 47.7189405661236 122880
1771222412409 48.21482435166452 131072
1771222449307 3.0750006781519956 139264
1771222453166 46.56302315770776 147456
1771222490868 45.40567692207764 155648
1771222493621 47.64792620445999 163840
1771222531461 2.632147906702956 172032
1771222534141 47.91518917930908 180224
1771222573142 45.68660000435701 188416
1771222575789 46.06442401678144 196608
1771222613085 43.440431680009944 204800
1771222616809 19.703408621143222 212992
1771222653962 49.1073046797251 221184
1771222657946 43.602553173794625 229376
1771222695070 46.07656900548177 237568
1771222699041 43.046758898148525 245760
1771222736324 42.32651825539387 253952
1771222740181 45.91817654335855 262144
1771222777362 47.17206320643311 270336
1771222780567 48.729613235277036 278528
1771222818935 43.592583354119895 286720
1771222821919 43.841371380788125 294912
1771222853293 43.321531120246235 303104
