1771223974621 26.038755416870117 8192
1771223979098 26.188602447509766 16384
1771224004301 25.834959030151367 24576
1771224009447 25.787700653076172 32768
1771224034119 25.883548736572266 40960
1771224039049 25.8719482421875 49152
1771224063800 25.693845748901367 57344
1771224069970 25.45466423034668 65536
1771224094249 25.60216522216797 73728
1771224100356 25.71685218811035 81920
1771224124549 25.909626007080078 90112
1771224130029 26.018455505371094 98304
1771224153177 26.141372680664062 106496
1771224159858 26.211944580078125 114688
1771224183553 26.307191848754883 122880
1771224189916 26.42316246032715 131072
1771224213504 26.525978088378906 139264
1771224219649 26.561309814453125 147456
1771224243683 26.55544090270996 155648
1771224249749 26.561439514160156 163840
1771224273922 26.598039627075195 172032
1771224279679 26.65595245361328 180224
1771224303709 26.730077743530273 188416
1771224310217 26.757429122924805 196608
1771224334373 26.77570343017578 204800
1771224340155 26.77214813232422 212992
1771224365199 26.757917404174805 221184
1771224370273 26.769073486328125 229376
1771224394742 26.830888748168945 237568
1771224400954 26.819860458374023 245760
1771224424859 26.7919921875 253952
1771224430935 26.730575561523438 262144
1771224454680 26.68256950378418 270336
1771224461230 26.625680923461914 278528
1771224484283 26.602407455444336 286720
1771224490996 26.588109970092773 294912
1771224507507 26.573293685913086 303104
