1771223974621 1.143096685409546 8192
1771223979098 1.1493200063705444 16384
1771224004301 1.1401616334915161 24576
1771224009447 1.1390495300292969 32768
1771224034119 1.1448767185211182 40960
1771224039049 1.1507989168167114 49152
1771224063800 1.1498370170593262 57344
1771224069970 1.1443253755569458 65536
1771224094249 1.1503896713256836 73728
1771224100356 1.1532684564590454 81920
1771224124549 1.1546486616134644 90112
1771224130029 1.152183175086975 98304
1771224153177 1.15220046043396 106496
1771224159858 1.151289463043213 114688
1771224183553 1.1519628763198853 122880
1771224189916 1.1535966396331787 131072
1771224213504 1.1542202234268188 139264
1771224219649 1.1541659832000732 147456
1771224243683 1.1526577472686768 155648
1771224249749 1.1510483026504517 163840
1771224273922 1.1511698961257935 172032
1771224279679 1.1526128053665161 180224
1771224303709 1.154521107673645 188416
1771224310217 1.1538523435592651 196608
1771224334373 1.1537386178970337 204800
1771224340155 1.153316855430603 212992
1771224365199 1.1535526514053345 221184
1771224370273 1.1542267799377441 229376
1771224394742 1.1556388139724731 237568
1771224400954 1.155369758605957 245760
1771224424859 1.155824899673462 253952
1771224430935 1.1554014682769775 262144
1771224454680 1.1565256118774414 270336
1771224461230 1.1567046642303467 278528
1771224484283 1.156357765197754 286720
1771224490996 1.1567046642303467 294912
1771224507507 1.15669584274292 303104
