1771223974621 1.1801012754440308 8192
1771223979098 1.1860294342041016 16384
1771224004301 1.1791093349456787 24576
1771224009447 1.2039659023284912 32768
1771224034119 1.248575210571289 40960
1771224039049 1.2963992357254028 49152
1771224063800 1.318281650543213 57344
1771224069970 1.3339296579360962 65536
1771224094249 1.3604671955108643 73728
1771224100356 1.3761544227600098 81920
1771224124549 1.3651645183563232 90112
1771224130029 1.3419004678726196 98304
1771224153177 1.3277485370635986 106496
1771224159858 1.3169528245925903 114688
1771224183553 1.3094863891601562 122880
1771224189916 1.301174521446228 131072
1771224213504 1.2901972532272339 139264
1771224219649 1.2870097160339355 147456
1771224243683 1.2821409702301025 155648
1771224249749 1.2745076417922974 163840
1771224273922 1.2691045999526978 172032
1771224279679 1.2702690362930298 180224
1771224303709 1.2670936584472656 188416
1771224310217 1.2609902620315552 196608
1771224334373 1.2572351694107056 204800
1771224340155 1.255805253982544 212992
1771224365199 1.2524542808532715 221184
1771224370273 1.2459090948104858 229376
1771224394742 1.2434965372085571 237568
1771224400954 1.2377592325210571 245760
1771224424859 1.2307387590408325 253952
1771224430935 1.226287841796875 262144
1771224454680 1.2400684356689453 270336
1771224461230 1.2518830299377441 278528
1771224484283 1.2529668807983398 286720
1771224490996 1.2536741495132446 294912
1771224507507 1.254675269126892 303104
