1771223974621 2.1654741764068604 8192
1771223979098 2.2155120372772217 16384
1771224004301 2.178978204727173 24576
1771224009447 2.222107172012329 32768
1771224034119 2.383007287979126 40960
1771224039049 2.564206600189209 49152
1771224063800 2.6704437732696533 57344
1771224069970 2.765249729156494 65536
1771224094249 2.8411896228790283 73728
1771224100356 2.880976676940918 81920
1771224124549 2.808419704437256 90112
1771224130029 2.70412278175354 98304
1771224153177 2.6288702487945557 106496
1771224159858 2.5724081993103027 114688
1771224183553 2.5291874408721924 122880
1771224189916 2.482908010482788 131072
1771224213504 2.4251949787139893 139264
1771224219649 2.4055628776550293 147456
1771224243683 2.3861353397369385 155648
1771224249749 2.3511409759521484 163840
1771224273922 2.3194217681884766 172032
1771224279679 2.3122503757476807 180224
1771224303709 2.294405221939087 188416
1771224310217 2.2667036056518555 196608
1771224334373 2.2513656616210938 204800
1771224340155 2.2450244426727295 212992
1771224365199 2.235320806503296 221184
1771224370273 2.2119157314300537 229376
1771224394742 2.1923375129699707 237568
1771224400954 2.170199155807495 245760
1771224424859 2.148754358291626 253952
1771224430935 2.142197608947754 262144
1771224454680 2.2014341354370117 270336
1771224461230 2.257070779800415 278528
1771224484283 2.264549493789673 286720
1771224490996 2.270075798034668 294912
1771224507507 2.275813579559326 303104
