1771760251071 16.690208435058594 8192
1771760254275 13.101393699645996 16384
1771760281992 12.992155075073242 24576
1771760286204 13.080422401428223 32768
1771760313900 11.447710037231445 40960
1771760317512 12.99782657623291 49152
1771760345599 12.646746635437012 57344
1771760348555 10.17251968383789 65536
1771760376490 9.08237361907959 73728
1771760380241 8.057130813598633 81920
1771760407691 8.59490966796875 90112
1771760411011 8.745254516601562 98304
1771760439046 8.71491813659668 106496
1771760442271 8.503860473632812 114688
1771760469630 9.017997741699219 122880
1771760473303 8.987075805664062 131072
1771760501297 8.498933792114258 139264
1771760504449 8.378820419311523 147456
1771760533240 8.146078109741211 155648
1771760535886 8.40018367767334 163840
1771760563492 8.618102073669434 172032
1771760567501 8.299601554870605 180224
1771760595117 8.734764099121094 188416
1771760598553 8.453170776367188 196608
1771760626342 9.141223907470703 204800
1771760630098 8.845907211303711 212992
1771760657500 8.84144115447998 221184
1771760661482 9.560380935668945 229376
1771760689408 9.126249313354492 237568
1771760692829 9.404767990112305 245760
1771760720000 9.157809257507324 253952
1771760723990 8.97904109954834 262144
1771760750630 9.290298461914062 270336
1771760755475 9.851448059082031 278528
1771760781217 8.73477554321289 286720
1771760787110 9.370399475097656 294912
1771760804497 8.43153190612793 303104
