1771760251074 16.198978424072266 8192
1771760254278 16.36607551574707 16384
1771760281995 16.24056625366211 24576
1771760286207 16.071617126464844 32768
1771760313903 14.908875465393066 40960
1771760317515 13.712871551513672 49152
1771760345603 12.349432945251465 57344
1771760348559 11.314258575439453 65536
1771760376494 11.3167142868042 73728
1771760380244 11.722428321838379 81920
1771760407694 12.065070152282715 90112
1771760411014 12.292302131652832 98304
1771760439049 12.475117683410645 106496
1771760442274 12.613205909729004 114688
1771760469634 12.732562065124512 122880
1771760473306 12.853729248046875 131072
1771760501300 13.0343599319458 139264
1771760504452 13.155067443847656 147456
1771760533243 13.293949127197266 155648
1771760535889 13.36156177520752 163840
1771760563495 13.509565353393555 172032
1771760567504 13.57639217376709 180224
1771760595121 13.643198013305664 188416
1771760598556 13.726118087768555 196608
1771760626345 13.792372703552246 204800
1771760630101 13.852608680725098 212992
1771760657503 13.915156364440918 221184
1771760661485 13.978084564208984 229376
1771760689412 14.047593116760254 237568
1771760692833 14.069900512695312 245760
1771760720003 14.117639541625977 253952
1771760723994 14.14273452758789 262144
1771760750633 14.194472312927246 270336
1771760755478 14.210997581481934 278528
1771760781222 14.230194091796875 286720
1771760787114 14.242191314697266 294912
1771760804500 14.260290145874023 303104
