1759788238927 500.0 5120
1759788271674 500.0 10240
1759788305633 500.0 15360
1759788336714 500.0 20480
1759788370380 500.0 25600
1759788404759 500.0 30720
1759788437934 500.0 35840
1759788471150 500.0 40960
1759788502174 500.0 46080
1759788540825 500.0 51200
1759788573189 500.0 56320
1759788605354 500.0 61440
1759788636612 500.0 66560
1759788674668 500.0 71680
1759788704699 500.0 76800
1759788739117 500.0 81920
1759788770403 500.0 87040
1759788801227 500.0 92160
1759788832746 500.0 97280
1759788864598 500.0 102400
1759788896074 500.0 107520
1759788928623 500.0 112640
1759788960888 500.0 117760
1759788992673 500.0 122880
1759789025288 500.0 128000
1759789057786 500.0 133120
1759789088606 500.0 138240
1759789121411 500.0 143360
1759789154415 500.0 148480
1759789185642 500.0 153600
1759789216439 500.0 158720
1759789258914 500.0 163840
1759789290905 500.0 168960
1759789323746 500.0 174080
1759789358157 500.0 179200
1759789388060 500.0 184320
1759789418587 500.0 189440
1759789450778 500.0 194560
1759789483074 500.0 199680
1759789513449 500.0 204800
1759789544286 500.0 209920
1759789578384 500.0 215040
1759789613619 500.0 220160
1759789644610 500.0 225280
1759789674538 500.0 230400
1759789704201 500.0 235520
1759789739930 500.0 240640
1759789769999 500.0 245760
1759789800146 500.0 250880
1759789830361 500.0 256000
1759789865953 500.0 261120
1759789897805 500.0 266240
1759789927674 500.0 271360
1759789957394 500.0 276480
1759789991967 500.0 281600
1759790021953 500.0 286720
1759790051216 500.0 291840
1759790080264 500.0 296960
1759790095619 500.0 300032
