1759788238927 0.0 5120
1759788271674 0.0 10240
1759788305633 0.0 15360
1759788336714 0.0 20480
1759788370380 0.0 25600
1759788404759 0.0 30720
1759788437934 0.0 35840
1759788471150 0.0 40960
1759788502174 0.0 46080
1759788540825 0.0 51200
1759788573189 0.0 56320
1759788605354 0.0 61440
1759788636612 0.0 66560
1759788674668 0.0 71680
1759788704699 0.0 76800
1759788739117 0.0 81920
1759788770403 0.0 87040
1759788801227 0.0 92160
1759788832746 0.0 97280
1759788864598 0.0 102400
1759788896074 0.0 107520
1759788928623 0.0 112640
1759788960888 0.0 117760
1759788992673 0.0 122880
1759789025288 0.0 128000
1759789057786 0.0 133120
1759789088606 0.0 138240
1759789121411 0.0 143360
1759789154415 0.0 148480
1759789185642 0.0 153600
1759789216439 0.0 158720
1759789258914 0.0 163840
1759789290905 0.0 168960
1759789323746 0.0 174080
1759789358157 0.0 179200
1759789388060 0.0 184320
1759789418587 0.0 189440
1759789450778 0.0 194560
1759789483074 0.0 199680
1759789513449 0.0 204800
1759789544286 0.0 209920
1759789578384 0.0 215040
1759789613619 0.0 220160
1759789644610 0.0 225280
1759789674538 0.0 230400
1759789704201 0.0 235520
1759789739930 0.0 240640
1759789769999 0.0 245760
1759789800146 0.0 250880
1759789830361 0.0 256000
1759789865953 0.0 261120
1759789897805 0.0 266240
1759789927674 0.0 271360
1759789957394 0.0 276480
1759789991967 0.0 281600
1759790021953 0.0 286720
1759790051216 0.0 291840
1759790080264 0.0 296960
1759790095619 0.0 300032
