1759788238923 66.61749336891091 5120
1759788271667 28.36308062672861 10240
1759788305629 106.0587149467722 15360
1759788336707 92.1318835804503 20480
1759788370372 72.72560817020096 25600
1759788404752 99.75987061174008 30720
1759788437927 76.70075341964743 35840
1759788471144 181.50088710026395 40960
1759788502161 99.95958055290752 46080
1759788540817 107.60143663417136 51200
1759788573185 154.38398115429916 56320
1759788605347 131.41696954505576 61440
1759788636604 115.87115310238134 66560
1759788674661 159.606682141634 71680
1759788704692 135.1214200573435 76800
1759788739110 79.02449317959153 81920
1759788770394 33.377398279525394 87040
1759788801219 89.98335192654253 92160
1759788832740 75.33414756807242 97280
1759788864592 85.28474989833265 102400
1759788896066 84.89978341396271 107520
1759788928616 76.94841124238644 112640
1759788960882 57.50032901952183 117760
1759788992666 88.532252617359 122880
1759789025281 59.75387859188238 128000
1759789057778 77.14655679811653 133120
1759789088599 140.81461089102262 138240
1759789121401 49.99527975778959 143360
1759789154408 44.83920419922815 148480
1759789185635 126.92703888636707 153600
1759789216433 123.40543721313405 158720
1759789258907 123.92318146900668 163840
1759789290894 82.91760240392219 168960
1759789323728 58.537968765264964 174080
1759789358148 73.5030404990975 179200
1759789388052 68.90140289778887 184320
1759789418567 57.554771869639794 189440
1759789450770 68.18676030693199 194560
1759789483067 159.606682141634 199680
1759789513441 95.6315465468889 204800
1759789544277 66.9449826823935 209920
1759789578376 110.44617653254687 215040
1759789613608 58.59766967503982 220160
1759789644604 104.06411115246247 225280
1759789674531 165.67144606390963 230400
1759789704192 121.79997676849808 235520
1759789739917 60.00692447458403 240640
1759789769987 89.59316458400086 245760
1759789800136 56.438015528075674 250880
1759789830353 49.57103011393183 256000
1759789865938 64.71492933407394 261120
1759789897798 66.25549324697892 266240
1759789927666 109.93955597494168 271360
1759789957386 72.49432220820299 276480
1759789991958 74.77810661436976 281600
1759790021942 105.1283053863699 286720
1759790051207 82.74094531681527 291840
1759790080256 186.4052264343807 296960
1759790095607 117.9865537708515 300032
