1760044453912 1.2018181836163555 5120
1760044472777 1.0507684483916813 10240
1760044494453 1.0058076577952355 15360
1760044524476 1.0620418913195337 20480
1760044543961 1.0318651656473963 25600
1760044566428 1.0242266308956502 30720
1760044588037 1.006348233205992 35840
1760044616986 0.9947219669818879 40960
1760044637789 0.9823953524245721 46080
1760044661709 0.9754892701099631 51200
1760044680735 0.97702234395538 56320
1760044714424 0.9668656995476558 61440
1760044734547 0.9568171611623875 66560
1760044754483 0.9523343974303743 71680
1760044775903 0.9495952510166835 76800
1760044810506 0.9486359507509484 81920
1760044828763 0.9436815215228251 87040
1760044850028 0.9480680788411838 92160
1760044871214 0.9453224960913765 97280
1760044900403 0.9411761191428533 102400
1760044920871 0.9375358945319577 107520
1760044943359 0.9432055401788411 112640
1760044962364 0.9403022507666845 117760
1760044992065 0.9435532352579695 122880
1760045015565 0.9435516869337077 128000
1760045035416 0.9425873766414959 133120
1760045056178 0.947146475908175 138240
1760045080261 0.9445046338922063 143360
1760045104084 0.9468585265702493 148480
1760045130719 0.9457936709980788 153600
1760045151892 0.9467985064586488 158720
1760045173877 0.9432960651965553 163840
1760045196378 0.9424416766725637 168960
1760045221800 0.9453430031963862 174080
1760045241689 0.9487962195886432 179200
1760045265212 0.947017557139931 184320
1760045295551 0.9464039438255487 189440
1760045315274 0.946213638525215 194560
1760045334720 0.9447463807703582 199680
1760045355642 0.944716386750911 204800
1760045385650 0.9444719266250741 209920
1760045405223 0.9421024522941718 215040
1760045427591 0.9411630881288345 220160
1760045456860 0.941094110920077 225280
1760045477861 0.9399203224691515 230400
1760045497433 0.938964089767035 235520
1760045520469 0.9354974057645867 240640
1760045546933 0.9370722325220234 245760
1760045568975 0.9363613305192791 250880
1760045593875 0.9345008467186003 256000
1760045618441 0.9344339468121391 261120
1760045639160 0.934696926327775 266240
1760045659318 0.9337577630813136 271360
1760045680591 0.9356099791219589 276480
1760045711308 0.935378712517708 281600
1760045732613 0.9366226555625928 286720
1760045754263 0.941113801469272 291840
1760045775966 0.9430032847867444 296960
1760045786319 0.9430252954029871 300032
