1760044453912 4.840740740740741 5120
1760044472777 4.512922465208748 10240
1760044494453 4.395411605937921 15360
1760044524476 4.521068859198356 20480
1760044543961 4.438842975206612 25600
1760044566428 4.41534208707671 30720
1760044588037 4.384341637010676 35840
1760044616986 4.3640625 40960
1760044637789 4.329008341056534 46080
1760044661709 4.303422370617696 51200
1760044680735 4.304628224582701 56320
1760044714424 4.280542986425339 61440
1760044734547 4.266731016731017 66560
1760044754483 4.256655698474424 71680
1760044775903 4.256223776223776 76800
1760044810506 4.256094364351245 81920
1760044828763 4.243643544803752 87040
1760044850028 4.254842473745624 92160
1760044871214 4.247017233760495 97280
1760044900403 4.237725556021822 102400
1760044920871 4.232107157137145 107520
1760044943359 4.242221798053063 112640
1760044962364 4.236486486486487 117760
1760044992065 4.240637031851593 122880
1760045015565 4.237991266375546 128000
1760045035416 4.235996771589992 133120
1760045056178 4.242848258706467 138240
1760045080261 4.23721697405908 143360
1760045104084 4.241568968012737 148480
1760045130719 4.23957458718164 153600
1760045151892 4.242042530136801 158720
1760045173877 4.234182200052508 163840
1760045196378 4.230622374952272 168960
1760045221800 4.236588380716935 174080
1760045241689 4.244294979582032 179200
1760045265212 4.242902208201893 184320
1760045295551 4.242041837198727 189440
1760045315274 4.241837299391256 194560
1760045334720 4.239153895963739 199680
1760045355642 4.23590660496424 204800
1760045385650 4.234998461380655 209920
1760045405223 4.229883907125701 215040
1760045427591 4.227685990810441 220160
1760045456860 4.227307471813491 225280
1760045477861 4.2230833878046505 230400
1760045497433 4.221816188562032 235520
1760045520469 4.211184563158835 240640
1760045546933 4.2143107067879635 245760
1760045568975 4.213043105664581 250880
1760045593875 4.208063838723225 256000
1760045618441 4.209108878273761 261120
1760045639160 4.210164835164835 266240
1760045659318 4.2088156017123834 271360
1760045680591 4.212107065048242 276480
1760045711308 4.2117206601467 281600
1760045732613 4.215041657284395 286720
1760045754263 4.228037797135686 291840
1760045775966 4.232605383443373 296960
1760045786319 4.232759241911076 300032
