1758767322612 -0.19289636860790868 20224
1758767368609 -0.09318258837459097 40448
1758767411529 -0.036952802529969644 60672
1758767457565 -0.010461406469819794 80896
1758767505146 -2.5112998962023073e-05 101120
1758767552969 0.01607716088997665 121344
1758767600287 0.053031506135272084 141568
1758767650395 0.064484875865344 161792
1758767696735 0.05851631236497836 182016
1758767743339 0.05556375638789317 202240
1758767786558 0.06900921373330725 222464
1758767829722 0.08913063540207519 242688
1758767844620 0.08414858142173741 250112
