1758767322606 3.9087414008378984 20224
1758767368604 1.9920877675590276 40448
1758767411525 1.2519561142480673 60672
1758767457561 0.9397536092000051 80896
1758767505141 0.7817752550948749 101120
1758767552964 0.6925447920247129 121344
1758767600282 0.6846849578382307 141568
1758767650391 0.6213048201978302 161792
1758767696731 0.5374577506204669 182016
1758767743336 0.4777898535264276 202240
1758767786554 0.43957111490183864 222464
1758767829718 0.4293109174774621 242688
1758767844615 0.15096386643002688 250112
