1758844560717 0.0 8192
1758844592002 0.0 16384
1758844593485 0.0 24576
1758844623982 0.0 32768
1758844624776 0.0 40960
1758844655473 0.0 49152
1758844657125 0.0 57344
1758844686504 0.0 65536
1758844689131 0.0 73728
1758844719005 0.0 81920
1758844722043 0.0 90112
1758844749843 0.0 98304
1758844754823 0.0 106496
1758844781346 0.0 114688
1758844787142 0.0 122880
1758844812729 0.0 131072
1758844819562 0.0 139264
1758844845906 0.0 147456
1758844852407 0.0 155648
1758844877064 0.0 163840
1758844884837 0.0 172032
1758844908853 0.0 180224
1758844918123 0.0 188416
1758844940865 0.0 196608
1758844951565 0.0 204800
1758844973266 0.0 212992
1758844986307 0.0 221184
1758845005458 0.0 229376
1758845020825 0.0 237568
1758845037891 0.0 245760
1758845053554 0.0 253952
1758845069495 0.0 262144
1758845085326 0.0 270336
1758845103004 0.0 278528
1758845117857 0.0 286720
1758845135947 0.0 294912
1758845142071 0.0 303104
