1758844560717 22.776951672862452 8192
1758844592002 22.06903991370011 16384
1758844593485 20.875912408759124 24576
1758844623982 20.3606648199446 32768
1758844624776 19.97779751332149 40960
1758844655473 19.75287569573284 49152
1758844657125 19.552053486150907 57344
1758844686504 19.43339849204133 65536
1758844689131 19.312810327706057 73728
1758844719005 19.41553748870822 81920
1758844722043 19.490273178807946 90112
1758844749843 19.539415919068524 98304
1758844754823 19.56513274336283 106496
1758844781346 19.596039603960396 114688
1758844787142 19.643454038997213 122880
1758844812729 19.684294871794872 131072
1758844819562 19.692593101552838 139264
1758844845906 19.714992191566893 147456
1758844852407 19.718483763427585 155648
1758844877064 19.74679524873574 163840
1758844884837 19.77240062878958 172032
1758844908853 19.793040489743316 180224
1758844918123 19.817152270153404 188416
1758844940865 19.826005335441163 196608
1758844951565 19.828918636665716 204800
1758844973266 19.8365015536465 212992
1758844986307 19.845726872246697 221184
1758845005458 19.849162486183147 229376
1758845020825 19.848106465127742 237568
1758845037891 19.859437112418508 245760
1758845053554 19.860816012317166 253952
1758845069495 19.8732268179782 262144
1758845085326 19.88570807363386 270336
1758845103004 19.897408815659766 278528
1758845117857 19.90096502635001 286720
1758845135947 19.906651574672082 294912
1758845142071 19.91300919842313 303104
