1758844560713 119.34623264284089 8192
1758844591998 116.93069417340396 16384
1758844593482 153.3790682366708 24576
1758844623977 183.36556789367842 32768
1758844624772 36.14813282657221 40960
1758844655469 87.13264225024409 49152
1758844657121 146.61297539149888 57344
1758844686498 230.26648366730717 65536
1758844689125 141.50345804797408 73728
1758844719001 116.97308754218145 81920
1758844722039 108.8101278958155 90112
1758844749840 115.34220657793422 98304
1758844754819 88.79840792649362 106496
1758844781342 107.32884669515596 114688
1758844787138 84.3635778506346 122880
1758844812726 112.18616096504132 131072
1758844819556 105.26286201877227 139264
1758844845902 65.14411741865341 147456
1758844852403 78.44806044963154 155648
1758844877057 39.69961476938221 163840
1758844884833 72.9939263152399 172032
1758844908848 93.06818736547807 180224
1758844918116 83.39405507505717 188416
1758844940860 98.57585372159157 196608
1758844951560 97.84230661565736 204800
1758844973261 159.3641095786314 212992
1758844986302 110.53058212770443 221184
1758845005453 94.0785501200009 229376
1758845020819 112.53834182988999 237568
1758845037884 92.00456260419409 245760
1758845053549 119.00422755000709 253952
1758845069491 130.97785966336696 262144
1758845085320 108.717055469155 270336
1758845102998 78.08295479931492 278528
1758845117853 99.85487096467003 286720
1758845135942 111.96454979845706 294912
1758845142066 126.48685162846803 303104
