1771239091637 0.0 5120
1771239105104 0.0 10240
1771239118280 0.0 15360
1771239131432 0.0 20480
1771239144589 0.0 25600
1771239157982 0.0 30720
1771239171863 0.0 35840
1771239185357 0.0 40960
1771239198522 0.0 46080
1771239212147 0.0 51200
1771239225377 0.0 56320
1771239238803 0.0 61440
1771239253146 0.0 66560
1771239266527 0.0 71680
1771239280099 0.0 76800
1771239293264 0.0 81920
1771239306631 0.0 87040
1771239320248 0.0 92160
1771239334602 0.0 97280
1771239347878 0.0 102400
1771239361093 0.0 107520
1771239374260 0.0 112640
1771239387341 0.0 117760
1771239400467 0.0 122880
1771239415358 0.0 128000
1771239428500 0.0 133120
1771239442088 0.0 138240
1771239455243 0.0 143360
1771239468396 0.0 148480
1771239481568 0.0 153600
1771239496497 0.0 158720
1771239510191 0.0 163840
1771239523373 0.0 168960
1771239536979 0.0 174080
1771239550514 0.0 179200
1771239563680 0.0 184320
1771239577994 0.0 189440
1771239591324 0.0 194560
1771239604417 0.0 199680
1771239617586 0.0 204800
1771239630994 0.0 209920
1771239644195 0.0 215040
1771239658511 0.0 220160
1771239672198 0.0 225280
1771239685375 0.0 230400
1771239698872 0.0 235520
1771239712230 0.0 240640
1771239725509 0.0 245760
1771239739535 0.0 250880
1771239753099 0.0 256000
1771239766591 0.0 261120
1771239779699 0.0 266240
1771239793384 0.0 271360
1771239806562 0.0 276480
1771239820470 0.0 281600
1771239833929 0.0 286720
1771239847095 0.0 291840
1771239860491 0.0 296960
1771239867082 0.0 300032
