1760106971204 1.0002714654673701 5120
1760107002785 0.9445829335709064 10240
1760107023742 0.937417466589745 15360
1760107045544 0.9194945281114035 20480
1760107066488 0.9302393302823445 25600
1760107092484 0.9352876175526172 30720
1760107113922 0.9420800021939272 35840
1760107134269 0.9299006830426497 40960
1760107155351 0.935422163607073 46080
1760107179401 0.9235556896467855 51200
1760107200299 0.9182895425605194 56320
1760107223402 0.9211613867387685 61440
1760107245565 0.9193968228721987 66560
1760107267784 0.9523574718195766 71680
1760107290759 0.9809002669078997 76800
1760107313471 1.006277832080248 81920
1760107334573 1.0457470114461056 87040
1760107355128 1.0692620674960585 92160
1760107379510 1.0825843741104868 97280
1760107400859 1.0904487686523865 102400
1760107424423 1.1029013072684517 107520
1760107445065 1.1169408070845526 112640
1760107466808 1.12535635245965 117760
1760107488985 1.1328946523810506 122880
1760107513964 1.1402645994209748 128000
1760107533796 1.1522874478094591 133120
1760107555954 1.155326524111304 138240
1760107577564 1.1626716748792298 143360
1760107602488 1.173918453031259 148480
1760107624479 1.1910246437895085 153600
1760107643740 1.2090840459650214 158720
1760107666957 1.2223148791148177 163840
1760107691278 1.2339391892278162 168960
1760107711372 1.2364150309620041 174080
1760107732079 1.2380349311088619 179200
1760107753818 1.2418845358902846 184320
1760107778712 1.2473625643050323 189440
1760107799898 1.251813357130702 194560
1760107820353 1.256201153753139 199680
1760107841101 1.2595508907851583 204800
1760107866490 1.2631173536803397 209920
1760107888496 1.261803266273708 215040
1760107908157 1.258958498671484 220160
1760107928476 1.258216979892933 225280
1760107955175 1.2575361781375174 230400
1760107975093 1.254911665862768 235520
1760107996275 1.2564005073805384 240640
1760108016691 1.2583159597101632 245760
1760108041557 1.260254087177092 250880
1760108063087 1.260727801676758 256000
1760108084530 1.2623830396966282 261120
1760108108320 1.2682196348449541 266240
1760108128651 1.2725735318086004 271360
1760108149298 1.27653258931619 276480
1760108169506 1.2842520402098083 281600
1760108196690 1.287118157151826 286720
1760108218311 1.291868977528238 291840
1760108239497 1.2936674408050066 296960
1760108247113 1.2935092811952147 300032
