1760106971204 22.17753623188406 5120
1760107002785 21.898635477582847 10240
1760107023742 21.77127659574468 15360
1760107045544 21.8109756097561 20480
1760107066488 21.850451930977815 25600
1760107092484 21.85733976567884 30720
1760107113922 21.899524375743162 35840
1760107134269 21.893528183716075 40960
1760107155351 21.839907192575406 46080
1760107179401 21.797410192147034 51200
1760107200299 21.77241641337386 56320
1760107223402 21.78367062107467 61440
1760107245565 21.77724049000645 66560
1760107267784 22.006662628709872 71680
1760107290759 22.098267537631354 76800
1760107313471 22.184104896976184 81920
1760107334573 22.349746192893402 87040
1760107355128 22.445301204819277 92160
1760107379510 22.521769019248396 97280
1760107400859 22.585408475316733 102400
1760107424423 22.67042842215256 107520
1760107445065 22.72889155662265 112640
1760107466808 22.787756668585683 117760
1760107488985 22.82934021378548 122880
1760107513964 22.883980840872805 128000
1760107533796 22.944396920444824 133120
1760107555954 22.973927392739274 138240
1760107577564 23.0172193877551 143360
1760107602488 23.04687740940632 148480
1760107624479 23.137125748502996 153600
1760107643740 23.231127272727274 158720
1760107666957 23.3156033385203 163840
1760107691278 23.40564738292011 168960
1760107711372 23.399893076717454 174080
1760107732079 23.461788829579483 179200
1760107753818 23.53785569105691 184320
1760107778712 23.66600372902424 189440
1760107799898 23.807355090112033 194560
1760107820353 23.95273334924803 199680
1760107841101 24.09943780744905 204800
1760107866490 24.116866781017723 209920
1760107888496 24.102209328274938 215040
1760107908157 24.070534450854467 220160
1760107928476 24.039307340911506 225280
1760107955175 24.017436429683446 230400
1760107975093 23.98316600750431 235520
1760107996275 23.96300704155509 240640
1760108016691 23.944590004852014 245760
1760108041557 23.940119760479043 250880
1760108063087 23.923470812773484 256000
1760108084530 23.91903979554582 261120
1760108108320 24.047884788478846 266240
1760108128651 24.226472157979007 271360
1760108149298 24.363045578291032 276480
1760108169506 24.532910732893367 281600
1760108196690 24.592750897589333 286720
1760108218311 24.635874137640922 291840
1760108239497 24.700795887912452 296960
1760108247113 24.7127440481094 300032
