1760106971200 14.606329250335696 5120
1760107002780 6.506513404846191 10240
1760107023737 4.540489041805268 15360
1760107045537 3.0332654862176804 20480
1760107066482 2.109609325115497 25600
1760107092476 1.6132708211098947 30720
1760107113918 1.3824349403381346 35840
1760107134263 1.2561278924709414 40960
1760107155347 1.1208481373994246 46080
1760107179396 0.9912983464259728 51200
1760107200294 0.907173980985369 56320
1760107223397 0.85112597043397 61440
1760107245560 0.8002138513507265 66560
1760107267779 0.7222201145870584 71680
1760107290754 0.6853480113180059 76800
1760107313465 0.6542690418384693 81920
1760107334569 0.6183646756549215 87040
1760107355124 0.5708478110177178 92160
1760107379505 0.5553197085857391 97280
1760107400851 0.5275431264745126 102400
1760107424418 0.5034221811114618 107520
1760107445061 0.46180314759950375 112640
1760107466799 0.42854390308774754 117760
1760107488968 0.42360233590622576 122880
1760107513959 0.43534485801817885 128000
1760107533789 0.4069663768506232 133120
1760107555949 0.40119620070737955 138240
1760107577558 0.36297917332209595 143360
1760107602482 0.3435300160760749 148480
1760107624474 0.31974856774538557 153600
1760107643734 0.3091405379466522 158720
1760107666951 0.31427534826053594 163840
1760107691272 0.3080132691256971 168960
1760107711366 0.3183153743632356 174080
1760107732071 0.3005250844088468 179200
1760107753813 0.29643918664415897 184320
1760107778707 0.27458926580285514 189440
1760107799893 0.27230157902103447 194560
1760107820347 0.25806092534746444 199680
1760107841096 0.26568095553573684 204800
1760107866481 0.2598466549104857 209920
1760107888491 0.25357255709679766 215040
1760107908151 0.25722334120008683 220160
1760107928470 0.23032507400167476 225280
1760107955166 0.22962676444939809 230400
1760107975087 0.2188237111805837 235520
1760107996270 0.2137153213307009 240640
1760108016684 0.2122548138946913 245760
1760108041551 0.20458463110574862 250880
1760108063077 0.20237372197003 256000
1760108084520 0.19670368134975433 261120
1760108108314 0.19596703335699908 266240
1760108128641 0.1902332771989636 271360
1760108149291 0.20888713329920472 276480
1760108169500 0.1889836795088174 281600
1760108196679 0.183300314933804 286720
1760108218305 0.1800665675343333 291840
1760108239492 0.18129700598438173 296960
1760108247107 0.0692424670014365 300032
