1760106971204 17.985948424408402 5120
1760107002785 17.73151158264041 10240
1760107023742 17.61507634913668 15360
1760107045544 17.316916302936832 20480
1760107066488 17.22021318872933 25600
1760107092484 17.34464643019631 30720
1760107113922 17.399759553417155 35840
1760107134269 17.356898934955638 40960
1760107155351 17.433018433466867 46080
1760107179401 17.274275573373536 51200
1760107200299 17.258254981693163 56320
1760107223402 17.24244071284292 61440
1760107245565 17.26076646776525 66560
1760107267784 17.49603197547178 71680
1760107290759 17.65917892477723 76800
1760107313471 17.865412335680357 81920
1760107334573 18.14472237988777 87040
1760107355128 18.285360151543674 92160
1760107379510 18.35523479122508 97280
1760107400859 18.379089942088864 102400
1760107424423 18.459050601652297 107520
1760107445065 18.52452123427496 112640
1760107466808 18.592315703110007 117760
1760107488985 18.6403818492559 122880
1760107513964 18.684014337122473 128000
1760107533796 18.773288655668573 133120
1760107555954 18.815996508708487 138240
1760107577564 18.874368132377157 143360
1760107602488 18.94341869721894 148480
1760107624479 19.0444840756719 153600
1760107643740 19.171949618252842 158720
1760107666957 19.260627059083895 163840
1760107691278 19.348673922956483 168960
1760107711372 19.388993529131373 174080
1760107732079 19.397012053763955 179200
1760107753818 19.4266413866989 184320
1760107778712 19.462347233821472 189440
1760107799898 19.500071054078635 194560
1760107820353 19.54436887229761 199680
1760107841101 19.562160038897794 204800
1760107866490 19.597003295968232 209920
1760107888496 19.584911759318423 215040
1760107908157 19.57691731841699 220160
1760107928476 19.568286726759204 225280
1760107955175 19.57867196622016 230400
1760107975093 19.574359983160463 235520
1760107996275 19.58443272885829 240640
1760108016691 19.60455299166439 245760
1760108041557 19.609169217368834 250880
1760108063087 19.615691857390782 256000
1760108084530 19.628350939268437 261120
1760108108320 19.654114571613412 266240
1760108128651 19.693667754013966 271360
1760108149298 19.715922797104152 276480
1760108169506 19.752970900540554 281600
1760108196690 19.77545975782786 286720
1760108218311 19.8099720887658 291840
1760108239497 19.81183806558368 296960
1760108247113 19.805535113853722 300032
