1771721813650 -0.7025749683380127 5120
1771721826279 -0.8571964502334595 10240
1771721839280 -1.1795529127120972 15360
1771721851960 -1.7152904272079468 20480
1771721864605 -2.5406463146209717 25600
1771721877844 -2.602811098098755 30720
1771721891137 -2.7509963512420654 35840
1771721903799 -3.2311084270477295 40960
1771721916961 -3.3664565086364746 46080
1771721929596 -3.5562641620635986 51200
1771721942236 -3.734252452850342 56320
1771721954868 -3.904170274734497 61440
1771721968135 -4.031896114349365 66560
1771721980775 -4.184569835662842 71680
1771721993435 -4.292165279388428 76800
1771722006070 -4.34592342376709 81920
1771722018701 -4.445320129394531 87040
1771722031329 -4.480834007263184 92160
1771722044557 -4.520106315612793 97280
1771722057194 -4.5434746742248535 102400
1771722069894 -4.549908638000488 107520
1771722082531 -4.518826484680176 112640
1771722095172 -4.511132717132568 117760
1771722107811 -4.495591163635254 122880
1771722121020 -4.438323497772217 128000
1771722133642 -4.448461055755615 133120
1771722146254 -4.3390212059021 138240
1771722158887 -4.389991760253906 143360
1771722171489 -4.492666721343994 148480
1771722184127 -4.674092769622803 153600
1771722196767 -4.7830915451049805 158720
1771722209898 -4.925205230712891 163840
1771722222527 -4.978334903717041 168960
1771722235160 -5.05758810043335 174080
1771722247757 -5.227828025817871 179200
1771722260414 -5.345495223999023 184320
1771722273064 -5.526002407073975 189440
1771722286413 -5.639466285705566 194560
1771722299032 -5.847259998321533 199680
1771722311654 -5.981571197509766 204800
1771722324302 -6.107863426208496 209920
1771722336969 -6.244624137878418 215040
1771722349596 -6.4268341064453125 220160
1771722362519 -6.485006809234619 225280
1771722375701 -6.6938886642456055 230400
1771722388310 -6.828149318695068 235520
1771722401359 -7.053805351257324 240640
1771722413984 -7.1140265464782715 245760
1771722426904 -7.749412536621094 250880
1771722439542 -7.920259952545166 256000
1771722452589 -7.781447410583496 261120
1771722465227 -7.898838996887207 266240
1771722477878 -8.170400619506836 271360
1771722490493 -8.261577606201172 276480
1771722503170 -8.43263053894043 281600
1771722515814 -8.475571632385254 286720
1771722528877 -8.707551956176758 291840
1771722541666 -8.954617500305176 296960
1771722546715 -8.975513458251953 300032
