1758807084622 412.7496731975886 20224
1758807130004 413.24913494809687 40448
1758807175251 414.21774002453515 60672
1758807220935 414.8382478508364 80896
1758807262821 415.01227597076115 101120
1758807304155 415.76206084504975 121344
1758807345973 415.7313416581163 141568
1758807387203 415.87112112517406 161792
1758807428351 415.7122204203001 182016
1758807470148 415.4890071101266 202240
1758807511829 415.62897947458544 222464
1758807556390 415.4681304026725 242688
1758807570130 415.36082934307797 250112
