1758807084622 2.122047244094488 20224
1758807130004 2.1097380128522 40448
1758807175251 2.086280991735537 60672
1758807220935 2.0711276332094175 80896
1758807262821 2.066732673267327 101120
1758807304155 2.0485228585575177 121344
1758807345973 2.0492499292386075 141568
1758807387203 2.0457920792079207 161792
1758807428351 2.04962588028169 182016
1758807470148 2.055142318754339 202240
1758807511829 2.0517303532804614 222464
1758807556390 2.055587676550756 242688
1758807570130 2.0581768576472474 250112
