1771104087925 1.1497325897216797 8192
1771104090882 1.1567628383636475 16384
1771104127918 1.1652697324752808 24576
1771104131421 1.1698634624481201 32768
1771104168057 1.1617597341537476 40960
1771104171387 1.1588414907455444 49152
1771104207798 1.153346300125122 57344
1771104211746 1.1505842208862305 65536
1771104247890 1.1499814987182617 73728
1771104251966 1.1514850854873657 81920
1771104287482 1.151052713394165 90112
1771104292731 1.1521291732788086 98304
1771104327110 1.1511650085449219 106496
1771104332927 1.149562954902649 114688
1771104367726 1.1500983238220215 122880
1771104373328 1.1503046751022339 131072
1771104407535 1.1498126983642578 139264
1771104413721 1.1487621068954468 147456
1771104446809 1.1476308107376099 155648
1771104454255 1.1478896141052246 163840
1771104486754 1.1469651460647583 172032
1771104494909 1.1481025218963623 180224
1771104527187 1.1474108695983887 188416
1771104535397 1.1475098133087158 196608
1771104566981 1.1486477851867676 204800
1771104575760 1.1493053436279297 212992
1771104607828 1.1513333320617676 221184
1771104615965 1.151328444480896 229376
1771104647364 1.1508616209030151 237568
1771104656592 1.1509971618652344 245760
1771104687367 1.1524624824523926 253952
1771104697367 1.1514155864715576 262144
1771104727190 1.1504932641983032 270336
1771104737125 1.1505117416381836 278528
1771104767333 1.1504712104797363 286720
1771104778254 1.150552749633789 294912
1771104805891 1.150602102279663 303104
