1771104087920 21.343307495117188 8192
1771104090877 15.290895462036133 16384
1771104127912 18.434995651245117 24576
1771104131414 15.126593589782715 32768
1771104168051 16.97878074645996 40960
1771104171381 14.828814506530762 49152
1771104207791 15.340396881103516 57344
1771104211740 13.396734237670898 65536
1771104247883 15.183788299560547 73728
1771104251960 12.525373458862305 81920
1771104287476 13.377601623535156 90112
1771104292725 12.833955764770508 98304
1771104327103 11.27069091796875 106496
1771104332921 10.417253494262695 114688
1771104367719 12.146628379821777 122880
1771104373321 11.877765655517578 131072
1771104407528 12.475549697875977 139264
1771104413715 11.929106712341309 147456
1771104446803 12.08280086517334 155648
1771104454248 12.028762817382812 163840
1771104486747 11.189085006713867 172032
1771104494902 11.05308723449707 180224
1771104527180 14.064297676086426 188416
1771104535390 12.911001205444336 196608
1771104566974 12.741666793823242 204800
1771104575753 13.130097389221191 212992
1771104607821 12.298376083374023 221184
1771104615957 13.839797973632812 229376
1771104647357 14.977163314819336 237568
1771104656585 11.888257026672363 245760
1771104687360 13.12228012084961 253952
1771104697357 12.046503067016602 262144
1771104727182 10.860382080078125 270336
1771104737117 11.133123397827148 278528
1771104767325 13.693227767944336 286720
1771104778247 14.48556900024414 294912
1771104805883 16.103652954101562 303104
