1771104087925 1.06344473361969 8192
1771104090882 1.0813559293746948 16384
1771104127918 1.1142007112503052 24576
1771104131421 1.1191589832305908 32768
1771104168057 1.1100660562515259 40960
1771104171387 1.1075409650802612 49152
1771104207798 1.10171377658844 57344
1771104211746 1.0996299982070923 65536
1771104247890 1.0937706232070923 73728
1771104251966 1.0960326194763184 81920
1771104287482 1.0983433723449707 90112
1771104292731 1.1047933101654053 98304
1771104327110 1.105189561843872 106496
1771104332927 1.1044621467590332 114688
1771104367726 1.1022694110870361 122880
1771104373328 1.100136637687683 131072
1771104407535 1.0983895063400269 139264
1771104413721 1.0998940467834473 147456
1771104446809 1.1006323099136353 155648
1771104454255 1.100784420967102 163840
1771104486754 1.1022435426712036 172032
1771104494909 1.103354811668396 180224
1771104527187 1.1038899421691895 188416
1771104535397 1.1051257848739624 196608
1771104566981 1.1086387634277344 204800
1771104575760 1.1073863506317139 212992
1771104607828 1.1124247312545776 221184
1771104615965 1.1111576557159424 229376
1771104647364 1.1113500595092773 237568
1771104656592 1.112304925918579 245760
1771104687367 1.1131407022476196 253952
1771104697367 1.112580418586731 262144
1771104727190 1.1106252670288086 270336
1771104737125 1.1099945306777954 278528
1771104767333 1.1093645095825195 286720
1771104778254 1.1098390817642212 294912
1771104805891 1.110941767692566 303104
