1771167867039 23.154644012451172 6144
1771167874283 23.186777114868164 12288
1771167879548 23.494281768798828 18432
1771167885845 24.198822021484375 24576
1771167895077 24.549169540405273 30720
1771167902156 24.898164749145508 36864
1771167907475 25.28419303894043 43008
1771167914225 25.596466064453125 49152
1771167923346 25.78647804260254 55296
1771167929155 26.12163543701172 61440
1771167935610 26.318838119506836 67584
1771167942423 26.445816040039062 73728
1771167951087 26.47516441345215 79872
1771167956777 26.606307983398438 86016
1771167963613 26.66609764099121 92160
1771167970372 26.786739349365234 98304
1771167979488 26.866947174072266 104448
1771167984805 26.93752670288086 110592
1771167991520 27.017440795898438 116736
1771167998602 27.04637908935547 122880
1771168007876 27.05328941345215 129024
1771168012123 27.098894119262695 135168
1771168019518 27.113468170166016 141312
1771168027050 27.161333084106445 147456
1771168035651 27.190959930419922 153600
1771168039882 27.194101333618164 159744
1771168048160 27.22095489501953 165888
1771168054571 27.210479736328125 172032
1771168063956 27.181272506713867 178176
1771168067536 27.19153594970703 184320
1771168076133 27.208362579345703 190464
1771168083204 27.220722198486328 196608
1771168092485 27.248592376708984 202752
1771168095393 27.26339340209961 208896
1771168104375 27.27084732055664 215040
1771168111860 27.291399002075195 221184
1771168119976 27.314661026000977 227328
1771168123586 27.342430114746094 233472
1771168131859 27.349416732788086 239616
1771168139771 27.347747802734375 245760
1771168147985 27.34709930419922 251904
1771168152095 27.359172821044922 258048
1771168159360 27.359621047973633 264192
1771168167929 27.365224838256836 270336
1771168175527 27.352293014526367 276480
1771168179844 27.364473342895508 282624
1771168187567 27.382225036621094 288768
1771168196375 27.38474464416504 294912
1771168199170 27.390287399291992 301056
