1771167867034 218.76096594168882 6144
1771167874277 203.11399515738498 12288
1771167879542 215.91187068876764 18432
1771167885838 235.91338095505935 24576
1771167895071 215.85631207863722 30720
1771167902149 221.73313596954958 36864
1771167907469 210.51515759887573 43008
1771167914218 204.5503048037064 49152
1771167923339 210.28296400280757 55296
1771167929148 192.11725906925614 61440
1771167935604 214.54240409207162 67584
1771167942417 211.0660225442834 73728
1771167951080 196.39012969986422 79872
1771167956770 207.34114390231846 86016
1771167963606 208.71337579617835 92160
1771167970365 225.41538130810986 98304
1771167979482 219.9540615658923 104448
1771167984798 213.59189285532415 110592
1771167991513 203.32076203402977 116736
1771167998594 202.37896260554885 122880
1771168007869 212.2193887876948 129024
1771168012116 225.67007424943506 135168
1771168019510 224.05470085470085 141312
1771168027042 218.15791116196817 147456
1771168035644 214.8611239178321 153600
1771168039875 225.92534338809588 159744
1771168048152 200.46379582277876 165888
1771168054563 239.9761986497311 172032
1771168063949 214.85011781579757 178176
1771168067529 214.7621095750128 184320
1771168076126 242.5995719821852 190464
1771168083196 237.61069567187855 196608
1771168092477 201.88217173661917 202752
1771168095385 214.89414899067526 208896
1771168104367 238.81478107384842 215040
1771168111852 208.5577047387002 221184
1771168119968 235.48952894278816 227328
1771168123577 201.22356553444635 233472
1771168131851 219.45918794474676 239616
1771168139763 210.6843480008037 245760
1771168147977 212.50970258904596 251904
1771168152086 228.39817033326074 258048
1771168159350 202.2716049382716 264192
1771168167921 212.24086630907803 270336
1771168175519 206.69741770155727 276480
1771168179835 208.17470716696445 282624
1771168187559 200.70360800076563 288768
1771168196366 204.75001220405176 294912
1771168199161 207.2796639486039 301056
