1771197901421 1.0708483457565308 6144
1771197914989 0.941543459892273 12288
1771197921742 0.8077861666679382 18432
1771197930794 0.8197567462921143 24576
1771197945046 0.8636209964752197 30720
1771197957856 0.8956581354141235 36864
1771197965412 0.9232977628707886 43008
1771197975166 0.9528024792671204 49152
1771197988751 0.9723138809204102 55296
1771198000971 0.9844036102294922 61440
1771198008776 0.9965885877609253 67584
1771198018163 1.0114796161651611 73728
1771198032691 1.0251165628433228 79872
1771198043670 1.0273752212524414 86016
1771198052810 1.0354193449020386 92160
1771198062234 1.0434670448303223 98304
1771198075775 1.0547058582305908 104448
1771198086930 1.0586342811584473 110592
1771198095845 1.0624834299087524 116736
1771198106111 1.0701414346694946 122880
1771198119609 1.0717799663543701 129024
1771198129426 1.072884202003479 135168
1771198139502 1.0734606981277466 141312
1771198150242 1.0768723487854004 147456
1771198163147 1.0768101215362549 153600
1771198172219 1.0776640176773071 159744
1771198182507 1.082007646560669 165888
1771198192819 1.0812345743179321 172032
1771198206897 1.0834447145462036 178176
1771198215168 1.0841339826583862 184320
1771198226309 1.0846807956695557 190464
1771198236603 1.0858688354492188 196608
1771198250390 1.0858981609344482 202752
1771198257625 1.0878794193267822 208896
1771198270482 1.0915402173995972 215040
1771198280368 1.092858076095581 221184
1771198293866 1.0913852453231812 227328
1771198300227 1.0918703079223633 233472
1771198313926 1.0926244258880615 239616
1771198324175 1.093324065208435 245760
1771198338427 1.0953184366226196 251904
1771198343649 1.0957398414611816 258048
1771198357105 1.0954008102416992 264192
1771198368144 1.097718358039856 270336
1771198381877 1.0987036228179932 276480
1771198387033 1.1001101732254028 282624
1771198401031 1.1028738021850586 288768
1771198411906 1.1024190187454224 294912
1771198415677 1.1026569604873657 301056
