1771083280735 1.224824070930481 8192
1771083282455 1.2236409187316895 16384
1771083309707 1.2607876062393188 24576
1771083311872 1.2846722602844238 32768
1771083339776 1.261546015739441 40960
1771083341415 1.2698842287063599 49152
1771083368481 1.2654207944869995 57344
1771083370819 1.2830801010131836 65536
1771083397753 1.2835357189178467 73728
1771083400404 1.2901008129119873 81920
1771083426958 1.2873514890670776 90112
1771083430698 1.2905467748641968 98304
1771083455706 1.2899161577224731 106496
1771083460233 1.2913774251937866 114688
1771083484095 1.2902172803878784 122880
1771083490084 1.2877949476242065 131072
1771083513841 1.2842386960983276 139264
1771083519752 1.280724287033081 147456
1771083542537 1.2747938632965088 155648
1771083549315 1.2656960487365723 163840
1771083571287 1.257272720336914 172032
1771083579585 1.2502332925796509 180224
1771083600654 1.245294451713562 188416
1771083609710 1.2412289381027222 196608
1771083630565 1.2370949983596802 204800
1771083639751 1.2354191541671753 212992
1771083660320 1.2326010465621948 221184
1771083669062 1.230438470840454 229376
1771083691101 1.2245923280715942 237568
1771083698572 1.2242186069488525 245760
1771083721883 1.224175214767456 253952
1771083728857 1.2201828956604004 262144
1771083751810 1.2152185440063477 270336
1771083758623 1.2128292322158813 278528
1771083781979 1.2106287479400635 286720
1771083787876 1.2072844505310059 294912
1771083805914 1.2067941427230835 303104
