1771083280735 0.337922066450119 8192
1771083282455 0.33245500922203064 16384
1771083309707 0.3365318775177002 24576
1771083311872 0.34021201729774475 32768
1771083339776 0.33274877071380615 40960
1771083341415 0.33331894874572754 49152
1771083368481 0.3316478431224823 57344
1771083370819 0.3353556990623474 65536
1771083397753 0.33448326587677 73728
1771083400404 0.33513158559799194 81920
1771083426958 0.33474114537239075 90112
1771083430698 0.33504536747932434 98304
1771083455706 0.333454966545105 106496
1771083460233 0.3335147798061371 114688
1771083484095 0.33175790309906006 122880
1771083490084 0.33057448267936707 131072
1771083513841 0.32791346311569214 139264
1771083519752 0.32591065764427185 147456
1771083542537 0.3230036795139313 155648
1771083549315 0.31999504566192627 163840
1771083571287 0.3170742988586426 172032
1771083579585 0.31492024660110474 180224
1771083600654 0.31283530592918396 188416
1771083609710 0.31115198135375977 196608
1771083630565 0.3094604015350342 204800
1771083639751 0.30827704071998596 212992
1771083660320 0.30702224373817444 221184
1771083669062 0.3062797486782074 229376
1771083691101 0.30449530482292175 237568
1771083698572 0.3037853240966797 245760
1771083721883 0.3032333254814148 253952
1771083728857 0.3018350601196289 262144
1771083751810 0.3003440797328949 270336
1771083758623 0.2994309961795807 278528
1771083781979 0.2987183630466461 286720
1771083787876 0.29765835404396057 294912
1771083805914 0.2973930835723877 303104
