1771755969057 495.117431640625 5120
1771755979404 497.4639587402344 10240
1771755990171 496.55889892578125 15360
1771756000938 496.52740478515625 20480
1771756011238 496.7981262207031 25600
1771756021672 497.32208251953125 30720
1771756032301 497.19598388671875 35840
1771756042745 497.0936584472656 40960
1771756053057 497.0 46080
1771756064267 496.9319763183594 51200
1771756074526 496.888427734375 56320
1771756085029 497.0009765625 61440
1771756095533 496.95697021484375 66560
1771756106222 496.9170227050781 71680
1771756116538 496.7669982910156 76800
1771756127349 496.74542236328125 81920
1771756137761 496.72467041015625 87040
1771756148410 496.80694580078125 92160
1771756158879 496.687255859375 97280
1771756169568 496.6600036621094 102400
1771756179942 496.2110900878906 107520
1771756190855 496.211181640625 112640
1771756201144 496.3709411621094 117760
1771756212214 496.2915954589844 122880
1771756222366 496.4386901855469 128000
1771756233340 496.4985656738281 133120
1771756243261 496.5564880371094 138240
1771756254330 496.5473327636719 143360
1771756264374 496.5392761230469 148480
1771756275290 496.5929870605469 153600
1771756285776 496.5264587402344 158720
1771756296287 496.52166748046875 163840
1771756307137 496.5718688964844 168960
1771756317746 496.51220703125 174080
1771756328005 496.55914306640625 179200
1771756338793 496.5037536621094 184320
1771756348834 496.4024353027344 189440
1771756359485 496.39862060546875 194560
1771756369788 496.34820556640625 199680
1771756380239 496.30218505859375 204800
1771756391001 496.347900390625 209920
1771756401366 496.30230712890625 215040
1771756411806 496.21588134765625 220160
1771756422723 496.1350402832031 225280
1771756433037 496.0965576171875 230400
1771756443311 496.0992126464844 235520
1771756454113 496.1418762207031 240640
1771756464225 496.1442565917969 245760
1771756475066 496.0340270996094 250880
1771756485229 495.9980773925781 256000
1771756496067 495.9656982421875 261120
1771756506180 496.00506591796875 266240
1771756516982 495.93316650390625 271360
1771756527088 495.5851135253906 276480
1771756538068 495.4468688964844 281600
1771756548273 495.332763671875 286720
1771756559225 495.1335754394531 291840
1771756569057 494.970947265625 296960
1771756574175 494.7803039550781 300032
