1771755969057 0.0 5120
1771755979404 0.0 10240
1771755990171 0.0 15360
1771756000938 0.0 20480
1771756011238 0.0 25600
1771756021672 0.0 30720
1771756032301 0.0 35840
1771756042745 0.0 40960
1771756053057 0.0 46080
1771756064267 0.0 51200
1771756074526 0.0 56320
1771756085029 0.0 61440
1771756095533 0.0 66560
1771756106222 0.0 71680
1771756116538 0.0 76800
1771756127349 0.0 81920
1771756137761 0.0 87040
1771756148410 0.0 92160
1771756158879 0.0 97280
1771756169568 0.0 102400
1771756179942 0.0 107520
1771756190855 0.0 112640
1771756201144 0.0 117760
1771756212214 0.0 122880
1771756222366 0.0 128000
1771756233340 0.0 133120
1771756243261 0.0 138240
1771756254330 0.0 143360
1771756264374 0.0 148480
1771756275290 0.0 153600
1771756285776 0.0 158720
1771756296287 0.0 163840
1771756307137 0.0 168960
1771756317746 0.0 174080
1771756328005 0.0 179200
1771756338793 0.0 184320
1771756348834 0.0 189440
1771756359485 0.0 194560
1771756369788 0.0 199680
1771756380239 0.0 204800
1771756391001 0.0 209920
1771756401366 0.0 215040
1771756411806 0.0 220160
1771756422723 0.0 225280
1771756433037 0.0 230400
1771756443311 0.0 235520
1771756454113 0.0 240640
1771756464225 0.0 245760
1771756475066 0.0 250880
1771756485229 0.0 256000
1771756496067 0.0 261120
1771756506180 0.0 266240
1771756516982 0.0 271360
1771756527088 0.0 276480
1771756538068 0.0 281600
1771756548273 0.0 286720
1771756559225 0.0 291840
1771756569057 0.0 296960
1771756574175 0.0 300032
