1771755969057 19.921709060668945 5120
1771755979404 19.839187622070312 10240
1771755990171 19.837093353271484 15360
1771756000938 19.838375091552734 20480
1771756011238 20.24223518371582 25600
1771756021672 20.25779151916504 30720
1771756032301 20.229398727416992 35840
1771756042745 20.210243225097656 40960
1771756053057 20.312828063964844 46080
1771756064267 20.325599670410156 51200
1771756074526 20.250267028808594 56320
1771756085029 20.215801239013672 61440
1771756095533 20.178754806518555 66560
1771756106222 20.16596794128418 71680
1771756116538 20.124446868896484 76800
1771756127349 20.117403030395508 81920
1771756137761 20.099885940551758 87040
1771756148410 20.09544563293457 92160
1771756158879 20.12312126159668 97280
1771756169568 20.198076248168945 102400
1771756179942 20.211078643798828 107520
1771756190855 20.245704650878906 112640
1771756201144 20.269283294677734 117760
1771756212214 20.29850196838379 122880
1771756222366 20.307363510131836 128000
1771756233340 20.346277236938477 133120
1771756243261 20.381813049316406 138240
1771756254330 20.38619613647461 143360
1771756264374 20.389816284179688 148480
1771756275290 20.39761734008789 153600
1771756285776 20.391828536987305 158720
1771756296287 20.389501571655273 163840
1771756307137 20.382774353027344 168960
1771756317746 20.377845764160156 174080
1771756328005 20.381649017333984 179200
1771756338793 20.370370864868164 184320
1771756348834 20.359241485595703 189440
1771756359485 20.376789093017578 194560
1771756369788 20.378334045410156 199680
1771756380239 20.37813949584961 204800
1771756391001 20.381017684936523 209920
1771756401366 20.400283813476562 215040
1771756411806 20.407602310180664 220160
1771756422723 20.40753746032715 225280
1771756433037 20.417049407958984 230400
1771756443311 20.432775497436523 235520
1771756454113 20.436561584472656 240640
1771756464225 20.441936492919922 245760
1771756475066 20.456098556518555 250880
1771756485229 20.48223304748535 256000
1771756496067 20.495338439941406 261120
1771756506180 20.509225845336914 266240
1771756516982 20.553573608398438 271360
1771756527088 20.66644287109375 276480
1771756538068 20.77928352355957 281600
1771756548273 20.909639358520508 286720
1771756559225 21.015241622924805 291840
1771756569057 21.11773109436035 296960
1771756574175 21.160377502441406 300032
