1771755969053 -0.6172136068344116 5120
1771755979401 -0.7954205870628357 10240
1771755990168 -0.6927995085716248 15360
1771756000935 -0.9917467832565308 20480
1771756011235 -0.9456550478935242 25600
1771756021669 -1.0714621543884277 30720
1771756032298 -1.1901094913482666 35840
1771756042742 -1.3645508289337158 40960
1771756053054 -1.5462054014205933 46080
1771756064264 -1.6854655742645264 51200
1771756074523 -1.8379615545272827 56320
1771756085026 -2.0336861610412598 61440
1771756095530 -2.218278408050537 66560
1771756106219 -2.357351779937744 71680
1771756116535 -2.4076454639434814 76800
1771756127346 -2.5375163555145264 81920
1771756137757 -2.625518798828125 87040
1771756148407 -2.6931405067443848 92160
1771756158876 -2.921627998352051 97280
1771756169565 -3.0687026977539062 102400
1771756179939 -3.2398364543914795 107520
1771756190852 -3.4466309547424316 112640
1771756201141 -3.698565721511841 117760
1771756212209 -3.8683128356933594 122880
1771756222362 -4.098649501800537 128000
1771756233337 -4.376051425933838 133120
1771756243257 -4.509373188018799 138240
1771756254327 -4.626217842102051 143360
1771756264371 -4.857962608337402 148480
1771756275287 -4.894941329956055 153600
1771756285773 -4.885881423950195 158720
1771756296283 -4.998661994934082 163840
1771756307134 -5.201512813568115 168960
1771756317743 -5.181455612182617 174080
1771756328002 -5.249232769012451 179200
1771756338789 -5.255496025085449 184320
1771756348831 -5.375947952270508 189440
1771756359481 -5.455801963806152 194560
1771756369785 -5.404896259307861 199680
1771756380236 -5.581615447998047 204800
1771756390997 -5.575972080230713 209920
1771756401363 -5.576491355895996 215040
1771756411802 -5.665517330169678 220160
1771756422720 -5.660612106323242 225280
1771756433033 -5.723113059997559 230400
1771756443308 -5.732797622680664 235520
1771756454110 -5.770285129547119 240640
1771756464222 -5.8441057205200195 245760
1771756475063 -5.921811580657959 250880
1771756485226 -5.980839729309082 256000
1771756496064 -6.049793243408203 261120
1771756506177 -6.098311901092529 266240
1771756516979 -6.519162654876709 271360
1771756527085 -7.333704471588135 276480
1771756538065 -7.444333076477051 281600
1771756548270 -7.299756050109863 286720
1771756559222 -7.328827857971191 291840
1771756569054 -7.503559112548828 296960
1771756574172 -7.625624656677246 300032
