1760045872713 23.431297709923665 5120
1760045906408 22.517034068136272 10240
1760045944225 22.148849797023004 15360
1760045975988 22.13285272914521 20480
1760046009211 22.016542597187758 25600
1760046043654 21.946058091286307 30720
1760046077701 22.01553166069295 35840
1760046110305 21.977486910994763 40960
1760046144211 21.944988344988346 46080
1760046178607 21.94703656998739 51200
1760046211588 21.917017208413 56320
1760046243957 21.885033298282508 61440
1760046278664 21.876943005181346 66560
1760046314378 21.86049308478653 71680
1760046346308 21.83997754070747 76800
1760046377850 21.832105263157896 81920
1760046416396 21.81933085501859 87040
1760046448520 21.79485380116959 92160
1760046480609 21.811362627607636 97280
1760046512695 21.789251844046365 102400
1760046548824 21.779450130443507 107520
1760046582884 21.760482481332566 112640
1760046615523 21.76323987538941 117760
1760046648305 21.74934175882043 122880
1760046684306 21.737613751263904 128000
1760046718116 21.748175774282473 133120
1760046749618 21.743793911007025 138240
1760046783299 21.737729599518218 143360
1760046819430 21.72688953488372 148480
1760046852049 21.7330615687377 153600
1760046885338 21.738568317909635 158720
1760046919635 21.733649789029535 163840
1760046958086 21.73682864450128 168960
1760046990469 21.717687918630613 174080
1760047022909 21.706938087207902 179200
1760047056063 21.69980096007493 184320
1760047093117 21.697618776347273 189440
1760047127282 21.68854640204014 194560
1760047159561 21.69109381755296 199680
1760047192816 21.69006217725788 204800
1760047227994 21.694847269361308 209920
1760047262261 21.686207588837583 215040
1760047295051 21.6844788704775 220160
1760047327380 21.681487159831352 225280
1760047364606 21.680221118710765 230400
1760047398778 21.688554658840793 235520
1760047430622 21.68659127625202 240640
1760047463050 21.678671820098383 245760
1760047498910 21.681039676392118 250880
1760047532967 21.687452535651 256000
1760047566896 21.684645929847782 261120
1760047598786 21.69486159590876 266240
1760047633034 21.699705202772687 271360
1760047669262 21.695699765441752 276480
1760047701124 21.690666257291987 281600
1760047732820 21.69678003167182 286720
1760047770923 21.699044232051566 291840
1760047803678 21.691394874781597 296960
1760047813655 21.691056322753237 300032
