1760045872709 0.9986145340527098 5120
1760045906403 1.1380037719553167 10240
1760045944222 0.7459638804197312 15360
1760045975981 0.5329136439732142 20480
1760046009207 0.40475396468089175 25600
1760046043650 0.3158935462274859 30720
1760046077695 0.25004519985781776 35840
1760046110300 0.20306103055070085 40960
1760046144207 0.16837590570035188 46080
1760046178603 0.13686756737091962 51200
1760046211561 0.11284354137522833 56320
1760046243952 0.09342299944064654 61440
1760046278660 0.07599374751249949 66560
1760046314375 0.06175719608723277 71680
1760046346301 0.04916986654463567 76800
1760046377803 0.03887048503498973 81920
1760046416389 0.028200406927702037 87040
1760046448516 0.02087655606178137 92160
1760046480602 0.013623198564164342 97280
1760046512691 0.007548523772655443 102400
1760046548819 0.001085148252687364 107520
1760046582876 -0.005073408527417227 112640
1760046615518 -0.009307846854087608 117760
1760046648300 -0.013147070585203565 122880
1760046684301 -0.017585236993100908 128000
1760046718112 -0.020922768229746636 133120
1760046749613 -0.023749417986939938 138240
1760046783293 -0.02738746630807295 143360
1760046819425 -0.029230555647040066 148480
1760046852040 -0.032363353620301814 153600
1760046885333 -0.03502097542469318 158720
1760046919629 -0.03667629624005431 163840
1760046958077 -0.03905087203146464 168960
1760046990464 -0.04041800631417169 174080
1760047022901 -0.042273989116603676 179200
1760047056058 -0.043737904933276096 184320
1760047093112 -0.04555555678183033 189440
1760047127277 -0.046438863514605626 194560
1760047159556 -0.047712367225666436 199680
1760047192808 -0.049034721637839694 204800
1760047227985 -0.05011214642848784 209920
1760047262252 -0.05098806517949037 215040
1760047295045 -0.052123849921756324 220160
1760047327374 -0.05225174448608813 225280
1760047364597 -0.05293621932510781 230400
1760047398772 -0.053990442515451674 235520
1760047430616 -0.054630819922786636 240640
1760047463043 -0.05501599806472969 245760
1760047498903 -0.05591240355638954 250880
1760047532958 -0.056328801044904855 256000
1760047566887 -0.056988726183772084 261120
1760047598776 -0.057189584783210616 266240
1760047633028 -0.057549523321309484 271360
1760047669256 -0.05796303054063523 276480
1760047701119 -0.05841111739476521 281600
1760047732812 -0.05853197854608828 286720
1760047770916 -0.05901086938964737 291840
1760047803670 -0.05940669762719537 296960
1760047813649 -0.0238726347379717 300032
