1760045872713 22.211644762344942 5120
1760045906408 20.964328192517847 10240
1760045944225 20.10523931067109 15360
1760045975988 20.190135449017603 20480
1760046009211 20.025521984368538 25600
1760046043654 20.515181840867587 30720
1760046077701 20.326767022464438 35840
1760046110305 20.28396753440977 40960
1760046144211 20.167065685779065 46080
1760046178607 20.14508669814326 51200
1760046211588 19.861115517260696 56320
1760046243957 19.826592574736296 61440
1760046278664 20.061904788634937 66560
1760046314378 19.986101693011737 71680
1760046346308 19.972261286397654 76800
1760046377850 20.061818976151315 81920
1760046416396 20.167454057998373 87040
1760046448520 20.085105137518276 92160
1760046480609 20.21523412576634 97280
1760046512695 20.225977501502403 102400
1760046548824 20.233002915479034 107520
1760046582884 20.25363945052607 112640
1760046615523 20.347082483740063 117760
1760046648305 20.325894768748217 122880
1760046684306 20.34612890024317 128000
1760046718116 20.317161464799412 133120
1760046749618 20.324821706826942 138240
1760046783299 20.313883895437534 143360
1760046819430 20.271190031184705 148480
1760046852049 20.38402614212787 153600
1760046885338 20.423964831124326 158720
1760046919635 20.418090989318074 163840
1760046958086 20.48074075450068 168960
1760046990469 20.4989483662262 174080
1760047022909 20.5656684465622 179200
1760047056063 20.59205366428752 184320
1760047093117 20.561563103049874 189440
1760047127282 20.51616586392702 194560
1760047159561 20.530523185548564 199680
1760047192816 20.502337532634417 204800
1760047227994 20.568044318591788 209920
1760047262261 20.584208830224775 215040
1760047295051 20.605108804756057 220160
1760047327380 20.620527121974117 225280
1760047364606 20.647661753629194 230400
1760047398778 20.693238743245384 235520
1760047430622 20.653100291224575 240640
1760047463050 20.644763895599088 245760
1760047498910 20.680597989671416 250880
1760047532967 20.716090878860104 256000
1760047566896 20.720305214963314 261120
1760047598786 20.733463431345253 266240
1760047633034 20.68924764499903 271360
1760047669262 20.677136927195317 276480
1760047701124 20.674753546897787 281600
1760047732820 20.665124726200183 286720
1760047770923 20.67399393333067 291840
1760047803678 20.652720780725318 296960
1760047813655 20.638692655460616 300032
