1771061715779 1.6226741075515747 6144
1771061733645 1.6130419969558716 12288
1771061751022 1.563289999961853 18432
1771061768379 1.5318390130996704 24576
1771061785739 1.5378273725509644 30720
1771061803047 1.5424710512161255 36864
1771061820377 1.5612331628799438 43008
1771061837683 1.5760571956634521 49152
1771061854981 1.57565438747406 55296
1771061872291 1.581217885017395 61440
1771061889611 1.566261887550354 67584
1771061906972 1.5573601722717285 73728
1771061924309 1.5587738752365112 79872
1771061941700 1.5725016593933105 86016
1771061958998 1.5791553258895874 92160
1771061976280 1.5692509412765503 98304
1771061993573 1.5744009017944336 104448
1771062010877 1.5726464986801147 110592
1771062028186 1.5638632774353027 116736
1771062045499 1.564969778060913 122880
1771062062810 1.5719501972198486 129024
1771062080104 1.5735572576522827 135168
1771062097415 1.5773224830627441 141312
1771062114691 1.5764847993850708 147456
1771062132017 1.575635313987732 153600
1771062149381 1.5765568017959595 159744
1771062166679 1.5876246690750122 165888
1771062183976 1.5868116617202759 172032
1771062201288 1.5892419815063477 178176
1771062218596 1.5853962898254395 184320
1771062235894 1.5864522457122803 190464
1771062253201 1.584356427192688 196608
1771062270517 1.578568935394287 202752
1771062287800 1.5781618356704712 208896
1771062305099 1.5812996625900269 215040
1771062322396 1.6025727987289429 221184
1771062339730 1.6299916505813599 227328
1771062357046 1.650830864906311 233472
1771062374352 1.6727491617202759 239616
1771062391686 1.6951652765274048 245760
1771062409009 1.7089946269989014 251904
1771062426327 1.7315725088119507 258048
1771062443645 1.7512354850769043 264192
1771062460985 1.7691609859466553 270336
1771062478277 1.7822356224060059 276480
1771062495592 1.7978895902633667 282624
1771062512952 1.8123700618743896 288768
1771062530291 1.8289393186569214 294912
1771062541885 1.838884711265564 301056
