1760057137681 0.0 5120
1760057155078 0.0 10240
1760057175766 0.0 15360
1760057202489 0.0 20480
1760057221377 0.0 25600
1760057239170 0.0 30720
1760057271605 0.0 35840
1760057289417 0.0 40960
1760057307517 0.0 46080
1760057332251 0.0 51200
1760057357140 0.0 56320
1760057375432 0.0 61440
1760057398667 0.0 66560
1760057426798 0.0 71680
1760057444074 0.0 76800
1760057462025 0.0 81920
1760057488851 0.0 87040
1760057509408 0.0 92160
1760057527494 0.0 97280
1760057545232 0.0 102400
1760057576139 0.0 107520
1760057592865 0.0 112640
1760057614673 0.0 117760
1760057637754 0.0 122880
1760057668631 0.0 128000
1760057686903 0.0 133120
1760057713425 0.0 138240
1760057736464 0.0 143360
1760057753321 0.0 148480
1760057778308 0.0 153600
1760057800108 0.0 158720
1760057819275 0.0 163840
1760057837982 0.0 168960
1760057868198 0.0 174080
1760057888472 0.0 179200
1760057907579 0.0 184320
1760057935261 0.0 189440
1760057955045 0.0 194560
1760057974407 0.0 199680
1760057994636 0.0 204800
1760058015946 0.0 209920
1760058039787 0.0 215040
1760058062026 0.0 220160
1760058079703 0.0 225280
1760058106714 0.0 230400
1760058127509 0.0 235520
1760058148970 0.0 240640
1760058169908 0.0 245760
1760058197149 0.0 250880
1760058216276 0.0 256000
1760058245917 0.0 261120
1760058267255 0.0 266240
1760058286983 0.0 271360
1760058306585 0.0 276480
1760058338059 0.0 281600
1760058357834 0.0 286720
1760058376226 0.0 291840
1760058402140 0.0 296960
1760058410226 0.0 300032
