1771740199644 0.010968921706080437 8192
1771740234224 0.013993541710078716 16384
1771740244472 0.011424219235777855 24576
1771740275240 0.010514019057154655 32768
1771740286204 0.0090304184705019 40960
1771740316348 0.007609130814671516 49152
1771740327599 0.006879944819957018 57344
1771740354950 0.006626505870372057 65536
1771740367827 0.0066988212056458 73728
1771740395317 0.0065201641991734505 81920
1771740409132 0.0065847234800457954 90112
1771740434677 0.00686175562441349 98304
1771740451179 0.008078151382505894 106496
1771740475919 0.009871319867670536 114688
1771740491444 0.010779435746371746 122880
1771740515071 0.011246485635638237 131072
1771740531953 0.012247307226061821 139264
1771740554990 0.012186580337584019 147456
1771740572618 0.013324450701475143 155648
1771740594581 0.013601118698716164 163840
1771740613169 0.014700522646307945 172032
1771740635797 0.015010472387075424 180224
1771740654083 0.016184842213988304 188416
1771740675681 0.0166398286819458 196608
1771740693704 0.01776125654578209 204800
1771740716170 0.017917579039931297 212992
1771740735112 0.018522072583436966 221184
1771740757400 0.019093520939350128 229376
1771740776469 0.01944967359304428 237568
1771740800381 0.020307211205363274 245760
1771740819070 0.020562952384352684 253952
1771740840171 0.021992450580000877 262144
1771740860097 0.023132530972361565 270336
1771740881051 0.023955870419740677 278528
1771740900725 0.02505219168961048 286720
1771740921741 0.026012437418103218 294912
1771740934292 0.02681387960910797 303104
