1771740199644 494.96893310546875 8192
1771740234224 493.58880615234375 16384
1771740244472 494.7616271972656 24576
1771740275240 495.16705322265625 32768
1771740286204 495.8602600097656 40960
1771740316348 496.5118103027344 49152
1771740327599 496.84417724609375 57344
1771740354950 496.95904541015625 65536
1771740367827 496.92388916015625 73728
1771740395317 497.00555419921875 81920
1771740409132 496.97454833984375 90112
1771740434677 496.8448181152344 98304
1771740451179 496.2938232421875 106496
1771740475919 495.47857666015625 114688
1771740491444 495.06634521484375 122880
1771740515071 494.8509826660156 131072
1771740531953 494.3916320800781 139264
1771740554990 494.4185485839844 147456
1771740572618 493.90167236328125 155648
1771740594581 493.7742614746094 163840
1771740613169 493.2724914550781 172032
1771740635797 493.1317138671875 180224
1771740654083 492.5904541015625 188416
1771740675681 492.3841247558594 196608
1771740693704 491.8738098144531 204800
1771740716170 491.8050842285156 212992
1771740735112 491.5314636230469 221184
1771740757400 491.2755432128906 229376
1771740776469 491.1133728027344 237568
1771740800381 490.7268981933594 245760
1771740819070 490.61639404296875 253952
1771740840171 489.98406982421875 262144
1771740860097 489.4889831542969 270336
1771740881051 489.1360168457031 278528
1771740900725 488.6654357910156 286720
1771740921741 488.2396545410156 294912
1771740934292 487.8865966796875 303104
