1771740199641 -0.7135966420173645 8192
1771740234220 -1.295289158821106 16384
1771740244469 -1.8641507625579834 24576
1771740275236 -2.442316770553589 32768
1771740286201 -2.6199827194213867 40960
1771740316344 -3.538862705230713 49152
1771740327595 -4.132309913635254 57344
1771740354947 -4.489448547363281 65536
1771740367823 -4.836388111114502 73728
1771740395313 -5.092966079711914 81920
1771740409129 -5.251557350158691 90112
1771740434674 -5.425478935241699 98304
1771740451175 -5.709559440612793 106496
1771740475915 -6.007435321807861 114688
1771740491441 -6.276566028594971 122880
1771740515067 -6.559218406677246 131072
1771740531950 -6.599222660064697 139264
1771740554986 -6.575676918029785 147456
1771740572615 -6.736179828643799 155648
1771740594578 -6.840122222900391 163840
1771740613166 -7.052219867706299 172032
1771740635794 -7.13325309753418 180224
1771740654080 -7.253796577453613 188416
1771740675677 -7.424873352050781 196608
1771740693700 -7.428542137145996 204800
1771740716166 -7.6900200843811035 212992
1771740735109 -7.740757942199707 221184
1771740757396 -7.807682991027832 229376
1771740776466 -7.939030647277832 237568
1771740800378 -7.931467533111572 245760
1771740819066 -8.017404556274414 253952
1771740840167 -8.098210334777832 262144
1771740860093 -8.339625358581543 270336
1771740881048 -8.551939010620117 278528
1771740900722 -8.83704662322998 286720
1771740921737 -9.007551193237305 294912
1771740934289 -9.084183692932129 303104
