1771740199644 24.48236846923828 8192
1771740234224 24.488059997558594 16384
1771740244472 25.02201271057129 24576
1771740275240 22.377351760864258 32768
1771740286204 17.01004981994629 40960
1771740316348 14.08544921875 49152
1771740327599 14.348819732666016 57344
1771740354950 14.91776180267334 65536
1771740367827 15.468215942382812 73728
1771740395317 16.012781143188477 81920
1771740409132 16.46247673034668 90112
1771740434677 17.2500057220459 98304
1771740451179 18.193756103515625 106496
1771740475919 19.308124542236328 114688
1771740491444 20.179489135742188 122880
1771740515071 20.90329933166504 131072
1771740531953 21.336671829223633 139264
1771740554990 21.93958854675293 147456
1771740572618 22.35854148864746 155648
1771740594581 22.67437171936035 163840
1771740613169 23.024431228637695 172032
1771740635797 23.477684020996094 180224
1771740654083 23.67164421081543 188416
1771740675681 24.155258178710938 196608
1771740693704 24.389963150024414 204800
1771740716170 24.815710067749023 212992
1771740735112 25.062305450439453 221184
1771740757400 25.32805633544922 229376
1771740776469 25.497047424316406 237568
1771740800381 25.733152389526367 245760
1771740819070 26.255929946899414 253952
1771740840171 26.719287872314453 262144
1771740860097 27.63948631286621 270336
1771740881051 28.613384246826172 278528
1771740900725 29.654359817504883 286720
1771740921741 30.60218620300293 294912
1771740934292 30.980607986450195 303104
