1760112494555 0.0 5120
1760112537814 0.0 10240
1760112581978 0.0 15360
1760112626083 0.0 20480
1760112670068 0.0 25600
1760112714258 0.0 30720
1760112758211 0.0 35840
1760112802228 0.0 40960
1760112846861 0.0 46080
1760112890484 0.0 51200
1760112934566 0.0 56320
1760112979281 0.0 61440
1760113022780 0.0 66560
1760113066845 0.0 71680
1760113110959 0.0 76800
1760113154884 0.0 81920
1760113199012 0.0 87040
1760113245108 0.0 92160
1760113288684 0.0 97280
1760113333259 0.0 102400
1760113378048 0.0 107520
1760113422763 0.0 112640
1760113465865 0.0 117760
1760113509281 0.0 122880
1760113549658 0.0 128000
1760113592639 0.0007774538386783285 133120
1760113635222 0.002097635392829901 138240
1760113679589 0.0029945723376380313 143360
1760113724394 0.00441257584114727 148480
1760113768939 0.006685941452837007 153600
1760113813432 0.011747953008187968 158720
1760113858188 0.01913959613696225 163840
1760113903230 0.026005547850208043 168960
1760113945041 0.0325119780971937 174080
1760113987763 0.04094061918457114 179200
1760114030647 0.04747576061517887 184320
1760114073562 0.05462947681135501 189440
1760114118384 0.06231647634584013 194560
1760114161886 0.07028857004675157 199680
1760114204472 0.07888446215139443 204800
1760114245909 0.08666876772770249 209920
1760114289539 0.09328764989876966 215040
1760114333870 0.10121706978893853 220160
1760114377630 0.10852004267642128 225280
1760114421008 0.11598793363499246 230400
1760114465316 0.1232284051917052 235520
1760114508760 0.13134592680047225 240640
1760114553434 0.1374123831775701 245760
1760114598412 0.14320773783744767 250880
1760114642422 0.14967152242216508 256000
1760114687367 0.15345485375158965 261120
1760114730889 0.1568791946308725 266240
1760114775423 0.15834601023371594 271360
1760114819673 0.15943615710962092 276480
1760114863735 0.16176669827936593 281600
1760114907125 0.1651019313304721 286720
1760114951351 0.16735290211183423 291840
1760114995178 0.16824395373291273 296960
1760115012900 0.1686526122823098 300032
