1760112494548 -1.3532635716566193 5120
1760112537808 -0.852687502449209 10240
1760112581972 -0.8532383762300014 15360
1760112626077 -0.9610222095534915 20480
1760112670061 -0.8944648531767038 25600
1760112714254 -0.8013154014464349 30720
1760112758207 -0.7131879236963061 35840
1760112802224 -0.6303756591750354 40960
1760112846857 -0.5557486534118652 46080
1760112890479 -0.48670041935116637 51200
1760112934561 -0.42634065491812567 56320
1760112979276 -0.3981120475002977 61440
1760113022773 -0.38642377275409123 66560
1760113066838 -0.4060528016426194 71680
1760113110953 -0.44024621687437365 76800
1760113154878 -0.49813026145652495 81920
1760113199006 -0.5496297791946766 87040
1760113245103 -0.5938956407400278 92160
1760113288679 -0.5978625734647115 97280
1760113333251 -0.63043321194035 102400
1760113378042 -0.6433639072022348 107520
1760113422758 -0.6493659917298739 112640
1760113465861 -0.6569023674932019 117760
1760113509276 -0.6600485943565684 122880
1760113549649 -0.6573166695852128 128000
1760113592634 -0.6615318138180797 133120
1760113635217 -0.664980185733122 138240
1760113679580 -0.6621827084967431 143360
1760113724389 -0.6685662027907698 148480
1760113768933 -0.6660632196641125 153600
1760113813426 -0.6630575540738227 158720
1760113858181 -0.6650597311695171 163840
1760113903224 -0.6600127208663756 168960
1760113945030 -0.6596425229345846 174080
1760113987752 -0.6596814464439045 179200
1760114030641 -0.656219575681739 184320
1760114073556 -0.6535072967570316 189440
1760114118378 -0.6505324523486391 194560
1760114161881 -0.6476981620399319 199680
1760114204464 -0.6452086961091454 204800
1760114245902 -0.6452232911748793 209920
1760114289529 -0.6406711587408708 215040
1760114333861 -0.6374842471546598 220160
1760114377623 -0.6361180124239685 225280
1760114421000 -0.6332926610929775 230400
1760114465310 -0.6316552058958904 235520
1760114508753 -0.631317025928174 240640
1760114553427 -0.6324828773118648 245760
1760114598393 -0.632841285457456 250880
1760114642416 -0.6336406570981697 256000
1760114687361 -0.6333702266216279 261120
1760114730880 -0.6322369546269091 266240
1760114775411 -0.6300981725965228 271360
1760114819662 -0.6298681526606373 276480
1760114863729 -0.6299530906953673 281600
1760114907119 -0.6287215351634178 286720
1760114951344 -0.6250790475965379 291840
1760114995172 -0.6233707074037531 296960
1760115012890 -0.2510101676394101 300032
