1771771648922 0.006644518114626408 5120
1771771674260 0.0036166366189718246 10240
1771771699758 0.002475247485563159 15360
1771771724884 0.004725898150354624 20480
1771771749609 0.005343511234968901 25600
1771771774350 0.0063775512389838696 30720
1771771799618 0.006030701566487551 35840
1771771824353 0.007292172871530056 40960
1771771849095 0.006938421633094549 46080
1771771874694 0.007081038784235716 51200
1771771899730 0.008005822077393532 56320
1771771924930 0.009774182923138142 61440
1771771950044 0.0123652508482337 66560
1771771974743 0.01730310171842575 71680
1771772000070 0.017801638692617416 76800
1771772025214 0.018020441755652428 81920
1771772049895 0.01977401040494442 87040
1771772075345 0.023627860471606255 92160
1771772100050 0.02542971447110176 97280
1771772124767 0.028972385451197624 102400
1771772149821 0.03327495604753494 107520
1771772174831 0.03782755881547928 112640
1771772199901 0.041973792016506195 117760
1771772225048 0.04575163498520851 122880
1771772249769 0.04781106114387512 128000
1771772274883 0.05222906172275543 133120
1771772299592 0.05690467730164528 138240
1771772324334 0.059943582862615585 143360
1771772349519 0.06535948067903519 148480
1771772374201 0.06982208788394928 153600
1771772399059 0.0745779350399971 158720
1771772424373 0.07852564007043839 163840
1771772449066 0.08188507705926895 168960
1771772474264 0.08366534113883972 174080
1771772498971 0.08484485000371933 179200
1771772524259 0.08609563112258911 184320
1771772549377 0.08717507123947144 189440
1771772574070 0.08891697973012924 194560
1771772598798 0.08973300457000732 199680
1771772623973 0.09103187173604965 204800
1771772648692 0.09230565279722214 209920
1771772673889 0.09412376582622528 215040
1771772698591 0.09673302620649338 220160
1771772723326 0.09879638999700546 225280
1771772748498 0.10172414034605026 230400
1771772773209 0.10418683290481567 235520
1771772798182 0.10631466656923294 240640
1771772823550 0.10922500491142273 245760
1771772848273 0.11245395988225937 250880
1771772873008 0.11473552882671356 256000
1771772898951 0.11694537103176117 261120
1771772923953 0.11950790882110596 266240
1771772949184 0.12211757153272629 271360
1771772973895 0.12472017854452133 276480
1771772998614 0.12639209628105164 281600
1771773023785 0.12906567752361298 286720
1771773048501 0.13043922185897827 291840
1771773073195 0.13282273709774017 296960
1771773083579 0.13348031044006348 300032
