1771771648922 17.650190353393555 5120
1771771674260 17.468774795532227 10240
1771771699758 17.645341873168945 15360
1771771724884 17.35810661315918 20480
1771771749609 16.929889678955078 25600
1771771774350 16.650650024414062 30720
1771771799618 16.244131088256836 35840
1771771824353 16.58894920349121 40960
1771771849095 17.117918014526367 46080
1771771874694 17.714372634887695 51200
1771771899730 18.325336456298828 56320
1771771924930 18.732648849487305 61440
1771771950044 19.156341552734375 66560
1771771974743 19.396883010864258 71680
1771772000070 19.75370216369629 76800
1771772025214 20.268779754638672 81920
1771772049895 20.5528564453125 87040
1771772075345 20.712289810180664 92160
1771772100050 20.9028263092041 97280
1771772124767 21.073631286621094 102400
1771772149821 21.33983612060547 107520
1771772174831 21.5611515045166 112640
1771772199901 21.79266357421875 117760
1771772225048 22.014366149902344 122880
1771772249769 22.27278709411621 128000
1771772274883 22.450042724609375 133120
1771772299592 22.571706771850586 138240
1771772324334 22.76038360595703 143360
1771772349519 22.876171112060547 148480
1771772374201 23.052392959594727 153600
1771772399059 23.18345069885254 158720
1771772424373 23.30748176574707 163840
1771772449066 23.426660537719727 168960
1771772474264 23.504344940185547 174080
1771772498971 23.648101806640625 179200
1771772524259 23.79928970336914 184320
1771772549377 23.956995010375977 189440
1771772574070 24.02298355102539 194560
1771772598798 24.180789947509766 199680
1771772623973 24.307621002197266 204800
1771772648692 24.435522079467773 209920
1771772673889 24.559494018554688 215040
1771772698591 24.65819549560547 220160
1771772723326 24.788066864013672 225280
1771772748498 24.852703094482422 230400
1771772773209 24.90972328186035 235520
1771772798182 25.009151458740234 240640
1771772823550 25.071523666381836 245760
1771772848273 25.106002807617188 250880
1771772873008 25.155202865600586 256000
1771772898951 25.229921340942383 261120
1771772923953 25.301010131835938 266240
1771772949184 25.380468368530273 271360
1771772973895 25.441251754760742 276480
1771772998614 25.487651824951172 281600
1771773023785 25.5543270111084 286720
1771773048501 25.627952575683594 291840
1771773073195 25.692310333251953 296960
1771773083579 25.71819496154785 300032
