1771213176398 0.09884163737297058 5120
1771213184772 0.100880466401577 10240
1771213193341 0.09589672833681107 15360
1771213201431 0.09271448105573654 20480
1771213210012 0.09139066189527512 25600
1771213218565 0.08805850893259048 30720
1771213226912 0.08573364466428757 35840
1771213235708 0.0839722603559494 40960
1771213244009 0.08133187144994736 46080
1771213252477 0.08042695373296738 51200
1771213261053 0.07925520092248917 56320
1771213269562 0.07814238220453262 61440
1771213278376 0.07757478207349777 66560
1771213286335 0.0769554078578949 71680
1771213294801 0.07673098891973495 76800
1771213303339 0.07655322551727295 81920
1771213311830 0.07664331048727036 87040
1771213320393 0.07670368999242783 92160
1771213329728 0.07625363767147064 97280
1771213338318 0.07623055577278137 102400
1771213346783 0.07609272003173828 107520
1771213355341 0.07602187991142273 112640
1771213363887 0.07630304247140884 117760
1771213372380 0.07610297948122025 122880
1771213380882 0.07608738541603088 128000
1771213389549 0.07596883177757263 133120
1771213397774 0.0759720504283905 138240
1771213406105 0.07587897032499313 143360
1771213415086 0.07589739561080933 148480
1771213423697 0.07577124238014221 153600
1771213432527 0.07582639902830124 158720
1771213440869 0.07592689245939255 163840
1771213449556 0.07591740041971207 168960
1771213457586 0.07570203393697739 174080
1771213466140 0.07561745494604111 179200
1771213474876 0.07526490092277527 184320
1771213483183 0.07509668916463852 189440
1771213491583 0.07486840337514877 194560
1771213499989 0.07491607218980789 199680
1771213509239 0.07494860142469406 204800
1771213517955 0.07483942806720734 209920
1771213526582 0.07478777319192886 215040
1771213534957 0.07494810968637466 220160
1771213543361 0.07498416304588318 225280
1771213551797 0.0749574527144432 230400
1771213560236 0.07484549283981323 235520
1771213568842 0.07491111755371094 240640
1771213577523 0.07495389878749847 245760
1771213585835 0.07483170181512833 250880
1771213594478 0.07479551434516907 256000
1771213602889 0.0746944323182106 261120
1771213611386 0.07463177293539047 266240
1771213620025 0.07441624253988266 271360
1771213628620 0.07434286177158356 276480
1771213637527 0.07427455484867096 281600
1771213646492 0.07416439801454544 286720
1771213655068 0.07409355789422989 291840
1771213663156 0.07400242239236832 296960
1771213666386 0.07399461418390274 300032
