1771213176398 0.0 5120
1771213184772 0.0 10240
1771213193341 0.0 15360
1771213201431 0.0 20480
1771213210012 0.0 25600
1771213218565 0.0 30720
1771213226912 0.0 35840
1771213235708 0.0 40960
1771213244009 0.0 46080
1771213252477 0.0 51200
1771213261053 0.0 56320
1771213269562 0.0 61440
1771213278376 0.0 66560
1771213286335 0.0 71680
1771213294801 0.0 76800
1771213303339 0.0 81920
1771213311830 0.0 87040
1771213320393 0.0 92160
1771213329728 0.0 97280
1771213338318 0.0 102400
1771213346783 0.0 107520
1771213355341 0.0 112640
1771213363887 0.0 117760
1771213372380 0.0 122880
1771213380882 0.0 128000
1771213389549 0.0 133120
1771213397774 0.0 138240
1771213406105 0.0 143360
1771213415086 0.0 148480
1771213423697 0.0 153600
1771213432527 0.0 158720
1771213440869 0.0 163840
1771213449556 0.0 168960
1771213457586 0.0 174080
1771213466140 0.0 179200
1771213474876 0.0 184320
1771213483183 0.0 189440
1771213491583 0.0 194560
1771213499989 0.0 199680
1771213509239 0.0 204800
1771213517955 0.0 209920
1771213526582 0.0 215040
1771213534957 0.0 220160
1771213543361 0.0 225280
1771213551797 0.0 230400
1771213560236 0.0 235520
1771213568842 0.0 240640
1771213577523 0.0 245760
1771213585835 0.0 250880
1771213594478 0.0 256000
1771213602889 0.0 261120
1771213611386 0.0 266240
1771213620025 0.0 271360
1771213628620 0.0 276480
1771213637527 0.0 281600
1771213646492 0.0 286720
1771213655068 0.0 291840
1771213663156 0.0 296960
1771213666386 0.0 300032
