1760064380384 0.9269059736337235 5120
1760064411267 1.0628890605887982 10240
1760064442110 1.1349058487519559 15360
1760064473453 1.0668182936993673 20480
1760064510290 1.112941929713432 25600
1760064541279 1.1637321039058235 30720
1760064572124 1.1323129169976534 35840
1760064604097 1.107011568151305 40960
1760064640793 1.084685920634403 46080
1760064671678 1.061866819678009 51200
1760064702921 1.05793135935866 56320
1760064737212 1.0914780453005022 61440
1760064771799 1.1300782213084508 66560
1760064802706 1.148158837277353 71680
1760064834117 1.152761526224961 76800
1760064871592 1.157152506021353 81920
1760064902256 1.1719383141592532 87040
1760064933129 1.1834534572542124 92160
