1760064380384 410.3415709538246 5120
1760064411267 405.264618844697 10240
1760064442110 401.31085127600494 15360
1760064473453 404.94845049333424 20480
1760064510290 401.8538268094236 25600
1760064541279 398.911945193095 30720
1760064572124 400.7374789869014 35840
1760064604097 402.03747803927894 40960
1760064640793 403.036402614965 46080
1760064671678 404.2843309680604 51200
1760064702921 404.6781053918553 56320
1760064737212 402.54538327674993 61440
1760064771799 399.74773885409576 66560
1760064802706 398.42787237091306 71680
1760064834117 397.66484679352715 76800
1760064871592 397.09654933187215 81920
1760064902256 395.98829538411286 87040
1760064933129 395.32098523753496 92160
