1771641494129 377.3006286621094 8192
1771641497106 380.85479736328125 16384
1771641523097 390.532470703125 24576
1771641526904 396.9915771484375 32768
1771641553411 403.63507080078125 40960
1771641556415 408.3089904785156 49152
1771641582544 414.1789855957031 57344
1771641585774 419.63348388671875 65536
1771641612179 424.5752868652344 73728
1771641615897 428.2458190917969 81920
1771641641541 431.6025085449219 90112
1771641645732 434.12451171875 98304
1771641671513 435.2588806152344 106496
1771641675277 435.1653747558594 114688
1771641700249 433.3531188964844 122880
1771641705528 431.5356140136719 131072
1771641730863 429.5015869140625 139264
1771641735271 427.5065002441406 147456
1771641760658 426.2721862792969 155648
1771641764507 425.003662109375 163840
1771641789821 423.8175354003906 172032
1771641794373 422.4068603515625 180224
1771641819671 420.2638244628906 188416
1771641824346 418.3238220214844 196608
1771641848851 417.4857482910156 204800
1771641854459 416.63494873046875 212992
1771641878138 415.96466064453125 221184
1771641884048 415.66253662109375 229376
1771641908101 415.2547302246094 237568
1771641913902 414.8929748535156 245760
1771641937328 414.5075988769531 253952
1771641944222 414.1434326171875 262144
1771641966744 413.7289733886719 270336
1771641973337 413.3596496582031 278528
1771641996231 412.921875 286720
1771642003444 412.69110107421875 294912
1771642015194 412.6285705566406 303104
