1771641494129 496.6410217285156 8192
1771641497106 495.4361267089844 16384
1771641523097 496.6004943847656 24576
1771641526904 496.67236328125 32768
1771641553411 496.9841613769531 40960
1771641556415 497.40264892578125 49152
1771641582544 497.7497863769531 57344
1771641585774 497.87774658203125 65536
1771641612179 497.9906005859375 73728
1771641615897 498.19696044921875 81920
1771641641541 498.3640441894531 90112
1771641645732 498.50384521484375 98304
1771641671513 498.6111755371094 106496
1771641675277 498.6988830566406 114688
1771641700249 498.5311279296875 122880
1771641705528 498.392578125 131072
1771641730863 498.3505859375 139264
1771641735271 498.0330505371094 147456
1771641760658 498.0166931152344 155648
1771641764507 498.0010986328125 163840
1771641789821 498.1077575683594 172032
1771641794373 498.090576171875 180224
1771641819671 497.9167785644531 188416
1771641824346 497.8079833984375 196608
1771641848851 497.7574157714844 204800
1771641854459 497.4771423339844 212992
1771641878138 497.4883117675781 221184
1771641884048 497.5426025390625 229376
1771641908101 497.5509338378906 237568
1771641913902 497.6379089355469 245760
1771641937328 497.6814270019531 253952
1771641944222 497.5720520019531 262144
1771641966744 497.5063781738281 270336
1771641973337 497.4443664550781 278528
1771641996231 497.3866271972656 286720
1771642003444 497.431396484375 294912
1771642015194 497.4690856933594 303104
