1771641494129 0.0 8192
1771641497106 0.0 16384
1771641523097 0.0 24576
1771641526904 0.0 32768
1771641553411 0.0 40960
1771641556415 0.0 49152
1771641582544 0.0 57344
1771641585774 0.0 65536
1771641612179 0.0 73728
1771641615897 0.0 81920
1771641641541 0.0 90112
1771641645732 0.0 98304
1771641671513 0.0 106496
1771641675277 0.0 114688
1771641700249 0.0 122880
1771641705528 0.0 131072
1771641730863 0.0 139264
1771641735271 0.0 147456
1771641760658 0.0 155648
1771641764507 0.0 163840
1771641789821 0.0 172032
1771641794373 0.0 180224
1771641819671 0.0 188416
1771641824346 0.0 196608
1771641848851 0.0 204800
1771641854459 0.0 212992
1771641878138 0.0 221184
1771641884048 0.0 229376
1771641908101 0.0 237568
1771641913902 0.0 245760
1771641937328 0.0 253952
1771641944222 0.0 262144
1771641966744 0.0 270336
1771641973337 0.0 278528
1771641996231 0.0 286720
1771642003444 0.0 294912
1771642015194 0.0 303104
