1771641494125 11.815086364746094 8192
1771641497103 14.413176536560059 16384
1771641523093 19.38824462890625 24576
1771641526901 11.581737518310547 32768
1771641553407 11.47549819946289 40960
1771641556412 16.522443771362305 49152
1771641582541 15.872773170471191 57344
1771641585771 15.867300033569336 65536
1771641612176 15.088631629943848 73728
1771641615893 13.942381858825684 81920
1771641641538 16.919795989990234 90112
1771641645729 9.967835426330566 98304
1771641671510 8.260515213012695 106496
1771641675274 8.165094375610352 114688
1771641700246 8.067605972290039 122880
1771641705525 9.306029319763184 131072
1771641730860 8.623059272766113 139264
1771641735267 6.322220325469971 147456
1771641760655 4.47813606262207 155648
1771641764504 3.806771993637085 163840
1771641789818 5.562566757202148 172032
1771641794369 7.345317363739014 180224
1771641819668 3.9989616870880127 188416
1771641824343 7.2037224769592285 196608
1771641848847 5.130243301391602 204800
1771641854456 9.69326400756836 212992
1771641878135 11.211694717407227 221184
1771641884045 9.028990745544434 229376
1771641908097 11.430233001708984 237568
1771641913899 5.746742248535156 245760
1771641937325 9.751731872558594 253952
1771641944218 11.47237777709961 262144
1771641966741 8.600790023803711 270336
1771641973334 12.251121520996094 278528
1771641996228 7.701357364654541 286720
1771642003441 11.550914764404297 294912
1771642015190 10.638544082641602 303104
