1771641494129 16.022476196289062 8192
1771641497106 15.172404289245605 16384
1771641523097 13.85802936553955 24576
1771641526904 12.838034629821777 32768
1771641553411 11.952037811279297 40960
1771641556415 11.323260307312012 49152
1771641582544 10.530709266662598 57344
1771641585774 9.779296875 65536
1771641612179 9.097558975219727 73728
1771641615897 8.585075378417969 81920
1771641641541 8.222121238708496 90112
1771641645732 7.852488994598389 98304
1771641671513 7.740499973297119 106496
1771641675277 7.733821392059326 114688
1771641700249 8.081149101257324 122880
1771641705528 8.543503761291504 131072
1771641730863 9.00242805480957 139264
1771641735271 9.411030769348145 147456
1771641760658 9.735250473022461 155648
1771641764507 10.072341918945312 163840
1771641789821 10.426957130432129 172032
1771641794373 10.736488342285156 180224
1771641819671 11.113348960876465 188416
1771641824346 11.458457946777344 196608
1771641848851 11.679917335510254 204800
1771641854459 11.829212188720703 212992
1771641878138 11.957563400268555 221184
1771641884048 12.113536834716797 229376
1771641908101 12.22639274597168 237568
1771641913902 12.34689998626709 245760
1771641937328 12.458902359008789 253952
1771641944222 12.527167320251465 262144
1771641966744 12.586365699768066 270336
1771641973337 12.648221015930176 278528
1771641996231 12.748631477355957 286720
1771642003444 12.816736221313477 294912
1771642015194 12.847626686096191 303104
