1771641494129 4.459706783294678 8192
1771641497106 4.294053077697754 16384
1771641523097 4.0188679695129395 24576
1771641526904 3.806959867477417 32768
1771641553411 3.610595226287842 40960
1771641556415 3.4736595153808594 49152
1771641582544 3.2770986557006836 57344
1771641585774 3.0838663578033447 65536
1771641612179 2.887425422668457 73728
1771641615897 2.7585818767547607 81920
1771641641541 2.6474342346191406 90112
1771641645732 2.552649974822998 98304
1771641671513 2.5242738723754883 106496
1771641675277 2.5342133045196533 114688
1771641700249 2.5824217796325684 122880
1771641705528 2.650017499923706 131072
1771641730863 2.7203071117401123 139264
1771641735271 2.7766900062561035 147456
1771641760658 2.8235039710998535 155648
1771641764507 2.8787014484405518 163840
1771641789821 2.940593957901001 172032
1771641794373 2.9931640625 180224
1771641819671 3.0660080909729004 188416
1771641824346 3.13547682762146 196608
1771641848851 3.172285795211792 204800
1771641854459 3.1932764053344727 212992
1771641878138 3.2076833248138428 221184
1771641884048 3.2246696949005127 229376
1771641908101 3.2442920207977295 237568
1771641913902 3.2607712745666504 245760
1771641937328 3.2743844985961914 253952
1771641944222 3.2823386192321777 262144
1771641966744 3.28760027885437 270336
1771641973337 3.2959353923797607 278528
1771641996231 3.308980941772461 286720
1771642003444 3.315239191055298 294912
1771642015194 3.3159046173095703 303104
