1771688827447 5.0 5120
1771688835101 4.703488349914551 10240
1771688842296 4.318356990814209 15360
1771688849780 4.129807472229004 20480
1771688856994 4.013910293579102 25600
1771688864727 3.9741768836975098 30720
1771688872004 3.954469680786133 35840
1771688879700 3.8847837448120117 40960
1771688886952 3.8622779846191406 46080
1771688894351 3.8339180946350098 51200
1771688901847 3.836170196533203 56320
1771688909432 3.8313839435577393 61440
1771688917195 3.8274827003479004 66560
1771688925451 3.814763307571411 71680
1771688933235 3.7901298999786377 76800
1771688940704 3.76900577545166 81920
1771688947909 3.750974655151367 87040
1771688955560 3.7425291538238525 92160
1771688962629 3.708281993865967 97280
1771688970387 3.715789556503296 102400
1771688977641 3.7071268558502197 107520
1771688985264 3.7085399627685547 112640
1771688992399 3.688854932785034 117760
1771689000126 3.6866979598999023 122880
1771689007307 3.688767433166504 128000
1771689014883 3.7016806602478027 133120
1771689022274 3.694119453430176 138240
1771689029719 3.6912789344787598 143360
1771689037236 3.68890380859375 148480
1771689045339 3.687727451324463 153600
1771689052628 3.6965274810791016 158720
1771689060374 3.701133966445923 163840
1771689068551 3.6976468563079834 168960
1771689075697 3.7007575035095215 174080
1771689082993 3.6962435245513916 179200
1771689090983 3.697669267654419 184320
1771689098133 3.6933867931365967 189440
1771689106056 3.6890783309936523 194560
1771689113688 3.6898138523101807 199680
1771689121385 3.687743902206421 204800
1771689128778 3.6875832080841064 209920
1771689136096 3.6928796768188477 215040
1771689143537 3.6919655799865723 220160
1771689151484 3.6916592121124268 225280
1771689158331 3.688150644302368 230400
1771689166146 3.6861746311187744 235520
1771689173077 3.6815805435180664 240640
1771689181937 3.683868408203125 245760
1771689188707 3.6875 250880
1771689196832 3.6772758960723877 256000
1771689203895 3.67844295501709 261120
1771689211628 3.6758174896240234 266240
1771689218793 3.6739771366119385 271360
1771689226577 3.667412757873535 276480
1771689233753 3.6685807704925537 281600
1771689241837 3.6735618114471436 286720
1771689249051 3.6741020679473877 291840
1771689256937 3.677046298980713 296960
1771689261044 3.6775355339050293 300032
