1771098715878 18.55950164794922 8192
1771098720645 19.7578125 16384
1771098765214 20.495655059814453 24576
1771098770419 20.833660125732422 32768
1771098814067 21.306961059570312 40960
1771098820472 21.62895393371582 49152
1771098864144 21.717689514160156 57344
1771098869797 21.865381240844727 65536
1771098914512 21.84831428527832 73728
1771098919708 21.8411922454834 81920
1771098963252 21.745582580566406 90112
1771098969648 21.538171768188477 98304
1771099012690 21.3727970123291 106496
1771099018996 21.225568771362305 114688
1771099062391 21.152421951293945 122880
1771099068715 21.076759338378906 131072
1771099111201 21.067562103271484 139264
1771099118007 20.982402801513672 147456
1771099161448 21.0124454498291 155648
1771099168442 21.096147537231445 163840
1771099210745 20.99452781677246 172032
1771099218540 20.753131866455078 180224
1771099259695 20.601247787475586 188416
1771099268710 20.539188385009766 196608
1771099309190 20.455371856689453 204800
1771099318880 20.343975067138672 212992
1771099358349 20.29172134399414 221184
1771099368577 20.2552433013916 229376
1771099407831 20.23038101196289 237568
1771099418538 20.167987823486328 245760
1771099456997 20.098819732666016 253952
1771099468023 20.06845474243164 262144
1771099505895 20.04472541809082 270336
1771099517207 20.01227569580078 278528
1771099555457 19.967939376831055 286720
1771099567320 19.912263870239258 294912
1771099569558 19.880897521972656 303104
