1771098715873 -1.5463814735412598 8192
1771098720639 -3.3262107372283936 16384
1771098765208 -4.721997261047363 24576
1771098770413 -5.652253150939941 32768
1771098814061 -5.783318042755127 40960
1771098820466 -7.399838447570801 49152
1771098864137 -8.303657531738281 57344
1771098869791 -8.767454147338867 65536
1771098914505 -8.719346046447754 73728
1771098919702 -8.634422302246094 81920
1771098963245 -8.504937171936035 90112
1771098969641 -8.37216854095459 98304
1771099012684 -8.051633834838867 106496
1771099018990 -7.639945983886719 114688
1771099062385 -7.384405136108398 122880
1771099068709 -6.885513782501221 131072
1771099111194 -6.367992401123047 139264
1771099118000 -5.817413330078125 147456
1771099161441 -5.399985313415527 155648
1771099168435 -5.175640106201172 163840
1771099210738 -5.028463363647461 172032
1771099218533 -5.658432960510254 180224
1771099259688 -6.338850021362305 188416
1771099268703 -7.308704376220703 196608
1771099309183 -9.155832290649414 204800
1771099318873 -10.045616149902344 212992
1771099358342 -10.96238899230957 221184
1771099368569 -11.925378799438477 229376
1771099407823 -12.21035099029541 237568
1771099418530 -12.56403923034668 245760
1771099456989 -13.0383882522583 253952
1771099468016 -13.33619499206543 262144
1771099505888 -13.426766395568848 270336
1771099517199 -13.175268173217773 278528
1771099555449 -13.116275787353516 286720
1771099567312 -12.773016929626465 294912
1771099569551 -12.355558395385742 303104
