1771098715878 1.0341585874557495 8192
1771098720645 1.0824214220046997 16384
1771098765214 1.0174885988235474 24576
1771098770419 0.8844340443611145 32768
1771098814067 0.793587863445282 40960
1771098820472 0.7322502732276917 49152
1771098864144 0.7438694834709167 57344
1771098869797 0.7911878824234009 65536
1771098914512 0.8175211548805237 73728
1771098919708 0.8419947624206543 81920
1771098963252 0.8530068397521973 90112
1771098969648 0.8503115773200989 98304
1771099012690 0.8541008234024048 106496
1771099018996 0.8518239855766296 114688
1771099062391 0.8543071150779724 122880
1771099068715 0.8560808897018433 131072
1771099111201 0.8564745187759399 139264
1771099118007 0.8529248237609863 147456
1771099161448 0.8592433333396912 155648
1771099168442 0.8688593506813049 163840
1771099210745 0.8881475329399109 172032
1771099218540 0.9129741787910461 180224
1771099259695 0.9345272779464722 188416
1771099268710 0.9477527737617493 196608
1771099309190 0.9608854651451111 204800
1771099318880 0.9732288122177124 212992
1771099358349 0.984809160232544 221184
1771099368577 0.9964307546615601 229376
1771099407831 1.0066357851028442 237568
1771099418538 1.0151251554489136 245760
1771099456997 1.0229171514511108 253952
1771099468023 1.0313457250595093 262144
1771099505895 1.0425937175750732 270336
1771099517207 1.0498486757278442 278528
1771099555457 1.058292031288147 286720
1771099567320 1.065561056137085 294912
1771099569558 1.068021297454834 303104
