1771643526970 386.2601013183594 5120
1771643547689 396.86517333984375 10240
1771643564811 407.5201416015625 15360
1771643581517 408.825439453125 20480
1771643598524 407.9222106933594 25600
1771643618682 408.6822204589844 30720
1771643635750 408.9696350097656 35840
1771643652154 407.9539489746094 40960
1771643669554 407.45050048828125 46080
1771643689451 407.0367736816406 51200
1771643706793 407.0375061035156 56320
1771643723195 406.752197265625 61440
1771643740696 406.49932861328125 66560
1771643759402 406.4515380859375 71680
1771643778034 406.1847229003906 76800
1771643794631 406.3495788574219 81920
1771643811451 406.7603454589844 87040
1771643830276 406.59002685546875 92160
1771643848663 406.283447265625 97280
1771643865275 406.33978271484375 102400
1771643882173 406.141845703125 107520
1771643900983 405.9787292480469 112640
1771643919405 405.9527282714844 117760
