1771643526970 14.636033058166504 5120
1771643547689 14.36764144897461 10240
1771643564811 12.90748405456543 15360
1771643581517 12.784573554992676 20480
1771643598524 13.136042594909668 25600
1771643618682 13.147298812866211 30720
1771643635750 13.205243110656738 35840
1771643652154 13.384108543395996 40960
1771643669554 13.500814437866211 46080
1771643689451 13.688165664672852 51200
1771643706793 13.744009971618652 56320
1771643723195 13.886578559875488 61440
1771643740696 13.895437240600586 66560
1771643759402 14.004485130310059 71680
1771643778034 14.063557624816895 76800
1771643794631 14.111067771911621 81920
1771643811451 14.138516426086426 87040
1771643830276 14.175577163696289 92160
1771643848663 14.224372863769531 97280
1771643865275 14.276338577270508 102400
1771643882173 14.292071342468262 107520
1771643900983 14.337267875671387 112640
1771643919405 14.294918060302734 117760
