1771124699839 24.040706634521484 8192
1771124777530 24.981184005737305 16384
1771124805571 24.998977661132812 24576
1771124869482 24.774917602539062 32768
1771124897460 24.968740463256836 40960
1771124946913 24.943262100219727 49152
1771124975244 25.179719924926758 57344
1771125025988 25.504526138305664 65536
1771125053976 25.866188049316406 73728
1771125103701 26.114606857299805 81920
1771125134133 26.240110397338867 90112
1771125181645 26.41545867919922 98304
1771125213046 26.629940032958984 106496
1771125260640 26.78712272644043 114688
1771125292204 26.849939346313477 122880
1771125338080 26.922576904296875 131072
1771125370878 26.92461395263672 139264
1771125416215 26.909542083740234 147456
1771125449710 26.95047950744629 155648
1771125494931 26.976396560668945 163840
1771125528948 26.995561599731445 172032
1771125573400 26.99188995361328 180224
1771125607128 27.051624298095703 188416
1771125652138 27.091495513916016 196608
1771125686221 27.110868453979492 204800
1771125730676 27.130495071411133 212992
1771125765459 27.175851821899414 221184
1771125808680 27.191364288330078 229376
1771125843789 27.208755493164062 237568
1771125887099 27.231979370117188 245760
1771125922479 27.23755645751953 253952
1771125965475 27.23381996154785 262144
1771126000269 27.23519515991211 270336
1771126043128 27.19565773010254 278528
1771126078207 27.202598571777344 286720
1771126120700 27.222768783569336 294912
1771126136760 27.22394561767578 303104
