1771124699834 -2.9856269359588623 8192
1771124777524 -5.416406631469727 16384
1771124805565 -4.591370582580566 24576
1771124869476 -6.4891462326049805 32768
1771124897454 -11.84854507446289 40960
1771124946907 -14.101398468017578 49152
1771124975238 -14.35218620300293 57344
1771125025982 -13.6553955078125 65536
1771125053970 -12.999574661254883 73728
1771125103694 -11.852398872375488 81920
1771125134127 -10.92298698425293 90112
1771125181639 -9.815552711486816 98304
1771125213039 -8.835076332092285 106496
1771125260633 -8.100735664367676 114688
1771125292197 -8.364103317260742 122880
1771125338074 -9.0806884765625 131072
1771125370871 -9.275116920471191 139264
1771125416209 -9.924802780151367 147456
1771125449704 -10.13692855834961 155648
1771125494924 -10.405181884765625 163840
1771125528941 -10.332836151123047 172032
1771125573393 -10.352163314819336 180224
1771125607121 -10.168811798095703 188416
1771125652130 -9.884347915649414 196608
1771125686213 -9.27072525024414 204800
1771125730669 -8.817832946777344 212992
1771125765452 -8.255409240722656 221184
1771125808673 -7.717851638793945 229376
1771125843781 -7.494837760925293 237568
1771125887091 -7.926788330078125 245760
1771125922471 -6.717801094055176 253952
1771125965467 -5.719982147216797 262144
1771126000262 -5.1405134201049805 270336
1771126043120 -4.4359636306762695 278528
1771126078199 -3.927072286605835 286720
1771126120692 -3.446951150894165 294912
1771126136753 -3.278341770172119 303104
