1771124699839 0.2463822215795517 8192
1771124777530 0.197707399725914 16384
1771124805571 0.1675054281949997 24576
1771124869482 0.14972735941410065 32768
1771124897460 0.1398874670267105 40960
1771124946913 0.15186364948749542 49152
1771124975244 0.1662840098142624 57344
1771125025988 0.17800846695899963 65536
1771125053976 0.18835125863552094 73728
1771125103701 0.19629253447055817 81920
1771125134133 0.2022191733121872 90112
1771125181645 0.20828689634799957 98304
1771125213046 0.21366336941719055 106496
1771125260640 0.21863657236099243 114688
1771125292204 0.2217068076133728 122880
1771125338080 0.2248169481754303 131072
1771125370878 0.22777220606803894 139264
1771125416215 0.2296840399503708 147456
1771125449710 0.23162665963172913 155648
1771125494931 0.23317097127437592 163840
1771125528948 0.23507504165172577 172032
1771125573400 0.2362815886735916 180224
1771125607128 0.23814620077610016 188416
1771125652138 0.24004526436328888 196608
1771125686221 0.24097372591495514 204800
1771125730676 0.24194931983947754 212992
1771125765459 0.24262824654579163 221184
1771125808680 0.2429148405790329 229376
1771125843789 0.24339528381824493 237568
1771125887099 0.24397653341293335 245760
1771125922479 0.2451086938381195 253952
1771125965475 0.24575072526931763 262144
1771126000269 0.2463531792163849 270336
1771126043128 0.24640434980392456 278528
1771126078207 0.2465914487838745 286720
1771126120700 0.24715149402618408 294912
1771126136760 0.24723763763904572 303104
