1771636045688 0.0 5120
1771636067453 0.003710575168952346 10240
1771636089883 0.0063775512389838696 15360
1771636111502 0.00481231976300478 20480
1771636133374 0.0038610037881881 25600
1771636155681 0.003858520882204175 30720
1771636177568 0.00441744877025485 35840
1771636199241 0.004837929271161556 40960
1771636221614 0.00560828298330307 46080
1771636243641 0.005434782709926367 51200
1771636265193 0.005298481322824955 56320
1771636287832 0.004859086591750383 61440
1771636309383 0.00538599630817771 66560
1771636331522 0.005563282407820225 71680
1771636353255 0.006493506487458944 76800
1771636375710 0.00633219676092267 81920
1771636397895 0.006646802648901939 87040
1771636419885 0.006499133538454771 92160
1771636442200 0.006564102601259947 97280
1771636464411 0.0068199532106518745 102400
1771636486309 0.006674082484096289 107520
1771636508749 0.006547513883560896 112640
1771636530735 0.006607929710298777 117760
1771636552943 0.00649772584438324 122880
1771636575247 0.006399250589311123 128000
1771636597458 0.006456456612795591 133120
1771636619105 0.006509474944323301 138240
1771636640609 0.006413831375539303 143360
1771636662964 0.0061944518238306046 148480
1771636684622 0.006507027428597212 153600
1771636706338 0.006545820739120245 158720
1771636729223 0.006464991252869368 163840
1771636750340 0.00662565091624856 168960
1771636772028 0.006430868059396744 174080
1771636794745 0.006581149064004421 179200
1771636816907 0.006506886333227158 184320
1771636838560 0.006749630905687809 189440
1771636860849 0.006673511117696762 194560
1771636882233 0.006704022642225027 199680
1771636904165 0.006535947788506746 204800
1771636926406 0.006475573871284723 209920
1771636947943 0.006321465130895376 215040
1771636968526 0.006265891715884209 220160
1771636989892 0.0062128338031470776 225280
1771637012546 0.006073752883821726 230400
1771637033956 0.006109461188316345 235520
1771637055587 0.006063122767955065 240640
1771637078104 0.006262199021875858 245760
1771637099459 0.006215634755790234 250880
1771637121124 0.006402748636901379 256000
1771637143198 0.006352851167321205 261120
1771637163813 0.006382339634001255 266240
1771637185218 0.006337509024888277 271360
1771637207412 0.0062296269461512566 276480
1771637229327 0.006124047562479973 281600
1771637250901 0.006018194369971752 286720
1771637272824 0.005985551979392767 291840
1771637294352 0.005885934457182884 296960
1771637303155 0.005844417493790388 300032
