1771636045684 55.164257624978625 5120
1771636067450 46.2166980705872 10240
1771636089880 53.76347835003973 15360
1771636111499 52.45568353781313 20480
1771636133371 53.68090715949523 25600
1771636155678 56.47905417233346 30720
1771636177565 47.45117205176939 35840
1771636199237 53.29145543485166 40960
1771636221611 52.61756551628969 46080
1771636243638 51.99271113535223 51200
1771636265189 48.69058066912772 56320
1771636287828 53.840083180365326 61440
1771636309380 55.42229680624744 66560
1771636331519 54.00368238762924 71680
1771636353252 49.878155807399125 76800
1771636375707 50.25044328365362 81920
1771636397892 54.78310388965806 87040
1771636419882 3.3263812721019 92160
1771636442197 56.474491375944204 97280
1771636464407 55.33309586944763 102400
1771636486306 56.077331372417945 107520
1771636508745 48.293655728267126 112640
1771636530731 48.859036635797075 117760
1771636552939 50.796948044083805 122880
1771636575244 6.243409839579516 128000
1771636597455 55.002937473772555 133120
1771636619102 51.13695273161751 138240
1771636640606 55.382778973499 143360
1771636662961 55.52354350617546 148480
1771636684619 52.14396359884133 153600
1771636706335 55.49636137500331 158720
1771636729219 48.080518140654554 163840
1771636750336 52.9142885978856 168960
1771636772024 48.72451848237727 174080
1771636794741 54.91867544812958 179200
1771636816904 57.20467533176034 184320
1771636838557 54.80601071475238 189440
1771636860846 54.47997090455655 194560
1771636882230 54.4453184833262 199680
1771636904162 53.601329073482425 204800
1771636926403 53.20222738054467 209920
1771636947939 51.768109502474665 215040
1771636968523 51.47648502700049 220160
1771636989889 53.81383354075518 225280
1771637012543 53.774507038642014 230400
1771637033953 56.67212538846102 235520
1771637055583 48.95827059331629 240640
1771637078100 52.96440252048844 245760
1771637099456 54.54089620556032 250880
1771637121121 23.08570925342903 256000
1771637143195 53.00925130175421 261120
1771637163810 49.78461465417987 266240
1771637185215 53.86843389586705 271360
1771637207409 49.39414708826474 276480
1771637229324 2.187084932421158 281600
1771637250897 50.06689426313653 286720
1771637272820 54.715211918024444 291840
1771637294349 55.78199518559402 296960
1771637303152 5.078845972212468 300032
