1771752302291 0.0 6144
1771752314256 0.0044247787445783615 12288
1771752317092 0.00706357229501009 18432
1771752328931 0.006923076696693897 24576
1771752339812 0.005593536421656609 30720
1771752352198 0.006272869650274515 36864
1771752355058 0.005845323670655489 43008
1771752367272 0.0059218318201601505 49152
1771752377272 0.005988024175167084 55296
1771752389563 0.00635122274979949 61440
1771752392625 0.00636758329346776 67584
1771752404898 0.00611539464443922 73728
1771752415346 0.006142505910247564 79872
1771752426786 0.00570776266977191 86016
1771752430370 0.0064047821797430515 92160
1771752442527 0.006605284288525581 98304
1771752452729 0.006221719551831484 104448
1771752464716 0.0060595260001719 110592
1771752468209 0.006253168918192387 116736
1771752480332 0.006103437393903732 122880
1771752490258 0.005816623102873564 129024
1771752502045 0.0055514974519610405 135168
1771752506022 0.005732662044465542 141312
1771752517636 0.005631536711007357 147456
1771752528201 0.005794488824903965 153600
1771752539834 0.005695183761417866 159744
1771752543752 0.005847953259944916 165888
1771752555182 0.005870841443538666 172032
1771752565981 0.0060046701692044735 178176
1771752577865 0.005803955253213644 184320
1771752582062 0.005929470527917147 190464
1771752593221 0.005948180332779884 196608
1771752603621 0.005964020267128944 202752
1771752615585 0.005977796856313944 208896
1771752619669 0.006084631662815809 215040
1771752630325 0.006096467841416597 221184
1771752641109 0.006021467968821526 227328
1771752653104 0.006118286866694689 233472
1771752657686 0.006208609323948622 239616
1771752667838 0.006054245866835117 245760
1771752678872 0.0060639469884335995 251904
1771752691385 0.006074119824916124 258048
1771752695836 0.006007358897477388 264192
1771752705893 0.005944081582129002 270336
1771752716788 0.005884041544049978 276480
1771752729108 0.005966168362647295 282624
1771752733671 0.0059732235968112946 288768
1771752743803 0.005847953259944916 294912
1771752754155 0.005834382958710194 301056
