1771752302291 381.0376281738281 6144
1771752314256 380.5309753417969 12288
1771752317092 381.950927734375 18432
1771752328931 387.4593811035156 24576
1771752339812 391.1778259277344 30720
1771752352198 392.68414306640625 36864
1771752355058 395.1947021484375 43008
1771752367272 396.52593994140625 49152
1771752377272 397.3560791015625 55296
1771752389563 397.70416259765625 61440
1771752392625 398.36151123046875 67584
1771752404898 398.3391418457031 73728
1771752415346 398.812255859375 79872
1771752426786 399.391357421875 86016
1771752430370 399.28778076171875 92160
1771752442527 399.6589660644531 98304
1771752452729 400.0413513183594 104448
1771752464716 400.0823059082031 110592
1771752468209 400.3062438964844 116736
1771752480332 400.5332946777344 122880
1771752490258 400.8300476074219 129024
1771752502045 401.1001892089844 135168
1771752506022 401.04547119140625 141312
1771752517636 400.6971435546875 147456
1771752528201 400.77264404296875 153600
1771752539834 400.8658752441406 159744
1771752543752 400.8933410644531 165888
1771752555182 400.94964599609375 172032
1771752565981 400.96112060546875 178176
1771752577865 401.38262939453125 184320
1771752582062 401.29742431640625 190464
1771752593221 401.2415466308594 196608
1771752603621 401.3202819824219 202752
1771752615585 401.4754333496094 208896
1771752619669 401.5957336425781 215040
1771752630325 401.5621337890625 221184
1771752641109 401.62554931640625 227328
1771752653104 401.7370910644531 233472
1771752657686 401.86602783203125 239616
1771752667838 402.02935791015625 245760
1771752678872 402.1549072265625 251904
1771752691385 402.16339111328125 258048
1771752695836 402.3312683105469 264192
1771752705893 402.4461364746094 270336
1771752716788 402.4947204589844 276480
1771752729108 402.6128234863281 282624
1771752733671 402.6921691894531 288768
1771752743803 402.8247985839844 294912
1771752754155 402.8951416015625 301056
