1771752302291 500.0 6144
1771752314256 497.9764099121094 12288
1771752317092 496.7487487792969 18432
1771752328931 496.8092346191406 24576
1771752339812 497.4219970703125 30720
1771752352198 497.10821533203125 36864
1771752355058 497.306640625 43008
1771752367272 497.26727294921875 49152
1771752377272 497.2469177246094 55296
1771752389563 497.0771789550781 61440
1771752392625 497.06976318359375 67584
1771752404898 497.18426513671875 73728
1771752415346 497.1729736328125 79872
1771752426786 497.373046875 86016
1771752430370 497.0525207519531 92160
1771752442527 496.9615783691406 98304
1771752452729 497.13800048828125 104448
1771752464716 497.2161865234375 110592
1771752468209 497.1282653808594 116736
1771752480332 497.1959533691406 122880
1771752490258 497.3277282714844 129024
1771752502045 497.44952392578125 135168
1771752506022 497.3671569824219 141312
1771752517636 497.4129943847656 147456
1771752528201 497.338134765625 153600
1771752539834 497.3834228515625 159744
1771752543752 497.31329345703125 165888
1771752555182 497.30218505859375 172032
1771752565981 497.2396240234375 178176
1771752577865 497.3319091796875 184320
1771752582062 497.2743225097656 190464
1771752593221 497.26605224609375 196608
1771752603621 497.2579345703125 202752
1771752615585 497.25115966796875 208896
1771752619669 497.2018127441406 215040
1771752630325 497.19580078125 221184
1771752641109 497.2308349609375 227328
1771752653104 497.18695068359375 233472
1771752657686 497.14520263671875 239616
1771752667838 497.2161865234375 245760
1771752678872 497.21136474609375 251904
1771752691385 497.207763671875 258048
1771752695836 497.2381286621094 264192
1771752705893 497.2677917480469 270336
1771752716788 497.294921875 276480
1771752729108 497.25653076171875 282624
1771752733671 497.2527160644531 288768
1771752743803 497.3103332519531 294912
1771752754155 497.31658935546875 301056
