1771752302287 -0.23355185985565186 6144
1771752314252 -0.7680743336677551 12288
1771752317089 -0.9570558071136475 18432
1771752328927 -0.762232780456543 24576
1771752339809 -0.7288956046104431 30720
1771752352195 -0.9737305641174316 36864
1771752355055 -1.2876380681991577 43008
1771752367269 -1.5923227071762085 49152
1771752377268 -1.738721489906311 55296
1771752389559 -1.7056204080581665 61440
1771752392622 -1.527052879333496 67584
1771752404895 -1.4295202493667603 73728
1771752415343 -1.4937944412231445 79872
1771752426783 -1.665610671043396 86016
1771752430367 -1.8225072622299194 92160
1771752442524 -1.6959266662597656 98304
1771752452726 -1.550418496131897 104448
1771752464713 -1.6861375570297241 110592
1771752468206 -1.3174856901168823 116736
1771752480329 -1.6158547401428223 122880
1771752490255 -1.634799599647522 129024
1771752502042 -1.8587948083877563 135168
1771752506019 -1.7968363761901855 141312
1771752517633 -1.7966402769088745 147456
1771752528198 -1.8661540746688843 153600
1771752539831 -1.961276888847351 159744
1771752543749 -1.9336237907409668 165888
1771752555179 -2.0541350841522217 172032
1771752565978 -1.7088103294372559 178176
1771752577861 -2.1413280963897705 184320
1771752582059 -1.6944581270217896 190464
1771752593218 -1.9998356103897095 196608
1771752603618 -2.1048672199249268 202752
1771752615582 -1.631139874458313 208896
1771752619666 -2.038691282272339 215040
1771752630322 -1.8639107942581177 221184
1771752641106 -1.6583375930786133 227328
1771752653101 -1.9228070974349976 233472
1771752657683 -1.531812310218811 239616
1771752667835 -2.003504514694214 245760
1771752678869 -1.5794814825057983 251904
1771752691382 -1.7349205017089844 258048
1771752695832 -1.583875060081482 264192
1771752705889 -1.7740095853805542 270336
1771752716785 -1.8730140924453735 276480
1771752729105 -1.2512097358703613 282624
1771752733668 -1.6378602981567383 288768
1771752743799 -1.5256057977676392 294912
1771752754151 -1.422243595123291 301056
