1771228635796 0.07938890904188156 8192
1771228667938 0.08598461747169495 16384
1771228693518 0.08971235156059265 24576
1771228702941 0.08699148148298264 32768
1771228724763 0.08581109344959259 40960
1771228734263 0.08458780497312546 49152
1771228756559 0.08337537199258804 57344
1771228766513 0.08197110891342163 65536
1771228788597 0.08618766814470291 73728
1771228798501 0.09472952038049698 81920
1771228819320 0.10185881704092026 90112
1771228829515 0.1058693453669548 98304
1771228851063 0.10633615404367447 106496
1771228861437 0.10337882488965988 114688
1771228882338 0.10079015791416168 122880
1771228893043 0.09789904206991196 131072
1771228914731 0.09595327824354172 139264
1771228924877 0.0955977737903595 147456
1771228945258 0.09538984298706055 155648
1771228956464 0.0953165590763092 163840
1771228976513 0.09576311707496643 172032
1771228988012 0.0965283140540123 180224
1771229008471 0.09698541462421417 188416
1771229019691 0.09737425297498703 196608
1771229040034 0.0977402925491333 204800
1771229051752 0.09816282987594604 212992
1771229071550 0.09836996346712112 221184
1771229083191 0.09876405447721481 229376
1771229102737 0.09928261488676071 237568
1771229115299 0.09994004666805267 245760
1771229134808 0.10005743056535721 253952
1771229146465 0.09986923635005951 262144
1771229166215 0.10025070607662201 270336
1771229177919 0.10070953518152237 278528
1771229197401 0.10147061944007874 286720
1771229209740 0.10192307084798813 294912
1771229215311 0.10205921530723572 303104
