1771228635796 16.60375213623047 8192
1771228667938 18.38483238220215 16384
1771228693518 19.372392654418945 24576
1771228702941 20.09231948852539 32768
1771228724763 20.60197639465332 40960
1771228734263 20.81290054321289 49152
1771228756559 21.051368713378906 57344
1771228766513 21.212568283081055 65536
1771228788597 20.911191940307617 73728
1771228798501 19.930950164794922 81920
1771228819320 19.2713680267334 90112
1771228829515 18.718202590942383 98304
1771228851063 18.42354393005371 106496
1771228861437 18.453723907470703 114688
1771228882338 18.612327575683594 122880
1771228893043 18.737646102905273 131072
1771228914731 18.89124298095703 139264
1771228924877 19.105730056762695 147456
1771228945258 19.238679885864258 155648
1771228956464 19.359094619750977 163840
1771228976513 19.465858459472656 172032
1771228988012 19.54701805114746 180224
1771229008471 19.574514389038086 188416
1771229019691 19.630252838134766 196608
1771229040034 19.677549362182617 204800
1771229051752 19.73566246032715 212992
1771229071550 19.783924102783203 221184
1771229083191 19.830856323242188 229376
1771229102737 19.865070343017578 237568
1771229115299 19.86532974243164 245760
1771229134808 19.85020637512207 253952
1771229146465 19.803443908691406 262144
1771229166215 19.800201416015625 270336
1771229177919 19.81113624572754 278528
1771229197401 19.825916290283203 286720
1771229209740 19.813457489013672 294912
1771229215311 19.803682327270508 303104
