1771228635796 0.0 8192
1771228667938 0.0 16384
1771228693518 0.0 24576
1771228702941 0.0 32768
1771228724763 0.0 40960
1771228734263 0.0 49152
1771228756559 0.0 57344
1771228766513 0.0 65536
1771228788597 0.0 73728
1771228798501 0.0 81920
1771228819320 0.0 90112
1771228829515 0.0 98304
1771228851063 0.0 106496
1771228861437 0.0 114688
1771228882338 0.0 122880
1771228893043 0.0 131072
1771228914731 0.0 139264
1771228924877 0.0 147456
1771228945258 0.0 155648
1771228956464 0.0 163840
1771228976513 0.0 172032
1771228988012 0.0 180224
1771229008471 0.0 188416
1771229019691 0.0 196608
1771229040034 0.0 204800
1771229051752 0.0 212992
1771229071550 0.0 221184
1771229083191 0.0 229376
1771229102737 0.0 237568
1771229115299 0.0 245760
1771229134808 0.0 253952
1771229146465 0.0 262144
1771229166215 0.0 270336
1771229177919 0.0 278528
1771229197401 0.0 286720
1771229209740 0.0 294912
1771229215311 0.0 303104
