1771228635794 44.19616024952056 8192
1771228667936 40.48399675688197 16384
1771228693516 50.37355880092237 24576
1771228702939 43.97005975469127 32768
1771228724760 41.414998765736854 40960
1771228734261 48.486260909774 49152
1771228756557 1.9852174966678784 57344
1771228766511 48.69906068944698 65536
1771228788595 4.01239025080883 73728
1771228798499 42.44860286006335 81920
1771228819318 48.258094208067746 90112
1771228829513 48.42356581271575 98304
1771228851061 49.98098143425725 106496
1771228861435 45.89456176824598 114688
1771228882335 44.54159675466729 122880
1771228893041 50.306494752623685 131072
1771228914728 49.202355535743614 139264
1771228924874 50.34393191938833 147456
1771228945255 50.153702662951844 155648
1771228956462 7.300370909939029 163840
1771228976510 43.52201884364753 172032
1771228988009 42.744063754764284 180224
1771229008469 45.2743248202759 188416
1771229019688 46.841227119931204 196608
1771229040032 50.20953840260486 204800
1771229051749 46.87263502564733 212992
1771229071548 48.305335774913914 221184
1771229083188 19.059560216846993 229376
1771229102735 41.995954903178 237568
1771229115297 18.809128537667103 245760
1771229134806 47.26402379932839 253952
1771229146462 48.92685999580058 262144
1771229166212 46.4593537810565 270336
1771229177916 7.577976678723581 278528
1771229197398 49.32908370282381 286720
1771229209737 47.36650479954828 294912
1771229215309 43.83724746287064 303104
