1760384500398 0.0 5120
1760384525862 0.0 10240
1760384553508 0.0 15360
1760384580392 0.0 20480
1760384610891 0.0 25600
1760384637594 0.0 30720
1760384666050 0.0 35840
1760384692796 0.0 40960
1760384721947 0.0 46080
1760384748949 0.0 51200
1760384777395 0.0 56320
1760384803977 0.0 61440
1760384833041 0.0 66560
1760384860355 0.0 71680
1760384889195 0.0 76800
1760384916851 0.0 81920
1760384945567 0.0 87040
1760384973822 0.0 92160
1760385003986 0.0005541701302299807 97280
1760385031867 0.0029697624190064796 102400
1760385058608 0.007631578947368421 107520
1760385087146 0.008177868642984922 112640
1760385116230 0.007930607187112764 117760
1760385146365 0.007699711260827719 122880
1760385173266 0.007453994875378523 128000
1760385201144 0.007228371357578495 133120
1760385230925 0.0070407040704070405 138240
1760385259470 0.00687137642258965 143360
1760385286356 0.00671281728550451 148480
1760385317885 0.006562756357670222 153600
1760385344182 0.006430868167202572 158720
1760385371988 0.006310392427529087 163840
1760385398512 0.006971340046475601 168960
1760385429822 0.007607455306200076 174080
1760385459532 0.007462686567164179 179200
1760385486984 0.007496800146279028 184320
1760385514866 0.007342406876790831 189440
1760385541689 0.007208157524613221 194560
1760385569937 0.00724512678971882 199680
1760385599660 0.007983692882622727 204800
1760385629314 0.008859913072550987 209920
1760385656045 0.01085883514313919 215040
1760385683481 0.012473675684432205 220160
1760385713350 0.014539063748202588 225280
1760385742787 0.01735837146914944 230400
1760385770934 0.02181364911187286 235520
1760385798265 0.02677746999076639 240640
1760385826720 0.03166387578017963 245760
1760385855507 0.0356390977443609 250880
1760385882312 0.04104089219330855 256000
1760385910693 0.04691866450948669 261120
1760385940953 0.05227140361094933 266240
1760385968810 0.05792507204610951 271360
1760385995196 0.06262482168330956 276480
1760386021745 0.06734434561626429 281600
1760386054763 0.07226726306961141 286720
1760386083557 0.07769943315360155 291840
1760386111574 0.08375530313398111 296960
1760386124810 0.08639956391387299 300032
