1760384500398 0.9694743067137758 5120
1760384525862 0.9090299417850057 10240
1760384553508 0.9024586018508043 15360
1760384580392 1.0177781650433526 20480
1760384610891 1.14233857888177 25600
1760384637594 1.2660598590456207 30720
1760384666050 1.3413306993279754 35840
1760384692796 1.3816966032068279 40960
1760384721947 1.3297524645208862 46080
1760384748949 1.2723819736314699 51200
1760384777395 1.24018825340763 56320
1760384803977 1.2813842215975701 61440
1760384833041 1.3212414423137857 66560
1760384860355 1.3731142881355216 71680
1760384889195 1.4247523413764105 76800
1760384916851 1.476930805196429 81920
1760384945567 1.5213978440794227 87040
1760384973822 1.5539064148557105 92160
1760385003986 1.5790431682473571 97280
1760385031867 1.6033283304704704 102400
1760385058608 1.6372229852174458 107520
1760385087146 1.6718995332900686 112640
1760385116230 1.7005643752427793 117760
1760385146365 1.7229749529951461 122880
1760385173266 1.7383098593409068 128000
1760385201144 1.7418720145405402 133120
1760385230925 1.7615146418740384 138240
1760385259470 1.7781784916886552 143360
1760385286356 1.8014035301936706 148480
1760385317885 1.8184090885009014 153600
1760385344182 1.8335996214599855 158720
1760385371988 1.8480657740378374 163840
1760385398512 1.865547944371041 168960
1760385429822 1.8822276792674972 174080
1760385459532 1.9045024733045208 179200
1760385486984 1.9183285888097124 184320
1760385514866 1.9335602405761239 189440
1760385541689 1.9495621207058849 194560
1760385569937 1.9662619806763137 199680
1760385599660 1.979796439576315 204800
1760385629314 1.9943877350562633 209920
1760385656045 2.0079945507470067 215040
1760385683481 2.0190060376232646 220160
1760385713350 2.0283399482260194 225280
1760385742787 2.039800260464664 230400
1760385770934 2.0515259745411503 235520
1760385798265 2.0613137914716884 240640
1760385826720 2.068784630122586 245760
1760385855507 2.081018658688194 250880
1760385882312 2.089687751571485 256000
1760385910693 2.096457546608363 261120
1760385940953 2.1014207921614116 266240
1760385968810 2.107352536281179 271360
1760385995196 2.113711418608966 276480
1760386021745 2.121489224991993 281600
1760386054763 2.1295045461273405 286720
1760386083557 2.138819878450423 291840
1760386111574 2.1485794344597027 296960
1760386124810 2.1541445389792067 300032
