1760384500398 500.0 5120
1760384525862 500.0 10240
1760384553508 500.0 15360
1760384580392 500.0 20480
1760384610891 500.0 25600
1760384637594 500.0 30720
1760384666050 500.0 35840
1760384692796 500.0 40960
1760384721947 500.0 46080
1760384748949 500.0 51200
1760384777395 500.0 56320
1760384803977 500.0 61440
1760384833041 500.0 66560
1760384860355 500.0 71680
1760384889195 500.0 76800
1760384916851 500.0 81920
1760384945567 500.0 87040
1760384973822 500.0 92160
1760385003986 499.792740371294 97280
1760385031867 498.994060475162 102400
1760385058608 497.42263157894735 107520
1760385087146 497.2440582673141 112640
1760385116230 497.327385377943 117760
1760385146365 497.40519730510107 122880
1760385173266 497.4880037269974 128000
1760385201144 497.564038852496 133120
1760385230925 497.6272827282728 138240
1760385259470 497.6843461455873 143360
1760385286356 497.737780574785 148480
1760385317885 497.78835110746513 153600
1760385344182 497.83279742765274 158720
1760385371988 497.8733977519227 163840
1760385398512 497.65143299767624 168960
1760385429822 497.4446557626474 174080
1760385459532 497.49328358208953 179200
1760385486984 497.48509782409946 184320
1760385514866 497.5368911174785 189440
1760385541689 497.58192686357245 194560
1760385569937 497.56460238054166 199680
1760385599660 497.32529301851537 204800
1760385629314 497.0598462052825 209920
1760385656045 496.3734781178019 215040
1760385683481 495.806253037421 220160
1760385713350 495.1337274324972 225280
1760385742787 494.224396402083 230400
1760385770934 492.6665627921471 235520
1760385798265 491.0126192674669 240640
1760385826720 489.4860709392602 245760
1760385855507 488.10225563909773 250880
1760385882312 486.3039405204461 256000
1760385910693 484.320635387557 261120
1760385940953 482.5707629586488 266240
1760385968810 480.70057636887606 271360
1760385995196 479.12296718972897 276480
1760386021745 477.50642383170975 281600
1760386054763 475.81409001956945 286720
1760386083557 473.8719756670814 291840
1760386111574 471.73641713425485 296960
1760386124810 470.7838648133006 300032
