1760384500398 23.07156429219335 5120
1760384525862 21.43268111760437 10240
1760384553508 21.026134625359926 15360
1760384580392 24.686469357361556 20480
1760384610891 29.144378551937614 25600
1760384637594 33.80129392617922 30720
1760384666050 37.81832040905279 35840
1760384692796 38.67342358790752 40960
1760384721947 36.566746801797336 46080
1760384748949 34.44515014823574 51200
1760384777395 33.19591419223251 56320
1760384803977 35.12163245159647 61440
1760384833041 37.58960017018808 66560
1760384860355 40.388054274817854 71680
1760384889195 42.30910151546912 76800
1760384916851 43.591685227249755 81920
1760384945567 44.522280043046045 87040
1760384973822 45.40010222331481 92160
1760385003986 46.82464391592633 97280
1760385031867 49.14127463552916 102400
1760385058608 51.83369988692434 107520
1760385087146 54.08388323726601 112640
1760385116230 55.820714318560256 117760
1760385146365 57.304331628030255 122880
1760385173266 58.18630443317974 128000
1760385201144 58.59061168724941 133120
1760385230925 59.89707568413091 138240
1760385259470 61.22113552179515 143360
1760385286356 62.77742103302982 148480
1760385317885 64.16601106864297 153600
1760385344182 65.56651482781413 158720
1760385371988 67.00853822979319 163840
1760385398512 68.62295567684632 168960
1760385429822 70.02077665506728 174080
1760385459532 71.62649772985658 179200
1760385486984 72.65128531624269 184320
1760385514866 73.69480025939068 189440
1760385541689 74.88521076958894 194560
1760385569937 75.96778379778873 199680
1760385599660 77.22942487983322 204800
1760385629314 78.45906236776736 209920
1760385656045 79.64292826876903 215040
1760385683481 80.73450207335625 220160
1760385713350 81.82194721632099 225280
1760385742787 83.05510523975018 230400
1760385770934 84.34991084188269 235520
1760385798265 85.55262797206832 240640
1760385826720 86.65170673214149 245760
1760385855507 87.92907689144737 250880
1760385882312 89.06048250900325 256000
1760385910693 90.12167212520913 261120
1760385940953 91.08294325813556 266240
1760385968810 92.12519059854557 271360
1760385995196 93.1610501320658 276480
1760386021745 94.23603266072816 281600
1760386054763 95.36254493770967 286720
1760386083557 96.41692518637451 291840
1760386111574 97.58721082683985 296960
1760386124810 98.13848562544716 300032
