1771689431190 398.703857421875 5120
1771689454760 399.6543884277344 10240
1771689478032 400.55975341796875 15360
1771689501538 401.2373962402344 20480
1771689525299 401.4766540527344 25600
1771689548734 401.1632080078125 30720
1771689571465 402.0869140625 35840
1771689596456 402.2447509765625 40960
1771689619516 403.4041442871094 46080
1771689642866 403.814697265625 51200
1771689666732 400.8560791015625 56320
1771689689709 399.0866394042969 61440
1771689712795 395.0254211425781 66560
1771689736593 390.4416809082031 71680
1771689759473 385.54132080078125 76800
1771689782182 381.13629150390625 81920
1771689806077 376.8045959472656 87040
1771689829733 371.2670593261719 92160
1771689852781 366.3767395019531 97280
1771689876338 363.0092468261719 102400
1771689899370 359.9311828613281 107520
1771689922258 355.56268310546875 112640
1771689946369 351.34503173828125 117760
1771689970039 347.30841064453125 122880
1771689992838 343.4322204589844 128000
1771690016474 340.09393310546875 133120
1771690039722 337.6405029296875 138240
1771690063038 334.3717956542969 143360
1771690086639 331.263427734375 148480
1771690109993 327.96728515625 153600
1771690133013 324.3902587890625 158720
1771690155866 321.2116394042969 163840
1771690178808 318.9053955078125 168960
1771690202033 316.6825866699219 174080
1771690225858 313.8926696777344 179200
1771690249312 311.3876037597656 184320
1771690272520 308.41033935546875 189440
1771690295635 306.4531555175781 194560
1771690318305 304.1468505859375 199680
1771690341977 301.77166748046875 204800
1771690365817 299.6260986328125 209920
1771690388941 297.1966857910156 215040
1771690412308 295.50213623046875 220160
1771690435302 293.442626953125 225280
1771690458874 291.33673095703125 230400
1771690483225 289.2223205566406 235520
1771690506339 286.8453674316406 240640
1771690528549 284.806884765625 245760
1771690551539 282.492919921875 250880
1771690575148 280.3282470703125 256000
1771690598315 278.39324951171875 261120
1771690620765 276.589599609375 266240
1771690645038 274.8321838378906 271360
1771690669282 272.6689147949219 276480
1771690692787 271.04742431640625 281600
1771690716167 268.7581481933594 286720
1771690740486 266.8378601074219 291840
1771690764948 264.9666748046875 296960
1771690776886 264.056396484375 300032
