1771689431190 0.0 5120
1771689454760 0.0 10240
1771689478032 0.0 15360
1771689501538 0.0 20480
1771689525299 0.0 25600
1771689548734 0.0 30720
1771689571465 0.0 35840
1771689596456 0.0 40960
1771689619516 0.0 46080
1771689642866 0.0 51200
1771689666732 0.0 56320
1771689689709 0.0 61440
1771689712795 0.0 66560
1771689736593 0.0 71680
1771689759473 0.0 76800
1771689782182 0.0 81920
1771689806077 0.0 87040
1771689829733 0.0 92160
1771689852781 0.0 97280
1771689876338 0.0 102400
1771689899370 0.0 107520
1771689922258 0.0 112640
1771689946369 0.0 117760
1771689970039 0.0 122880
1771689992838 0.0 128000
1771690016474 0.0 133120
1771690039722 0.0 138240
1771690063038 0.0 143360
1771690086639 0.0 148480
1771690109993 0.0 153600
1771690133013 0.0 158720
1771690155866 0.0 163840
1771690178808 0.0 168960
1771690202033 0.0 174080
1771690225858 0.0 179200
1771690249312 0.0 184320
1771690272520 0.0 189440
1771690295635 0.0 194560
1771690318305 0.0 199680
1771690341977 0.0 204800
1771690365817 0.0 209920
1771690388941 0.0 215040
1771690412308 0.0 220160
1771690435302 0.0 225280
1771690458874 0.0 230400
1771690483225 0.0 235520
1771690506339 0.0 240640
1771690528549 0.0 245760
1771690551539 0.0 250880
1771690575148 0.0 256000
1771690598315 0.0 261120
1771690620765 0.0 266240
1771690645038 0.0 271360
1771690669282 0.0 276480
1771690692787 0.0 281600
1771690716167 0.0 286720
1771690740486 0.0 291840
1771690764948 0.0 296960
1771690776886 0.0 300032
