1771689431190 258.0 5120
1771689454760 510.0 10240
1771689478032 765.0 15360
1771689501538 1021.0 20480
1771689525299 1281.0 25600
1771689548734 1541.0 30720
1771689571465 1798.0 35840
1771689596456 2056.0 40960
1771689619516 2317.0 46080
1771689642866 2576.0 51200
1771689666732 2827.0 56320
1771689689709 3064.0 61440
1771689712795 3276.0 66560
1771689736593 3448.0 71680
1771689759473 3616.0 76800
1771689782182 3774.0 81920
1771689806077 3927.0 87040
1771689829733 4065.0 92160
1771689852781 4205.0 97280
1771689876338 4359.0 102400
1771689899370 4508.0 107520
1771689922258 4644.0 112640
1771689946369 4790.0 117760
1771689970039 4923.0 122880
1771689992838 5078.0 128000
1771690016474 5228.0 133120
1771690039722 5362.0 138240
1771690063038 5495.0 143360
1771690086639 5628.0 148480
1771690109993 5752.0 153600
1771690133013 5887.0 158720
1771690155866 6020.0 163840
1771690178808 6154.0 168960
1771690202033 6291.0 174080
1771690225858 6429.0 179200
1771690249312 6562.0 184320
1771690272520 6702.0 189440
1771690295635 6844.0 194560
1771690318305 6982.0 199680
1771690341977 7110.0 204800
1771690365817 7247.0 209920
1771690388941 7382.0 215040
1771690412308 7517.0 220160
1771690435302 7639.0 225280
1771690458874 7760.0 230400
1771690483225 7881.0 235520
1771690506339 8012.0 240640
1771690528549 8138.0 245760
1771690551539 8272.0 250880
1771690575148 8397.0 256000
1771690598315 8531.0 261120
1771690620765 8657.0 266240
1771690645038 8778.0 271360
1771690669282 8901.0 276480
1771690692787 9029.0 281600
1771690716167 9156.0 286720
1771690740486 9288.0 291840
1771690764948 9416.0 296960
1771690776886 9481.0 300032
