1771689431186 -2.5550670623779297 5120
1771689454756 -5.4344706535339355 10240
1771689478029 -4.5803327560424805 15360
1771689501535 -3.722423553466797 20480
1771689525296 -2.529038906097412 25600
1771689548730 -1.328797459602356 30720
1771689571462 -0.5038493871688843 35840
1771689596452 0.16460080444812775 40960
1771689619512 0.5149046182632446 46080
1771689642863 0.9007458686828613 51200
1771689666729 0.07351665198802948 56320
1771689689706 -2.7363171577453613 61440
1771689712791 -5.938771724700928 66560
1771689736590 -9.801230430603027 71680
1771689759470 -13.340296745300293 76800
1771689782179 -16.443620681762695 81920
1771689806074 -19.55392837524414 87040
1771689829729 -22.609676361083984 92160
1771689852777 -24.79256248474121 97280
1771689876335 -26.413558959960938 102400
1771689899367 -27.215877532958984 107520
1771689922255 -28.736459732055664 112640
1771689946366 -30.44205093383789 117760
1771689970036 -31.316967010498047 122880
1771689992835 -31.905384063720703 128000
1771690016471 -32.4942512512207 133120
1771690039719 -32.40796661376953 138240
1771690063035 -32.00925064086914 143360
1771690086636 -31.050256729125977 148480
1771690109990 -30.26741600036621 153600
1771690133010 -29.452640533447266 158720
1771690155863 -28.832752227783203 163840
1771690178805 -28.456844329833984 168960
1771690202029 -27.70309066772461 174080
1771690225855 -27.253103256225586 179200
1771690249309 -26.790664672851562 184320
1771690272517 -26.20798683166504 189440
1771690295632 -25.43838119506836 194560
1771690318303 -25.06941795349121 199680
1771690341974 -24.915523529052734 204800
1771690365814 -24.758790969848633 209920
1771690388937 -24.850566864013672 215040
1771690412305 -24.959043502807617 220160
1771690435299 -25.015628814697266 225280
1771690458871 -24.925718307495117 230400
1771690483222 -24.83791732788086 235520
1771690506336 -25.05945587158203 240640
1771690528546 -25.448165893554688 245760
1771690551535 -26.126636505126953 250880
1771690575144 -26.318532943725586 256000
1771690598312 -26.571807861328125 261120
1771690620762 -26.904315948486328 266240
1771690645035 -26.92947006225586 271360
1771690669279 -26.981647491455078 276480
1771690692784 -26.79574203491211 281600
1771690716164 -27.190338134765625 286720
1771690740482 -27.187938690185547 291840
1771690764945 -27.569982528686523 296960
1771690776883 -27.444564819335938 300032
