1771689431190 3.771317720413208 5120
1771689454760 3.7039215564727783 10240
1771689478032 3.726797342300415 15360
1771689501538 3.730656147003174 20480
1771689525299 3.683840751647949 25600
1771689548734 3.676833152770996 30720
1771689571465 3.6640710830688477 35840
1771689596456 3.66780161857605 40960
1771689619516 3.6314198970794678 46080
1771689642866 3.6180124282836914 51200
1771689666732 3.700742721557617 56320
1771689689709 3.785248041152954 61440
1771689712795 3.9368131160736084 66560
1771689736593 4.096867561340332 71680
1771689759473 4.279314041137695 76800
1771689782182 4.468203544616699 81920
1771689806077 4.669467926025391 87040
1771689829733 4.898155212402344 92160
1771689852781 5.102972507476807 97280
1771689876338 5.232851505279541 102400
1771689899370 5.389529705047607 107520
1771689922258 5.559216022491455 112640
1771689946369 5.718789100646973 117760
1771689970039 5.86959171295166 122880
1771689992838 6.013784885406494 128000
1771690016474 6.154743671417236 133120
1771690039722 6.24860143661499 138240
1771690063038 6.380527973175049 143360
1771690086639 6.491116046905518 148480
1771690109993 6.60605001449585 153600
1771690133013 6.730253219604492 158720
1771690155866 6.842857360839844 163840
1771690178808 6.942476272583008 168960
1771690202033 7.054522514343262 174080
1771690225858 7.151656627655029 179200
1771690249312 7.249466419219971 184320
1771690272520 7.370038986206055 189440
1771690295635 7.447106838226318 194560
1771690318305 7.536379337310791 199680
1771690341977 7.614205360412598 204800
1771690365817 7.695874214172363 209920
1771690388941 7.7787861824035645 215040
1771690412308 7.836503982543945 220160
1771690435302 7.9302263259887695 225280
1771690458874 8.031572341918945 230400
1771690483225 8.124983787536621 235520
1771690506339 8.21268081665039 240640
1771690528549 8.304988861083984 245760
1771690551539 8.381406784057617 250880
1771690575148 8.474454879760742 256000
1771690598315 8.551401138305664 261120
1771690620765 8.622386932373047 266240
1771690645038 8.702779769897461 271360
1771690669282 8.786540985107422 276480
1771690692787 8.848045349121094 281600
1771690716167 8.92758846282959 286720
1771690740486 8.996554374694824 291840
1771690764948 9.066058158874512 296960
1771690776886 9.104103088378906 300032
