1771693848824 25.808502197265625 8192
1771693850072 18.709251403808594 16384
1771693886216 19.521121978759766 24576
1771693887142 22.478546142578125 32768
1771693924051 19.26670265197754 40960
1771693926424 19.62574005126953 49152
1771693961583 18.541629791259766 57344
1771693964374 23.209596633911133 65536
1771693999928 20.264934539794922 73728
1771694003382 22.205421447753906 81920
1771694037748 21.800827026367188 90112
1771694041048 19.880905151367188 98304
1771694075935 18.8001708984375 106496
1771694079120 21.323837280273438 114688
1771694115455 25.220867156982422 122880
1771694117755 16.646419525146484 131072
1771694153590 15.433979034423828 139264
1771694155982 13.873385429382324 147456
1771694192203 13.155141830444336 155648
1771694194174 14.135347366333008 163840
1771694230155 12.186100006103516 172032
1771694231733 12.641735076904297 180224
1771694267700 11.477789878845215 188416
1771694270306 11.450151443481445 196608
1771694306107 13.527268409729004 204800
1771694309120 12.523183822631836 212992
1771694343908 11.822025299072266 221184
1771694347166 13.239295959472656 229376
1771694381787 10.921917915344238 237568
1771694385041 12.81251049041748 245760
1771694421393 10.849346160888672 253952
1771694423492 11.078512191772461 262144
1771694459731 11.146076202392578 270336
1771694461609 11.835672378540039 278528
1771694497982 10.783748626708984 286720
1771694500389 12.117155075073242 294912
1771694515578 13.25908374786377 303104
