1771693848827 26.677581787109375 8192
1771693850075 24.822664260864258 16384
1771693886220 24.295795440673828 24576
1771693887145 23.061723709106445 32768
1771693924055 22.354145050048828 40960
1771693926427 22.07525634765625 49152
1771693961587 21.536632537841797 57344
1771693964378 21.133695602416992 65536
1771693999932 20.293188095092773 73728
1771694003386 19.682661056518555 81920
1771694037751 18.96029281616211 90112
1771694041051 18.344295501708984 98304
1771694075938 17.700471878051758 106496
1771694079123 17.20487403869629 114688
1771694115458 16.80340003967285 122880
1771694117759 16.601947784423828 131072
1771694153593 16.3935604095459 139264
1771694155985 16.237144470214844 147456
1771694192206 16.178773880004883 155648
1771694194177 16.062700271606445 163840
1771694230158 15.91340446472168 172032
1771694231736 15.816685676574707 180224
1771694267703 15.811251640319824 188416
1771694270310 15.702152252197266 196608
1771694306110 15.60450267791748 204800
1771694309123 15.554913520812988 212992
1771694343911 15.51334285736084 221184
1771694347169 15.559078216552734 229376
1771694381791 15.4804105758667 237568
1771694385044 15.455789566040039 245760
1771694421396 15.491884231567383 253952
1771694423496 15.408903121948242 262144
1771694459734 15.39951229095459 270336
1771694461613 15.488906860351562 278528
1771694497985 15.475685119628906 286720
1771694500393 15.413005828857422 294912
1771694515581 15.429852485656738 303104
