1771696968329 0.8000112771987915 5120
1771697000475 0.7166706919670105 10240
1771697031897 0.7418299913406372 15360
1771697063605 0.5056781768798828 20480
1771697095029 0.5533158183097839 25600
1771697127220 0.6130592823028564 30720
1771697158927 0.6660950183868408 35840
1771697190267 0.7880208492279053 40960
1771697221665 0.8668042421340942 46080
1771697253669 0.9243888258934021 51200
1771697285072 0.9890766739845276 56320
1771697316447 1.0872095823287964 61440
1771697347821 1.1604968309402466 66560
1771697380004 1.2062338590621948 71680
1771697411388 1.2418205738067627 76800
1771697442983 1.2856601476669312 81920
1771697474367 1.3120924234390259 87040
1771697506456 1.333864450454712 92160
1771697537930 1.3536595106124878 97280
1771697569358 1.385185718536377 102400
1771697600767 1.4063721895217896 107520
1771697632783 1.4258818626403809 112640
1771697664166 1.444575548171997 117760
1771697695487 1.4643278121948242 122880
1771697726938 1.4939236640930176 128000
1771697758809 1.525081992149353 133120
1771697790908 1.563002347946167 138240
1771697822251 1.5939950942993164 143360
1771697853629 1.6371241807937622 148480
1771697884984 1.6640982627868652 153600
1771697917429 1.6757436990737915 158720
1771697948715 1.6919385194778442 163840
1771697980575 1.7120879888534546 168960
1771698012006 1.7286779880523682 174080
1771698044137 1.755075454711914 179200
1771698075954 1.7761585712432861 184320
1771698107367 1.7951282262802124 189440
1771698138733 1.803512454032898 194560
1771698170810 1.811747670173645 199680
1771698202413 1.8244680166244507 204800
1771698233721 1.8322070837020874 209920
1771698265093 1.8355742692947388 215040
1771698297170 1.8493800163269043 220160
1771698328478 1.8664147853851318 225280
1771698360073 1.879512906074524 230400
1771698391380 1.895158052444458 235520
1771698423506 1.9104348421096802 240640
1771698454842 1.9240549802780151 245760
1771698486122 1.9361531734466553 250880
1771698517443 1.9499181509017944 256000
1771698549482 1.9568355083465576 261120
1771698581199 1.9704219102859497 266240
1771698613151 1.983402967453003 271360
1771698644538 1.9927700757980347 276480
1771698675882 2.0015552043914795 281600
1771698707916 2.0110011100769043 286720
1771698739384 2.0201947689056396 291840
1771698771302 2.0350534915924072 296960
1771698783836 2.037562847137451 300032
