1771696968329 296.0 5120
1771697000475 554.0 10240
1771697031897 809.0 15360
1771697063605 1028.0 20480
1771697095029 1274.0 25600
1771697127220 1502.0 30720
1771697158927 1741.0 35840
1771697190267 1974.0 40960
1771697221665 2207.0 46080
1771697253669 2437.0 51200
1771697285072 2674.0 56320
1771697316447 2864.0 61440
1771697347821 3022.0 66560
1771697380004 3181.0 71680
1771697411388 3350.0 76800
1771697442983 3512.0 81920
1771697474367 3649.0 87040
1771697506456 3790.0 92160
1771697537930 3938.0 97280
1771697569358 4086.0 102400
1771697600767 4228.0 107520
1771697632783 4380.0 112640
1771697664166 4508.0 117760
1771697695487 4648.0 122880
1771697726938 4794.0 128000
1771697758809 4933.0 133120
1771697790908 5082.0 138240
1771697822251 5235.0 143360
1771697853629 5414.0 148480
1771697884984 5576.0 153600
1771697917429 5724.0 158720
1771697948715 5877.0 163840
1771697980575 6030.0 168960
1771698012006 6179.0 174080
1771698044137 6335.0 179200
1771698075954 6493.0 184320
1771698107367 6636.0 189440
1771698138733 6783.0 194560
1771698170810 6923.0 199680
1771698202413 7068.0 204800
1771698233721 7216.0 209920
1771698265093 7365.0 215040
1771698297170 7505.0 220160
1771698328478 7646.0 225280
1771698360073 7778.0 230400
1771698391380 7914.0 235520
1771698423506 8042.0 240640
1771698454842 8169.0 245760
1771698486122 8306.0 250880
1771698517443 8447.0 256000
1771698549482 8599.0 261120
1771698581199 8739.0 266240
1771698613151 8867.0 271360
1771698644538 9001.0 276480
1771698675882 9131.0 281600
1771698707916 9263.0 286720
1771698739384 9391.0 291840
1771698771302 9514.0 296960
1771698783836 9566.0 300032
