1771696968325 58.93028353050271 5120
1771697000472 63.95120909950294 10240
1771697031894 73.73433654454679 15360
1771697063602 3.374678869556472 20480
1771697095025 62.71106260185697 25600
1771697127216 69.13877853787191 30720
1771697158924 64.5247757795794 35840
1771697190263 73.08932492245495 40960
1771697221662 67.65333806474507 46080
1771697253665 58.179074251314276 51200
1771697285069 73.39114610673666 56320
1771697316444 63.1795984153524 61440
1771697347817 67.06379712832977 66560
1771697380001 67.15936784461915 71680
1771697411384 56.82799734442533 76800
1771697442980 67.48679002413516 81920
1771697474364 62.19404202316167 87040
1771697506452 61.435200374970705 92160
1771697537927 9.990767427790137 97280
1771697569354 9.743228552048391 102400
1771697600763 64.59533049959958 107520
1771697632780 68.96257809930944 112640
1771697664163 68.6982671078062 117760
1771697695484 69.39845792382276 122880
1771697726934 64.884117383166 128000
1771697758805 2.1069334384881815 133120
1771697790905 66.81700731206092 138240
1771697822248 70.73979626256494 143360
1771697853626 66.88519989156262 148480
1771697884980 71.89906747120132 153600
1771697917425 65.21806194800348 158720
1771697948711 70.57197180017835 163840
1771697980572 57.79746172608139 168960
1771698012003 67.68390646936372 174080
1771698044134 49.79643590687293 179200
1771698075951 59.14551223295494 184320
1771698107364 60.763237573703044 189440
1771698138730 59.68245656473668 194560
1771698170806 69.96570360979516 199680
1771698202410 60.317586320951435 204800
1771698233718 74.42911646230014 209920
1771698265090 75.64391862646083 215040
1771698297167 70.49368896956251 220160
1771698328475 63.2892322549493 225280
1771698360070 57.29375606157881 230400
1771698391377 74.27885313545966 235520
1771698423502 70.75650325584535 240640
1771698454838 62.418953509137445 245760
1771698486119 33.69054178882686 250880
1771698517439 69.74117490563842 256000
1771698549479 69.41568607980405 261120
1771698581196 72.52816877053432 266240
1771698613148 69.75509321625172 271360
1771698644534 69.13649925000412 276480
1771698675879 73.90974290295864 281600
1771698707913 71.71221447134455 286720
1771698739381 71.93976296245476 291840
1771698771298 1.7668872096579464 296960
1771698783833 71.20696738706008 300032
