1771696968329 18.42092514038086 5120
1771697000475 16.25528907775879 10240
1771697031897 16.596208572387695 15360
1771697063605 12.048056602478027 20480
1771697095029 13.092082023620605 25600
1771697127220 14.748123168945312 30720
1771697158927 16.043136596679688 35840
1771697190267 18.772932052612305 40960
1771697221665 20.49681854248047 46080
1771697253669 21.88237190246582 51200
1771697285072 23.322132110595703 56320
1771697316447 26.696250915527344 61440
1771697347821 29.867029190063477 66560
1771697380004 31.900304794311523 71680
1771697411388 33.461692810058594 76800
1771697442983 35.3737907409668 81920
1771697474367 37.21861267089844 87040
1771697506456 38.73295974731445 92160
1771697537930 39.954444885253906 97280
1771697569358 41.55712127685547 102400
1771697600767 42.85556411743164 107520
1771697632783 43.851470947265625 112640
1771697664166 45.25923156738281 117760
1771697695487 46.570701599121094 122880
1771697726938 47.94981002807617 128000
1771697758809 49.525657653808594 133120
1771697790908 50.96059036254883 138240
1771697822251 52.0713005065918 143360
1771697853629 53.147857666015625 148480
1771697884984 54.07731246948242 153600
1771697917429 54.75568771362305 158720
1771697948715 55.559383392333984 163840
1771697980575 56.43840026855469 168960
1771698012006 57.16405487060547 174080
1771698044137 58.19447326660156 179200
1771698075954 58.94972610473633 184320
1771698107367 59.769981384277344 189440
1771698138733 60.292449951171875 194560
1771698170810 60.80105209350586 199680
1771698202413 61.5333137512207 204800
1771698233721 61.931819915771484 209920
1771698265093 62.3001823425293 215040
1771698297170 63.069034576416016 220160
1771698328478 63.895084381103516 225280
1771698360073 64.61993408203125 230400
1771698391380 65.37671661376953 235520
1771698423506 66.23348236083984 240640
1771698454842 67.04461669921875 245760
1771698486122 67.68201446533203 250880
1771698517443 68.33543395996094 256000
1771698549482 68.67115783691406 261120
1771698581199 69.2722396850586 266240
1771698613151 69.99651336669922 271360
1771698644538 70.54318237304688 276480
1771698675882 71.09562683105469 281600
1771698707916 71.66200256347656 286720
1771698739384 72.23741912841797 291840
1771698771302 73.06448364257812 296960
1771698783836 73.27725982666016 300032
