1771240048179 0.08191745728254318 6144
1771240060376 0.08534011989831924 12288
1771240068585 0.08445529639720917 18432
1771240076648 0.08964795619249344 24576
1771240090001 0.09244701266288757 30720
1771240101558 0.09455050528049469 36864
1771240109824 0.09721163660287857 43008
1771240118846 0.0983818992972374 49152
1771240132129 0.0983893945813179 55296
1771240143305 0.09809964895248413 61440
1771240151884 0.09685064107179642 67584
1771240161045 0.09603964537382126 73728
1771240173870 0.09414233267307281 79872
1771240185073 0.09298281371593475 86016
1771240193534 0.09146368503570557 92160
1771240203049 0.09031026810407639 98304
1771240216009 0.08927155286073685 104448
1771240227098 0.08881165087223053 110592
1771240234858 0.08777222037315369 116736
1771240244804 0.08726461231708527 122880
1771240257481 0.08417263627052307 129024
1771240268580 0.07964611053466797 135168
1771240276800 0.07543309777975082 141312
1771240287105 0.07137782871723175 147456
1771240299947 0.06765636801719666 153600
1771240310723 0.06426191329956055 159744
1771240318659 0.061056725680828094 165888
1771240329041 0.058076001703739166 172032
1771240341792 0.05524161830544472 178176
1771240352466 0.05274335294961929 184320
1771240360593 0.05039755254983902 190464
1771240371630 0.04823674261569977 196608
1771240383885 0.0461927130818367 202752
1771240394270 0.04418037459254265 208896
1771240402835 0.04238787293434143 215040
1771240414241 0.040647029876708984 221184
1771240426594 0.03901026397943497 227328
1771240436344 0.03828096389770508 233472
1771240444062 0.03909293934702873 239616
1771240456686 0.039762482047080994 245760
1771240467667 0.04048559442162514 251904
1771240477887 0.04141823574900627 258048
1771240486335 0.04206793010234833 264192
1771240498099 0.04271050915122032 270336
1771240509334 0.04330155998468399 276480
1771240519550 0.044244274497032166 282624
1771240527971 0.04538549482822418 288768
1771240540545 0.046113114804029465 294912
1771240547777 0.04643961042165756 301056
