1771240048179 18.38495445251465 6144
1771240060376 19.955055236816406 12288
1771240068585 20.549842834472656 18432
1771240076648 20.146446228027344 24576
1771240090001 20.112539291381836 30720
1771240101558 20.06169891357422 36864
1771240109824 19.844446182250977 43008
1771240118846 19.791805267333984 49152
1771240132129 19.886613845825195 55296
1771240143305 20.025070190429688 61440
1771240151884 20.120162963867188 67584
1771240161045 20.22904396057129 73728
1771240173870 20.396726608276367 79872
1771240185073 20.527061462402344 86016
1771240193534 20.578447341918945 92160
1771240203049 20.66023063659668 98304
1771240216009 20.72770118713379 104448
1771240227098 20.79852867126465 110592
1771240234858 20.860742568969727 116736
1771240244804 20.93868064880371 122880
1771240257481 20.926237106323242 129024
1771240268580 21.011011123657227 135168
1771240276800 21.115476608276367 141312
1771240287105 21.22645378112793 147456
1771240299947 21.322608947753906 153600
1771240310723 21.418535232543945 159744
1771240318659 21.466094970703125 165888
1771240329041 21.55905532836914 172032
1771240341792 21.571983337402344 178176
1771240352466 21.606611251831055 184320
1771240360593 21.664812088012695 190464
1771240371630 21.735139846801758 196608
1771240383885 21.777212142944336 202752
1771240394270 21.81043815612793 208896
1771240402835 21.846221923828125 215040
1771240414241 21.890701293945312 221184
1771240426594 21.897199630737305 227328
1771240436344 21.86494255065918 233472
1771240444062 21.856374740600586 239616
1771240456686 21.85780906677246 245760
1771240467667 21.85846710205078 251904
1771240477887 21.86280059814453 258048
1771240486335 21.851295471191406 264192
1771240498099 21.855215072631836 270336
1771240509334 21.855960845947266 276480
1771240519550 21.8549861907959 282624
1771240527971 21.790977478027344 288768
1771240540545 21.780914306640625 294912
1771240547777 21.788503646850586 301056
