1771240048179 1.1212412118911743 6144
1771240060376 1.1460000276565552 12288
1771240068585 1.1459838151931763 18432
1771240076648 1.1452473402023315 24576
1771240090001 1.1574724912643433 30720
1771240101558 1.1599892377853394 36864
1771240109824 1.1551799774169922 43008
1771240118846 1.1545333862304688 49152
1771240132129 1.1557567119598389 55296
1771240143305 1.1585274934768677 61440
1771240151884 1.1576042175292969 67584
1771240161045 1.1582480669021606 73728
1771240173870 1.1574476957321167 79872
1771240185073 1.1576462984085083 86016
1771240193534 1.156042456626892 92160
1771240203049 1.155184268951416 98304
1771240216009 1.1542506217956543 104448
1771240227098 1.1553959846496582 110592
1771240234858 1.1548881530761719 116736
1771240244804 1.155849814414978 122880
1771240257481 1.1557503938674927 129024
1771240268580 1.156078815460205 135168
1771240276800 1.1575539112091064 141312
1771240287105 1.1573805809020996 147456
1771240299947 1.1569461822509766 153600
1771240310723 1.158557653427124 159744
1771240318659 1.158231258392334 165888
1771240329041 1.158897042274475 172032
1771240341792 1.1567020416259766 178176
1771240352466 1.1576303243637085 184320
1771240360593 1.1579893827438354 190464
1771240371630 1.1592729091644287 196608
1771240383885 1.1592210531234741 202752
1771240394270 1.1598578691482544 208896
1771240402835 1.1611521244049072 215040
1771240414241 1.1612763404846191 221184
1771240426594 1.1611566543579102 227328
1771240436344 1.1610612869262695 233472
1771240444062 1.16024911403656 239616
1771240456686 1.1596873998641968 245760
1771240467667 1.158888578414917 251904
1771240477887 1.159397840499878 258048
1771240486335 1.1586956977844238 264192
1771240498099 1.1584646701812744 270336
1771240509334 1.1582735776901245 276480
1771240519550 1.1587034463882446 282624
1771240527971 1.1575714349746704 288768
1771240540545 1.1571848392486572 294912
1771240547777 1.1572089195251465 301056
