1771753015680 384.386474609375 8192
1771753038793 387.5614318847656 16384
1771753062347 393.63836669921875 24576
1771753080403 395.4950256347656 32768
1771753099923 395.9828186035156 40960
1771753118032 397.3945617675781 49152
1771753137752 398.4668884277344 57344
1771753156522 400.62677001953125 65536
1771753175202 405.4148254394531 73728
1771753194011 409.8846130371094 81920
1771753212865 412.44091796875 90112
1771753231721 412.1618957519531 98304
1771753250383 409.7427978515625 106496
1771753269224 407.1408386230469 114688
1771753289318 406.8204040527344 122880
1771753307669 406.598876953125 131072
1771753325724 406.2835388183594 139264
1771753344827 405.771484375 147456
1771753363631 405.56109619140625 155648
1771753382711 405.64569091796875 163840
1771753401356 405.1434326171875 172032
1771753420356 404.9712219238281 180224
1771753439999 403.0970764160156 188416
1771753458069 400.8294982910156 196608
1771753477460 399.4996643066406 204800
1771753496188 397.18023681640625 212992
1771753515944 394.9632568359375 221184
1771753534431 393.8777160644531 229376
1771753554466 393.22393798828125 237568
1771753572811 392.6001892089844 245760
1771753592393 392.1247863769531 253952
1771753610480 391.38763427734375 262144
1771753629967 390.88726806640625 270336
1771753648449 390.3111572265625 278528
1771753667872 389.7127990722656 286720
1771753685940 389.3067932128906 294912
1771753695742 389.04766845703125 303104
