1771753015680 592.0 8192
1771753038793 999.0 16384
1771753062347 1412.0 24576
1771753080403 1822.0 32768
1771753099923 2228.0 40960
1771753118032 2632.0 49152
1771753137752 2994.0 57344
1771753156522 3319.0 65536
1771753175202 3665.0 73728
1771753194011 4043.0 81920
1771753212865 4408.0 90112
1771753231721 4773.0 98304
1771753250383 5135.0 106496
1771753269224 5492.0 114688
1771753289318 5880.0 122880
1771753307669 6276.0 131072
1771753325724 6673.0 139264
1771753344827 7082.0 147456
1771753363631 7488.0 155648
1771753382711 7891.0 163840
1771753401356 8288.0 172032
1771753420356 8693.0 180224
1771753439999 9063.0 188416
1771753458069 9408.0 196608
1771753477460 9758.0 204800
1771753496188 10110.0 212992
1771753515944 10489.0 221184
1771753534431 10876.0 229376
1771753554466 11271.0 237568
1771753572811 11677.0 245760
1771753592393 12084.0 253952
1771753610480 12487.0 262144
1771753629967 12898.0 270336
1771753648449 13307.0 278528
1771753667872 13703.0 286720
1771753685940 14097.0 294912
1771753695742 14299.0 303104
