1771753015680 22.141895294189453 8192
1771753038793 20.19640350341797 16384
1771753062347 18.101736068725586 24576
1771753080403 17.61510467529297 32768
1771753099923 17.063190460205078 40960
1771753118032 16.692209243774414 49152
1771753137752 16.221696853637695 57344
1771753156522 14.946550369262695 65536
1771753175202 12.802908897399902 73728
1771753194011 10.607007026672363 81920
1771753212865 9.29106616973877 90112
1771753231721 9.38716983795166 98304
1771753250383 10.506765365600586 106496
1771753269224 11.75726318359375 114688
1771753289318 12.201333999633789 122880
1771753307669 12.34397029876709 131072
1771753325724 12.45453929901123 139264
1771753344827 12.560003280639648 147456
1771753363631 12.724027633666992 155648
1771753382711 12.752299308776855 163840
1771753401356 13.055813789367676 172032
1771753420356 13.121077537536621 180224
1771753439999 13.869187355041504 188416
1771753458069 14.92083740234375 196608
1771753477460 15.527139663696289 204800
1771753496188 16.394012451171875 212992
1771753515944 17.292261123657227 221184
1771753534431 17.842885971069336 229376
1771753554466 18.174535751342773 237568
1771753572811 18.47869300842285 245760
1771753592393 18.769319534301758 253952
1771753610480 19.00131607055664 262144
1771753629967 19.265148162841797 270336
1771753648449 19.507789611816406 278528
1771753667872 19.867656707763672 286720
1771753685940 20.047834396362305 294912
1771753695742 20.138858795166016 303104
