1771190751616 20.866127014160156 5120
1771190762747 22.20855140686035 10240
1771190774646 22.707002639770508 15360
1771190785855 22.797822952270508 20480
1771190797593 23.195892333984375 25600
1771190808498 23.23133087158203 30720
1771190820909 23.14760971069336 35840
1771190831655 23.085905075073242 40960
1771190844340 23.15208625793457 46080
1771190855339 23.22913932800293 51200
1771190867894 23.152250289916992 56320
1771190878602 23.277429580688477 61440
1771190890816 23.34331512451172 66560
1771190901433 23.31627082824707 71680
1771190913812 23.311159133911133 76800
1771190924664 23.284555435180664 81920
1771190936578 23.31616973876953 87040
1771190947602 23.31754493713379 92160
1771190959587 23.224563598632812 97280
1771190971344 23.335603713989258 102400
1771190983277 23.243867874145508 107520
1771190994429 23.331066131591797 112640
1771191006215 23.324228286743164 117760
1771191017137 23.266334533691406 122880
1771191030480 23.24860382080078 128000
1771191041096 23.212005615234375 133120
1771191053373 23.210216522216797 138240
1771191064171 23.22686767578125 143360
1771191076755 23.172595977783203 148480
1771191088013 23.172548294067383 153600
1771191099971 23.15825843811035 158720
1771191110883 23.142419815063477 163840
1771191123576 23.12220573425293 168960
1771191134416 23.16741943359375 174080
1771191147514 23.141496658325195 179200
1771191158537 23.15119171142578 184320
1771191170596 23.247682571411133 189440
1771191182043 23.313034057617188 194560
1771191193674 23.3176212310791 199680
1771191205031 23.34317970275879 204800
1771191217076 23.362382888793945 209920
1771191228503 23.394474029541016 215040
1771191240087 23.391836166381836 220160
1771191251888 23.380176544189453 225280
1771191263540 23.38641929626465 230400
1771191274746 23.419809341430664 235520
1771191286839 23.41728973388672 240640
1771191298007 23.448713302612305 245760
1771191309626 23.4104061126709 250880
1771191321116 23.41046714782715 256000
1771191333497 23.408498764038086 261120
1771191344638 23.388357162475586 266240
1771191356784 23.393272399902344 271360
1771191367525 23.393903732299805 276480
1771191379605 23.41633415222168 281600
1771191391136 23.432540893554688 286720
1771191403036 23.424560546875 291840
1771191414640 23.424076080322266 296960
1771191420337 23.426559448242188 300032
