1771190751616 0.1826804131269455 5120
1771190762747 0.14053641259670258 10240
1771190774646 0.125904381275177 15360
1771190785855 0.11907702684402466 20480
1771190797593 0.11514376103878021 25600
1771190808498 0.11037653684616089 30720
1771190820909 0.10798076540231705 35840
1771190831655 0.10469753295183182 40960
1771190844340 0.10402515530586243 46080
1771190855339 0.10357020795345306 51200
1771190867894 0.10255773365497589 56320
1771190878602 0.101636603474617 61440
1771190890816 0.10079710930585861 66560
1771190901433 0.09973002225160599 71680
1771190913812 0.0998905673623085 76800
1771190924664 0.09880754351615906 81920
1771190936578 0.0986960157752037 87040
1771190947602 0.09793560206890106 92160
1771190959587 0.09824267029762268 97280
1771190971344 0.09802264720201492 102400
1771190983277 0.0977620854973793 107520
1771190994429 0.09717338532209396 112640
1771191006215 0.09672142565250397 117760
1771191017137 0.09671898931264877 122880
1771191030480 0.09701267629861832 128000
1771191041096 0.09636873751878738 133120
1771191053373 0.0962093248963356 138240
1771191064171 0.0959637463092804 143360
1771191076755 0.09599416702985764 148480
1771191088013 0.09607301652431488 153600
1771191099971 0.09604457765817642 158720
1771191110883 0.09568048268556595 163840
1771191123576 0.09554342180490494 168960
1771191134416 0.09535689651966095 174080
1771191147514 0.0952090173959732 179200
1771191158537 0.09516409039497375 184320
1771191170596 0.09510325640439987 189440
1771191182043 0.09497886896133423 194560
1771191193674 0.0947769284248352 199680
1771191205031 0.09474744647741318 204800
1771191217076 0.09472818672657013 209920
1771191228503 0.09462299197912216 215040
1771191240087 0.0944085419178009 220160
1771191251888 0.09431850910186768 225280
1771191263540 0.09432404488325119 230400
1771191274746 0.09418346732854843 235520
1771191286839 0.09427762776613235 240640
1771191298007 0.0943322703242302 245760
1771191309626 0.09413636475801468 250880
1771191321116 0.0941077247262001 256000
1771191333497 0.09407014399766922 261120
1771191344638 0.09401698410511017 266240
1771191356784 0.0939960703253746 271360
1771191367525 0.0937957689166069 276480
1771191379605 0.09389383345842361 281600
1771191391136 0.09399399906396866 286720
1771191403036 0.09392508119344711 291840
1771191414640 0.09392556548118591 296960
1771191420337 0.09390510618686676 300032
