1771085754769 18.384719848632812 6144
1771085768070 17.796049118041992 12288
1771085776648 17.796510696411133 18432
1771085784522 18.321760177612305 24576
1771085798996 18.80544090270996 30720
1771085812556 19.024438858032227 36864
1771085820746 19.36065673828125 43008
1771085828795 19.568572998046875 49152
1771085843530 19.848325729370117 55296
1771085856283 20.112924575805664 61440
1771085864908 20.249996185302734 67584
1771085873491 20.392061233520508 73728
1771085887791 20.475723266601562 79872
1771085900970 20.581857681274414 86016
1771085909886 20.634477615356445 92160
1771085918033 20.690824508666992 98304
1771085932499 20.8120174407959 104448
1771085945094 20.892499923706055 110592
1771085953882 20.933069229125977 116736
1771085962552 20.948665618896484 122880
1771085977267 21.02140235900879 129024
1771085990025 21.11773109436035 135168
1771085998875 21.17269515991211 141312
1771086007444 21.209827423095703 147456
1771086021346 21.226648330688477 153600
1771086034032 21.249345779418945 159744
1771086043521 21.26439666748047 165888
1771086052500 21.275821685791016 172032
1771086066076 21.31580352783203 178176
1771086078602 21.34444808959961 184320
1771086087721 21.360328674316406 190464
1771086097056 21.36909294128418 196608
1771086110780 21.389793395996094 202752
1771086123405 21.41641616821289 208896
1771086131790 21.438491821289062 215040
1771086142377 21.422443389892578 221184
1771086154475 21.45630645751953 227328
1771086167755 21.496559143066406 233472
1771086176402 21.511619567871094 239616
1771086187702 21.529865264892578 245760
1771086198911 21.54842758178711 251904
1771086212524 21.555675506591797 258048
1771086220391 21.591638565063477 264192
1771086232568 21.607393264770508 270336
1771086242873 21.603639602661133 276480
1771086257353 21.60139274597168 282624
1771086265024 21.623714447021484 288768
1771086278117 21.616031646728516 294912
1771086287121 21.61874771118164 301056
