1771085754769 1.0517702102661133 6144
1771085768070 1.041846752166748 12288
1771085776648 1.0560935735702515 18432
1771085784522 1.0928127765655518 24576
1771085798996 1.1299474239349365 30720
1771085812556 1.1592766046524048 36864
1771085820746 1.1786490678787231 43008
1771085828795 1.1938451528549194 49152
1771085843530 1.211135983467102 55296
1771085856283 1.2190747261047363 61440
1771085864908 1.2234082221984863 67584
1771085873491 1.2305688858032227 73728
1771085887791 1.2282170057296753 79872
1771085900970 1.227534532546997 86016
1771085909886 1.2265715599060059 92160
1771085918033 1.2248550653457642 98304
1771085932499 1.2232463359832764 104448
1771085945094 1.2242225408554077 110592
1771085953882 1.2225686311721802 116736
1771085962552 1.2163249254226685 122880
1771085977267 1.2150052785873413 129024
1771085990025 1.2154985666275024 135168
1771085998875 1.214098572731018 141312
1771086007444 1.2104088068008423 147456
1771086021346 1.205587387084961 153600
1771086034032 1.2029318809509277 159744
1771086043521 1.1992788314819336 165888
1771086052500 1.1964170932769775 172032
1771086066076 1.194912075996399 178176
1771086078602 1.1926281452178955 184320
1771086087721 1.190463900566101 190464
1771086097056 1.1873170137405396 196608
1771086110780 1.1851078271865845 202752
1771086123405 1.183222770690918 208896
1771086131790 1.1816083192825317 215040
1771086142377 1.1789193153381348 221184
1771086154475 1.1771026849746704 227328
1771086167755 1.1775771379470825 233472
1771086176402 1.1764835119247437 239616
1771086187702 1.1773263216018677 245760
1771086198911 1.176440954208374 251904
1771086212524 1.1753857135772705 258048
1771086220391 1.1766679286956787 264192
1771086232568 1.177567720413208 270336
1771086242873 1.1754432916641235 276480
1771086257353 1.174714207649231 282624
1771086265024 1.1745390892028809 288768
1771086278117 1.1716907024383545 294912
1771086287121 1.1702393293380737 301056
