1771085754769 0.3078559339046478 6144
1771085768070 0.3048819601535797 12288
1771085776648 0.30668383836746216 18432
1771085784522 0.3096902370452881 24576
1771085798996 0.31570783257484436 30720
1771085812556 0.3205086290836334 36864
1771085820746 0.3218798041343689 43008
1771085828795 0.32275694608688354 49152
1771085843530 0.32392001152038574 55296
1771085856283 0.32283031940460205 61440
1771085864908 0.32094576954841614 67584
1771085873491 0.3211337625980377 73728
1771085887791 0.3192513585090637 79872
1771085900970 0.3176582455635071 86016
1771085909886 0.3168337643146515 92160
1771085918033 0.31543827056884766 98304
1771085932499 0.3139675557613373 104448
1771085945094 0.3129701614379883 110592
1771085953882 0.3119499385356903 116736
1771085962552 0.30977368354797363 122880
1771085977267 0.30877628922462463 129024
1771085990025 0.30827954411506653 135168
1771085998875 0.3072711229324341 141312
1771086007444 0.3058459460735321 147456
1771086021346 0.3041301369667053 153600
1771086034032 0.3025747835636139 159744
1771086043521 0.3010343015193939 165888
1771086052500 0.2997027039527893 172032
1771086066076 0.29873257875442505 178176
1771086078602 0.2976890504360199 184320
1771086087721 0.29673945903778076 190464
1771086097056 0.2956618368625641 196608
1771086110780 0.29481542110443115 202752
1771086123405 0.2940721809864044 208896
1771086131790 0.29359400272369385 215040
1771086142377 0.2927737534046173 221184
1771086154475 0.291801780462265 227328
1771086167755 0.2915038466453552 233472
1771086176402 0.2907940447330475 239616
1771086187702 0.2907456159591675 245760
1771086198911 0.2902417778968811 251904
1771086212524 0.2899170517921448 258048
1771086220391 0.2899121046066284 264192
1771086232568 0.2898658514022827 270336
1771086242873 0.2891593873500824 276480
1771086257353 0.28891950845718384 282624
1771086265024 0.2885776460170746 288768
1771086278117 0.2877316176891327 294912
1771086287121 0.28713077306747437 301056
