1759526065797 23.850980392156863 5120
1759526076660 22.973415132924334 10240
1759526087487 22.437414030261348 15360
1759526106984 22.128998968008254 20480
1759526118685 22.063953488372093 25600
1759526129733 22.034794711203897 30720
1759526141618 21.775739644970415 35840
1759526160774 21.65702479338843 40960
1759526171825 21.689861751152073 46080
1759526182933 21.596687370600414 51200
1759526197712 21.601583113456464 56320
1759526213973 21.655447605829284 61440
1759526225984 21.70478637969804 66560
1759526237588 21.725261584454408 71680
1759526252730 21.72226879016485 76800
1759526267001 21.701570680628272 81920
1759526279077 21.722606120434353 87040
1759526292298 21.699440820130476 92160
1759526310309 21.606067267531326 97280
1759526321766 21.579331941544886 102400
1759526333177 21.54040103236053 107520
1759526346334 21.554648956356736 112640
1759526363412 21.577244638313342 117760
1759526376006 21.566951070868885 122880
1759526386966 21.601909227935018 128000
1759526399668 21.59281919175656 133120
1759526415615 21.581305223996278 138240
1759526428199 21.562079784849843 143360
1759526439683 21.534582132564843 148480
1759526452171 21.54760908964171 153600
1759526467316 21.53742414025624 158720
1759526481780 21.549091384494705 163840
1759526493825 21.55339928970066 168960
1759526505431 21.59674234945706 174080
1759526521385 21.59204218600192 179200
1759526536465 21.56604212731293 184320
1759526548156 21.54265670966282 189440
1759526561720 21.544683195592288 194560
1759526577934 21.55160562775212 199680
1759526592289 21.564497537462014 204800
1759526606278 21.57965824209557 209920
1759526618656 21.580861052841875 215040
1759526633681 21.56103744149766 220160
1759526648076 21.567642291924873 225280
1759526665309 21.563134842978286 230400
1759526677220 21.581348663199197 235520
1759526689532 21.56982142857143 240640
1759526703483 21.54793922458959 245760
1759526721518 21.54645790554415 250880
1759526733146 21.57198018970872 256000
1759526745933 21.575862352844325 261120
1759526756784 21.58039247355245 266240
1759526774303 21.580381903177244 271360
1759526786597 21.591330064596466 276480
1759526797800 21.59706511770101 281600
1759526813812 21.61397445529677 286720
1759526828890 21.626218611521416 291840
1759526840869 21.614770748694138 296960
1759526847202 21.600446428571427 300032
