1759526065794 15.185988171895344 5120
1759526076656 5.815247639742764 10240
1759526087482 3.215519332885742 15360
1759526106980 1.6434747650509787 20480
1759526118679 1.1679649316347562 25600
1759526129729 0.862915325164795 30720
1759526141613 0.6812146531211005 35840
1759526160770 0.5848174816224634 40960
1759526171820 0.4991075723067574 46080
1759526182929 0.4288696139466529 51200
1759526197707 0.4035342599664416 56320
1759526213966 0.3472564751984643 61440
1759526225980 0.32943412246126114 66560
1759526237584 0.2997130514870227 71680
1759526252726 0.291071973976336 76800
1759526266995 0.2530123104283839 81920
1759526279068 0.24637451670890628 87040
1759526292290 0.23316946920457782 92160
1759526310302 0.20484156260887784 97280
1759526321761 0.23229873156783606 102400
1759526333170 0.22620690588681203 107520
1759526346329 0.20002137304426315 112640
1759526363406 0.18791688187368985 117760
1759526376001 0.17568160088594295 122880
1759526386961 0.16632430704813156 128000
1759526399663 0.1591935707412603 133120
1759526415607 0.1526404591167674 138240
1759526428195 0.14140782559171636 143360
1759526439678 0.13908821654646364 148480
1759526452163 0.13547078757886064 153600
1759526467311 0.13292744190264974 158720
1759526481772 0.12690954889569966 163840
1759526493820 0.12285662702767246 168960
1759526505425 0.12107385836149517 174080
1759526521378 0.11654878014867955 179200
1759526536458 0.1127119288260107 184320
1759526548146 0.11150227131382111 189440
1759526561715 0.10665676531367278 194560
1759526577927 0.10741398675101146 199680
1759526592283 0.097809861311272 204800
1759526606272 0.10203354775326924 209920
1759526618650 0.09818920704990766 215040
1759526633675 0.09095417614336368 220160
1759526648070 0.09455907031961157 225280
1759526665304 0.08732004840817072 230400
1759526677211 0.08639883086794899 235520
1759526689526 0.08363973225577404 240640
1759526703477 0.08641378078223264 245760
1759526721513 0.08394907218653982 250880
1759526733138 0.08271021425011622 256000
1759526745926 0.078695766068995 261120
1759526756779 0.07711376065952111 266240
1759526774296 0.07594531102288038 271360
1759526786590 0.07401519736680598 276480
1759526797794 0.0732715934946917 281600
1759526813802 0.07133798836813278 286720
1759526828884 0.0666843099193973 291840
1759526840861 0.06831183581008124 296960
1759526847190 0.02811996245140102 300032
