1758845823838 500.0 5120
1758845832066 500.0 10240
1758845841389 500.0 15360
1758845855098 500.0 20480
1758845863061 500.0 25600
1758845872943 500.0 30720
1758845882969 500.0 35840
1758845895539 500.0 40960
1758845904255 500.0 46080
1758845912687 500.0 51200
1758845924302 500.0 56320
1758845936168 500.0 61440
1758845944299 500.0 66560
1758845953824 500.0 71680
1758845964712 500.0 76800
1758845976258 500.0 81920
1758845984920 500.0 87040
1758845994020 500.0 92160
1758846005098 500.0 97280
1758846017084 500.0 102400
1758846025848 500.0 107520
1758846034810 500.0 112640
1758846046311 500.0 117760
1758846056519 500.0 122880
1758846065893 500.0 128000
1758846076714 500.0 133120
1758846087169 500.0 138240
1758846096241 500.0 143360
1758846107182 500.0 148480
1758846118003 500.0 153600
1758846126769 500.0 158720
1758846136983 500.0 163840
1758846148226 500.0 168960
1758846158417 500.0 174080
1758846167801 500.0 179200
1758846178310 500.0 184320
1758846188437 500.0 189440
1758846199562 500.0 194560
1758846208780 500.0 199680
1758846219219 500.0 204800
1758846228176 500.0 209920
1758846240507 500.0 215040
1758846249733 500.0 220160
1758846259360 500.0 225280
1758846268377 500.0 230400
1758846281182 500.0 235520
1758846289617 500.0 240640
1758846299826 500.0 245760
1758846309034 500.0 250880
1758846322781 500.0 256000
1758846331647 500.0 261120
1758846340962 500.0 266240
1758846349322 500.0 271360
1758846364132 500.0 276480
1758846372310 500.0 281600
1758846381742 500.0 286720
1758846391414 500.0 291840
1758846405032 500.0 296960
1758846406129 500.0 300032
