1758845823838 0.0 5120
1758845832066 0.0 10240
1758845841389 0.0 15360
1758845855098 0.0 20480
1758845863061 0.0 25600
1758845872943 0.0 30720
1758845882969 0.0 35840
1758845895539 0.0 40960
1758845904255 0.0 46080
1758845912687 0.0 51200
1758845924302 0.0 56320
1758845936168 0.0 61440
1758845944299 0.0 66560
1758845953824 0.0 71680
1758845964712 0.0 76800
1758845976258 0.0 81920
1758845984920 0.0 87040
1758845994020 0.0 92160
1758846005098 0.0 97280
1758846017084 0.0 102400
1758846025848 0.0 107520
1758846034810 0.0 112640
1758846046311 0.0 117760
1758846056519 0.0 122880
1758846065893 0.0 128000
1758846076714 0.0 133120
1758846087169 0.0 138240
1758846096241 0.0 143360
1758846107182 0.0 148480
1758846118003 0.0 153600
1758846126769 0.0 158720
1758846136983 0.0 163840
1758846148226 0.0 168960
1758846158417 0.0 174080
1758846167801 0.0 179200
1758846178310 0.0 184320
1758846188437 0.0 189440
1758846199562 0.0 194560
1758846208780 0.0 199680
1758846219219 0.0 204800
1758846228176 0.0 209920
1758846240507 0.0 215040
1758846249733 0.0 220160
1758846259360 0.0 225280
1758846268377 0.0 230400
1758846281182 0.0 235520
1758846289617 0.0 240640
1758846299826 0.0 245760
1758846309034 0.0 250880
1758846322781 0.0 256000
1758846331647 0.0 261120
1758846340962 0.0 266240
1758846349322 0.0 271360
1758846364132 0.0 276480
1758846372310 0.0 281600
1758846381742 0.0 286720
1758846391414 0.0 291840
1758846405032 0.0 296960
1758846406129 0.0 300032
