1758845823834 6.2934493839740755 5120
1758845832063 2.889331903240898 10240
1758845841384 1.8126886822283268 15360
1758845855094 1.4904104391733806 20480
1758845863054 1.0359037477236528 25600
1758845872939 0.7086813834405713 30720
1758845882965 0.6349806278944016 35840
1758845895535 0.5409427042414502 40960
1758845904252 0.4618254915527676 46080
1758845912683 0.4017189105351766 51200
1758845924298 0.4427419530493872 56320
1758845936162 0.31090317827756286 61440
1758845944295 0.3156938278313839 66560
1758845953820 0.2759700654258191 71680
1758845964708 0.21705064130456828 76800
1758845976254 0.22882835909172344 81920
1758845984916 0.24619836571604703 87040
1758845994014 0.20905134166990005 92160
1758846005095 0.23035491506258646 97280
1758846017078 0.23112978038221302 102400
1758846025842 0.2022941678200128 107520
1758846034803 0.16988144388069978 112640
1758846046305 0.16579254012683342 117760
1758846056513 0.16545155343930582 122880
1758846065888 0.19465585530750337 128000
1758846076710 0.1545649867931395 133120
1758846087165 0.14893920307650285 138240
1758846096236 0.14441618944736237 143360
1758846107175 0.16252020768923303 148480
1758846117994 0.14057507214956724 153600
1758846126764 0.13720090679633312 158720
1758846136978 0.13466648774117418 163840
1758846148222 0.1359847579016743 168960
1758846158412 0.12956712416738098 174080
1758846167795 0.14165221229195593 179200
1758846178302 0.14209849663202276 184320
1758846188432 0.10635945591875301 189440
1758846199554 0.11548261461457657 194560
1758846208774 0.11158213481611133 199680
1758846219214 0.11176107760092512 204800
1758846228167 0.12705153134262676 209920
1758846240499 0.12619775629721547 215040
1758846249725 0.11495514352012563 220160
1758846259356 0.11089958977375634 225280
1758846268371 0.1052981432032796 230400
1758846281177 0.12184460379860616 235520
1758846289612 0.1222268563711037 240640
1758846299812 0.1117114649768687 245760
1758846309026 0.09868089949212423 250880
1758846322776 0.10577677987011305 256000
1758846331640 0.10798242902383207 261120
1758846340956 0.1182795830613352 266240
1758846349316 0.10661220505721589 271360
1758846364128 0.1129675604760427 276480
1758846372304 0.0938706970733145 281600
1758846381732 0.10580382419226433 286720
1758846391404 0.09512925464790183 291840
1758846405027 0.08671198989107848 296960
1758846406122 0.032909876576055846 300032
