1758845823834 -0.1905578105710447 5120
1758845832063 -0.1822940396991643 10240
1758845841384 -0.14611847284249962 15360
1758845855094 -0.15943907603976273 20480
1758845863054 -0.16564050591908966 25600
1758845872939 -0.14151029807906 30720
1758845882965 -0.13582053267293506 35840
1758845895535 -0.11346232033357387 40960
1758845904252 -0.10437534606975059 46080
1758845912683 -0.09093321491690244 51200
1758845924298 -0.08057853137808187 56320
1758845936162 -0.06465984152965859 61440
1758845944295 -0.06115541128498136 66560
1758845953820 -0.0565017256413547 71680
1758845964708 -0.03876113862191376 76800
1758845976254 -0.04194714937497068 81920
1758845984916 -0.03376431676537492 87040
1758845994014 -0.027908116521743624 92160
1758846005095 -0.02284974774423366 97280
1758846017078 -0.01573965527338557 102400
1758846025842 -0.01148942796478294 107520
1758846034803 -0.0057106108211719235 112640
1758846046305 -0.008732705041445021 117760
1758846056513 -0.006167766342539924 122880
1758846065888 -0.0012389366707158465 128000
1758846076710 0.0017779231810842759 133120
1758846087165 0.003114240586428958 138240
1758846096236 0.008864687829681323 143360
1758846107175 0.007269945592708785 148480
1758846117994 0.011212015097701786 153600
1758846126764 0.011774274028646642 158720
1758846136978 0.014311300764172714 163840
1758846148222 0.015593594703150082 168960
1758846158412 0.02147655462443131 174080
1758846167795 0.01576020246879621 179200
1758846178302 0.019561140148679195 184320
1758846188432 0.023643593530180636 189440
1758846199554 0.02219746641970742 194560
1758846208774 0.024351062002230663 199680
1758846219214 0.023937516544588762 204800
1758846228167 0.026894777883025047 209920
1758846240499 0.028141711518097832 215040
1758846249725 0.027189351059496405 220160
1758846259356 0.02902734881073102 225280
1758846268371 0.03013441296277848 230400
1758846281177 0.027304624801590332 235520
1758846289612 0.030071390458082752 240640
1758846299812 0.030596539069013474 245760
1758846309026 0.03304856429255106 250880
1758846322776 0.032864920195355356 256000
1758846331640 0.033808723906986415 261120
1758846340956 0.03229327220112885 266240
1758846349316 0.03270833633447948 271360
1758846364128 0.03303866478789776 276480
1758846372304 0.0321417837039284 281600
1758846381732 0.034155201869503035 286720
1758846391404 0.03501291254183629 291840
1758846405027 0.03606027909570543 296960
1758846406122 0.014362041413173742 300032
