1759538184849 -0.624387669066588 5120
1759538195937 -0.3280548534610055 10240
1759538208174 -0.25104669854044914 15360
1759538227528 -0.2265745231083461 20480
1759538238627 -0.20438132377771231 25600
1759538249196 -0.20206579854411463 30720
1759538262780 -0.16913098759121364 35840
1759538280633 -0.164905870833048 40960
1759538290855 -0.13919877746830817 46080
1759538301625 -0.12902554577472164 51200
1759538316266 -0.0771341079047748 56320
1759538331803 -0.06799602166551058 61440
1759538342177 -0.001962149910854571 66560
1759538352361 0.02490203103549044 71680
1759538368974 -0.02407578084813921 76800
1759538383866 -0.01830383840902352 81920
1759538396052 0.0001448370992790821 87040
1759538407339 -0.029294384704841362 92160
1759538422963 -0.030514143407344818 97280
1759538449477 -0.007572591526083427 102400
1759538461386 -0.026551806561227114 107520
1759538473367 -0.029685730869705614 112640
1759538488043 -0.023954769917603196 117760
1759538501270 -0.02770777329925663 122880
1759538511792 -0.028582539823320176 128000
1759538523500 -0.02889446129325692 133120
1759538544457 -0.02540997985531302 138240
1759538557675 -0.02955933073733715 143360
1759538571714 -0.02730577000199932 148480
1759538583542 -0.028284106428260045 153600
1759538602644 -0.025975905931912936 158720
1759538615707 -0.023163414149550917 163840
1759538626555 -0.028271362365010273 168960
1759538641948 -0.020948617779023467 174080
1759538653361 -0.02547229453921318 179200
1759538666070 -0.020963826890808442 184320
1759538676417 -0.023352970359145953 189440
1759538691489 -0.023357672217004587 194560
1759538706053 -0.0206025023849643 199680
1759538717382 -0.023651632206950022 204800
1759538729081 -0.021098397021154756 209920
1759538741319 -0.018517004087637953 215040
1759538756010 -0.023514524654105858 220160
1759538769670 -0.019046092195208794 225280
1759538781115 -0.02201987235946993 230400
1759538791894 -0.01230500696541427 235520
1759538806057 -0.02243096015210879 240640
1759538821102 -0.01662534475326538 245760
1759538832864 -0.01861344774564107 250880
1759538844072 -0.014648314728679885 256000
1759538856217 -0.01667754678055644 261120
1759538871489 -0.014839242244588918 266240
1759538885161 -0.014267682805097192 271360
1759538895830 -0.014448181289588394 276480
1759538907359 -0.013281928456347921 281600
1759538921547 -0.012510861154128649 286720
1759538936029 -0.013035327196121216 291840
1759538947443 -0.01193997192218951 296960
1759538951780 -0.004996292013357117 300032
