1759538184854 26.812034724308894 5120
1759538195944 24.88295372822875 10240
1759538208178 23.480329693095584 15360
1759538227533 21.368762549640234 20480
1759538238633 15.647189425702667 25600
1759538249201 11.743675452063908 30720
1759538262786 8.818006853847997 35840
1759538280638 6.559256985861921 40960
1759538290860 4.879775357748921 46080
1759538301630 3.5132475890855313 51200
1759538316272 2.4701332071736575 56320
1759538331807 1.4390320950526554 61440
1759538342183 0.6062330937579395 66560
1759538352365 -0.1476791202752948 71680
1759538368979 -0.7425689611710318 76800
1759538383871 -1.3419817012943305 81920
1759538396062 -1.7954358594366242 87040
1759538407355 -2.199425552938586 92160
1759538422968 -2.5586153114791466 97280
1759538449484 -2.927631488721544 102400
1759538461391 -3.2463673376784477 107520
1759538473372 -3.50080367330382 112640
1759538488049 -3.7420459974828413 117760
1759538501275 -3.9422908496839937 122880
1759538511798 -4.138805936385884 128000
1759538523505 -4.294064776443688 133120
1759538544465 -4.475857634615209 138240
1759538557682 -4.639892967015869 143360
1759538571720 -4.75111513944131 148480
1759538583555 -4.902703224881965 153600
1759538602651 -5.0565384620698755 158720
1759538615714 -5.170174148400183 163840
1759538626561 -5.289861996723867 168960
1759538641953 -5.379670543805995 174080
1759538653366 -5.457566706693286 179200
1759538666076 -5.521686791280123 184320
1759538676426 -5.620180124111942 189440
1759538691497 -5.6902327382346645 194560
1759538706065 -5.811519549172707 199680
1759538717388 -5.89440230235056 204800
1759538729086 -5.975309684531661 209920
1759538741324 -6.063606850501396 215040
1759538756022 -6.128063520733469 220160
1759538769677 -6.21316904146779 225280
1759538781124 -6.2871269795303615 230400
1759538791903 -6.338303416285021 235520
1759538806063 -6.404671167429054 240640
1759538821108 -6.457450546204178 245760
1759538832871 -6.511311002710913 250880
1759538844078 -6.592083626241562 256000
1759538856224 -6.629969366665544 261120
1759538871497 -6.645056598778852 266240
1759538885169 -6.694675883089011 271360
1759538895839 -6.733387079480972 276480
1759538907366 -6.772590209050666 281600
1759538921554 -6.808609383513745 286720
1759538936036 -6.8479644632742795 291840
1759538947449 -6.892633398617277 296960
1759538951787 -6.916867133045203 300032
