1771166271064 0.0 5120
1771166296266 0.0 10240
1771166320533 0.0 15360
1771166344788 0.0 20480
1771166372987 0.0 25600
1771166397122 0.0 30720
1771166421663 0.0 35840
1771166445745 0.0 40960
1771166474773 0.0 46080
1771166498582 0.0 51200
1771166523365 0.0 56320
1771166547297 0.0 61440
1771166576143 0.0 66560
1771166601463 0.0 71680
1771166625768 0.0 76800
1771166650009 0.0 81920
1771166678476 0.0 87040
1771166702694 0.0 92160
1771166727562 0.0 97280
1771166751733 0.0 102400
1771166780452 0.0 107520
1771166804747 0.0 112640
1771166829546 0.0 117760
1771166853938 0.0 122880
1771166882369 0.0 128000
1771166907111 0.0 133120
1771166931268 0.0 138240
1771166956622 0.0 143360
1771166984545 0.0 148480
1771167008875 0.0 153600
1771167033178 0.0 158720
1771167057558 0.0 163840
1771167085249 0.0 168960
1771167110626 0.0 174080
1771167135368 0.0 179200
1771167160240 0.0 184320
1771167186558 0.0 189440
1771167213124 0.0 194560
1771167237892 0.0 199680
1771167262465 0.0 204800
1771167288614 0.0 209920
1771167314344 0.0 215040
1771167339036 0.0 220160
1771167363323 0.0 225280
1771167390254 0.0 230400
1771167415453 0.0 235520
1771167440486 0.0 240640
1771167465022 0.0 245760
1771167491869 0.0 250880
1771167517007 0.0 256000
1771167541938 0.0 261120
1771167566316 0.0 266240
1771167593258 0.0 271360
1771167618457 0.0 276480
1771167643205 0.0 281600
1771167667700 0.0 286720
1771167694579 0.0 291840
1771167721067 0.0 296960
1771167729190 0.0 300032
