1771166271064 1.1368381977081299 5120
1771166296266 1.0816352367401123 10240
1771166320533 1.0854191780090332 15360
1771166344788 1.0969029664993286 20480
1771166372987 1.09897780418396 25600
1771166397122 1.096163034439087 30720
1771166421663 1.1035083532333374 35840
1771166445745 1.1064703464508057 40960
1771166474773 1.110717535018921 46080
1771166498582 1.0468331575393677 51200
1771166523365 0.9841899871826172 56320
1771166547297 0.9292331337928772 61440
1771166576143 0.8851940035820007 66560
1771166601463 0.8504362106323242 71680
1771166625768 0.8191445469856262 76800
1771166650009 0.7877132296562195 81920
1771166678476 0.7571809887886047 87040
1771166702694 0.7329802513122559 92160
1771166727562 0.715232253074646 97280
1771166751733 0.6980792284011841 102400
1771166780452 0.681328535079956 107520
1771166804747 0.6670438647270203 112640
1771166829546 0.6536877155303955 117760
1771166853938 0.6409734487533569 122880
1771166882369 0.62980717420578 128000
1771166907111 0.6182664632797241 133120
1771166931268 0.6075536012649536 138240
1771166956622 0.59939044713974 143360
1771166984545 0.5897129774093628 148480
1771167008875 0.5806615352630615 153600
1771167033178 0.5756002068519592 158720
1771167057558 0.5684340596199036 163840
1771167085249 0.5621829628944397 168960
1771167110626 0.5557969808578491 174080
1771167135368 0.5499246716499329 179200
1771167160240 0.5437137484550476 184320
1771167186558 0.5382143259048462 189440
1771167213124 0.5323485732078552 194560
1771167237892 0.5267466902732849 199680
1771167262465 0.5229712724685669 204800
1771167288614 0.5189046859741211 209920
1771167314344 0.5153140425682068 215040
1771167339036 0.5117009282112122 220160
1771167363323 0.507517397403717 225280
1771167390254 0.5168910622596741 230400
1771167415453 0.5288941264152527 235520
1771167440486 0.5419428944587708 240640
1771167465022 0.5547164082527161 245760
1771167491869 0.5674217343330383 250880
1771167517007 0.5771644115447998 256000
1771167541938 0.5876629948616028 261120
1771167566316 0.5969778299331665 266240
1771167593258 0.6058252453804016 271360
1771167618457 0.6148295998573303 276480
1771167643205 0.6246393918991089 281600
1771167667700 0.6327506899833679 286720
1771167694579 0.6412972211837769 291840
1771167721067 0.6491234302520752 296960
1771167729190 0.6520331501960754 300032
