1758850292842 397.1038623754529 5120
1758850300982 419.6376555266204 10240
1758850311513 436.96691176470586 15360
1758850324013 446.256607153031 20480
1758850332421 451.22124589715537 25600
1758850341880 454.44050826149424 30720
1758850354205 457.05511915789134 35840
1758850364178 459.06149807801825 40960
1758850373320 460.270287451806 46080
1758850382903 461.6170635599015 51200
1758850396244 462.3421424228883 56320
1758850404893 463.37216639220986 61440
1758850414282 463.9046719894044 66560
1758850422763 464.5914119525547 71680
1758850436845 464.8089878932875 76800
1758850445115 465.27036531364 81920
1758850455398 465.6268035613739 87040
1758850465284 466.03200408707295 92160
1758850477174 466.1589092720701 97280
1758850485472 466.6296344617898 102400
1758850496441 466.84542738573526 107520
1758850506517 466.93849155182374 112640
1758850517188 467.1254256376243 117760
1758850526804 467.3128671154355 122880
1758850537387 467.5597844933094 128000
1758850548190 467.64373888288225 133120
1758850558120 467.7926162117244 138240
1758850567298 467.87247574732663 143360
1758850579032 468.05930562070046 148480
1758850589461 468.1873745245139 153600
1758850599697 468.1875418037281 158720
1758850608152 468.29681880451403 163840
1758850621277 468.29915296684595 168960
1758850630864 468.4330084575077 174080
1758850639394 468.4560977443852 179200
1758850652088 468.43351962052 184320
1758850662180 468.5789724128747 189440
1758850670423 468.6075831285196 194560
1758850679793 468.63945276179686 199680
1758850694445 468.8340713927941 204800
1758850702862 468.9408109954726 209920
1758850712067 468.96305080013383 215040
1758850721518 469.0090411423231 220160
1758850736494 469.0303529139209 225280
1758850746054 469.1019834321121 230400
1758850754639 469.09098560061096 235520
1758850766135 469.14450608047497 240640
1758850776111 469.14009266496333 245760
1758850784937 469.222019995977 250880
1758850795451 469.19613170775926 256000
1758850808137 469.22964736824565 261120
1758850816109 469.29969692183687 266240
1758850827809 469.3285806312389 271360
1758850837976 469.36669718779353 276480
1758850846657 469.4066094038037 281600
1758850856438 469.4677131558642 286720
1758850870333 469.4649361769914 291840
1758850880260 469.44754027177476 296960
1758850881356 469.4461315797632 300032
