1758850292839 -0.3229704286437482 5120
1758850300979 -0.29951114061881196 10240
1758850311509 0.1207625029841438 15360
1758850324010 0.05651060158298129 20480
1758850332417 0.038452702574431896 25600
1758850341877 0.03150682192175619 30720
1758850354201 0.03760942013727295 35840
1758850364173 0.03902629806501109 40960
1758850373314 0.03980474873729374 46080
1758850382899 0.040466402734027185 51200
1758850396240 0.04410773026091712 56320
1758850404887 0.04692529063732898 61440
1758850414278 0.04914809799555576 66560
1758850422758 0.049832693623824864 71680
1758850436839 0.05188878351136258 76800
1758850445109 0.053582732471418974 81920
1758850455395 0.054240088545998856 87040
1758850465279 0.0555749448446127 92160
1758850477170 0.057020843898256623 97280
1758850485468 0.05758185174205515 102400
1758850496436 0.05830374956130982 107520
1758850506512 0.058669666019645905 112640
1758850517181 0.05980611885416097 117760
1758850526799 0.06027961890559551 122880
1758850537380 0.06011510765741742 128000
1758850548185 0.060668494592186144 133120
1758850558114 0.060894173909636105 138240
1758850567294 0.06081171771313282 143360
1758850579027 0.06128863920904186 148480
1758850589456 0.060963958225502865 153600
1758850599692 0.06115635327803783 158720
1758850608147 0.06109079359481054 163840
1758850621269 0.060522987900010074 168960
1758850630859 0.06072866414722644 174080
1758850639388 0.06068683076988567 179200
1758850652084 0.06012671033321823 184320
1758850662172 0.06002079261246548 189440
1758850670416 0.059938996374919146 194560
1758850679787 0.05984134175339524 199680
1758850694439 0.059482443985061265 204800
1758850702856 0.059589553342282185 209920
1758850712059 0.05935799126376473 215040
1758850721511 0.05924931245821494 220160
1758850736485 0.05927919586319729 225280
1758850746048 0.058803347148726474 230400
1758850754633 0.05896585710120923 235520
1758850766130 0.05843673883858373 240640
1758850776105 0.058582918871487824 245760
1758850784932 0.05840713987505533 250880
1758850795445 0.05831081344786868 256000
1758850808127 0.058112237416207795 261120
1758850816104 0.058070981182814556 266240
1758850827804 0.05774076459999371 271360
1758850837970 0.05768580163976803 276480
1758850846651 0.057558333700981686 281600
1758850856433 0.057414148541107726 286720
1758850870326 0.05742948938916613 291840
1758850880254 0.057375177485017026 296960
1758850881349 0.023043936023126283 300032
