1758850292842 2.5144927536231885 5120
1758850300982 1.962962962962963 10240
1758850311513 1.5404411764705883 15360
1758850324013 1.3135824977210575 20480
1758850332421 1.1925601750547046 25600
1758850341880 1.1137326073805203 30720
1758850354205 1.0504420176807072 35840
1758850364178 1.0018223234624146 40960
1758850373320 0.9728084415584416 46080
1758850382903 0.9398249452954048 51200
1758850396244 0.9225141336880612 56320
1758850404893 0.8973499847700274 61440
1758850414282 0.8845395663193467 66560
1758850422763 0.867570385818561 71680
1758850436845 0.8622200584225901 76800
1758850445115 0.8508891928864569 81920
1758850455398 0.8421278421278421 87040
1758850465284 0.8320194057004245 92160
1758850477174 0.8288012255840674 97280
1758850485472 0.8172082047558541 102400
1758850496441 0.8118195956454122 107520
1758850506517 0.8097045717115036 112640
1758850517188 0.8051128294145494 117760
1758850526804 0.8005443822773325 122880
1758850537387 0.7944589498114303 128000
1758850548190 0.7924107142857143 133120
1758850558120 0.7887456352403975 138240
1758850567298 0.7869086195722619 143360
1758850579032 0.7823639774859287 148480
1758850589461 0.7791329549571308 153600
1758850599697 0.7791812865497076 158720
1758850608152 0.776506570004531 163840
1758850621277 0.7763750137226918 168960
1758850630864 0.7730904442313838 174080
1758850639394 0.7725108673152556 179200
1758850652088 0.7730796335447498 184320
1758850662180 0.7695924764890282 189440
1758850670423 0.7689224014507969 194560
1758850679793 0.7681078568107856 199680
1758850694445 0.7632889613329711 204800
1758850702862 0.7606890459363957 209920
1758850712067 0.7602727900552486 215040
1758850721518 0.7590564448188711 220160
1758850736494 0.7585667215815486 225280
1758850746054 0.7568482114083145 230400
1758850754639 0.7571147024044147 235520
1758850766135 0.755845358438151 240640
1758850776111 0.7559316910986852 245760
1758850784937 0.7539952648712637 250880
1758850795451 0.7546047860768673 256000
1758850808137 0.7537859936011376 261120
1758850816109 0.7520390379923318 266240
1758850827809 0.7512648707780665 271360
1758850837976 0.7503018918556286 276480
1758850846657 0.7492922509710975 281600
1758850856438 0.7477861805959537 286720
1758850870333 0.7478879502000889 291840
1758850880260 0.7482836100362003 296960
1758850881356 0.7483414966829933 300032
