1760126208882 404.1165195167286 5120
1760126234524 400.4140485491071 10240
1760126261890 392.8761062071609 15360
1760126289113 392.72629810316596 20480
1760126320671 397.0165086370026 25600
1760126348322 399.186260165798 30720
1760126375149 398.863561655143 35840
1760126402399 398.01160076880836 40960
1760126433671 396.83766448884586 46080
1760126460430 396.09609131836373 51200
1760126487606 394.9903427496189 56320
1760126514954 394.26711815785166 61440
1760126545768 394.0979849235775 66560
1760126573032 393.9018935370691 71680
1760126600202 393.88820862626284 76800
1760126626963 394.0153820341247 81920
1760126658723 393.8146014207199 87040
1760126685950 393.4514210157238 92160
1760126713630 393.34516223077156 97280
1760126740650 393.0855424959963 102400
1760126769777 392.75900015352073 107520
1760126796553 392.78565511950063 112640
1760126825508 392.7055266839896 117760
1760126852388 392.58667366923686 122880
1760126882319 392.6958290482693 128000
1760126909511 392.57129945699177 133120
1760126940644 392.43230975734224 138240
1760126967237 392.2543179855095 143360
1760126994500 392.07253712587675 148480
1760127021453 391.9797801733274 153600
1760127053930 391.7762980890338 158720
1760127080700 391.6275436966508 163840
1760127107742 391.1699608059026 168960
1760127134890 390.49878702621794 174080
1760127166952 389.29768715057577 179200
1760127194117 388.5113755576716 184320
1760127221941 387.59515813931694 189440
1760127249140 386.50811659909454 194560
1760127279732 386.13827226381346 199680
1760127308676 386.29237058226147 204800
1760127336196 386.4955616247031 209920
1760127363145 386.7199064062323 215040
1760127395458 387.07986045356574 220160
1760127423157 387.2694904067775 225280
1760127450944 387.5548589544089 230400
1760127478917 387.75861092275187 235520
1760127510576 387.26545930592965 240640
1760127537571 386.59055651781733 245760
1760127565109 385.55988718753053 250880
1760127592946 384.31787971380294 256000
1760127624408 383.1340870173188 261120
1760127651436 382.1665205553289 266240
1760127678932 381.48888934517964 271360
1760127706508 381.0585662880616 276480
1760127739309 380.6608530280418 281600
1760127766584 380.0170311141394 286720
1760127794239 379.2057902938179 291840
1760127821470 378.3879993825529 296960
1760127835294 378.05953256309533 300032
