1760126208882 22.721189591078065 5120
1760126234524 22.989795918367346 10240
1760126261890 23.5974025974026 15360
1760126289113 23.443231441048034 20480
1760126320671 23.034602076124568 25600
1760126348322 22.81020848310568 30720
1760126375149 22.888129272840274 35840
1760126402399 23.043382756727073 40960
1760126433671 23.14503441494592 46080
1760126460430 23.208092485549134 51200
1760126487606 23.30040650406504 56320
1760126514954 23.362139917695472 61440
1760126545768 23.36423382912487 66560
1760126573032 23.41784793814433 71680
1760126600202 23.46139927623643 76800
1760126626963 23.47778092272856 81920
1760126658723 23.491593274619696 87040
1760126685950 23.551453855878634 92160
1760126713630 23.582913366930647 97280
1760126740650 23.656371539693435 102400
1760126769777 23.696288209606987 107520
1760126796553 23.70162635529608 112640
1760126825508 23.732960223865682 117760
1760126852388 23.7699539524175 122880
1760126882319 23.786688790560472 128000
1760126909511 23.79279758736917 133120
1760126940644 23.81173050615595 138240
1760126967237 23.821782178217823 143360
1760126994500 23.828630639247567 148480
1760127021453 23.83012178202559 153600
1760127053930 23.841319599940288 158720
1760127080700 23.84809027777778 163840
1760127107742 23.857944974733297 168960
1760127134890 23.89205786026201 174080
1760127166952 24.05807743658211 179200
1760127194117 24.180477619731175 184320
1760127221941 24.298111281265953 189440
1760127249140 24.46540723132741 194560
1760127279732 24.491457163778374 199680
1760127308676 24.45722433460076 204800
1760127336196 24.437956204379564 209920
1760127363145 24.40876737091854 215040
1760127395458 24.368113706478624 220160
1760127423157 24.32856682077196 225280
1760127450944 24.28659880365201 230400
1760127478917 24.264799425464247 235520
1760127510576 24.333400463196053 240640
1760127537571 24.430042578473117 245760
1760127565109 24.587344985841227 250880
1760127592946 24.78863592513988 256000
1760127624408 24.964564678986473 261120
1760127651436 25.101728348675557 266240
1760127678932 25.17060998151571 271360
1760127706508 25.206705433399964 276480
1760127739309 25.24883845604003 281600
1760127766584 25.33406709518359 286720
1760127794239 25.455391304347827 291840
1760127821470 25.582553447239633 296960
1760127835294 25.62771228429865 300032
