1760126208882 18.35020316311861 5120
1760126234524 18.982343276666136 10240
1760126261890 19.812962035252074 15360
1760126289113 19.60106688920067 20480
1760126320671 19.14004748915306 25600
1760126348322 18.955429197814635 30720
1760126375149 19.106305451330893 35840
1760126402399 19.164769616250087 40960
1760126433671 19.245351755747986 46080
1760126460430 19.308157168159806 51200
1760126487606 19.427660760646912 56320
1760126514954 19.47553942473783 61440
1760126545768 19.509960996613952 66560
1760126573032 19.51008287410146 71680
1760126600202 19.501034284529553 76800
1760126626963 19.49094622147984 81920
1760126658723 19.534697891776965 87040
1760126685950 19.591798479969974 92160
1760126713630 19.62193869217025 97280
1760126740650 19.669095980387425 102400
1760126769777 19.687519669845116 107520
1760126796553 19.678043979520695 112640
1760126825508 19.650426101760818 117760
1760126852388 19.659498189836857 122880
1760126882319 19.618787714865356 128000
1760126909511 19.640846738329756 133120
1760126940644 19.672273095753223 138240
1760126967237 19.708006553524005 143360
1760126994500 19.73274664663725 148480
1760127021453 19.74037546058162 153600
1760127053930 19.74800701400454 158720
1760127080700 19.779806039951467 163840
1760127107742 19.809821401400086 168960
1760127134890 19.895492312168972 174080
1760127166952 19.979194614629403 179200
1760127194117 20.0148985597774 184320
1760127221941 20.05145981045266 189440
1760127249140 20.098873753609116 194560
1760127279732 20.125501189954637 199680
1760127308676 20.091674340541825 204800
1760127336196 20.09101277372263 209920
1760127363145 20.06434654276353 215040
1760127395458 20.05098333312531 220160
1760127423157 20.064378801359563 225280
1760127450944 20.057079675878406 230400
1760127478917 20.03981284355523 235520
1760127510576 20.072203784727904 240640
1760127537571 20.099619347077216 245760
1760127565109 20.140226128906633 250880
1760127592946 20.191593265110246 256000
1760127624408 20.246337948764793 261120
1760127651436 20.270153652651963 266240
1760127678932 20.30360959206403 271360
1760127706508 20.33291439088977 276480
1760127739309 20.353203697831738 281600
1760127766584 20.3823304743564 286720
1760127794239 20.421924104110055 291840
1760127821470 20.456094032563374 296960
1760127835294 20.474297556574886 300032
