1760126208879 151.5776083264067 5120
1760126234520 61.778150913938106 10240
1760126261885 128.2661773700306 15360
1760126289108 145.87361318818907 20480
1760126320667 147.3288137974639 25600
1760126348318 179.43546524064172 30720
1760126375142 129.22250292685933 35840
1760126402393 73.33468545651641 40960
1760126433667 141.2318674658226 46080
1760126460424 31.557949860053572 51200
1760126487599 101.91976283624523 56320
1760126514949 123.32923637860566 61440
1760126545763 120.74456631257736 66560
1760126573025 220.3122176699233 71680
1760126600196 110.77579695216967 76800
1760126626955 105.87131786859176 81920
1760126658702 70.65995047086373 87040
1760126685945 96.75888160930147 92160
1760126713626 45.336965216075406 97280
1760126740645 118.61719457013575 102400
1760126769772 102.35501976670409 107520
1760126796546 91.85143658023826 112640
1760126825503 202.70172047167986 117760
1760126852383 74.05720742990324 122880
1760126882313 109.15844264001666 128000
1760126909505 41.62543790875619 133120
1760126940638 94.96250679224778 138240
1760126967232 95.90707246244254 143360
1760126994494 101.4268372306725 148480
1760127021447 76.979480967588 153600
1760127053921 145.75701973867112 158720
1760127080695 95.26446806577633 163840
1760127107732 67.44663675687845 168960
1760127134880 101.14311895632882 174080
1760127166945 109.57765760117042 179200
1760127194110 91.9178628563915 184320
1760127221935 54.75592689295039 189440
1760127249135 104.00476096012696 194560
1760127279724 86.33630431650234 199680
1760127308670 117.65558641196107 204800
1760127336188 106.27908273153427 209920
1760127363139 100.25585620040157 215040
1760127395451 76.9964386679884 220160
1760127423152 116.63155553083811 225280
1760127450938 179.3203933304831 230400
1760127478910 105.32630204409622 235520
1760127510567 88.09157162959696 240640
1760127537566 38.52827866217172 245760
1760127565102 205.0202365822661 250880
1760127592186 76.9187771644446 256000
1760127624401 224.31832281527437 261120
1760127651430 233.52285507488446 266240
1760127678926 160.47995102540557 271360
1760127706501 101.77879155544771 276480
1760127739301 120.87331412103747 281600
1760127766575 78.9887758945386 286720
1760127794233 106.01046379375711 291840
1760127821459 10.11758121942512 296960
1760127835286 89.18358494577929 300032
