1771642259539 496.5851745605469 8192
1771642261800 495.33258056640625 16384
1771642286769 496.3468017578125 24576
1771642289827 494.954345703125 32768
1771642314473 494.5873718261719 40960
1771642317049 494.54901123046875 49152
1771642341832 495.16864013671875 57344
1771642344900 495.49542236328125 65536
1771642369314 495.74749755859375 73728
1771642373137 495.955078125 81920
1771642397234 496.11846923828125 90112
1771642400251 496.35247802734375 98304
1771642424936 496.4651794433594 106496
1771642427921 496.559814453125 114688
1771642453314 496.71429443359375 122880
1771642455576 496.714599609375 131072
1771642480588 496.7124328613281 139264
1771642483244 496.52203369140625 147456
1771642508373 496.4085693359375 155648
1771642510953 496.3625793457031 163840
1771642536737 496.4299011230469 172032
1771642538782 496.4405517578125 180224
1771642564167 496.35247802734375 188416
1771642566733 496.31744384765625 196608
1771642592360 496.2843017578125 204800
1771642594345 496.2554931640625 212992
1771642620435 496.1451110839844 221184
1771642622451 496.20074462890625 229376
1771642647346 496.21514892578125 237568
1771642650618 496.3051452636719 245760
1771642676075 496.35162353515625 253952
1771642678288 496.32415771484375 262144
1771642703445 496.3328552246094 270336
1771642706134 496.3749694824219 278528
1771642730973 496.41314697265625 286720
1771642734024 496.41925048828125 294912
1771642745491 496.43780517578125 303104
