1771642259539 0.0 8192
1771642261800 0.0 16384
1771642286769 0.0 24576
1771642289827 0.0 32768
1771642314473 0.0 40960
1771642317049 0.0 49152
1771642341832 0.0 57344
1771642344900 0.0 65536
1771642369314 0.0 73728
1771642373137 0.0 81920
1771642397234 0.0 90112
1771642400251 0.0 98304
1771642424936 0.0 106496
1771642427921 0.0 114688
1771642453314 0.0 122880
1771642455576 0.0 131072
1771642480588 0.0 139264
1771642483244 0.0 147456
1771642508373 0.0 155648
1771642510953 0.0 163840
1771642536737 0.0 172032
1771642538782 0.0 180224
1771642564167 0.0 188416
1771642566733 0.0 196608
1771642592360 0.0 204800
1771642594345 0.0 212992
1771642620435 0.0 221184
1771642622451 0.0 229376
1771642647346 0.0 237568
1771642650618 0.0 245760
1771642676075 0.0 253952
1771642678288 0.0 262144
1771642703445 0.0 270336
1771642706134 0.0 278528
1771642730973 0.0 286720
1771642734024 0.0 294912
1771642745491 0.0 303104
