1771642259539 16.192758560180664 8192
1771642261800 16.30455207824707 16384
1771642286769 15.948465347290039 24576
1771642289827 15.772134780883789 32768
1771642314473 15.77457332611084 40960
1771642317049 15.937068939208984 49152
1771642341832 15.990300178527832 57344
1771642344900 16.116485595703125 65536
1771642369314 16.157920837402344 73728
1771642373137 16.2006893157959 81920
1771642397234 16.27217674255371 90112
1771642400251 16.247861862182617 98304
1771642424936 16.205657958984375 106496
1771642427921 16.18348503112793 114688
1771642453314 16.156570434570312 122880
1771642455576 16.10358428955078 131072
1771642480588 16.06890296936035 139264
1771642483244 15.998736381530762 147456
1771642508373 16.040699005126953 155648
1771642510953 16.033828735351562 163840
1771642536737 16.01317596435547 172032
1771642538782 15.970497131347656 180224
1771642564167 15.929553985595703 188416
1771642566733 15.940866470336914 196608
1771642592360 15.923745155334473 204800
1771642594345 15.883649826049805 212992
1771642620435 15.856359481811523 221184
1771642622451 15.862322807312012 229376
1771642647346 15.830634117126465 237568
1771642650618 15.809770584106445 245760
1771642676075 15.794418334960938 253952
1771642678288 15.773881912231445 262144
1771642703445 15.767119407653809 270336
1771642706134 15.762431144714355 278528
1771642730973 15.765127182006836 286720
1771642734024 15.759012222290039 294912
1771642745491 15.74133586883545 303104
