1771699027866 0.7492893934249878 5120
1771699040115 0.7042731046676636 10240
1771699050320 0.6906808614730835 15360
1771699062507 0.6762557029724121 20480
1771699073223 0.6740764379501343 25600
1771699084370 0.681035578250885 30720
1771699095800 0.6746125221252441 35840
1771699105964 0.6748064160346985 40960
1771699118143 0.6669003963470459 46080
1771699127854 0.6722490787506104 51200
1771699140169 0.6885362267494202 56320
1771699150065 0.6979397535324097 61440
1771699162216 0.7070083022117615 66560
1771699172124 0.7080525755882263 71680
1771699184372 0.709455668926239 76800
1771699194464 0.7106321454048157 81920
1771699206472 0.7101631164550781 87040
1771699217073 0.7044554948806763 92160
1771699228042 0.6935071349143982 97280
1771699239748 0.697521448135376 102400
1771699249919 0.6935325264930725 107520
1771699262055 0.7011496424674988 112640
1771699272349 0.7025812268257141 117760
1771699284132 0.7050773501396179 122880
1771699294165 0.7071248888969421 128000
1771699306324 0.7075921297073364 133120
1771699316365 0.7076513767242432 138240
1771699328484 0.7040510773658752 143360
1771699338429 0.7022719979286194 148480
1771699351126 0.6976158022880554 153600
1771699361505 0.6954380869865417 158720
1771699373456 0.6893059611320496 163840
1771699384230 0.6880284547805786 168960
1771699395468 0.6916927099227905 174080
1771699406898 0.691163182258606 179200
1771699417209 0.6940039396286011 184320
1771699429587 0.6895850896835327 189440
1771699439371 0.6883014440536499 194560
1771699452469 0.6882724165916443 199680
1771699461842 0.6900388598442078 204800
1771699474646 0.6882769465446472 209920
1771699484476 0.686242938041687 215040
1771699497110 0.6865604519844055 220160
1771699506460 0.6849700808525085 225280
1771699518284 0.6849273443222046 230400
1771699529208 0.6871324777603149 235520
1771699540285 0.689490795135498 240640
1771699551623 0.6911159157752991 245760
1771699562433 0.6899867057800293 250880
1771699573668 0.687872588634491 256000
1771699584397 0.688406229019165 261120
1771699595979 0.6891341209411621 266240
1771699606813 0.68966144323349 271360
1771699618106 0.6905443668365479 276480
1771699629320 0.6913950443267822 281600
1771699641317 0.6903179287910461 286720
1771699651354 0.6910805106163025 291840
1771699663670 0.69144207239151 296960
1771699668999 0.689771831035614 300032
