1771699027866 393.9194641113281 5120
1771699040115 399.1256408691406 10240
1771699050320 401.55438232421875 15360
1771699062507 401.3785400390625 20480
1771699073223 401.93524169921875 25600
1771699084370 402.6375427246094 30720
1771699095800 403.3119201660156 35840
1771699105964 403.16998291015625 40960
1771699118143 402.9683837890625 46080
1771699127854 402.5360412597656 51200
1771699140169 402.5091552734375 56320
1771699150065 402.23748779296875 61440
1771699162216 401.9234619140625 66560
1771699172124 401.83892822265625 71680
1771699184372 401.7537536621094 76800
1771699194464 402.00567626953125 81920
1771699206472 401.9921569824219 87040
1771699217073 402.3286437988281 92160
1771699228042 402.6560363769531 97280
1771699239748 402.407470703125 102400
1771699249919 402.60467529296875 107520
1771699262055 402.2550354003906 112640
1771699272349 402.3880310058594 117760
1771699284132 402.3909912109375 122880
1771699294165 402.46673583984375 128000
1771699306324 402.4753112792969 133120
1771699316365 402.5679016113281 138240
1771699328484 402.6629333496094 143360
1771699338429 402.5599670410156 148480
1771699351126 402.77215576171875 153600
1771699361505 402.84881591796875 158720
1771699373456 402.93487548828125 163840
1771699384230 402.94000244140625 168960
1771699395468 402.80511474609375 174080
1771699406898 402.7083740234375 179200
1771699417209 402.5507507324219 184320
1771699429587 402.66400146484375 189440
1771699439371 402.83319091796875 194560
1771699452469 402.6863708496094 199680
1771699461842 402.6400146484375 204800
1771699474646 402.7078857421875 209920
1771699484476 402.84100341796875 215040
1771699497110 402.8215637207031 220160
1771699506460 402.8662109375 225280
1771699518284 402.87640380859375 230400
1771699529208 402.7218933105469 235520
1771699540285 402.61529541015625 240640
1771699551623 402.5223083496094 245760
1771699562433 402.5424499511719 250880
1771699573668 402.5334777832031 256000
1771699584397 402.5552673339844 261120
1771699595979 402.4884338378906 266240
1771699606813 402.51495361328125 271360
1771699618106 402.3876647949219 276480
1771699629320 402.4302062988281 281600
1771699641317 402.4687194824219 286720
1771699651354 402.3290100097656 291840
1771699663670 402.26531982421875 296960
1771699668999 402.3402404785156 300032
