1771699027866 494.9520263671875 5120
1771699040115 497.394287109375 10240
1771699050320 497.65985107421875 15360
1771699062507 496.8996276855469 20480
1771699073223 497.5139465332031 25600
1771699084370 497.927734375 30720
1771699095800 497.71002197265625 35840
1771699105964 497.9961242675781 40960
1771699118143 497.6289367675781 46080
1771699127854 497.32867431640625 51200
1771699140169 497.24420166015625 56320
1771699150065 497.32171630859375 61440
1771699162216 497.38824462890625 66560
1771699172124 497.318359375 71680
1771699184372 497.2592468261719 76800
1771699194464 497.0918273925781 81920
1771699206472 496.9485778808594 87040
1771699217073 497.0185546875 92160
1771699228042 496.89837646484375 97280
1771699239748 496.8717041015625 102400
1771699249919 497.02276611328125 107520
1771699262055 496.91400146484375 112640
1771699272349 496.89239501953125 117760
1771699284132 497.020263671875 122880
1771699294165 497.06719970703125 128000
1771699306324 497.11248779296875 133120
1771699316365 497.0217590332031 138240
1771699328484 497.00042724609375 143360
1771699338429 496.978515625 148480
1771699351126 497.07928466796875 153600
1771699361505 497.0016174316406 158720
1771699373456 496.8722229003906 163840
1771699384230 496.9127502441406 168960
1771699395468 496.7933044433594 174080
1771699406898 496.783203125 179200
1771699417209 496.82330322265625 184320
1771699429587 496.8603515625 189440
1771699439371 496.943603515625 194560
1771699452469 496.8827819824219 199680
1771699461842 496.8706359863281 204800
1771699474646 496.94696044921875 209920
1771699484476 497.0204772949219 215040
1771699497110 497.0068664550781 220160
1771699506460 497.0334167480469 225280
1771699518284 497.05963134765625 230400
1771699529208 497.083984375 235520
1771699540285 497.10894775390625 240640
1771699551623 497.0943603515625 245760
1771699562433 497.1167907714844 250880
1771699573668 497.10382080078125 256000
1771699584397 497.0196838378906 261120
1771699595979 497.0079345703125 266240
1771699606813 496.9977111816406 271360
1771699618106 496.9210205078125 276480
1771699629320 496.94403076171875 281600
1771699641317 496.99859619140625 286720
1771699651354 496.9879150390625 291840
1771699663670 496.94677734375 296960
1771699668999 496.9727783203125 300032
