1771699027866 271.0 5120
1771699040115 525.0 10240
1771699050320 782.0 15360
1771699062507 1036.0 20480
1771699073223 1292.0 25600
1771699084370 1550.0 30720
1771699095800 1807.0 35840
1771699105964 2065.0 40960
1771699118143 2323.0 46080
1771699127854 2583.0 51200
1771699140169 2842.0 56320
1771699150065 3096.0 61440
1771699162216 3351.0 66560
1771699172124 3606.0 71680
1771699184372 3861.0 76800
1771699194464 4116.0 81920
1771699206472 4375.0 87040
1771699217073 4632.0 92160
1771699228042 4891.0 97280
1771699239748 5144.0 102400
1771699249919 5405.0 107520
1771699262055 5663.0 112640
1771699272349 5919.0 117760
1771699284132 6173.0 122880
1771699294165 6428.0 128000
1771699306324 6686.0 133120
1771699316365 6943.0 138240
1771699328484 7199.0 143360
1771699338429 7450.0 148480
1771699351126 7707.0 153600
1771699361505 7967.0 158720
1771699373456 8225.0 163840
1771699384230 8480.0 168960
1771699395468 8738.0 174080
1771699406898 8994.0 179200
1771699417209 9253.0 184320
1771699429587 9510.0 189440
1771699439371 9769.0 194560
1771699452469 10023.0 199680
1771699461842 10282.0 204800
1771699474646 10539.0 209920
1771699484476 10799.0 215040
1771699497110 11058.0 220160
1771699506460 11312.0 225280
1771699518284 11570.0 230400
1771699529208 11825.0 235520
1771699540285 12078.0 240640
1771699551623 12334.0 245760
1771699562433 12588.0 250880
1771699573668 12850.0 256000
1771699584397 13106.0 261120
1771699595979 13362.0 266240
1771699606813 13621.0 271360
1771699618106 13878.0 276480
1771699629320 14135.0 281600
1771699641317 14392.0 286720
1771699651354 14647.0 291840
1771699663670 14903.0 296960
1771699668999 15031.0 300032
