1771699027866 20.767528533935547 5120
1771699040115 20.499048233032227 10240
1771699050320 20.294116973876953 15360
1771699062507 20.250965118408203 20480
1771699073223 20.20355987548828 25600
1771699084370 20.151613235473633 30720
1771699095800 20.12396240234375 35840
1771699105964 20.091041564941406 40960
1771699118143 20.060266494750977 46080
1771699127854 20.03174591064453 51200
1771699140169 20.001054763793945 56320
1771699150065 20.009689331054688 61440
1771699162216 20.018203735351562 66560
1771699172124 20.02301788330078 71680
1771699184372 20.03237533569336 76800
1771699194464 20.0238094329834 81920
1771699206472 20.01714324951172 87040
1771699217073 20.00539779663086 92160
1771699228042 19.994070053100586 97280
1771699239748 20.003887176513672 102400
1771699249919 19.992969512939453 107520
1771699262055 19.983047485351562 112640
1771699272349 19.985977172851562 117760
1771699284132 19.986555099487305 122880
1771699294165 19.990976333618164 128000
1771699306324 19.98833465576172 133120
1771699316365 19.987468719482422 138240
1771699328484 19.984025955200195 143360
1771699338429 19.998254776000977 148480
1771699351126 19.99416160583496 153600
1771699361505 19.988452911376953 158720
1771699373456 19.980791091918945 163840
1771699384230 19.982074737548828 168960
1771699395468 19.982376098632812 174080
1771699406898 19.98276710510254 179200
1771699417209 19.97492790222168 184320
1771699429587 19.974763870239258 189440
1771699439371 19.970211029052734 194560
1771699452469 19.971864700317383 199680
1771699461842 19.96975326538086 204800
1771699474646 19.96707534790039 209920
1771699484476 19.959997177124023 215040
1771699497110 19.95541763305664 220160
1771699506460 19.960573196411133 225280
1771699518284 19.959810256958008 230400
1771699529208 19.961015701293945 235520
1771699540285 19.966964721679688 240640
1771699551623 19.96521759033203 245760
1771699562433 19.971004486083984 250880
1771699573668 19.962800979614258 256000
1771699584397 19.964214324951172 261120
1771699595979 19.96407699584961 266240
1771699606813 19.95918083190918 271360
1771699618106 19.9581356048584 276480
1771699629320 19.9586124420166 281600
1771699641317 19.958240509033203 286720
1771699651354 19.959991455078125 291840
1771699663670 19.959537506103516 296960
1771699668999 19.960880279541016 300032
