1771699027866 17.63460350036621 5120
1771699040115 16.142637252807617 10240
1771699050320 15.622719764709473 15360
1771699062507 15.182317733764648 20480
1771699073223 15.124212265014648 25600
1771699084370 15.255901336669922 30720
1771699095800 15.20753288269043 35840
1771699105964 15.147760391235352 40960
1771699118143 14.94248104095459 46080
1771699127854 15.000639915466309 51200
1771699140169 15.327496528625488 56320
1771699150065 15.523914337158203 61440
1771699162216 15.699501991271973 66560
1771699172124 15.688385009765625 71680
1771699184372 15.729084014892578 76800
1771699194464 15.762243270874023 81920
1771699206472 15.755607604980469 87040
1771699217073 15.62060832977295 92160
1771699228042 15.404356956481934 97280
1771699239748 15.495165824890137 102400
1771699249919 15.409957885742188 107520
1771699262055 15.56039047241211 112640
1771699272349 15.592794418334961 117760
1771699284132 15.646683692932129 122880
1771699294165 15.675529479980469 128000
1771699306324 15.687676429748535 133120
1771699316365 15.688811302185059 138240
1771699328484 15.609369277954102 143360
1771699338429 15.583250999450684 148480
1771699351126 15.488055229187012 153600
1771699361505 15.439571380615234 158720
1771699373456 15.318056106567383 163840
1771699384230 15.290030479431152 168960
1771699395468 15.359307289123535 174080
1771699406898 15.346251487731934 179200
1771699417209 15.402450561523438 184320
1771699429587 15.314570426940918 189440
1771699439371 15.279374122619629 194560
1771699452469 15.276114463806152 199680
1771699461842 15.305194854736328 204800
1771699474646 15.267557144165039 209920
1771699484476 15.224387168884277 215040
1771699497110 15.223671913146973 220160
1771699506460 15.197758674621582 225280
1771699518284 15.194653511047363 230400
1771699529208 15.23469352722168 235520
1771699540285 15.283504486083984 240640
1771699551623 15.314475059509277 245760
1771699562433 15.298771858215332 250880
1771699573668 15.256416320800781 256000
1771699584397 15.272635459899902 261120
1771699595979 15.293725967407227 266240
1771699606813 15.301507949829102 271360
1771699618106 15.318168640136719 276480
1771699629320 15.338711738586426 281600
1771699641317 15.316389083862305 286720
1771699651354 15.333880424499512 291840
1771699663670 15.340274810791016 296960
1771699668999 15.308716773986816 300032
