1760115109857 0.894658936000668 5120
1760115153931 0.836197817136371 10240
1760115197845 0.4204598289469014 15360
1760115241917 0.2016990276198313 20480
1760115286100 0.06474669587692158 25600
1760115329937 -0.040629732060133164 30720
1760115372752 -0.1130879501406656 35840
1760115413491 -0.047838746059830885 40960
1760115454181 0.06570962213600094 46080
1760115494810 0.15049824782837531 51200
1760115535467 0.22298043605468282 56320
1760115576016 0.2810790113908335 61440
1760115616713 0.33194874199953944 66560
1760115657780 0.371192370450396 71680
1760115698293 0.40785624381190416 76800
1760115739028 0.4428159943291429 81920
1760115779799 0.4713739172420146 87040
1760115820452 0.49460221746615657 92160
1760115861119 0.5246021301714028 97280
1760115901734 0.5423361162764484 102400
1760115942703 0.5664763021497916 107520
1760115984197 0.5792141841825411 112640
1760116026298 0.5974285034989715 117760
1760116068469 0.6100332425988239 122880
1760116110180 0.622153211743818 128000
1760116150892 0.6317884711692432 133120
1760116191545 0.6427322978725759 138240
1760116232244 0.6566335813518314 143360
1760116273018 0.6621189721374467 148480
1760116313752 0.6715652356591257 153600
1760116354487 0.6774083257906609 158720
1760116396518 0.681190943085655 163840
1760116442534 0.6863384035766101 168960
1760116487234 0.6926438171987295 174080
1760116528463 0.6979581881408838 179200
1760116569082 0.7019095651150309 184320
1760116609731 0.7056091916516235 189440
1760116650496 0.7101518899795279 194560
1760116691155 0.7172218094970716 199680
1760116731935 0.7229234735326303 204800
1760116773340 0.7287284314964168 209920
1760116819514 0.7311086085835014 215040
1760116861649 0.7346666376525861 220160
1760116903409 0.738033499128075 225280
1760116945162 0.7426168693973495 230400
1760116987940 0.7472223875335511 235520
1760117031574 0.7550524812870388 240640
1760117075878 0.7575768887582498 245760
1760117117423 0.7608448352565501 250880
1760117158747 0.7645003847370739 256000
1760117202535 0.7667187060348006 261120
1760117243747 0.7702617813349545 266240
1760117285049 0.7746320415865167 271360
1760117325977 0.777087943437782 276480
1760117366894 0.779735859496925 281600
1760117407899 0.7820538142608235 286720
1760117448441 0.7835210561222422 291840
1760117490029 0.7869068924768781 296960
1760117506268 0.788354946263622 300032
