1760115109857 0.0 5120
1760115153931 0.0 10240
1760115197845 0.0 15360
1760115241917 0.0 20480
1760115286100 0.0 25600
1760115329937 0.0 30720
1760115372752 0.0 35840
1760115413491 0.0 40960
1760115454181 0.0 46080
1760115494810 0.0 51200
1760115535467 0.0 56320
1760115576016 0.0 61440
1760115616713 0.0 66560
1760115657780 0.0 71680
1760115698293 0.0 76800
1760115739028 0.0 81920
1760115779799 0.0 87040
1760115820452 0.0 92160
1760115861119 0.0 97280
1760115901734 0.0 102400
1760115942703 0.0 107520
1760115984197 0.0 112640
1760116026298 0.0 117760
1760116068469 0.0 122880
1760116110180 0.0 128000
1760116150892 0.0 133120
1760116191545 0.0 138240
1760116232244 0.0 143360
1760116273018 0.0 148480
1760116313752 0.0 153600
1760116354487 0.0 158720
1760116396518 0.0 163840
1760116442534 0.0 168960
1760116487234 0.0 174080
1760116528463 0.0 179200
1760116569082 0.0 184320
1760116609731 0.0 189440
1760116650496 0.0 194560
1760116691155 0.0 199680
1760116731935 0.0 204800
1760116773340 0.0 209920
1760116819514 0.0 215040
1760116861649 0.0 220160
1760116903409 0.0 225280
1760116945162 0.0 230400
1760116987940 0.0 235520
1760117031574 0.0 240640
1760117075878 0.0 245760
1760117117423 0.0 250880
1760117158747 0.0 256000
1760117202535 0.0 261120
1760117243747 0.0 266240
1760117285049 0.0 271360
1760117325977 0.0 276480
1760117366894 0.0 281600
1760117407899 0.0 286720
1760117448441 0.0 291840
1760117490029 0.0 296960
1760117506268 0.0 300032
