1771633793425 496.47509765625 5120
1771633806924 495.5426330566406 10240
1771633824454 494.6241760253906 15360
1771633837759 494.5974426269531 20480
1771633855224 494.2470703125 25600
1771633868883 494.3309631347656 30720
1771633886062 494.89727783203125 35840
1771633899724 494.6469421386719 40960
1771633916939 494.65289306640625 46080
1771633930418 495.1968994140625 51200
1771633947881 495.3157653808594 56320
1771633961272 495.264892578125 61440
1771633978762 495.3545227050781 66560
1771633992321 495.3079528808594 71680
1771634009738 495.1514587402344 76800
1771634023190 495.3428039550781 81920
1771634040725 495.4140625 87040
1771634054248 495.66937255859375 92160
1771634072338 495.5211181640625 97280
1771634085135 495.6569519042969 102400
1771634103579 495.61114501953125 107520
1771634116323 495.56671142578125 112640
1771634134975 495.529052734375 117760
1771634147781 495.56884765625 122880
1771634165792 495.53314208984375 128000
1771634178599 495.6376953125 133120
1771634196652 495.5339660644531 138240
1771634209306 495.56781005859375 143360
1771634227803 495.53753662109375 148480
1771634240600 495.50738525390625 153600
1771634258685 495.5975036621094 158720
1771634271885 495.5149841308594 163840
1771634289546 495.6510009765625 168960
1771634303270 495.7269592285156 174080
1771634320202 495.7475280761719 179200
1771634334114 495.8630676269531 184320
1771634351297 495.92608642578125 189440
1771634364913 496.03265380859375 194560
1771634382320 495.90655517578125 199680
1771634395991 495.96435546875 204800
1771634412744 495.9766845703125 209920
1771634426760 496.031005859375 215040
1771634443321 496.0390625 220160
1771634458619 496.0480041503906 225280
1771634474476 496.0171203613281 230400
1771634490178 496.0271301269531 235520
1771634505808 496.0739440917969 240640
1771634521030 496.1197204589844 245760
1771634536940 496.01885986328125 250880
1771634551844 495.9933776855469 256000
1771634568218 496.03521728515625 261120
1771634583003 496.009033203125 266240
1771634599618 496.0830383300781 271360
1771634614020 496.091064453125 276480
1771634630463 496.0977783203125 281600
1771634644968 496.1366271972656 286720
1771634660709 496.1104431152344 291840
1771634675739 496.08489990234375 296960
1771634685430 496.08709716796875 300032
