1771633793425 23.413238525390625 5120
1771633806924 21.465938568115234 10240
1771633824454 22.322954177856445 15360
1771633837759 23.738792419433594 20480
1771633855224 24.448394775390625 25600
1771633868883 23.62117576599121 30720
1771633886062 23.28508186340332 35840
1771633899724 22.664203643798828 40960
1771633916939 22.315670013427734 46080
1771633930418 21.56961441040039 51200
1771633947881 21.107057571411133 56320
1771633961272 20.8887939453125 61440
1771633978762 20.620769500732422 66560
1771633992321 20.53059959411621 71680
1771634009738 20.218008041381836 76800
1771634023190 19.965221405029297 81920
1771634040725 19.775968551635742 87040
1771634054248 19.808998107910156 92160
1771634072338 19.907764434814453 97280
1771634085135 19.788999557495117 102400
1771634103579 19.647123336791992 107520
1771634116323 19.68987464904785 112640
1771634134975 19.66925811767578 117760
1771634147781 19.71534538269043 122880
1771634165792 19.692556381225586 128000
1771634178599 19.656618118286133 133120
1771634196652 19.608728408813477 138240
1771634209306 19.488508224487305 143360
1771634227803 19.448270797729492 148480
1771634240600 19.405908584594727 153600
1771634258685 19.298019409179688 158720
1771634271885 19.14501953125 163840
1771634289546 19.09804916381836 168960
1771634303270 19.062299728393555 174080
1771634320202 18.998281478881836 179200
1771634334114 19.026817321777344 184320
1771634351297 18.924570083618164 189440
1771634364913 18.910627365112305 194560
1771634382320 18.86454200744629 199680
1771634395991 18.85124969482422 204800
1771634412744 18.807083129882812 209920
1771634426760 18.732362747192383 215040
1771634443321 18.670055389404297 220160
1771634458619 18.66009521484375 225280
1771634474476 18.639001846313477 230400
1771634490178 18.60025405883789 235520
1771634505808 18.520343780517578 240640
1771634521030 18.507965087890625 245760
1771634536940 18.464500427246094 250880
1771634551844 18.474340438842773 256000
1771634568218 18.484041213989258 261120
1771634583003 18.4669246673584 266240
1771634599618 18.52034568786621 271360
1771634614020 18.504661560058594 276480
1771634630463 18.476221084594727 281600
1771634644968 18.469396591186523 286720
1771634660709 18.49481201171875 291840
1771634675739 18.518037796020508 296960
1771634685430 18.527822494506836 300032
