1771695477417 15.834400177001953 5120
1771695488150 13.297398567199707 10240
1771695495349 12.725504875183105 15360
1771695502218 12.727869987487793 20480
1771695510144 11.905298233032227 25600
1771695521504 14.95329475402832 30720
1771695529337 10.496639251708984 35840
1771695536410 13.836532592773438 40960
1771695543299 12.061275482177734 46080
1771695554253 9.701715469360352 51200
1771695562435 12.899380683898926 56320
1771695569411 9.546472549438477 61440
1771695576463 11.98897933959961 66560
1771695587580 10.318939208984375 71680
1771695595510 9.693659782409668 76800
1771695602368 11.450682640075684 81920
1771695609630 11.0613374710083 87040
1771695621334 11.225942611694336 92160
1771695628892 11.88508129119873 97280
1771695635734 10.465692520141602 102400
1771695643088 9.524263381958008 107520
1771695653776 10.792882919311523 112640
1771695661678 12.825506210327148 117760
1771695668360 9.406352996826172 122880
1771695675699 11.307475090026855 128000
1771695686545 12.284711837768555 133120
1771695694116 10.860411643981934 138240
1771695701459 9.849186897277832 143360
1771695708831 11.155434608459473 148480
1771695719073 12.395021438598633 153600
1771695727265 11.456070899963379 158720
1771695734972 9.104047775268555 163840
1771695742221 9.769571304321289 168960
1771695751756 11.827447891235352 174080
1771695760302 9.870326042175293 179200
1771695768717 9.406557083129883 184320
1771695775659 11.410543441772461 189440
1771695784593 12.215047836303711 194560
1771695794037 9.418607711791992 199680
1771695801500 9.335860252380371 204800
1771695808603 9.927659034729004 209920
1771695818296 11.124505996704102 215040
1771695827496 12.819089889526367 220160
1771695834787 9.906949043273926 225280
1771695842044 8.401951789855957 230400
1771695851434 8.891461372375488 235520
1771695860531 10.126057624816895 240640
1771695868779 9.718696594238281 245760
1771695876228 10.436909675598145 250880
1771695884752 9.325040817260742 256000
1771695893646 9.835330963134766 261120
1771695902362 8.399737358093262 266240
1771695909700 9.743036270141602 271360
1771695918274 9.172053337097168 276480
1771695927355 10.19947338104248 281600
1771695936056 8.621989250183105 286720
1771695943245 8.323335647583008 291840
1771695951323 7.757959842681885 296960
1771695956417 8.008923530578613 300032
