1771087818837 0.0 6144
1771087830033 0.0 12288
1771087837923 0.0 18432
1771087848497 0.0 24576
1771087859102 0.0 30720
1771087870281 0.0 36864
1771087877544 0.0 43008
1771087888212 0.0 49152
1771087899272 0.0 55296
1771087910058 0.0 61440
1771087917634 0.0 67584
1771087928441 0.0 73728
1771087939189 0.0 79872
1771087949810 0.0 86016
1771087958007 0.0 92160
1771087968822 0.0 98304
1771087979546 0.0 104448
1771087989947 0.0 110592
1771087997977 0.0 116736
1771088008741 0.0 122880
1771088020050 0.0 129024
1771088029669 0.0 135168
1771088038370 0.0 141312
1771088049242 0.0 147456
1771088059951 0.0 153600
1771088069699 0.0 159744
1771088078386 0.0 165888
1771088089632 0.0 172032
1771088100379 0.0 178176
1771088110087 0.0 184320
1771088118690 0.0 190464
1771088129937 0.0 196608
1771088140742 0.0 202752
1771088149898 0.0 208896
1771088159562 0.0 215040
1771088170313 0.0 221184
1771088180908 0.0 227328
1771088190231 0.0 233472
1771088199199 0.0 239616
1771088209990 0.0 245760
1771088221205 0.0 251904
1771088229770 0.0 258048
1771088239743 0.0 264192
1771088251209 0.0 270336
1771088261839 0.0 276480
1771088269822 0.0 282624
1771088280346 0.0 288768
1771088291230 0.0 294912
1771088296721 0.0 301056
