1771087818831 15.956197738647461 6144
1771087830027 15.53612995147705 12288
1771087837917 14.751561164855957 18432
1771087848491 14.06324291229248 24576
1771087859096 14.935516357421875 30720
1771087870275 13.098099708557129 36864
1771087877538 12.429832458496094 43008
1771087888206 11.88103199005127 49152
1771087899266 12.39984130859375 55296
1771087910052 10.99168872833252 61440
1771087917628 11.057517051696777 67584
1771087928434 10.197524070739746 73728
1771087939182 10.489344596862793 79872
1771087949803 9.340120315551758 86016
1771087958000 10.165024757385254 92160
1771087968816 8.689393043518066 98304
1771087979539 9.269375801086426 104448
1771087989941 8.204806327819824 110592
1771087997970 9.280464172363281 116736
1771088008734 8.312568664550781 122880
1771088020043 9.165444374084473 129024
1771088029662 8.532488822937012 135168
1771088038363 8.760750770568848 141312
1771088049233 8.517318725585938 147456
1771088059943 9.615370750427246 153600
1771088069692 8.461015701293945 159744
1771088078378 8.394298553466797 165888
1771088089625 8.792858123779297 172032
1771088100371 8.695399284362793 178176
1771088110079 9.039116859436035 184320
1771088118683 10.502593040466309 190464
1771088129929 9.43045425415039 196608
1771088140734 9.850602149963379 202752
1771088149890 8.827730178833008 208896
1771088159554 9.779677391052246 215040
1771088170305 8.724055290222168 221184
1771088180900 9.5587797164917 227328
1771088190223 9.115645408630371 233472
1771088199191 9.174511909484863 239616
1771088209982 9.55612850189209 245760
1771088221197 9.256364822387695 251904
1771088229762 9.44118881225586 258048
1771088239735 9.6460542678833 264192
1771088251200 9.359674453735352 270336
1771088261831 9.022612571716309 276480
1771088269814 8.990067481994629 282624
1771088280337 9.168403625488281 288768
1771088291222 9.956023216247559 294912
1771088296713 9.403013229370117 301056
