1771214559886 25.462053298950195 5120
1771214570834 26.4377498626709 10240
1771214581922 26.727977752685547 15360
1771214593242 26.691932678222656 20480
1771214605143 26.607730865478516 25600
1771214616244 26.577890396118164 30720
1771214627239 26.166614532470703 35840
1771214638130 25.42164421081543 40960
1771214649914 25.5374698638916 46080
1771214661225 25.648054122924805 51200
1771214672351 25.75745391845703 56320
1771214684426 25.885007858276367 61440
1771214695386 25.881872177124023 66560
1771214706730 25.86452293395996 71680
1771214717650 25.83074951171875 76800
1771214728935 25.820165634155273 81920
1771214740152 25.816669464111328 87040
1771214751172 25.842531204223633 92160
1771214762297 25.95224380493164 97280
1771214773822 26.045778274536133 102400
1771214784591 26.101652145385742 107520
1771214795686 26.109594345092773 112640
1771214806488 26.143632888793945 117760
1771214818046 26.07720184326172 122880
1771214828855 26.039995193481445 128000
1771214840266 25.868425369262695 133120
1771214851450 25.70463752746582 138240
1771214862940 25.53238868713379 143360
1771214874533 25.386381149291992 148480
1771214885383 25.25657081604004 153600
1771214896077 25.184371948242188 158720
1771214907017 25.142053604125977 163840
1771214917934 25.094873428344727 168960
1771214929023 25.080604553222656 174080
1771214940050 25.091543197631836 179200
1771214951688 25.088397979736328 184320
1771214962691 25.112960815429688 189440
1771214973846 25.147624969482422 194560
1771214985302 25.095577239990234 199680
1771214996176 25.0462589263916 204800
1771215007444 24.928813934326172 209920
1771215018301 24.841571807861328 215040
1771215029761 24.796606063842773 220160
1771215040651 24.726627349853516 225280
1771215051509 24.672653198242188 230400
1771215062721 24.62733268737793 235520
1771215073851 24.606552124023438 240640
1771215085087 24.584007263183594 245760
1771215095978 24.568635940551758 250880
1771215107043 24.550796508789062 256000
1771215118357 24.53346061706543 261120
1771215129515 24.480247497558594 266240
1771215140790 24.440698623657227 271360
1771215151712 24.408489227294922 276480
1771215163609 24.38730812072754 281600
1771215175008 24.383146286010742 286720
1771215186272 24.37883758544922 291840
1771215197032 24.368858337402344 296960
1771215202832 24.351966857910156 300032
