1760055377877 411.20023069519925 5120
1760055405940 414.37417923151753 10240
1760055433393 415.2061465231788 15360
1760055461042 413.56379879856206 20480
1760055492612 414.47022040142275 25600
1760055519902 414.8602977152825 30720
1760055546273 414.8187761027257 35840
1760055573556 414.832965658723 40960
1760055608606 414.59645233014436 46080
1760055638295 414.4803968607837 51200
1760055666416 414.26918978428785 56320
1760055695162 414.31721520869377 61440
1760055727212 413.97945412340255 66560
1760055755795 414.36660823737 71680
1760055784757 417.7424806041956 76800
1760055814787 420.73671336277 81920
1760055845207 423.4760152799926 87040
1760055873985 426.08129114221646 92160
1760055902431 428.2996668324643 97280
1760055932757 430.3526653931557 102400
1760055961719 432.354071717693 107520
1760055994923 434.11608001210595 112640
1760056022653 435.67882283343926 117760
1760056051070 437.13963638117286 122880
1760056081825 438.2900317272784 128000
1760056111934 439.3003609731827 133120
1760056140114 440.2437555188441 138240
1760056169114 441.3638748410859 143360
1760056199180 442.1412619992219 148480
1760056229045 443.08525036530517 153600
1760056257645 443.89678328758305 158720
1760056286897 444.77428667363847 163840
1760056316072 445.5148980766478 168960
1760056346213 446.13679166022865 174080
1760056375102 446.77702417332415 179200
1760056410202 447.4705480426787 184320
1760056438475 448.0588361441893 189440
1760056467580 448.6005741690851 194560
1760056505946 449.200089491082 199680
1760056539931 449.6982770062133 204800
1760056568712 450.16344262203387 209920
1760056596954 450.6168872743333 215040
1760056624613 451.0689887089305 220160
1760056653909 451.41548686713014 225280
1760056683288 451.78114445031036 230400
1760056712858 452.16168749714586 235520
1760056741796 452.54621133538467 240640
1760056769828 452.9224329137339 245760
1760056798576 453.2891247323341 250880
1760056829990 453.5435888339599 256000
1760056860902 453.86006441400133 261120
1760056888344 454.20288149104545 266240
1760056915972 454.53218902324244 271360
1760056946670 454.7358169543782 276480
1760056973694 454.95170220953804 281600
1760057006689 455.21607839144195 286720
1760057033937 455.45401131624595 291840
1760057062492 455.67812310169904 296960
1760057079248 455.7867144178489 300032
