1760055377877 22.202898550724637 5120
1760055405940 21.879377431906615 10240
1760055433393 21.709933774834436 15360
1760055461042 21.68819374369324 20480
1760055492612 21.62682926829268 25600
1760055519902 21.60585432266848 30720
1760055546273 21.616060961313014 35840
1760055573556 21.5775950668037 40960
1760055608606 21.586617781851512 46080
1760055638295 21.590157154673285 51200
1760055666416 21.608892238131123 56320
1760055695162 21.605882352941176 61440
1760055727212 21.58626198083067 66560
1760055755795 21.608320950965826 71680
1760055784757 21.579195561719832 76800
1760055814787 21.586520947176684 81920
1760055845207 21.590039254170755 87040
1760055873985 21.572222222222223 92160
1760055902431 21.584412733260155 97280
1760055932757 21.6085684430512 102400
1760055961719 21.58575407879029 107520
1760055994923 21.586973034561336 112640
1760056022653 21.574178318503723 117760
1760056051070 21.543731524952182 122880
1760056081825 21.535302954431646 128000
1760056111934 21.56690254100997 133120
1760056140114 21.616053407855922 138240
1760056169114 21.59317977864194 143360
1760056199180 21.638679791546032 148480
1760056229045 21.64426711465771 153600
1760056257645 21.652704351362342 158720
1760056286897 21.636089238845145 163840
1760056316072 21.626797302455785 168960
1760056346213 21.645364647713226 174080
1760056375102 21.64368092263335 179200
1760056410202 21.64339093881364 184320
1760056438475 21.62609288066311 189440
1760056467580 21.62056384742952 194560
1760056505946 21.59873022705262 199680
1760056539931 21.58305369127517 204800
1760056568712 21.573284238518973 209920
1760056596954 21.579105073911307 215040
1760056624613 21.564102564102566 220160
1760056653909 21.586854907946197 225280
1760056683288 21.601176031360836 230400
1760056712858 21.603434103571104 235520
1760056741796 21.59390636168692 240640
1760056769828 21.57620005246131 245760
1760056798576 21.57695931477516 250880
1760056829990 21.58850709905066 256000
1760056860902 21.60794658313412 261120
1760056888344 21.609476067270375 266240
1760056915972 21.58896726638662 271360
1760056946670 21.61010745989721 276480
1760056973694 21.612666360715924 281600
1760057006689 21.61268028846154 286720
1760057033937 21.61573664009448 291840
1760057062492 21.612098353521432 296960
1760057079248 21.607662393777908 300032
