1760055377871 -1.65699887664523 5120
1760055405934 -0.6914857485077598 10240
1760055433387 -0.46523298472166064 15360
1760055461036 -0.3849786627860296 20480
1760055492607 -0.3304660462416135 25600
1760055519883 -0.288633454999616 30720
1760055546269 -0.2674603435728285 35840
1760055573549 -0.2441734418636415 40960
1760055608601 -0.2290338140466939 46080
1760055638290 -0.21415106034746353 51200
1760055666411 -0.19956402927637099 56320
1760055695146 -0.18692678916649738 61440
1760055727208 -0.18224229054017502 66560
1760055755790 -0.1695520008114022 71680
1760055784751 -0.16081671965749642 76800
1760055814782 -0.13118800778447845 81920
1760055845203 -0.12337548261465027 87040
1760055873980 -0.11418731592513703 92160
1760055902426 -0.09197909049689772 97280
1760055932752 -0.0772895360937213 102400
1760055961714 -0.07020043269643243 107520
1760055994915 -0.07097450355151752 112640
1760056022644 -0.0600117340170104 117760
1760056051064 -0.04934394733964904 122880
1760056081819 -0.04203943354742867 128000
1760056111929 -0.03315393324116714 133120
1760056140109 -0.028324683536501492 138240
1760056169106 -0.026572325001371667 143360
1760056199172 -0.025688717667370627 148480
1760056229037 -0.021418058260387146 153600
1760056257639 -0.018289096500629036 158720
1760056286891 -0.018137021020332482 163840
1760056316066 -0.015523498693862594 168960
1760056346207 -0.011634209046238346 174080
1760056375094 -0.011010268567637965 179200
1760056410196 -0.0039356766212011235 184320
1760056438466 -0.0014699331257850316 189440
1760056467554 0.0023310816105630698 194560
1760056505939 0.005613474975035964 199680
1760056539923 0.006556808933689821 204800
1760056568704 0.007915682757942423 209920
1760056596947 0.009993553959645367 215040
1760056624606 0.010500420091880692 220160
1760056653902 0.013451342979167922 225280
1760056683279 0.021581250983001912 230400
1760056712850 0.026437302353062152 235520
1760056741785 0.029804968076237177 240640
1760056769821 0.03051532323924338 245760
1760056798569 0.028708214100783433 250880
1760056829982 0.030131798103986036 256000
1760056860890 0.03202972789295018 261120
1760056888332 0.03286991594394962 266240
1760056915964 0.037164773259844096 271360
1760056946661 0.04081792189186349 276480
1760056973685 0.0421120380145916 281600
1760057006681 0.04287127659414162 286720
1760057033929 0.04266658246100365 291840
1760057062485 0.04179100949330019 296960
1760057079241 0.016432757426447432 300032
