1758839770316 500.0 6144
1758839786621 500.0 12288
1758839802605 500.0 18432
1758839820197 500.0 24576
1758839822391 500.0 30720
1758839839922 500.0 36864
1758839857530 500.0 43008
1758839873208 500.0 49152
1758839878925 500.0 55296
1758839892813 500.0 61440
1758839911310 500.0 67584
1758839929470 500.0 73728
1758839938148 500.0 79872
1758839950535 500.0 86016
1758839967231 500.0 92160
1758839985994 500.0 98304
1758839994071 500.0 104448
1758840008335 500.0 110592
1758840025768 500.0 116736
1758840042700 500.0 122880
1758840052120 500.0 129024
1758840067446 500.0 135168
1758840082662 500.0 141312
1758840100805 500.0 147456
1758840110851 500.0 153600
1758840125213 500.0 159744
1758840139113 500.0 165888
1758840156435 500.0 172032
1758840168855 500.0 178176
1758840180392 500.0 184320
1758840195226 500.0 190464
1758840213420 500.0 196608
1758840224788 500.0 202752
1758840235081 500.0 208896
1758840251279 500.0 215040
1758840269214 500.0 221184
1758840281064 500.0 227328
1758840289436 500.0 233472
1758840306859 500.0 239616
1758840323440 500.0 245760
1758840336684 500.0 251904
1758840346141 500.0 258048
1758840360258 500.0 264192
1758840377714 500.0 270336
1758840391738 500.0 276480
1758840401841 500.0 282624
1758840415298 500.0 288768
1758840432028 500.0 294912
1758840439112 500.0 301056
