1758839770316 22.62116991643454 6144
1758839786621 20.491404011461317 12288
1758839802605 19.859223300970875 18432
1758839820197 19.570588235294117 24576
1758839822391 19.471743010113027 30720
1758839839922 19.379860418743768 36864
1758839857530 19.333190210390725 43008
1758839873208 19.236842105263158 49152
1758839878925 19.156469408224673 55296
1758839892813 19.096599458320796 61440
1758839911310 19.0960219478738 67584
1758839929470 19.047271812924315 73728
1758839938148 18.991187384044526 79872
1758839950535 18.93805119380512 86016
1758839967231 18.881338945680497 92160
1758839985994 18.869826937547028 98304
1758839994071 18.879411243128214 104448
1758840008335 18.986846543001686 110592
1758840025768 19.122402963440166 116736
1758840042700 19.218067097568483 122880
1758840052120 19.266872518747242 129024
1758840067446 19.305700211118932 135168
1758840082662 19.351829350614285 141312
1758840100805 19.407739254642255 147456
1758840110851 19.460287679799876 153600
1758840125213 19.49590163934426 159744
1758840139113 19.535311227457825 165888
1758840156435 19.575928008998876 172032
1758840168855 19.62980716853688 178176
1758840180392 19.68297063173463 184320
1758840195226 19.75680114977928 190464
1758840213420 19.819878255663106 196608
1758840224788 19.898445092322643 202752
1758840235081 19.96969696969697 208896
1758840251279 20.0428518655338 215040
1758840269214 20.10339547869945 221184
1758840281064 20.133965411289616 227328
1758840289436 20.16916488222698 233472
1758840306859 20.201839464882944 239616
1758840323440 20.2312591866732 245760
1758840336684 20.268960562030976 251904
1758840346141 20.322003438037193 258048
1758840360258 20.36531252390789 264192
1758840377714 20.400104876769795 270336
1758840391738 20.41774193548387 276480
1758840401841 20.43739230327398 282624
1758840415298 20.432506499894597 288768
1758840432028 20.431294295740727 294912
1758840439112 20.427757041058705 301056
