1758839770312 5.558999848365784 6144
1758839786617 2.3510343755994527 12288
1758839802601 1.3158061766624451 18432
1758839820193 0.724432191481957 24576
1758839822385 0.49597162082791324 30720
1758839839918 0.33657068453337013 36864
1758839857525 0.28012401786717506 43008
1758839873203 0.23176588535308837 49152
1758839878922 0.20631144004208699 55296
1758839892807 0.1661516554893986 61440
1758839911306 0.14771063327789305 67584
1758839929465 0.14427888635042552 73728
1758839938144 0.1308786904811859 79872
1758839950531 0.11685234640919885 86016
1758839967227 0.10605348685513373 92160
1758839985990 0.09665569237300328 98304
1758839994067 0.09419368895200583 104448
1758840008327 0.07658405390652745 110592
1758840025763 0.09225829408086579 116736
1758840042696 0.10830151780706938 122880
1758840052116 0.11136287152767183 129024
1758840067441 0.10719109257655358 135168
1758840082657 0.11142375809805734 141312
1758840100801 0.10665797599374433 147456
1758840110844 0.1094857052752846 153600
1758840125208 0.11299781497520736 159744
1758840139109 0.11687061059765698 165888
1758840156430 0.10591985267751357 172032
1758840168849 0.110151653398167 178176
1758840180387 0.1079331534249442 184320
1758840195221 0.09935429882495961 190464
1758840213416 0.1024300378622468 196608
1758840224783 0.10832436084747314 202752
1758840235073 0.11096391538971836 208896
1758840251274 0.10757297929727806 215040
1758840269206 0.10922182874942044 221184
1758840281060 0.10112717747688293 227328
1758840289429 0.11052483392798383 233472
1758840306850 0.10083606020878938 239616
1758840323434 0.10578931323752915 245760
1758840336679 0.1045682684067757 251904
1758840346133 0.09462846827319288 258048
1758840360252 0.10154994469422561 264192
1758840377709 0.09770681660874446 270336
1758840391733 0.09249290806405684 276480
1758840401835 0.08891246473188881 282624
1758840415293 0.09054522715823753 288768
1758840432022 0.08550402394656477 294912
1758840439106 0.0553484903711851 301056
