1758839770316 11.172005231001915 6144
1758839786621 7.052172685420957 12288
1758839802605 5.569174579509253 18432
1758839820197 4.778798843832577 24576
1758839822391 4.376809278462062 30720
1758839839922 4.053796792909845 36864
1758839857530 3.8738727692423485 43008
1758839873208 3.7272555071608466 49152
1758839878925 3.5763957266901616 55296
1758839892813 3.4404904012252437 61440
1758839911310 3.398056578668874 67584
1758839929470 3.2911950913031918 73728
1758839938148 3.1905340591034332 79872
1758839950535 3.1462320634231027 86016
1758839967231 3.0601823018820116 92160
1758839985994 3.0284047166237356 98304
1758839994071 3.0464472600724135 104448
1758840008335 3.3613967599595376 110592
1758840025768 3.63366340788345 116736
1758840042700 3.9137554397653456 122880
1758840052120 4.212615714390792 129024
1758840067446 4.500234496769647 135168
1758840082662 4.719488259026183 141312
1758840100805 4.966119047728874 147456
1758840110851 5.174994704751688 153600
1758840125213 5.377943095038919 159744
1758840139113 5.556408672765495 165888
1758840156435 5.7209129058872215 172032
1758840168855 5.872362537677024 178176
1758840180392 6.026991249566448 184320
1758840195226 6.149017809401938 190464
1758840213420 6.290165563053671 196608
1758840224788 6.4301505508645285 202752
1758840235081 6.538194369547295 208896
1758840251279 6.662441434743971 215040
1758840269214 6.7819882839271255 221184
1758840281064 6.8723406620476055 227328
1758840289436 6.9783011543878395 233472
1758840306859 7.07045005045607 239616
1758840323440 7.162331856642403 245760
1758840336684 7.240599486539677 251904
1758840346141 7.327108345323847 258048
1758840360258 7.40646591052275 264192
1758840377714 7.491085403125753 270336
1758840391738 7.574810542109425 276480
1758840401841 7.645492239836507 282624
1758840415298 7.700577329595814 288768
1758840432028 7.764788127393361 294912
1758840439112 7.810886714172881 301056
