1771788585711 0.003759398590773344 5120
1771788599045 0.00193050189409405 10240
1771788613077 0.0025806452613323927 15360
1771788627222 0.004935834091156721 20480
1771788641420 0.009060955606400967 25600
1771788655175 0.01037344429641962 30720
1771788669078 0.011961722746491432 35840
1771788683247 0.013171759434044361 40960
1771788697716 0.014258555136620998 46080
1771788711933 0.016150152310729027 51200
1771788726651 0.01750895380973816 56320
1771788741318 0.018221573904156685 61440
1771788755644 0.018512286245822906 66560
1771788770317 0.018414482474327087 71680
1771788784191 0.018372703343629837 76800
1771788798232 0.018945634365081787 81920
1771788811934 0.01915113814175129 87040
1771788825908 0.0200538020581007 92160
1771788840405 0.02118249610066414 97280
1771788854163 0.02494942769408226 102400
1771788868583 0.028472071513533592 107520
1771788882653 0.031335435807704926 112640
1771788896973 0.035656072199344635 117760
1771788911572 0.04063429310917854 122880
1771788925555 0.04701348766684532 128000
1771788940161 0.04936186224222183 133120
1771788954428 0.05295836552977562 138240
1771788968251 0.05678793415427208 143360
1771788982052 0.05997234582901001 148480
1771788996342 0.0643531009554863 153600
1771789010388 0.06623931974172592 158720
1771789024224 0.0692862868309021 163840
1771789038058 0.07107076048851013 168960
1771789052969 0.0736938863992691 174080
1771789067389 0.07633472979068756 179200
1771789081125 0.0779392346739769 184320
1771789094911 0.07964347302913666 189440
1771789108923 0.08169014006853104 194560
1771789122833 0.08362080901861191 199680
1771789138063 0.08652674406766891 204800
1771789152349 0.08930467069149017 209920
1771789166558 0.09298085421323776 215040
1771789180281 0.09576097875833511 220160
1771789194064 0.09842026233673096 225280
1771789208411 0.10101009905338287 230400
1771789222339 0.1030229777097702 235520
1771789236150 0.1052694171667099 240640
1771789250141 0.10733076184988022 245760
1771789264258 0.10890064388513565 250880
1771789279088 0.11045721918344498 256000
1771789293447 0.11361104995012283 261120
1771789307696 0.11565446108579636 266240
1771789321639 0.11713946610689163 271360
1771789335642 0.12041162699460983 276480
1771789350303 0.12169643491506577 281600
1771789364390 0.12278715521097183 286720
1771789378387 0.124265156686306 291840
1771789392860 0.1256246268749237 296960
1771789399694 0.12642651796340942 300032
