1760394193820 17.070853834885817 5120
1760394211516 16.560775359312373 10240
1760394229452 16.846956909510503 15360
1760394256289 16.917145525822875 20480
1760394273302 16.96240325096124 25600
1760394290117 17.00738787090465 30720
1760394306461 16.953534149514446 35840
1760394331533 17.03865152358014 40960
1760394347260 17.170039466188168 46080
1760394363417 17.207184884937238 51200
1760394385724 17.241480139071733 56320
1760394406763 17.25404820362283 61440
1760394422814 17.281119092285 66560
1760394439054 17.282831037552256 71680
1760394463004 17.2936670298002 76800
1760394482457 17.348973023422122 81920
1760394499835 17.312089825620745 87040
1760394516078 17.300469317928343 92160
1760394542646 17.34199875531056 97280
1760394560094 17.368032570480548 102400
1760394576823 17.377393190927773 107520
1760394592841 17.372034353712586 112640
1760394619965 17.382117361841388 117760
1760394636755 17.378781207857955 122880
1760394654382 17.365273149063817 128000
1760394670281 17.407597833295522 133120
1760394695437 17.3971369985302 138240
1760394713874 17.38804549688171 143360
1760394731531 17.386570919940056 148480
1760394748250 17.379762218083307 153600
1760394769520 17.36882567827623 158720
1760394792989 17.35020611846038 163840
1760394808178 17.36777768349181 168960
1760394827682 17.373211159021537 174080
1760394843403 17.396294779250905 179200
1760394869450 17.37931712360288 184320
1760394887045 17.400134450157072 189440
1760394903819 17.39748040063919 194560
1760394922821 17.37483601716221 199680
1760394945987 17.40056566375117 204800
1760394964294 17.413610849896894 209920
1760394981498 17.416678017193313 215040
1760394999224 17.42746794655932 220160
1760395022130 17.417367037367818 225280
1760395043173 17.413555632619627 230400
1760395058833 17.383582975661003 235520
1760395078525 17.386561252306674 240640
1760395094462 17.37874442786949 245760
1760395119891 17.386547126444427 250880
1760395138179 17.372994865661177 256000
1760395155152 17.3878947624283 261120
1760395170605 17.384945379829997 266240
1760395197616 17.40436152791886 271360
1760395215487 17.4120854055929 276480
1760395231060 17.408945565614868 281600
1760395246825 17.427131957547864 286720
1760395278112 17.411426411167877 291840
1760395293563 17.41210528023073 296960
1760395295368 17.411519462584348 300032
