1760394193820 4.461538461538462 5120
1760394211516 4.186372745490982 10240
1760394229452 4.185636856368563 15360
1760394256289 4.16905737704918 20480
1760394273302 4.154417836498761 25600
1760394290117 4.1320885200553255 30720
1760394306461 4.123588829471182 35840
1760394331533 4.146061554512259 40960
1760394347260 4.166744078030655 46080
1760394363417 4.174058577405858 51200
1760394385724 4.173846740373618 56320
1760394406763 4.177025139664805 61440
1760394422814 4.17349242179942 66560
1760394439054 4.17366526694661 71680
1760394463004 4.1722689075630255 76800
1760394482457 4.180839895013123 81920
1760394499835 4.183663366336634 87040
1760394516078 4.183477650362743 92160
1760394542646 4.189620758483034 97280
1760394560094 4.191058625052721 102400
1760394576823 4.193975903614458 107520
1760394592841 4.185199386503068 112640
1760394619965 4.188153310104529 117760
1760394636755 4.188785375285639 122880
1760394654382 4.185822784810126 128000
1760394670281 4.192083062946139 133120
1760394695437 4.184699453551913 138240
1760394713874 4.182133172642362 143360
1760394731531 4.1761198371146016 148480
1760394748250 4.175875158161113 153600
1760394769520 4.1779199564388785 158720
1760394792989 4.175725593667546 163840
1760394808178 4.1789689139055906 168960
1760394827682 4.1790859413810235 174080
1760394843403 4.187688593844297 179200
1760394869450 4.182820934053039 184320
1760394887045 4.181299235072497 189440
1760394903819 4.181171501611648 194560
1760394922821 4.1755981379235685 199680
1760394945987 4.178612899820543 204800
1760394964294 4.178608194358658 209920
1760394981498 4.1798351427422595 215040
1760394999224 4.186364082915807 220160
1760395022130 4.1870558863068945 225280
1760395043173 4.183797991176195 230400
1760395058833 4.17604922398751 235520
1760395078525 4.174276469530828 240640
1760395094462 4.173560992782961 245760
1760395119891 4.1757910164669365 250880
1760395138179 4.175426736521886 256000
1760395155152 4.176923714072724 261120
1760395170605 4.171512100048725 266240
1760395197616 4.175111536010197 271360
1760395215487 4.175173923239272 276480
1760395231060 4.173739544163917 281600
1760395246825 4.176488319517709 286720
1760395278112 4.17220700377582 291840
1760395293563 4.170632321909336 296960
1760395295368 4.171917907212025 300032
