1771696104003 0.013297872617840767 6144
1771696120559 0.008875739760696888 12288
1771696136730 0.007106598932296038 18432
1771696139162 0.006172839552164078 24576
1771696154332 0.006853582337498665 30720
1771696170750 0.00572916679084301 36864
1771696186547 0.007184553425759077 43008
1771696189345 0.007883327081799507 49152
1771696205336 0.00773286446928978 55296
1771696221351 0.007294639945030212 61440
1771696236436 0.007505773566663265 67584
1771696240188 0.007421150337904692 73728
1771696254862 0.008084272034466267 79872
1771696271186 0.0082023236900568 86016
1771696286314 0.008086826652288437 92160
1771696291370 0.007790651172399521 98304
1771696305816 0.007340485695749521 104448
1771696320806 0.006943208165466785 110592
1771696336763 0.006916329264640808 116736
1771696341216 0.006573673337697983 122880
1771696356540 0.006415151990950108 129024
1771696370987 0.0065655093640089035 135168
1771696386950 0.006560580804944038 141312
1771696392242 0.006552554201334715 147456
1771696406707 0.006294155493378639 153600
1771696420873 0.006544826086610556 159744
1771696436874 0.006661115679889917 165888
1771696442718 0.006425702944397926 172032
1771696457333 0.006428017280995846 178176
1771696470969 0.006216506008058786 184320
1771696486809 0.006124143488705158 190464
1771696493573 0.00603682454675436 196608
1771696507613 0.005951800383627415 202752
1771696521262 0.005781990475952625 208896
1771696536421 0.005800570826977491 215040
1771696544029 0.005998209584504366 221184
1771696559893 0.005924377124756575 227328
1771696571889 0.005851921159774065 233472
1771696586642 0.005866799037903547 239616
1771696594159 0.005883301142603159 245760
1771696610536 0.005740347784012556 251904
1771696622601 0.0057572731748223305 258048
1771696636712 0.005695870611816645 264192
1771696645699 0.005566134583204985 270336
1771696661060 0.00544178718701005 276480
1771696673633 0.0053925346583127975 282624
1771696687361 0.005276140756905079 288768
1771696697000 0.005432595498859882 294912
1771696707850 0.005490144249051809 301056
