1771696104003 375.2215881347656 6144
1771696120559 378.859130859375 12288
1771696136730 383.53533935546875 18432
1771696139162 387.0098876953125 24576
1771696154332 387.6273498535156 30720
1771696170750 390.0932922363281 36864
1771696186547 390.4584655761719 43008
1771696189345 392.19586181640625 49152
1771696205336 392.9559020996094 55296
1771696221351 393.8569641113281 61440
1771696236436 394.39453125 67584
1771696240188 395.190673828125 73728
1771696254862 395.54217529296875 79872
1771696271186 396.31689453125 86016
1771696286314 397.031005859375 92160
1771696291370 397.77313232421875 98304
1771696305816 398.4518737792969 104448
1771696320806 398.47216796875 110592
1771696336763 398.7056884765625 116736
1771696341216 399.0352478027344 122880
1771696356540 399.3265380859375 129024
1771696370987 399.2062072753906 135168
1771696386950 399.49822998046875 141312
1771696392242 399.7783508300781 147456
1771696406707 399.9996337890625 153600
1771696420873 400.20166015625 159744
1771696436874 400.29351806640625 165888
1771696442718 400.3385925292969 172032
1771696457333 400.2934265136719 178176
1771696470969 400.2033996582031 184320
1771696486809 400.0841369628906 190464
1771696493573 400.18707275390625 196608
1771696507613 400.3193054199219 202752
1771696521262 400.39520263671875 208896
1771696536421 400.5270690917969 215040
1771696544029 400.4067077636719 221184
1771696559893 400.26947021484375 227328
1771696571889 400.42816162109375 233472
1771696586642 400.35302734375 239616
1771696594159 400.2650451660156 245760
1771696610536 400.4972229003906 251904
1771696622601 400.5246276855469 258048
1771696636712 400.66156005859375 264192
1771696645699 400.78753662109375 270336
1771696661060 400.7098388671875 276480
1771696673633 400.7277526855469 282624
1771696687361 400.556396484375 288768
1771696697000 400.2499694824219 294912
1771696707850 399.9557800292969 301056
