1771696104003 493.8723449707031 6144
1771696120559 495.9082946777344 12288
1771696136730 496.7330017089844 18432
1771696139162 497.15740966796875 24576
1771696154332 496.838623046875 30720
1771696170750 497.3572998046875 36864
1771696186547 496.6834411621094 43008
1771696189345 496.36737060546875 49152
1771696205336 496.4365539550781 55296
1771696221351 496.6419372558594 61440
1771696236436 496.54388427734375 67584
1771696240188 496.58734130859375 73728
1771696254862 496.2861328125 79872
1771696271186 496.22967529296875 86016
1771696286314 496.28558349609375 92160
1771696291370 496.4206848144531 98304
1771696305816 496.62750244140625 104448
1771696320806 496.8100280761719 110592
1771696336763 496.82086181640625 116736
1771696341216 496.9783630371094 122880
1771696356540 497.0508728027344 129024
1771696370987 496.9795837402344 135168
1771696386950 496.9818420410156 141312
1771696392242 496.9844970703125 147456
1771696406707 497.1033935546875 153600
1771696420873 496.9884033203125 159744
1771696436874 496.9363708496094 165888
1771696442718 497.0446472167969 172032
1771696457333 497.0435485839844 178176
1771696470969 497.1408386230469 184320
1771696486809 497.1835021972656 190464
1771696493573 497.2236633300781 196608
1771696507613 497.262939453125 202752
1771696521262 497.3410339355469 208896
1771696536421 497.33209228515625 215040
1771696544029 497.23992919921875 221184
1771696559893 497.2740783691406 227328
1771696571889 497.30810546875 233472
1771696586642 497.30078125 239616
1771696594159 497.2933654785156 245760
1771696610536 497.359130859375 251904
1771696622601 497.3513488769531 258048
1771696636712 497.37945556640625 264192
1771696645699 497.43914794921875 270336
1771696661060 497.496337890625 276480
1771696673633 497.51885986328125 282624
1771696687361 497.5724182128906 288768
1771696697000 497.5006103515625 294912
1771696707850 497.4739990234375 301056
