1771696104003 21.8244686126709 6144
1771696120559 21.189348220825195 12288
1771696136730 20.78274154663086 18432
1771696139162 20.5385799407959 24576
1771696154332 20.404361724853516 30720
1771696170750 20.264583587646484 36864
1771696186547 20.2388858795166 43008
1771696189345 20.183286666870117 49152
1771696205336 20.15711784362793 55296
1771696221351 20.134157180786133 61440
1771696236436 20.10161590576172 67584
1771696240188 20.085342407226562 73728
1771696254862 20.06932830810547 79872
1771696271186 20.060606002807617 86016
1771696286314 20.046606063842773 92160
1771696291370 20.04774284362793 98304
1771696305816 20.044231414794922 104448
1771696320806 20.051807403564453 110592
1771696336763 20.0414981842041 116736
1771696341216 20.03367042541504 122880
1771696356540 20.017717361450195 129024
1771696370987 20.018383026123047 135168
1771696386950 20.01270294189453 141312
1771696392242 19.99331283569336 147456
1771696406707 19.992036819458008 153600
1771696420873 19.978759765625 159744
1771696436874 19.973831176757812 165888
1771696442718 19.97280502319336 172032
1771696457333 19.973623275756836 178176
1771696470969 19.973312377929688 184320
1771696486809 19.98204231262207 190464
1771696493573 19.986316680908203 196608
1771696507613 19.983802795410156 202752
1771696521262 19.993932723999023 208896
1771696536421 19.98784637451172 215040
1771696544029 19.983705520629883 221184
1771696559893 19.983184814453125 227328
1771696571889 19.973539352416992 233472
1771696586642 19.969757080078125 239616
1771696594159 19.97227668762207 245760
1771696610536 19.968074798583984 251904
1771696622601 19.96491813659668 258048
1771696636712 19.953983306884766 264192
1771696645699 19.948440551757812 270336
1771696661060 19.943649291992188 276480
1771696673633 19.935989379882812 282624
1771696687361 19.926340103149414 288768
1771696697000 19.915157318115234 294912
1771696707850 19.913349151611328 301056
