1771639263196 0.007380073890089989 5120
1771639297628 0.00770712923258543 10240
1771639332020 0.006640106439590454 15360
1771639366768 0.004980079829692841 20480
1771639401999 0.0055555556900799274 25600
1771639436261 0.008580857887864113 30720
1771639470642 0.00792752020061016 35840
1771639505008 0.0069444444961845875 40960
1771639539309 0.0070391553454101086 46080
1771639573599 0.007498026825487614 51200
1771639608447 0.006810036022216082 56320
1771639642722 0.006894287653267384 61440
1771639677355 0.006954944226890802 66560
1771639711677 0.007571508642286062 71680
1771639745964 0.007585665676742792 76800
1771639780216 0.00735654728487134 81920
1771639815174 0.007195914629846811 87040
1771639849508 0.007023705169558525 92160
1771639884182 0.007278020493686199 97280
1771639918553 0.007104795891791582 102400
1771639952856 0.007138831540942192 107520
1771639987298 0.007160759065300226 112640
1771640021640 0.007035003509372473 117760
1771640056715 0.006754530593752861 122880
1771640091006 0.006669842638075352 128000
1771640125332 0.007547751069068909 133120
1771640160167 0.007640449330210686 138240
1771640194334 0.008172796107828617 143360
1771640228694 0.00896669551730156 148480
1771640264137 0.010351967066526413 153600
1771640298357 0.010434783063828945 158720
1771640332683 0.010246433317661285 163840
1771640367017 0.01005404070019722 168960
1771640401326 0.010007322765886784 174080
1771640435589 0.010194404982030392 179200
1771640470395 0.010024196468293667 184320
1771640504636 0.009978696703910828 189440
1771640539131 0.010159493423998356 194560
1771640573460 0.010550996288657188 199680
1771640607765 0.011141191236674786 204800
1771640642110 0.011316138319671154 209920
1771640677248 0.011956955306231976 215040
1771640711566 0.012680452316999435 220160
1771640745930 0.014199366793036461 225280
1771640780222 0.015502410009503365 230400
1771640814476 0.016575099900364876 235520
1771640848797 0.018325086683034897 240640
1771640883724 0.019673313945531845 245760
1771640917994 0.020714793354272842 250880
1771640952655 0.022259224206209183 256000
1771640987208 0.023562921211123466 261120
1771641021532 0.025440312922000885 266240
1771641055847 0.02687043324112892 271360
1771641090747 0.028872480615973473 276480
1771641125416 0.030968375504016876 281600
1771641160067 0.03261309489607811 286720
1771641194345 0.03486047685146332 291840
1771641228570 0.037221431732177734 296960
1771641245722 0.03834066540002823 300032
