1771639263196 496.5977783203125 5120
1771639297628 496.4431457519531 10240
1771639332020 496.9375915527344 15360
1771639366768 497.70318603515625 20480
1771639401999 497.4412841796875 25600
1771639436261 496.0554504394531 30720
1771639470642 496.3601379394531 35840
1771639505008 496.8114929199219 40960
1771639539309 496.76727294921875 46080
1771639573599 496.5556335449219 51200
1771639608447 496.8716735839844 56320
1771639642722 496.83258056640625 61440
1771639677355 496.8031311035156 66560
1771639711677 496.518798828125 71680
1771639745964 496.5152893066406 76800
1771639780216 496.6208801269531 81920
1771639815174 496.6940612792969 87040
1771639849508 496.7730407714844 92160
1771639884182 496.65460205078125 97280
1771639918553 496.7341613769531 102400
1771639952856 496.718017578125 107520
1771639987298 496.70819091796875 112640
1771640021640 496.7659606933594 117760
1771640056715 496.8948974609375 122880
1771640091006 496.9347229003906 128000
1771640125332 496.5502014160156 133120
1771640160167 496.51055908203125 138240
1771640194334 496.2781677246094 143360
1771640228694 495.9305419921875 148480
1771640264137 495.29937744140625 153600
1771640298357 495.2599182128906 158720
1771640332683 495.3450012207031 163840
1771640367017 495.43145751953125 168960
1771640401326 495.4517822265625 174080
1771640435589 495.3648681640625 179200
1771640470395 495.441650390625 184320
1771640504636 495.4618225097656 189440
1771640539131 495.37774658203125 194560
1771640573460 495.1964111328125 199680
1771640607765 494.9250183105469 204800
1771640642110 494.8461608886719 209920
1771640677248 494.55120849609375 215040
1771640711566 494.23077392578125 220160
1771640745930 493.5721130371094 225280
1771640780222 492.99688720703125 230400
1771640814476 492.52667236328125 235520
1771640848797 491.75665283203125 240640
1771640883724 491.1688537597656 245760
1771640917994 490.7060852050781 250880
1771640952655 490.03240966796875 256000
1771640987208 489.46624755859375 261120
1771641021532 488.6568603515625 266240
1771641055847 488.0403137207031 271360
1771641090747 487.22393798828125 276480
1771641125416 486.3245849609375 281600
1771641160067 485.62060546875 286720
1771641194345 484.6482849121094 291840
1771641228570 483.64263916015625 296960
1771641245722 483.16387939453125 300032
