1771639263193 -1.3648362159729004 5120
1771639297625 -2.933776617050171 10240
1771639332017 -3.504645824432373 15360
1771639366765 -3.874390125274658 20480
1771639401996 -3.8278534412384033 25600
1771639436258 -3.5159263610839844 30720
1771639470638 -3.1344046592712402 35840
1771639505004 -2.7470202445983887 40960
1771639539306 -2.3215441703796387 46080
1771639573596 -1.907618761062622 51200
1771639608444 -1.5382139682769775 56320
1771639642718 -1.1567573547363281 61440
1771639677352 -0.9146198034286499 66560
1771639711673 -0.6966374516487122 71680
1771639745961 -0.447676420211792 76800
1771639780212 -0.24455702304840088 81920
1771639815171 -0.05634859949350357 87040
1771639849504 0.13966669142246246 92160
1771639884179 0.30483609437942505 97280
1771639918550 0.448636919260025 102400
1771639952853 0.587704062461853 107520
1771639987295 0.7093818783760071 112640
1771640021636 0.761996865272522 117760
1771640056711 0.8025264739990234 122880
1771640091003 0.8629459142684937 128000
1771640125329 0.8707815408706665 133120
1771640160163 0.8987334370613098 138240
1771640194330 0.8114941716194153 143360
1771640228691 0.6599432229995728 148480
1771640264133 0.1395789384841919 153600
1771640298354 -0.9339309930801392 158720
1771640332680 -1.7420713901519775 163840
1771640367013 -2.4694337844848633 168960
1771640401323 -3.0509185791015625 174080
1771640435586 -3.594482421875 179200
1771640470391 -3.894939422607422 184320
1771640504633 -4.296192646026611 189440
1771640539128 -4.501580238342285 194560
1771640573456 -4.614106178283691 199680
1771640607762 -4.934642791748047 204800
1771640642107 -5.321537971496582 209920
1771640677245 -5.622969627380371 215040
1771640711563 -6.0376482009887695 220160
1771640745927 -6.499512672424316 225280
1771640780218 -7.194594383239746 230400
1771640814473 -8.049063682556152 235520
1771640848794 -8.992955207824707 240640
1771640883721 -9.81340217590332 245760
1771640917991 -10.710230827331543 250880
1771640952652 -11.332416534423828 256000
1771640987204 -11.91038703918457 261120
1771641021529 -12.522809982299805 266240
1771641055843 -13.058247566223145 271360
1771641090744 -13.786677360534668 276480
1771641125413 -14.377702713012695 281600
1771641160064 -14.883671760559082 286720
1771641194342 -15.39587688446045 291840
1771641228567 -15.956619262695312 296960
1771641245719 -16.383216857910156 300032
