1771774777884 0.0 5120
1771774803228 0.0 10240
1771774828061 0.0 15360
1771774853309 0.0 20480
1771774878422 0.0 25600
1771774903189 0.0 30720
1771774928412 0.0 35840
1771774953173 0.0 40960
1771774977917 0.0 46080
1771775003518 0.0 51200
1771775028419 0.0 56320
1771775053744 0.0 61440
1771775078946 0.0 66560
1771775103715 0.0 71680
1771775128950 0.0 76800
1771775154474 0.0 81920
1771775179446 0.0 87040
1771775204635 0.0 92160
1771775229362 0.0 97280
1771775254135 0.0 102400
1771775279305 0.0 107520
1771775304047 0.0 112640
1771775329187 0.0 117760
1771775354174 0.0 122880
1771775378916 0.0 128000
1771775404200 0.0 133120
1771775428964 0.0 138240
1771775453713 0.0 143360
1771775478840 0.0 148480
1771775503791 0.0 153600
1771775528598 0.0 158720
1771775553877 0.0 163840
1771775578672 0.0 168960
1771775603743 0.0 174080
1771775628497 0.0 179200
1771775653576 0.0 184320
1771775678804 0.0 189440
1771775703532 0.0 194560
1771775728238 0.0 199680
1771775753437 0.0 204800
1771775778171 0.0 209920
1771775803369 0.0 215040
1771775828116 0.0 220160
1771775852859 0.0 225280
1771775878003 0.0 230400
1771775902726 0.0 235520
1771775927471 0.0 240640
1771775952888 0.0 245760
1771775977683 0.0 250880
1771776002431 0.0 256000
1771776028136 0.0 261120
1771776052859 0.0 266240
1771776077931 0.0 271360
1771776103113 0.0 276480
1771776127845 0.0 281600
1771776153044 0.0 286720
1771776177765 0.0 291840
1771776202476 0.0 296960
1771776212866 0.0 300032
