1771774777884 297.0 5120
1771774803228 552.0 10240
1771774828061 781.0 15360
1771774853309 1038.0 20480
1771774878422 1294.0 25600
1771774903189 1535.0 30720
1771774928412 1776.0 35840
1771774953173 2016.0 40960
1771774977917 2265.0 46080
1771775003518 2508.0 51200
1771775028419 2756.0 56320
1771775053744 2960.0 61440
1771775078946 3205.0 66560
1771775103715 3457.0 71680
1771775128950 3702.0 76800
1771775154474 3957.0 81920
1771775179446 4216.0 87040
1771775204635 4467.0 92160
1771775229362 4718.0 97280
1771775254135 4975.0 102400
1771775279305 5234.0 107520
1771775304047 5495.0 112640
1771775329187 5751.0 117760
1771775354174 6009.0 122880
1771775378916 6264.0 128000
1771775404200 6517.0 133120
1771775428964 6770.0 138240
1771775453713 7023.0 143360
1771775478840 7282.0 148480
1771775503791 7542.0 153600
1771775528598 7798.0 158720
1771775553877 8055.0 163840
1771775578672 8313.0 168960
1771775603743 8571.0 174080
1771775628497 8825.0 179200
1771775653576 9012.0 184320
1771775678804 9188.0 189440
1771775703532 9359.0 194560
1771775728238 9540.0 199680
1771775753437 9704.0 204800
1771775778171 9898.0 209920
1771775803369 10079.0 215040
1771775828116 10254.0 220160
1771775852859 10422.0 225280
1771775878003 10595.0 230400
1771775902726 10765.0 235520
1771775927471 10925.0 240640
1771775952888 11102.0 245760
1771775977683 11273.0 250880
1771776002431 11439.0 256000
1771776028136 11613.0 261120
1771776052859 11772.0 266240
1771776077931 11926.0 271360
1771776103113 12078.0 276480
1771776127845 12239.0 281600
1771776153044 12401.0 286720
1771776177765 12562.0 291840
1771776202476 12717.0 296960
1771776212866 12781.0 300032
