1771774777884 4.080808162689209 5120
1771774803228 3.8731884956359863 10240
1771774828061 3.4647886753082275 15360
1771774853309 3.4489402770996094 20480
1771774878422 3.5216383934020996 25600
1771774903189 3.4442996978759766 30720
1771774928412 3.5 35840
1771774953173 3.705853223800659 40960
1771774977917 3.8136866092681885 46080
1771775003518 3.8740031719207764 51200
1771775028419 3.9125545024871826 56320
1771775053744 3.886824369430542 61440
1771775078946 3.9188766479492188 66560
1771775103715 3.929997205734253 71680
1771775128950 3.975688934326172 76800
1771775154474 3.9812989234924316 81920
1771775179446 3.946631908416748 87040
1771775204635 3.9664204120635986 92160
1771775229362 3.9703264236450195 97280
1771775254135 3.947537660598755 102400
1771775279305 3.9386701583862305 107520
1771775304047 3.9404914379119873 112640
1771775329187 3.966266632080078 117760
1771775354174 3.946580171585083 122880
1771775378916 3.937899112701416 128000
1771775404200 3.934325695037842 133120
1771775428964 3.9434268474578857 138240
1771775453713 3.967677593231201 143360
1771775478840 3.943284749984741 148480
1771775503791 3.928400993347168 153600
1771775528598 3.92562198638916 158720
1771775553877 3.9447548389434814 163840
1771775578672 3.927703619003296 168960
1771775603743 3.9116790294647217 174080
1771775628497 3.9238526821136475 179200
1771775653576 3.976475715637207 184320
1771775678804 4.030692100524902 189440
1771775703532 4.09627103805542 194560
1771775728238 4.148532390594482 199680
1771775753437 4.217229843139648 204800
1771775778171 4.254798889160156 209920
1771775803369 4.311637878417969 215040
1771775828116 4.3756585121154785 220160
1771775852859 4.442237377166748 225280
1771775878003 4.4979705810546875 230400
1771775902726 4.560520172119141 235520
1771775927471 4.6426544189453125 240640
1771775952888 4.691136837005615 245760
1771775977683 4.7437238693237305 250880
1771776002431 4.806539058685303 256000
1771776028136 4.848015308380127 261120
1771776052859 4.9063029289245605 266240
1771776077931 4.972245693206787 271360
1771776103113 5.038665294647217 276480
1771776127845 5.100988864898682 281600
1771776153044 5.158777713775635 286720
1771776177765 5.218675136566162 291840
1771776202476 5.276637554168701 296960
1771776212866 5.306313991546631 300032
