1771212559655 17.51561164855957 5120
1771212569146 17.5434513092041 10240
1771212578434 18.466453552246094 15360
1771212588076 18.703895568847656 20480
1771212597055 18.87911033630371 25600
1771212606377 19.17975616455078 30720
1771212615122 19.544008255004883 35840
1771212624322 19.897336959838867 40960
1771212632733 20.252174377441406 46080
1771212642360 20.478534698486328 51200
1771212650734 20.642215728759766 56320
1771212659156 20.737869262695312 61440
1771212667487 20.818525314331055 66560
1771212676287 20.856220245361328 71680
1771212684350 20.86530876159668 76800
1771212693024 20.9642333984375 81920
1771212701206 21.13045310974121 87040
1771212710024 21.20319938659668 92160
1771212718275 21.316259384155273 97280
1771212727323 21.386512756347656 102400
1771212735557 21.475025177001953 107520
1771212744151 21.40190315246582 112640
1771212752225 21.33858299255371 117760
1771212760921 21.255693435668945 122880
1771212769350 21.163970947265625 128000
1771212778609 21.041372299194336 133120
1771212786882 20.958890914916992 138240
1771212795771 20.883060455322266 143360
1771212803748 20.79296112060547 148480
1771212812286 20.71652603149414 153600
1771212820877 20.624706268310547 158720
1771212829639 20.549976348876953 163840
1771212838281 20.45049476623535 168960
1771212847101 20.365325927734375 174080
1771212855296 20.282764434814453 179200
1771212863878 20.165189743041992 184320
1771212872318 20.03409767150879 189440
1771212880741 19.880468368530273 194560
1771212889036 19.751625061035156 199680
1771212897522 19.647916793823242 204800
1771212906406 19.58987045288086 209920
1771212915287 19.550670623779297 215040
1771212924114 19.546932220458984 220160
1771212933139 19.553998947143555 225280
1771212941277 19.585275650024414 230400
1771212949865 19.648141860961914 235520
1771212958147 19.70277214050293 240640
1771212966692 19.7402286529541 245760
1771212975166 19.75143051147461 250880
1771212984369 19.758852005004883 256000
1771212992430 19.740686416625977 261120
1771213001074 19.68351936340332 266240
1771213009866 19.665435791015625 271360
1771213018554 19.651531219482422 276480
1771213026699 19.6563720703125 281600
1771213035314 19.66271209716797 286720
1771213043872 19.66939926147461 291840
1771213052959 19.700674057006836 296960
1771213056534 19.708738327026367 300032
