1771212559655 0.08779756724834442 5120
1771212569146 0.09407732635736465 10240
1771212578434 0.10416804999113083 15360
1771212588076 0.10613571852445602 20480
1771212597055 0.10883662849664688 25600
1771212606377 0.10792320221662521 30720
1771212615122 0.10574738681316376 35840
1771212624322 0.1028335690498352 40960
1771212632733 0.10066217184066772 46080
1771212642360 0.09866748750209808 51200
1771212650734 0.09669938683509827 56320
1771212659156 0.09536895900964737 61440
1771212667487 0.09376737475395203 66560
1771212676287 0.09214320778846741 71680
1771212684350 0.09074880182743073 76800
1771212693024 0.08994082361459732 81920
1771212701206 0.08900678157806396 87040
1771212710024 0.08778281509876251 92160
1771212718275 0.08695594221353531 97280
1771212727323 0.08651677519083023 102400
1771212735557 0.08629423379898071 107520
1771212744151 0.08768192678689957 112640
1771212752225 0.08867400884628296 117760
1771212760921 0.0896962359547615 122880
1771212769350 0.09056180715560913 128000
1771212778609 0.09124010056257248 133120
1771212786882 0.09241583943367004 138240
1771212795771 0.09356730431318283 143360
1771212803748 0.09505145996809006 148480
1771212812286 0.09663211554288864 153600
1771212820877 0.09802814573049545 158720
1771212829639 0.09934698790311813 163840
1771212838281 0.10077726095914841 168960
1771212847101 0.10250083357095718 174080
1771212855296 0.10405947268009186 179200
1771212863878 0.10496453940868378 184320
1771212872318 0.10638278722763062 189440
1771212880741 0.10723468661308289 194560
1771212889036 0.10778721421957016 199680
1771212897522 0.10820551216602325 204800
1771212906406 0.1086139976978302 209920
1771212915287 0.1085411086678505 215040
1771212924114 0.10830759257078171 220160
1771212933139 0.10814076662063599 225280
1771212941277 0.10758117586374283 230400
1771212949865 0.10702081024646759 235520
1771212958147 0.10634429007768631 240640
1771212966692 0.10565779358148575 245760
1771212975166 0.10518983006477356 250880
1771212984369 0.10461069643497467 256000
1771212992430 0.10434374213218689 261120
1771213001074 0.10393641889095306 266240
1771213009866 0.10344504565000534 271360
1771213018554 0.10281694680452347 276480
1771213026699 0.10233498364686966 281600
1771213035314 0.10165789723396301 286720
1771213043872 0.10119684785604477 291840
1771213052959 0.10060791671276093 296960
1771213056534 0.10047256946563721 300032
