1771212559655 2.144930601119995 5120
1771212569146 2.220623016357422 10240
1771212578434 2.370501756668091 15360
1771212588076 2.3879880905151367 20480
1771212597055 2.42171573638916 25600
1771212606377 2.376770257949829 30720
1771212615122 2.3136403560638428 35840
1771212624322 2.243234634399414 40960
1771212632733 2.1896286010742188 46080
1771212642360 2.143092393875122 51200
1771212650734 2.0971288681030273 56320
1771212659156 2.0658624172210693 61440
1771212667487 2.028193235397339 66560
1771212676287 1.9914305210113525 71680
1771212684350 1.9594347476959229 76800
1771212693024 1.940672755241394 81920
1771212701206 1.9190680980682373 87040
1771212710024 1.8920811414718628 92160
1771212718275 1.873329997062683 97280
1771212727323 1.862815022468567 102400
1771212735557 1.856614589691162 107520
1771212744151 1.8867043256759644 112640
1771212752225 1.909002661705017 117760
1771212760921 1.9326432943344116 122880
1771212769350 1.9538071155548096 128000
1771212778609 1.971847414970398 133120
1771212786882 1.9996674060821533 138240
1771212795771 2.028259754180908 143360
1771212803748 2.0606584548950195 148480
1771212812286 2.095209836959839 153600
1771212820877 2.126035690307617 158720
1771212829639 2.156805992126465 163840
1771212838281 2.1901495456695557 168960
1771212847101 2.2296221256256104 174080
1771212855296 2.269087791442871 179200
1771212863878 2.2944438457489014 184320
1771212872318 2.334336757659912 189440
1771212880741 2.3617584705352783 194560
1771212889036 2.383551836013794 199680
1771212897522 2.4001734256744385 204800
1771212906406 2.4140408039093018 209920
1771212915287 2.414602518081665 215040
1771212924114 2.4100215435028076 220160
1771212933139 2.4068048000335693 225280
1771212941277 2.393704891204834 230400
1771212949865 2.380080223083496 235520
1771212958147 2.3631131649017334 240640
1771212966692 2.3474435806274414 245760
1771212975166 2.337688446044922 250880
1771212984369 2.3267080783843994 256000
1771212992430 2.3262200355529785 261120
1771213001074 2.3233461380004883 266240
1771213009866 2.317335844039917 271360
1771213018554 2.3067917823791504 276480
1771213026699 2.2987215518951416 281600
1771213035314 2.2846803665161133 286720
1771213043872 2.275380849838257 291840
1771213052959 2.262239694595337 296960
1771213056534 2.2585790157318115 300032
