1760379006956 500.0 5120
1760379032795 500.0 10240
1760379059856 500.0 15360
1760379086776 500.0 20480
1760379114981 500.0 25600
1760379140551 500.0 30720
1760379165684 500.0 35840
1760379192208 500.0 40960
1760379221114 500.0 46080
1760379248407 500.0 51200
1760379274325 500.0 56320
1760379300031 500.0 61440
1760379328607 500.0 66560
1760379356148 500.0 71680
1760379384589 500.0 76800
1760379409599 500.0 81920
1760379436983 500.0 87040
1760379465173 500.0 92160
1760379492250 500.0 97280
1760379517468 500.0 102400
1760379549694 500.0 107520
1760379575022 500.0 112640
1760379600459 500.0 117760
1760379625522 500.0 122880
1760379657519 500.0 128000
1760379682802 500.0 133120
1760379708213 500.0 138240
1760379734001 500.0 143360
1760379765311 500.0 148480
1760379790521 500.0 153600
1760379815934 500.0 158720
1760379841526 500.0 163840
1760379871825 500.0 168960
1760379897334 500.0 174080
1760379923766 500.0 179200
1760379949347 500.0 184320
1760379979892 500.0 189440
1760380005292 500.0 194560
1760380031044 500.0 199680
1760380057252 500.0 204800
1760380086099 500.0 209920
1760380111118 500.0 215040
1760380138268 500.0 220160
1760380163724 500.0 225280
1760380191048 500.0 230400
1760380219593 500.0 235520
1760380246938 500.0 240640
1760380271170 500.0 245760
1760380295352 500.0 250880
1760380320708 500.0 256000
1760380349311 500.0 261120
1760380373644 500.0 266240
1760380398075 500.0 271360
1760380422556 500.0 276480
1760380451312 500.0 281600
1760380475658 500.0 286720
1760380500706 500.0 291840
1760380524960 500.0 296960
1760380536807 500.0 300032
