1760379006951 18.991447703043622 5120
1760379032790 4.960771402445706 10240
1760379059850 2.5651706248521804 15360
1760379086771 1.7327829917271933 20480
1760379114977 1.2379206776618958 25600
1760379140546 0.9329528239465529 30720
1760379165679 0.9394274175167084 35840
1760379192202 0.8087182766053733 40960
1760379221107 0.7097731128982876 46080
1760379248398 0.6331761986601586 51200
1760379274317 0.5699784602437701 56320
1760379300022 0.5230308759407919 61440
1760379328597 0.4775772228385463 66560
1760379356142 0.4397093571407694 71680
1760379384584 0.40239269419720297 76800
1760379409590 0.3800264221650583 81920
1760379436973 0.3546924785126087 87040
1760379465167 0.32989580578856414 92160
1760379492240 0.31105901127060254 97280
1760379517457 0.2916266495638554 102400
1760379549688 0.2780944757866409 107520
1760379575016 0.2617518973780108 112640
1760379600449 0.24846716893130336 117760
1760379625512 0.24109348610412973 122880
1760379657509 0.2293892508461362 128000
1760379682796 0.22560448291647525 133120
1760379708203 0.2108312877662042 138240
1760379733990 0.20448585960036478 143360
1760379765305 0.20068170901847213 148480
1760379790514 0.1898262050767608 153600
1760379815923 0.1847255758750133 158720
1760379841520 0.17937508828891732 163840
1760379871819 0.17346906360373437 168960
1760379897328 0.1663089082255001 174080
1760379923759 0.16095832870765164 179200
1760379949340 0.15595684110789007 184320
1760379979881 0.15328457124771608 189440
1760380005280 0.14770591851928472 194560
1760380031036 0.14479277146105862 199680
1760380057244 0.14315724046669195 204800
1760380086091 0.13757763238786494 209920
1760380111111 0.13553816780659825 215040
1760380138257 0.1309021026999862 220160
1760380163714 0.12754130390434784 225280
1760380191040 0.12453559193990926 230400
1760380219580 0.12170553145470558 235520
1760380246931 0.11966238910869015 240640
1760380271163 0.11610506308029302 245760
1760380295346 0.11432245911621466 250880
1760380320700 0.1128005550677083 256000
1760380349300 0.11059563923627139 261120
1760380373637 0.10858882487505331 266240
1760380398068 0.10691969439499359 271360
1760380422548 0.10621307120551922 276480
1760380451305 0.10328795521155647 281600
1760380475651 0.10029332192342899 286720
1760380500698 0.09711690707640215 291840
1760380524941 0.09696475586940333 296960
1760380536796 0.03863825403382754 300032
