1760379006956 3.3096085409252667 5120
1760379032795 2.527027027027027 10240
1760379059856 2.18359375 15360
1760379086776 2.0218470705064546 20480
1760379114981 1.940226171243942 25600
1760379140551 1.8952380952380952 30720
1760379165684 1.8484848484848484 35840
1760379192208 1.8253968253968254 40960
1760379221114 1.789593792788681 46080
1760379248407 1.7541050903119868 51200
1760379274325 1.7347549569771792 56320
1760379300031 1.7255172413793103 61440
1760379328607 1.7075892857142858 66560
1760379356148 1.703176016622143 71680
1760379384589 1.6970873786407767 76800
1760379409599 1.68984375 81920
1760379436983 1.6805691854759568 87040
1760379465173 1.6714517249363279 92160
1760379492250 1.650262467191601 97280
1760379517468 1.6473771856786013 102400
1760379549694 1.6315581073054841 107520
1760379575022 1.6289069899602198 112640
1760379600459 1.621650977552498 117760
1760379625522 1.6196670135275755 122880
1760379657519 1.6201434050358512 128000
1760379682802 1.615285806037251 133120
1760379708213 1.611042375502629 138240
1760379734001 1.6072759803190697 143360
1760379765311 1.6052442011237573 148480
1760379790521 1.5988015607580826 153600
1760379815934 1.5969201674996623 158720
1760379841526 1.5918367346938775 163840
1760379871825 1.590147282884713 168960
1760379897334 1.588909426987061 174080
1760379923766 1.586756077116513 179200
1760379949347 1.5886533084808947 184320
1760379979892 1.5897087158562848 189440
1760380005292 1.5937223695844385 194560
1760380031044 1.591599353796446 199680
1760380057252 1.5912860892388452 204800
1760380086099 1.5893040443440771 209920
1760380111118 1.592982456140351 215040
1760380138268 1.5919067215363512 220160
1760380163724 1.5882803523554194 225280
1760380191048 1.5854388920082352 230400
1760380219593 1.584119424855756 235520
1760380246938 1.5891688334977137 240640
1760380271170 1.5877185276289203 245760
1760380295352 1.5881542699724518 250880
1760380320708 1.5914387031408308 256000
1760380349311 1.59358687546607 261120
1760380373644 1.5922826969943136 266240
1760380398075 1.5897211155378486 271360
1760380422556 1.589657330621186 276480
1760380451312 1.5885696727607928 281600
1760380475658 1.5878403862110584 286720
1760380500706 1.5861071984580029 291840
1760380524960 1.5869105750309744 296960
1760380536807 1.5877199333864311 300032
