1760102256252 0.0 5120
1760102298233 0.0 10240
1760102337966 0.0 15360
1760102377810 0.0 20480
1760102420359 0.0 25600
1760102463556 0.0 30720
1760102505066 0.0 35840
1760102547317 0.0 40960
1760102587107 0.0 46080
1760102626819 0.0 51200
1760102666553 0.0 56320
1760102708957 0.0 61440
1760102751169 0.0 66560
1760102790911 0.0 71680
1760102831523 0.0 76800
1760102872738 0.0 81920
1760102914699 0.0 87040
1760102957721 0.0 92160
1760103001087 0.0 97280
1760103044787 0.0 102400
1760103088018 0.0 107520
1760103131601 0.0 112640
1760103175202 0.0 117760
1760103218377 0.0 122880
1760103261745 0.0 128000
1760103305077 0.0 133120
1760103350437 0.0 138240
1760103394954 0.0 143360
1760103438823 0.0 148480
1760103483336 0.0 153600
1760103524703 0.0 158720
1760103569222 0.0 163840
1760103615656 0.0 168960
1760103661486 0.0 174080
1760103705155 0.0 179200
1760103749591 0.0 184320
1760103795531 0.0 189440
1760103840417 0.0 194560
1760103885145 0.0 199680
1760103930447 0.0 204800
1760103975716 0.0 209920
1760104021078 0.0 215040
1760104065266 0.0 220160
1760104108477 0.0 225280
1760104151427 0.0 230400
1760104194409 0.0 235520
1760104237641 0.0 240640
1760104280681 0.0 245760
1760104322934 0.0 250880
1760104365973 0.0 256000
1760104409033 0.0 261120
1760104452137 0.0 266240
1760104495083 0.0 271360
1760104538144 0.0 276480
1760104581212 0.0 281600
1760104624184 0.0 286720
1760104667062 0.0 291840
1760104710286 0.0 296960
1760104727384 0.0 300032
