1760102256252 17.030984531104785 5120
1760102298233 16.776642748590053 10240
1760102337966 16.93275919268208 15360
1760102377810 17.32050472638258 20480
1760102420359 17.452853079587836 25600
1760102463556 17.552647151894476 30720
1760102505066 17.468630353727495 35840
1760102547317 17.37291438945596 40960
1760102587107 17.365668399639564 46080
1760102626819 17.286831537882488 51200
1760102666553 17.326012794746337 56320
1760102708957 17.212211394235467 61440
1760102751169 17.235944951146802 66560
1760102790911 17.24165457838557 71680
1760102831523 17.29696805945999 76800
1760102872738 17.58994451619811 81920
1760102914699 17.81680847413583 87040
1760102957721 17.97556230440775 92160
1760103001087 18.047173040002484 97280
1760103044787 18.21966510458942 102400
1760103088018 18.36121852423555 107520
1760103131601 18.523144642907077 112640
1760103175202 18.70874366804051 117760
1760103218377 18.801234219981506 122880
1760103261745 18.78347810693981 128000
1760103305077 18.73032696286743 133120
1760103350437 18.71927749394748 138240
1760103394954 18.74163444576696 143360
1760103438823 18.811838911739525 148480
1760103483336 18.912775547523232 153600
1760103524703 19.001583741683596 158720
1760103569222 19.10171501890486 163840
1760103615656 19.209830823664777 168960
1760103661486 19.309696823362515 174080
1760103705155 19.406460526945928 179200
1760103749591 19.423198139858645 184320
1760103795531 19.47253811211365 189440
1760103840417 19.525812645781812 194560
1760103885145 19.53142980858553 199680
1760103930447 19.56189671156412 204800
1760103975716 19.616994334015004 209920
1760104021078 19.694261637864503 215040
1760104065266 19.768039275197093 220160
1760104108477 19.82780761211761 225280
1760104151427 19.874948092467136 230400
1760104194409 19.9060537532822 235520
1760104237641 19.954889456742606 240640
1760104280681 20.00863004104701 245760
1760104322934 20.079189124407662 250880
1760104365973 20.108229865288866 256000
1760104409033 20.151843031649054 261120
1760104452137 20.20296178435528 266240
1760104495083 20.23558282138722 271360
1760104538144 20.29076989780998 276480
1760104581212 20.327232733323086 281600
1760104624184 20.371568204698484 286720
1760104667062 20.413735572274057 291840
1760104710286 20.447742304526084 296960
1760104727384 20.47359136936576 300032
