1760102256252 4.431226765799257 5120
1760102298233 4.21301775147929 10240
1760102337966 4.163978494623656 15360
1760102377810 4.208802456499488 20480
1760102420359 4.184362139917695 25600
1760102463556 4.182506887052342 30720
1760102505066 4.181387077652638 35840
1760102547317 4.16390041493776 40960
1760102587107 4.1670522906062 46080
1760102626819 4.140833333333333 51200
1760102666553 4.1418278346605994 56320
1760102708957 4.1229593608891975 61440
1760102751169 4.12002567394095 66560
1760102790911 4.109589041095891 71680
1760102831523 4.1523012552301255 76800
1760102872738 4.2857521186440675 81920
1760102914699 4.408702213279678 87040
1760102957721 4.473143948436381 92160
1760103001087 4.511918274687854 97280
1760103044787 4.58030303030303 102400
1760103088018 4.64454094292804 107520
1760103131601 4.728176575860012 112640
1760103175202 4.813050133945656 117760
1760103218377 4.865044247787611 122880
1760103261745 4.855021216407355 128000
1760103305077 4.829657278588395 133120
1760103350437 4.811357702349869 138240
1760103394954 4.820686397984887 143360
1760103438823 4.868867491976157 148480
1760103483336 4.938681351391576 153600
1760103524703 5.001882148544954 158720
1760103569222 5.076716586606386 163840
1760103615656 5.137831523979662 168960
1760103661486 5.181150714190362 174080
1760103705155 5.212117280747275 179200
1760103749591 5.221815427345033 184320
1760103795531 5.2345997786794545 189440
1760103840417 5.248201438848921 194560
1760103885145 5.252659885420321 199680
1760103930447 5.263481929084483 204800
1760103975716 5.286175063952841 209920
1760104021078 5.306556665219279 215040
1760104065266 5.3229365584553365 220160
1760104108477 5.345446994081612 225280
1760104151427 5.367301231802911 230400
1760104194409 5.39124787691078 235520
1760104237641 5.413269306154449 240640
1760104280681 5.4397190416626575 245760
1760104322934 5.464167689547729 250880
1760104365973 5.48410418018352 256000
1760104409033 5.5046890649185105 261120
1760104452137 5.527700707061666 266240
1760104495083 5.5527195916211936 271360
1760104538144 5.588077289662941 276480
1760104581212 5.623762376237623 281600
1760104624184 5.662597861772877 286720
1760104667062 5.701062593391997 291840
1760104710286 5.736028148269372 296960
1760104727384 5.75327422110144 300032
