1771217463694 20.198524475097656 5120
1771217474731 20.90536880493164 10240
1771217485584 21.280864715576172 15360
1771217497128 21.608747482299805 20480
1771217508548 21.81525993347168 25600
1771217519896 22.015905380249023 30720
1771217530947 22.156078338623047 35840
1771217541651 22.187488555908203 40960
1771217553586 22.18303108215332 46080
1771217564556 22.173377990722656 51200
1771217575670 22.16123390197754 56320
1771217586905 22.214651107788086 61440
1771217597999 22.179431915283203 66560
1771217609096 22.165481567382812 71680
1771217620344 22.171777725219727 76800
1771217631772 22.107786178588867 81920
1771217642639 22.053117752075195 87040
1771217653532 22.04553985595703 92160
1771217664381 22.026073455810547 97280
1771217675683 22.007389068603516 102400
1771217686720 21.915605545043945 107520
1771217697512 21.896326065063477 112640
1771217708266 21.87190818786621 117760
1771217719533 21.828426361083984 122880
1771217730426 21.708955764770508 128000
1771217741266 21.597646713256836 133120
1771217752941 21.47039031982422 138240
1771217764299 21.33326530456543 143360
1771217774883 21.3067626953125 148480
1771217785662 21.31722640991211 153600
1771217796429 21.355302810668945 158720
1771217807774 21.36328125 163840
1771217819083 21.368061065673828 168960
1771217829961 21.374601364135742 174080
1771217841377 21.384103775024414 179200
1771217852730 21.388038635253906 184320
1771217863643 21.366544723510742 189440
1771217874502 21.27869415283203 194560
1771217886080 21.17334747314453 199680
1771217897315 20.997966766357422 204800
1771217908004 20.851444244384766 209920
1771217919108 20.67975616455078 215040
1771217930487 20.55068016052246 220160
1771217941262 20.412059783935547 225280
1771217952306 20.285037994384766 230400
1771217963167 20.171619415283203 235520
1771217974407 20.048484802246094 240640
1771217985669 19.91613006591797 245760
1771217996984 19.756229400634766 250880
1771218008066 19.6137752532959 256000
1771218019258 19.490276336669922 261120
1771218030727 19.37596321105957 266240
1771218041723 19.255290985107422 271360
1771218053057 19.1392822265625 276480
1771218064316 19.021730422973633 281600
1771218075334 18.907548904418945 286720
1771218086199 18.7984619140625 291840
1771218097645 18.707685470581055 296960
1771218103145 18.66132354736328 300032
