1771217463694 0.0 5120
1771217474731 0.0 10240
1771217485584 0.0 15360
1771217497128 0.0 20480
1771217508548 0.0 25600
1771217519896 0.0 30720
1771217530947 0.0 35840
1771217541651 0.0 40960
1771217553586 0.0 46080
1771217564556 0.0 51200
1771217575670 0.0 56320
1771217586905 0.0 61440
1771217597999 0.0 66560
1771217609096 0.0 71680
1771217620344 0.0 76800
1771217631772 0.0 81920
1771217642639 0.0 87040
1771217653532 0.0 92160
1771217664381 0.0 97280
1771217675683 0.0 102400
1771217686720 0.0 107520
1771217697512 0.0 112640
1771217708266 0.0 117760
1771217719533 0.0 122880
1771217730426 0.0 128000
1771217741266 0.0 133120
1771217752941 0.0 138240
1771217764299 0.0 143360
1771217774883 0.0 148480
1771217785662 0.0 153600
1771217796429 0.0 158720
1771217807774 0.0 163840
1771217819083 0.0 168960
1771217829961 0.0 174080
1771217841377 0.0 179200
1771217852730 0.0 184320
1771217863643 0.0 189440
1771217874502 0.0 194560
1771217886080 0.0 199680
1771217897315 0.0 204800
1771217908004 0.0 209920
1771217919108 0.0 215040
1771217930487 0.0 220160
1771217941262 0.0 225280
1771217952306 0.0 230400
1771217963167 0.0 235520
1771217974407 0.0 240640
1771217985669 0.0 245760
1771217996984 0.0 250880
1771218008066 0.0 256000
1771218019258 0.0 261120
1771218030727 0.0 266240
1771218041723 0.0 271360
1771218053057 0.0 276480
1771218064316 0.0 281600
1771218075334 0.0 286720
1771218086199 0.0 291840
1771218097645 0.0 296960
1771218103145 0.0 300032
