1771217463694 1.099068522453308 5120
1771217474731 1.1332275867462158 10240
1771217485584 1.1287726163864136 15360
1771217497128 1.1243196725845337 20480
1771217508548 1.1321473121643066 25600
1771217519896 1.120302677154541 30720
1771217530947 1.1255912780761719 35840
1771217541651 1.1291307210922241 40960
1771217553586 1.1305898427963257 46080
1771217564556 1.125246524810791 51200
1771217575670 1.12305748462677 56320
1771217586905 1.1310125589370728 61440
1771217597999 1.1280773878097534 66560
1771217609096 1.1230918169021606 71680
1771217620344 1.1176501512527466 76800
1771217631772 1.107738733291626 81920
1771217642639 1.1023608446121216 87040
1771217653532 1.1057703495025635 92160
1771217664381 1.1109733581542969 97280
1771217675683 1.1155588626861572 102400
1771217686720 1.1171987056732178 107520
1771217697512 1.1258761882781982 112640
1771217708266 1.1364630460739136 117760
1771217719533 1.1501177549362183 122880
1771217730426 1.1589586734771729 128000
1771217741266 1.1732561588287354 133120
1771217752941 1.1835137605667114 138240
1771217764299 1.1891878843307495 143360
1771217774883 1.194523811340332 148480
1771217785662 1.1950396299362183 153600
1771217796429 1.1889201402664185 158720
1771217807774 1.1858983039855957 163840
1771217819083 1.1849476099014282 168960
1771217829961 1.18259596824646 174080
1771217841377 1.182068109512329 179200
1771217852730 1.1787017583847046 184320
1771217863643 1.1788901090621948 189440
1771217874502 1.176936149597168 194560
1771217886080 1.1752870082855225 199680
1771217897315 1.1794521808624268 204800
1771217908004 1.1920770406723022 209920
1771217919108 1.2031688690185547 215040
1771217930487 1.214657187461853 220160
1771217941262 1.224068284034729 225280
1771217952306 1.236234426498413 230400
1771217963167 1.2470067739486694 235520
1771217974407 1.255763053894043 240640
1771217985669 1.266202449798584 245760
1771217996984 1.272148847579956 250880
1771218008066 1.2767184972763062 256000
1771218019258 1.283246636390686 261120
1771218030727 1.2898094654083252 266240
1771218041723 1.2953152656555176 271360
1771218053057 1.3005791902542114 276480
1771218064316 1.3073676824569702 281600
1771218075334 1.3140233755111694 286720
1771218086199 1.3180955648422241 291840
1771218097645 1.3256328105926514 296960
1771218103145 1.3278344869613647 300032
