1758766701833 46.12622757915342 20224
1758766750707 101.54716250242107 40448
1758766800899 31.204368592557323 60672
1758766851513 51.27197604058431 80896
1758766903585 63.78393503452052 101120
1758766955930 44.40907598970851 121344
1758767005642 61.745410649354476 141568
1758767057882 70.91801227533267 161792
1758767107862 71.74410728336355 182016
1758767155019 85.52473390155377 202240
1758767202436 92.95062494459711 222464
1758767249546 87.8627479732702 242688
1758767266535 59.644264952646395 250112
