1758766701838 4.569996654157847 20224
1758766750711 3.2730083939817978 40448
1758766800907 2.496631611188775 60672
1758766851517 2.33727309928082 80896
1758766903589 2.1582080186663477 101120
1758766955934 2.112443671460754 121344
1758767005648 2.1308497059855926 141568
1758767057887 2.093780967418928 161792
1758767107865 2.094700305879037 182016
1758767155026 2.0841924403982444 202240
1758767202440 2.151209498282449 222464
1758767249550 2.1200716885187294 242688
1758767266539 2.1062856238047383 250112
