1771208965586 0.0888727605342865 5120
1771208975776 0.09393933415412903 10240
1771208984213 0.09291933476924896 15360
1771208995169 0.09341415762901306 20480
1771209004029 0.09169874340295792 25600
1771209014304 0.08973369747400284 30720
1771209023635 0.08798092603683472 35840
1771209033408 0.08618400990962982 40960
1771209043016 0.08488944172859192 46080
1771209052382 0.08320397138595581 51200
1771209062300 0.08279850333929062 56320
1771209071309 0.08168743550777435 61440
1771209081725 0.08165812492370605 66560
1771209090400 0.08364427089691162 71680
1771209101057 0.08450929820537567 76800
1771209109740 0.08441458642482758 81920
1771209120365 0.08361927419900894 87040
1771209129447 0.08353288471698761 92160
1771209139703 0.08315985649824142 97280
1771209148551 0.08257655054330826 102400
1771209159301 0.08234797418117523 107520
1771209167893 0.08195650577545166 112640
1771209178410 0.0815005898475647 117760
1771209187299 0.08125495165586472 122880
1771209197894 0.08094030618667603 128000
1771209206453 0.08063456416130066 133120
1771209217150 0.08067764341831207 138240
1771209225847 0.08001687377691269 143360
1771209236639 0.07683787494897842 148480
1771209245402 0.07354306429624557 153600
1771209255936 0.07058069854974747 158720
1771209264707 0.06772688031196594 163840
1771209275436 0.06497382372617722 168960
1771209284544 0.062404051423072815 174080
1771209294803 0.05992089584469795 179200
1771209303771 0.05757841095328331 184320
1771209313984 0.05544156953692436 189440
1771209323029 0.05334998294711113 194560
1771209333466 0.05142030864953995 199680
1771209342460 0.049615733325481415 204800
1771209352887 0.04778558388352394 209920
1771209361721 0.046077970415353775 215040
1771209372204 0.04454410821199417 220160
1771209381104 0.043016113340854645 225280
1771209391630 0.041557762771844864 230400
1771209400594 0.04018467292189598 235520
1771209411186 0.038790103048086166 240640
1771209420009 0.03754059970378876 245760
1771209430576 0.03638479858636856 250880
1771209439501 0.035135235637426376 256000
1771209449991 0.03407441824674606 261120
1771209458796 0.033005837351083755 266240
1771209469515 0.03200136497616768 271360
1771209478374 0.031068993732333183 276480
1771209489219 0.03015178255736828 281600
1771209497945 0.029138905927538872 286720
1771209508717 0.028306301683187485 291840
1771209517670 0.027392800897359848 296960
1771209523644 0.026978174224495888 300032
