1771208965586 19.48335075378418 5120
1771208975776 20.450281143188477 10240
1771208984213 20.893756866455078 15360
1771208995169 21.264944076538086 20480
1771209004029 21.333698272705078 25600
1771209014304 21.44712257385254 30720
1771209023635 21.40488624572754 35840
1771209033408 21.455751419067383 40960
1771209043016 21.512571334838867 46080
1771209052382 21.52730941772461 51200
1771209062300 21.527162551879883 56320
1771209071309 21.57847023010254 61440
1771209081725 21.578771591186523 66560
1771209090400 21.40732192993164 71680
1771209101057 21.302593231201172 76800
1771209109740 21.427581787109375 81920
1771209120365 21.457448959350586 87040
1771209129447 21.493837356567383 92160
1771209139703 21.53219223022461 97280
1771209148551 21.594167709350586 102400
1771209159301 21.631954193115234 107520
1771209167893 21.699262619018555 112640
1771209178410 21.728084564208984 117760
1771209187299 21.738306045532227 122880
1771209197894 21.706268310546875 128000
1771209206453 21.710126876831055 133120
1771209217150 21.75206756591797 138240
1771209225847 21.684749603271484 143360
1771209236639 21.676876068115234 148480
1771209245402 21.696977615356445 153600
1771209255936 21.781597137451172 158720
1771209264707 21.805444717407227 163840
1771209275436 21.84940528869629 168960
1771209284544 21.911415100097656 174080
1771209294803 21.99736976623535 179200
1771209303771 22.0349063873291 184320
1771209313984 22.07742691040039 189440
1771209323029 22.125391006469727 194560
1771209333466 22.165796279907227 199680
1771209342460 22.236305236816406 204800
1771209352887 22.28178596496582 209920
1771209361721 22.30696678161621 215040
1771209372204 22.329912185668945 220160
1771209381104 22.37841796875 225280
1771209391630 22.428442001342773 230400
1771209400594 22.430692672729492 235520
1771209411186 22.482078552246094 240640
1771209420009 22.512737274169922 245760
1771209430576 22.50311851501465 250880
1771209439501 22.535709381103516 256000
1771209449991 22.538837432861328 261120
1771209458796 22.548152923583984 266240
1771209469515 22.542938232421875 271360
1771209478374 22.56117057800293 276480
1771209489219 22.58108139038086 281600
1771209497945 22.587017059326172 286720
1771209508717 22.597171783447266 291840
1771209517670 22.627742767333984 296960
1771209523644 22.646928787231445 300032
