1771208965586 1.1398416757583618 5120
1771208975776 1.1507128477096558 10240
1771208984213 1.1505883932113647 15360
1771208995169 1.1570056676864624 20480
1771209004029 1.1544384956359863 25600
1771209014304 1.1551730632781982 30720
1771209023635 1.1496502161026 35840
1771209033408 1.1498932838439941 40960
1771209043016 1.1486366987228394 46080
1771209052382 1.1474270820617676 51200
1771209062300 1.1469554901123047 56320
1771209071309 1.1465834379196167 61440
1771209081725 1.1467982530593872 66560
1771209090400 1.1442700624465942 71680
1771209101057 1.1424728631973267 76800
1771209109740 1.1473097801208496 81920
1771209120365 1.1465702056884766 87040
1771209129447 1.1479315757751465 92160
1771209139703 1.1483713388442993 97280
1771209148551 1.1492042541503906 102400
1771209159301 1.1494510173797607 107520
1771209167893 1.1510708332061768 112640
1771209178410 1.150910496711731 117760
1771209187299 1.1513527631759644 122880
1771209197894 1.1493622064590454 128000
1771209206453 1.149072527885437 133120
1771209217150 1.1510218381881714 138240
1771209225847 1.1499627828598022 143360
1771209236639 1.150889277458191 148480
1771209245402 1.1502004861831665 153600
1771209255936 1.1527339220046997 158720
1771209264707 1.1530386209487915 163840
1771209275436 1.152595043182373 168960
1771209284544 1.1531779766082764 174080
1771209294803 1.1535667181015015 179200
1771209303771 1.1521973609924316 184320
1771209313984 1.1529359817504883 189440
1771209323029 1.1528973579406738 194560
1771209333466 1.1531147956848145 199680
1771209342460 1.155137300491333 204800
1771209352887 1.1545393466949463 209920
1771209361721 1.1543126106262207 215040
1771209372204 1.1549524068832397 220160
1771209381104 1.1557319164276123 225280
1771209391630 1.156343698501587 230400
1771209400594 1.156427264213562 235520
1771209411186 1.156280755996704 240640
1771209420009 1.1564818620681763 245760
1771209430576 1.1561310291290283 250880
1771209439501 1.1561143398284912 256000
1771209449991 1.1558384895324707 261120
1771209458796 1.1558351516723633 266240
1771209469515 1.1557329893112183 271360
1771209478374 1.1564178466796875 276480
1771209489219 1.1575440168380737 281600
1771209497945 1.1566179990768433 286720
1771209508717 1.1575491428375244 291840
1771209517670 1.1578211784362793 296960
1771209523644 1.1582777500152588 300032
