1771208965582 20.976205825805664 5120
1771208975774 17.77304458618164 10240
1771208984211 21.268123626708984 15360
1771208995166 24.203737258911133 20480
1771209004027 24.831592559814453 25600
1771209014302 23.305063247680664 30720
1771209023632 22.605449676513672 35840
1771209033406 20.543842315673828 40960
1771209043013 19.236282348632812 46080
1771209052379 18.51641845703125 51200
1771209062297 17.803508758544922 56320
1771209071307 17.197837829589844 61440
1771209081722 16.290424346923828 66560
1771209090398 16.049556732177734 71680
1771209101055 15.628514289855957 76800
1771209109737 16.834712982177734 81920
1771209120362 17.69144630432129 87040
1771209129444 17.024282455444336 92160
1771209139700 16.878313064575195 97280
1771209148549 15.20518970489502 102400
1771209159298 14.700441360473633 107520
1771209167891 15.65459156036377 112640
1771209178407 13.074397087097168 117760
1771209187297 13.159846305847168 122880
1771209197892 11.243910789489746 128000
1771209206451 10.552934646606445 133120
1771209217148 9.338705062866211 138240
1771209225844 9.653559684753418 143360
1771209236637 10.216267585754395 148480
1771209245400 9.151659965515137 153600
1771209255934 8.566091537475586 158720
1771209264705 11.390520095825195 163840
1771209275434 11.230386734008789 168960
1771209284542 10.196572303771973 174080
1771209294801 9.565443992614746 179200
1771209303768 8.405786514282227 184320
1771209313981 8.117176055908203 189440
1771209323026 8.303689002990723 194560
1771209333464 7.256545066833496 199680
1771209342458 7.101491451263428 204800
1771209352885 7.065667629241943 209920
1771209361719 6.4676690101623535 215040
1771209372202 6.400712490081787 220160
1771209381102 6.2785749435424805 225280
1771209391627 5.69402551651001 230400
1771209400592 5.071755409240723 235520
1771209411184 5.069498538970947 240640
1771209420007 4.933783531188965 245760
1771209430574 4.6196489334106445 250880
1771209439499 4.809564113616943 256000
1771209449989 4.341095447540283 261120
1771209458793 4.591836929321289 266240
1771209469513 4.280365467071533 271360
1771209478372 4.513365268707275 276480
1771209489216 4.290441036224365 281600
1771209497943 4.029746055603027 286720
1771209508714 4.532024383544922 291840
1771209517667 4.159658432006836 296960
1771209523641 4.016036033630371 300032
