1771767936647 0.0 5120
1771767943288 0.005607476457953453 10240
1771767949864 0.0037878789007663727 15360
1771767956549 0.0047846888191998005 20480
1771767968542 0.0038314175326377153 25600
1771767974985 0.004490057937800884 30720
1771767981727 0.004398020915687084 35840
1771767988226 0.00481231976300478 40960
1771767999439 0.004704875871539116 46080
1771768006621 0.004622496198862791 51200
1771768013818 0.004209049511700869 56320
1771768020236 0.0041841003112494946 61440
1771768030714 0.004754829220473766 66560
1771768037754 0.005523336119949818 71680
1771768045441 0.005930892191827297 76800
1771768051940 0.005799903534352779 81920
1771768062340 0.006599909160286188 87040
1771768068717 0.006663800682872534 92160
1771768077510 0.006518639158457518 97280
1771768083988 0.006387921050190926 102400
1771768093457 0.006086315028369427 107520
1771768100259 0.006339144427329302 112640
1771768108744 0.006231054197996855 117760
1771768115329 0.006129032466560602 122880
1771768124804 0.006347731687128544 128000
1771768131661 0.006259314250200987 133120
1771768140638 0.006459021009504795 138240
1771768147130 0.006782006938010454 143360
1771768156639 0.0065481760539114475 148480
1771768163464 0.006587445270270109 153600
1771768171909 0.006500000134110451 158720
1771768178594 0.006418796256184578 163840
1771768188149 0.006694069132208824 168960
1771768194844 0.00672824727371335 174080
1771768203935 0.006541019771248102 179200
1771768210270 0.006683915387839079 184320
1771768219334 0.006816990207880735 189440
1771768226458 0.006842320319265127 194560
1771768235149 0.006765495985746384 199680
1771768241739 0.006790183484554291 204800
1771768250916 0.006813665386289358 209920
1771768257891 0.006837291177362204 215040
1771768267111 0.00667749485000968 220160
1771768273565 0.006615506950765848 225280
1771768282650 0.006813869345933199 230400
1771768289632 0.006834866479039192 235520
1771768298213 0.006857237312942743 240640
1771768304999 0.006796116475015879 245760
1771768314599 0.0066597955301404 250880
1771768321512 0.006682206876575947 256000
1771768329761 0.006625038105994463 261120
1771768336300 0.00657206866890192 266240
1771768346437 0.00666813226416707 271360
1771768353415 0.006616325117647648 276480
1771768361521 0.006565941963344812 281600
1771768368073 0.006657882127910852 286720
1771768378163 0.006748006213456392 291840
1771768385184 0.006898399442434311 296960
1771768386908 0.007051154039800167 300032
