1771767936647 0.0 5120
1771767943288 0.0 10240
1771767949864 0.0 15360
1771767956549 0.0 20480
1771767968542 0.0 25600
1771767974985 0.0 30720
1771767981727 0.0 35840
1771767988226 0.0 40960
1771767999439 0.0 46080
1771768006621 0.0 51200
1771768013818 0.0 56320
1771768020236 0.0 61440
1771768030714 0.0 66560
1771768037754 0.0 71680
1771768045441 0.0 76800
1771768051940 0.0 81920
1771768062340 0.0 87040
1771768068717 0.0 92160
1771768077510 0.0 97280
1771768083988 0.0 102400
1771768093457 0.0 107520
1771768100259 0.0 112640
1771768108744 0.0 117760
1771768115329 0.0 122880
1771768124804 0.0 128000
1771768131661 0.0 133120
1771768140638 0.0 138240
1771768147130 0.0 143360
1771768156639 0.0 148480
1771768163464 0.0 153600
1771768171909 0.0 158720
1771768178594 0.0 163840
1771768188149 0.0 168960
1771768194844 0.0 174080
1771768203935 0.0 179200
1771768210270 0.0 184320
1771768219334 0.0 189440
1771768226458 0.0 194560
1771768235149 0.0 199680
1771768241739 0.0 204800
1771768250916 0.0 209920
1771768257891 0.0 215040
1771768267111 0.0 220160
1771768273565 0.0 225280
1771768282650 0.0 230400
1771768289632 0.0 235520
1771768298213 0.0 240640
1771768304999 0.0 245760
1771768314599 0.0 250880
1771768321512 0.0 256000
1771768329761 0.0 261120
1771768336300 0.0 266240
1771768346437 0.0 271360
1771768353415 0.0 276480
1771768361521 0.0 281600
1771768368073 0.0 286720
1771768378163 0.0 291840
1771768385184 0.0 296960
1771768386908 0.0 300032
