1771767936647 22.234657287597656 5120
1771767943288 21.100934982299805 10240
1771767949864 20.72348403930664 15360
1771767956549 20.607654571533203 20480
1771767968542 20.42835235595703 25600
1771767974985 20.378448486328125 30720
1771767981727 20.27377700805664 35840
1771767988226 20.211261749267578 40960
1771767999439 20.152694702148438 46080
1771768006621 20.129430770874023 51200
1771768013818 20.117151260375977 56320
1771768020236 20.102027893066406 61440
1771768030714 20.083209991455078 66560
1771768037754 20.077878952026367 71680
1771768045441 20.077360153198242 76800
1771768051940 20.054615020751953 81920
1771768062340 20.044607162475586 87040
1771768068717 20.035682678222656 92160
1771768077510 20.0270938873291 97280
1771768083988 20.021873474121094 102400
1771768093457 20.01973533630371 107520
1771768100259 20.01531982421875 112640
1771768108744 20.010778427124023 117760
1771768115329 19.987258911132812 122880
1771768124804 19.979719161987305 128000
1771768131661 19.990461349487305 133120
1771768140638 19.99052619934082 138240
1771768147130 19.98477554321289 143360
1771768156639 19.98316192626953 148480
1771768163464 19.975717544555664 153600
1771768171909 19.971500396728516 158720
1771768178594 19.969358444213867 163840
1771768188149 19.963476181030273 168960
1771768194844 19.968753814697266 174080
1771768203935 19.980487823486328 179200
1771768210270 19.982643127441406 184320
1771768219334 19.977031707763672 189440
1771768226458 19.976306915283203 194560
1771768235149 19.9666690826416 199680
1771768241739 19.967504501342773 204800
1771768250916 19.963754653930664 209920
1771768257891 19.965444564819336 215040
1771768267111 19.95993423461914 220160
1771768273565 19.962953567504883 225280
1771768282650 19.960668563842773 230400
1771768289632 19.96109962463379 235520
1771768298213 19.966623306274414 240640
1771768304999 19.968931198120117 245760
1771768314599 19.973201751708984 250880
1771768321512 19.97109603881836 256000
1771768329761 19.963144302368164 261120
1771768336300 19.960268020629883 266240
1771768346437 19.959259033203125 271360
1771768353415 19.957496643066406 276480
1771768361521 19.95566177368164 281600
1771768368073 19.95526695251465 286720
1771768378163 19.962852478027344 291840
1771768385184 19.958677291870117 296960
1771768386908 19.958824157714844 300032
