1771767936644 26.78736686706543 5120
1771767943285 29.589675903320312 10240
1771767949861 24.335247039794922 15360
1771767956545 17.88770866394043 20480
1771767968539 20.85015869140625 25600
1771767974981 18.442413330078125 30720
1771767981724 15.31006908416748 35840
1771767988223 18.16745376586914 40960
1771767999436 18.32839584350586 46080
1771768006618 17.24131202697754 51200
1771768013815 16.030681610107422 56320
1771768020233 14.835439682006836 61440
1771768030711 16.55829429626465 66560
1771768037751 13.473150253295898 71680
1771768045438 14.297162055969238 76800
1771768051936 16.399648666381836 81920
1771768062337 15.800003051757812 87040
1771768068713 12.7302827835083 92160
1771768077507 12.04738712310791 97280
1771768083985 12.942161560058594 102400
1771768093454 12.73166561126709 107520
1771768100256 12.47191047668457 112640
1771768108740 11.003947257995605 117760
1771768115325 10.7427339553833 122880
1771768124801 13.770284652709961 128000
1771768131658 13.632680892944336 133120
1771768140635 14.421930313110352 138240
1771768147126 11.496244430541992 143360
1771768156636 12.67658519744873 148480
1771768163461 12.107072830200195 153600
1771768171906 10.04813003540039 158720
1771768178590 10.342696189880371 163840
1771768188145 11.941914558410645 168960
1771768194840 9.932044982910156 174080
1771768203932 11.015871047973633 179200
1771768210266 11.04019546508789 184320
1771768219331 10.686868667602539 189440
1771768226455 13.859521865844727 194560
1771768235145 13.6061372756958 199680
1771768241736 12.908594131469727 204800
1771768250913 17.057010650634766 209920
1771768257888 17.42020034790039 215040
1771768267108 10.412449836730957 220160
1771768273562 10.997384071350098 225280
1771768282647 10.231056213378906 230400
1771768289629 12.557294845581055 235520
1771768298210 11.018194198608398 240640
1771768304996 9.82169246673584 245760
1771768314596 10.103063583374023 250880
1771768321509 12.02652645111084 256000
1771768329758 11.894259452819824 261120
1771768336297 10.751178741455078 266240
1771768346434 10.437150955200195 271360
1771768353412 11.579549789428711 276480
1771768361518 10.626789093017578 281600
1771768368070 11.150113105773926 286720
1771768378160 9.925745010375977 291840
1771768385180 10.328509330749512 296960
1771768386905 9.438458442687988 300032
