1771767936647 17.668920516967773 5120
1771767943288 16.65715217590332 10240
1771767949864 16.225000381469727 15360
1771767956549 16.035301208496094 20480
1771767968542 15.775948524475098 25600
1771767974985 15.744124412536621 30720
1771767981727 15.514960289001465 35840
1771767988226 15.492277145385742 40960
1771767999439 15.416382789611816 46080
1771768006621 15.440474510192871 51200
1771768013818 15.32839584350586 56320
1771768020236 15.365086555480957 61440
1771768030714 15.358943939208984 66560
1771768037754 15.31717300415039 71680
1771768045441 15.31684398651123 76800
1771768051940 15.347028732299805 81920
1771768062340 15.267139434814453 87040
1771768068717 15.293506622314453 92160
1771768077510 15.251330375671387 97280
1771768083988 15.257771492004395 102400
1771768093457 15.295639991760254 107520
1771768100259 15.336953163146973 112640
1771768108744 15.324447631835938 117760
1771768115329 15.244338035583496 122880
1771768124804 15.199141502380371 128000
1771768131661 15.23574161529541 133120
1771768140638 15.267646789550781 138240
1771768147130 15.253381729125977 143360
1771768156639 15.243210792541504 148480
1771768163464 15.281387329101562 153600
1771768171909 15.263741493225098 158720
1771768178594 15.271334648132324 163840
1771768188149 15.261710166931152 168960
1771768194844 15.255199432373047 174080
1771768203935 15.248082160949707 179200
1771768210270 15.256997108459473 184320
1771768219334 15.230079650878906 189440
1771768226458 15.249770164489746 194560
1771768235149 15.235082626342773 199680
1771768241739 15.240425109863281 204800
1771768250916 15.223294258117676 209920
1771768257891 15.226296424865723 215040
1771768267111 15.209260940551758 220160
1771768273565 15.215997695922852 225280
1771768282650 15.224553108215332 230400
1771768289632 15.215241432189941 235520
1771768298213 15.228306770324707 240640
1771768304999 15.254984855651855 245760
1771768314599 15.254894256591797 250880
1771768321512 15.268181800842285 256000
1771768329761 15.255136489868164 261120
1771768336300 15.239117622375488 266240
1771768346437 15.215411186218262 271360
1771768353415 15.211471557617188 276480
1771768361521 15.209897994995117 281600
1771768368073 15.211508750915527 286720
1771768378163 15.204257011413574 291840
1771768385184 15.195307731628418 296960
1771768386908 15.189326286315918 300032
