1759791642817 405.14087749524714 5120
1759791676634 409.71916630353587 10240
1759791706646 409.2270627554496 15360
1759791736306 409.62134615384616 20480
1759791766765 411.1440685835041 25600
1759791796806 411.43025531572164 30720
1759791826549 412.380279432925 35840
1759791863645 412.78838113030537 40960
1759791893346 413.109149881858 46080
1759791922886 413.6405082987552 51200
1759791952406 413.68566285103066 56320
1759791986633 413.6169111976451 61440
1759792015429 412.36175067912745 66560
1759792043675 410.8371595404747 71680
1759792072070 409.58850276501005 76800
1759792104641 407.23952828201595 81920
1759792134973 405.2890818802352 87040
1759792164267 403.7683472992272 92160
1759792191277 402.31091220446075 97280
1759792219138 400.4922059708083 102400
1759792250647 399.08462294460406 107520
1759792281576 397.7496679607683 112640
1759792311647 396.3899062054712 117760
1759792347016 394.8840933470036 122880
1759792375810 393.517316491433 128000
1759792406519 391.9704194617871 133120
