1759791642812 -1.0238149273519712 5120
1759791676630 -0.7574676491997459 10240
1759791706641 -0.8942628487944603 15360
1759791736301 -0.9084789185296922 20480
1759791766760 -0.9335830248319186 25600
1759791796802 -0.9096207126494378 30720
1759791826542 -0.8401413242022197 35840
1759791863639 -0.7542355804908567 40960
1759791893341 -0.6892026310381683 46080
1759791922870 -0.6263692631441005 51200
1759791952402 -0.574819153547287 56320
1759791986628 -0.5262495924214847 61440
1759792015424 -0.49799132202610824 66560
1759792043670 -0.47988184740845585 71680
1759792072065 -0.45467297528919426 76800
1759792104633 -0.4573472870720757 81920
1759792134968 -0.46562709642011063 87040
1759792164263 -0.4211866101065834 92160
1759792191272 -0.3976652378837267 97280
1759792219133 -0.3857758073523493 102400
1759792250638 -0.3860209559494594 107520
1759792281570 -0.3819577689643378 112640
1759792311641 -0.38659021607760724 117760
1759792347010 -0.38704033055581333 122880
1759792375804 -0.3884230394212026 128000
1759792406513 -0.3946957668275323 133120
