1759791642817 4.756653992395437 5120
1759791676634 4.396414342629482 10240
1759791706646 4.380108991825613 15360
1759791736306 4.358974358974359 20480
1759791766765 4.277868852459016 25600
1759791796806 4.258419243986254 30720
1759791826549 4.219598583234947 35840
1759791863645 4.214285714285714 40960
1759791893346 4.1931765790686955 46080
1759791922886 4.17344398340249 51200
1759791952406 4.185703479576399 56320
1759791986633 4.195689954814043 61440
1759792015429 4.278300356795329 66560
1759792043675 4.356360316494218 71680
1759792072070 4.424016087331227 76800
1759792104641 4.532679738562091 81920
1759792134973 4.640206185567011 87040
1759792164267 4.711632453567938 92160
1759792191277 4.782203587235034 97280
1759792219138 4.861148197596796 102400
1759792250647 4.928693060876969 107520
1759792281576 4.998569677155701 112640
1759792311647 5.062303459119497 117760
1759792347016 5.1336999810354635 122880
1759792375810 5.194978926149899 128000
1759792406519 5.275239107332625 133120
