1771085153592 1.2841765880584717 5120
1771085160389 1.1755139827728271 10240
1771085167287 1.045846939086914 15360
1771085174704 0.8874813914299011 20480
1771085184061 0.7956109642982483 25600
1771085190968 0.8343273401260376 30720
1771085197721 0.8813543319702148 35840
1771085204896 0.9087544679641724 40960
1771085214419 0.924558699131012 46080
1771085221552 0.9395413398742676 51200
1771085228569 0.950416624546051 56320
1771085235790 0.9665695428848267 61440
1771085244940 0.9772140383720398 66560
1771085252198 0.9889914989471436 71680
1771085258831 0.9948598146438599 76800
1771085266101 1.0035756826400757 81920
1771085275176 1.0080211162567139 87040
1771085282522 1.0114071369171143 92160
1771085289063 1.0159779787063599 97280
1771085296882 1.0213130712509155 102400
1771085305786 1.0266920328140259 107520
1771085312806 1.0322351455688477 112640
1771085319944 1.0362457036972046 117760
1771085326977 1.039982557296753 122880
1771085336041 1.043143630027771 128000
1771085343637 1.0447901487350464 133120
1771085350668 1.0452210903167725 138240
1771085357126 1.0489094257354736 143360
1771085366596 1.0515974760055542 148480
1771085373688 1.0538803339004517 153600
1771085380842 1.0570815801620483 158720
1771085387899 1.0579885244369507 163840
1771085397699 1.0603947639465332 168960
1771085404266 1.0652074813842773 174080
1771085411394 1.0660102367401123 179200
1771085417960 1.0662838220596313 184320
1771085427927 1.0667462348937988 189440
1771085435335 1.0687251091003418 194560
1771085441820 1.069313406944275 199680
1771085448451 1.0689547061920166 204800
1771085458531 1.0687408447265625 209920
1771085465589 1.0679335594177246 215040
1771085473159 1.068069338798523 220160
1771085480329 1.06964910030365 225280
1771085489390 1.070486068725586 230400
1771085497155 1.0718814134597778 235520
1771085504414 1.0729764699935913 240640
1771085511134 1.0739314556121826 245760
1771085519909 1.07589590549469 250880
1771085527932 1.07658851146698 256000
1771085534961 1.078568696975708 261120
1771085542406 1.0808944702148438 266240
1771085550643 1.0818760395050049 271360
1771085558624 1.080848217010498 276480
1771085565312 1.0809288024902344 281600
1771085572781 1.0827581882476807 286720
1771085581559 1.0842254161834717 291840
1771085588961 1.0850200653076172 296960
1771085590973 1.0840332508087158 300032
