1771085153592 2.376258134841919 5120
1771085160389 1.9471219778060913 10240
1771085167287 1.5083110332489014 15360
1771085174704 1.086728811264038 20480
1771085184061 0.8465297818183899 25600
1771085190968 0.9382986426353455 30720
1771085197721 1.0294643640518188 35840
1771085204896 1.0963923931121826 40960
1771085214419 1.1284316778182983 46080
1771085221552 1.1637203693389893 51200
1771085228569 1.1857601404190063 56320
1771085235790 1.2225465774536133 61440
1771085244940 1.2435203790664673 66560
1771085252198 1.2695670127868652 71680
1771085258831 1.2832591533660889 76800
1771085266101 1.306119441986084 81920
1771085275176 1.3107084035873413 87040
1771085282522 1.3167015314102173 92160
1771085289063 1.3291287422180176 97280
1771085296882 1.3386478424072266 102400
1771085305786 1.3435832262039185 107520
1771085312806 1.3549522161483765 112640
1771085319944 1.3700982332229614 117760
1771085326977 1.3802406787872314 122880
1771085336041 1.3877187967300415 128000
1771085343637 1.3932174444198608 133120
1771085350668 1.394850492477417 138240
1771085357126 1.4024869203567505 143360
1771085366596 1.4112391471862793 148480
1771085373688 1.4152500629425049 153600
1771085380842 1.4194056987762451 158720
1771085387899 1.4205949306488037 163840
1771085397699 1.4275480508804321 168960
1771085404266 1.433838129043579 174080
1771085411394 1.4342142343521118 179200
1771085417960 1.4357402324676514 184320
1771085427927 1.4358038902282715 189440
1771085435335 1.4418450593948364 194560
1771085441820 1.4455825090408325 199680
1771085448451 1.4469062089920044 204800
1771085458531 1.450453519821167 209920
1771085465589 1.4497566223144531 215040
1771085473159 1.4473897218704224 220160
1771085480329 1.449008584022522 225280
1771085489390 1.4502592086791992 230400
1771085497155 1.4559075832366943 235520
1771085504414 1.459782600402832 240640
1771085511134 1.4620026350021362 245760
1771085519909 1.4674627780914307 250880
1771085527932 1.4674614667892456 256000
1771085534961 1.4709352254867554 261120
1771085542406 1.475772738456726 266240
1771085550643 1.4785292148590088 271360
1771085558624 1.47721266746521 276480
1771085565312 1.4798732995986938 281600
1771085572781 1.4831675291061401 286720
1771085581559 1.4858334064483643 291840
1771085588961 1.4873639345169067 296960
1771085590973 1.4864689111709595 300032
