1771168330325 23.616981506347656 5120
1771168336044 24.73785972595215 10240
1771168341866 25.68988609313965 15360
1771168347629 26.07764434814453 20480
1771168356489 26.297637939453125 25600
1771168362403 26.672727584838867 30720
1771168368040 26.895708084106445 35840
1771168373868 26.888059616088867 40960
1771168382177 27.019750595092773 46080
1771168388530 27.027324676513672 51200
1771168394751 27.09888458251953 56320
1771168400796 27.193986892700195 61440
1771168407749 27.27536964416504 66560
1771168415043 27.280376434326172 71680
1771168421126 27.12177085876465 76800
1771168426984 26.993337631225586 81920
1771168433916 26.762128829956055 87040
1771168441092 26.504980087280273 92160
1771168447461 26.278701782226562 97280
1771168453332 25.988536834716797 102400
1771168459669 25.67584800720215 107520
1771168467235 25.32905387878418 112640
1771168474300 25.05185890197754 117760
1771168480303 25.123432159423828 122880
1771168486258 25.215225219726562 128000
1771168493826 25.275836944580078 133120
1771168501054 25.368247985839844 138240
1771168506882 25.48841094970703 143360
1771168512552 25.568445205688477 148480
1771168519949 25.634620666503906 153600
1771168527610 25.703330993652344 158720
1771168533510 25.766918182373047 163840
1771168539469 25.85029411315918 168960
1771168545943 25.91639518737793 174080
1771168554547 25.950016021728516 179200
1771168560436 26.0369873046875 184320
1771168565782 26.091842651367188 189440
1771168572742 26.116336822509766 194560
1771168581118 26.14937973022461 199680
1771168586980 26.187387466430664 204800
1771168592481 26.217885971069336 209920
1771168599066 26.22535514831543 215040
1771168607499 26.247547149658203 220160
1771168613410 26.297258377075195 225280
1771168619544 26.31723403930664 230400
1771168625783 26.342496871948242 235520
1771168634704 26.366806030273438 240640
1771168640590 26.376901626586914 245760
1771168645956 26.393827438354492 250880
1771168652052 26.419893264770508 256000
1771168661211 26.45160484313965 261120
1771168667371 26.4893798828125 266240
1771168672764 26.521669387817383 271360
1771168678414 26.538623809814453 276480
1771168687500 26.557798385620117 281600
1771168694074 26.552024841308594 286720
1771168699904 26.5814151763916 291840
1771168705426 26.59214210510254 296960
1771168710425 26.597339630126953 300032
