1771168330325 0.0 5120
1771168336044 0.0 10240
1771168341866 0.0 15360
1771168347629 0.0 20480
1771168356489 0.0 25600
1771168362403 0.0 30720
1771168368040 0.0 35840
1771168373868 0.0 40960
1771168382177 0.0 46080
1771168388530 0.0 51200
1771168394751 0.0 56320
1771168400796 0.0 61440
1771168407749 0.0 66560
1771168415043 0.0 71680
1771168421126 0.0 76800
1771168426984 0.0 81920
1771168433916 0.0 87040
1771168441092 0.0 92160
1771168447461 0.0 97280
1771168453332 0.0 102400
1771168459669 0.0 107520
1771168467235 0.0 112640
1771168474300 0.0 117760
1771168480303 0.0 122880
1771168486258 0.0 128000
1771168493826 0.0 133120
1771168501054 0.0 138240
1771168506882 0.0 143360
1771168512552 0.0 148480
1771168519949 0.0 153600
1771168527610 0.0 158720
1771168533510 0.0 163840
1771168539469 0.0 168960
1771168545943 0.0 174080
1771168554547 0.0 179200
1771168560436 0.0 184320
1771168565782 0.0 189440
1771168572742 0.0 194560
1771168581118 0.0 199680
1771168586980 0.0 204800
1771168592481 0.0 209920
1771168599066 0.0 215040
1771168607499 0.0 220160
1771168613410 0.0 225280
1771168619544 0.0 230400
1771168625783 0.0 235520
1771168634704 0.0 240640
1771168640590 0.0 245760
1771168645956 0.0 250880
1771168652052 0.0 256000
1771168661211 0.0 261120
1771168667371 0.0 266240
1771168672764 0.0 271360
1771168678414 0.0 276480
1771168687500 0.0 281600
1771168694074 0.0 286720
1771168699904 0.0 291840
1771168705426 0.0 296960
1771168710425 0.0 300032
