1771188383063 1.1350950002670288 8192
1771188386594 1.143440842628479 16384
1771188451594 1.1595999002456665 24576
1771188455275 1.1589993238449097 32768
1771188520548 1.1626332998275757 40960
1771188524464 1.15666663646698 49152
1771188588939 1.1571495532989502 57344
1771188593495 1.1595306396484375 65536
1771188657782 1.1579409837722778 73728
1771188662396 1.1567935943603516 81920
1771188727375 1.1545989513397217 90112
1771188731860 1.1552743911743164 98304
1771188795845 1.1554844379425049 106496
1771188800552 1.1556892395019531 114688
1771188864603 1.1542980670928955 122880
1771188869549 1.154859185218811 131072
1771188934765 1.1558490991592407 139264
1771188939355 1.154885172843933 147456
1771189002884 1.1547132730484009 155648
1771189007849 1.1534091234207153 163840
1771189071984 1.1540544033050537 172032
1771189077287 1.154349684715271 180224
1771189142451 1.154406189918518 188416
1771189146631 1.1547895669937134 196608
1771189211351 1.154920220375061 204800
1771189216141 1.1549915075302124 212992
1771189280063 1.1550185680389404 221184
1771189285705 1.1552056074142456 229376
1771189349506 1.155301809310913 237568
1771189355260 1.1554621458053589 245760
1771189418297 1.155371904373169 253952
1771189424175 1.1554588079452515 262144
1771189488151 1.1556074619293213 270336
1771189493390 1.1559786796569824 278528
1771189556591 1.1551377773284912 286720
1771189561802 1.1542803049087524 294912
1771189593351 1.1538903713226318 303104
