1771188383063 0.28270745277404785 8192
1771188386594 0.27266621589660645 16384
1771188451594 0.26813265681266785 24576
1771188455275 0.2674008905887604 32768
1771188520548 0.26857614517211914 40960
1771188524464 0.265097975730896 49152
1771188588939 0.266094833612442 57344
1771188593495 0.26691222190856934 65536
1771188657782 0.2666091024875641 73728
1771188662396 0.2659733295440674 81920
1771188727375 0.26553839445114136 90112
1771188731860 0.2663491368293762 98304
1771188795845 0.26612532138824463 106496
1771188800552 0.26606717705726624 114688
1771188864603 0.2661477327346802 122880
1771188869549 0.26639091968536377 131072
1771188934765 0.26712146401405334 139264
1771188939355 0.26662805676460266 147456
1771189002884 0.2664622962474823 155648
1771189007849 0.26605984568595886 163840
1771189071984 0.2662380635738373 172032
1771189077287 0.2669723331928253 180224
1771189142451 0.2668493986129761 188416
1771189146631 0.2670215666294098 196608
1771189211351 0.2668178081512451 204800
1771189216141 0.266836941242218 212992
1771189280063 0.26665163040161133 221184
1771189285705 0.26640963554382324 229376
1771189349506 0.2666456401348114 237568
1771189355260 0.26640209555625916 245760
1771189418297 0.26630184054374695 253952
1771189424175 0.26629742980003357 262144
1771189488151 0.26622867584228516 270336
1771189493390 0.26607486605644226 278528
1771189556591 0.26591479778289795 286720
1771189561802 0.26557376980781555 294912
1771189593351 0.2654406428337097 303104
