1771188383060 39.89218287823019 8192
1771188386592 43.599380463820545 16384
1771188451592 39.89521843759809 24576
1771188455273 43.03086014445174 32768
1771188520546 43.350635122425146 40960
1771188524461 42.52089901764986 49152
1771188588937 45.26162213493331 57344
1771188593492 42.43872429982192 65536
1771188657780 40.09697525907231 73728
1771188662393 42.89882583970871 81920
1771188727373 33.75534380633531 90112
1771188731857 39.996033108288515 98304
1771188795843 34.64362765342364 106496
1771188800550 40.73642703133195 114688
1771188864601 45.767360656453235 122880
1771188869546 41.06145065444898 131072
1771188934763 1.8946079859572476 139264
1771188939353 44.92902285922403 147456
1771189002882 38.80381163844944 155648
1771189007847 41.110551335457 163840
1771189071982 30.941028932265155 172032
1771189077285 37.0799982318879 180224
1771189142449 42.68490362500255 188416
1771189146629 42.59257679614115 196608
1771189211348 44.09255190538765 204800
1771189216139 44.361636417481066 212992
1771189280061 42.90321392770197 221184
1771189285702 42.7088089443726 229376
1771189349504 44.98878043548214 237568
1771189355258 44.860785488149226 245760
1771189418295 46.12419860339803 253952
1771189424172 36.51602792916717 262144
1771189488148 43.38695796094009 270336
1771189493387 40.331009548352355 278528
1771189556588 41.39946502423184 286720
1771189561800 42.50495551186688 294912
1771189593349 42.84448802811146 303104
