1771188383063 1.8201454877853394 8192
1771188386594 1.699304223060608 16384
1771188451594 1.6209676265716553 24576
1771188455275 1.6046409606933594 32768
1771188520548 1.601349949836731 40960
1771188524464 1.5660635232925415 49152
1771188588939 1.5732976198196411 57344
1771188593495 1.577517032623291 65536
1771188657782 1.5738184452056885 73728
1771188662396 1.56736421585083 81920
1771188727375 1.5636823177337646 90112
1771188731860 1.569297432899475 98304
1771188795845 1.5669755935668945 106496
1771188800552 1.5651538372039795 114688
1771188864603 1.5678596496582031 122880
1771188869549 1.5690137147903442 131072
1771188934765 1.5764415264129639 139264
1771188939355 1.5715749263763428 147456
1771189002884 1.5709396600723267 155648
1771189007849 1.5676742792129517 163840
1771189071984 1.5679081678390503 172032
1771189077287 1.5754730701446533 180224
1771189142451 1.5741828680038452 188416
1771189146631 1.575934648513794 196608
1771189211351 1.5744508504867554 204800
1771189216141 1.5741446018218994 212992
1771189280063 1.5725822448730469 221184
1771189285705 1.5696173906326294 229376
1771189349506 1.5726027488708496 237568
1771189355260 1.5696545839309692 245760
1771189418297 1.5689122676849365 253952
1771189424175 1.5693917274475098 262144
1771189488151 1.5685700178146362 270336
1771189493390 1.566447377204895 278528
1771189556591 1.5653966665267944 286720
1771189561802 1.5627245903015137 294912
1771189593351 1.5615477561950684 303104
