1758811336199 2.3494845360824743 20224
1758811376344 2.5296316070475173 40448
1758811415820 2.545324256538875 60672
1758811455363 2.4602122015915118 80896
1758811496978 2.4677590976803576 101120
1758811536844 2.4342685724369155 121344
1758811577465 2.3815868263473052 141568
1758811617595 2.3813459268004724 161792
1758811658027 2.386392811296534 182016
1758811698588 2.4042463737649777 202240
1758811739144 2.424137931034483 222464
1758811778949 2.4444933532881414 242688
1758811793157 2.4556896994605704 250112
