1771052509316 17.04496955871582 5120
1771052518424 18.011756896972656 10240
1771052528540 18.764259338378906 15360
1771052537249 19.307409286499023 20480
1771052547153 19.59160041809082 25600
1771052556712 20.140520095825195 30720
1771052566697 20.46484375 35840
1771052575969 20.83469009399414 40960
1771052585842 20.8669490814209 46080
1771052595268 20.990787506103516 51200
1771052605798 21.063522338867188 56320
1771052614467 21.0808048248291 61440
1771052624058 21.196441650390625 66560
1771052633592 21.299453735351562 71680
1771052644194 21.362333297729492 76800
1771052652898 21.430421829223633 81920
1771052661909 21.46384048461914 87040
1771052671931 21.505653381347656 92160
1771052683023 21.565479278564453 97280
1771052692198 21.669458389282227 102400
1771052701030 21.71100425720215 107520
1771052710594 21.733985900878906 112640
1771052721274 21.743425369262695 117760
1771052730035 21.696321487426758 122880
1771052739704 21.756650924682617 128000
1771052749128 21.767004013061523 133120
1771052759567 21.761272430419922 138240
1771052768893 21.74339485168457 143360
1771052778088 21.76972198486328 148480
1771052787839 21.80799674987793 153600
1771052798735 21.819393157958984 158720
1771052807799 21.86026954650879 163840
1771052816822 21.85843849182129 168960
1771052826184 21.853796005249023 174080
1771052837168 21.850955963134766 179200
1771052846524 21.861127853393555 184320
1771052855206 21.838159561157227 189440
1771052864676 21.838787078857422 194560
1771052876213 21.838104248046875 199680
1771052884968 21.817291259765625 204800
1771052894038 21.815053939819336 209920
1771052903227 21.771671295166016 215040
1771052914871 21.822566986083984 220160
1771052924021 21.881975173950195 225280
1771052933062 21.888845443725586 230400
1771052942338 21.96387481689453 235520
1771052953598 21.9935359954834 240640
1771052962384 21.988401412963867 245760
1771052971664 21.985605239868164 250880
1771052980784 21.980409622192383 256000
1771052992440 21.978378295898438 261120
1771053001073 21.974679946899414 266240
1771053010193 21.974145889282227 271360
1771053019459 21.990690231323242 276480
1771053030634 21.983036041259766 281600
1771053040016 21.98187255859375 286720
1771053048989 21.978952407836914 291840
1771053058528 21.961231231689453 296960
1771053062869 21.959331512451172 300032
