1771052509316 22.885665893554688 5120
1771052518424 23.872543334960938 10240
1771052528540 24.424480438232422 15360
1771052537249 24.956148147583008 20480
1771052547153 25.238481521606445 25600
1771052556712 25.7869815826416 30720
1771052566697 26.086820602416992 35840
1771052575969 26.45852279663086 40960
1771052585842 26.4435977935791 46080
1771052595268 26.562122344970703 51200
1771052605798 26.6281681060791 56320
1771052614467 26.654529571533203 61440
1771052624058 26.74715232849121 66560
1771052633592 26.85547637939453 71680
1771052644194 26.90138053894043 76800
1771052652898 26.967838287353516 81920
1771052661909 27.001361846923828 87040
1771052671931 27.055500030517578 92160
1771052683023 27.11952018737793 97280
1771052692198 27.21358871459961 102400
1771052701030 27.25516700744629 107520
1771052710594 27.274486541748047 112640
1771052721274 27.291351318359375 117760
1771052730035 27.213802337646484 122880
1771052739704 27.27134132385254 128000
1771052749128 27.279863357543945 133120
1771052759567 27.275218963623047 138240
1771052768893 27.25359344482422 143360
1771052778088 27.27096939086914 148480
1771052787839 27.31749725341797 153600
1771052798735 27.326263427734375 158720
1771052807799 27.3721866607666 163840
1771052816822 27.357526779174805 168960
1771052826184 27.355260848999023 174080
1771052837168 27.346031188964844 179200
1771052846524 27.35381317138672 184320
1771052855206 27.335840225219727 189440
1771052864676 27.33461570739746 194560
1771052876213 27.31725311279297 199680
1771052884968 27.28682518005371 204800
1771052894038 27.277395248413086 209920
1771052903227 27.190567016601562 215040
1771052914871 27.162168502807617 220160
1771052924021 27.15285873413086 225280
1771052933062 27.083343505859375 230400
1771052942338 27.08879852294922 235520
1771052953598 27.056167602539062 240640
1771052962384 27.050230026245117 245760
1771052971664 27.059511184692383 250880
1771052980784 27.060497283935547 256000
1771052992440 27.063961029052734 261120
1771053001073 27.063467025756836 266240
1771053010193 27.0758113861084 271360
1771053019459 27.097015380859375 276480
1771053030634 27.096349716186523 281600
1771053040016 27.105976104736328 286720
1771053048989 27.103116989135742 291840
1771053058528 27.09342384338379 296960
1771053062869 27.093643188476562 300032
