1771052509311 -1.07832932472229 5120
1771052518419 -1.9101078510284424 10240
1771052528535 -2.4604783058166504 15360
1771052537243 -3.1875953674316406 20480
1771052547147 -3.934964656829834 25600
1771052556706 -4.49144172668457 30720
1771052566691 -5.100491046905518 35840
1771052575963 -5.626358985900879 40960
1771052585836 -6.061557769775391 46080
1771052595262 -6.438282012939453 51200
1771052605792 -6.77883768081665 56320
1771052614460 -7.085569858551025 61440
1771052624052 -7.385636806488037 66560
1771052633585 -7.725412845611572 71680
1771052644188 -7.950486183166504 76800
1771052652892 -8.182897567749023 81920
1771052661903 -8.36434555053711 87040
1771052671924 -8.54841136932373 92160
1771052683017 -8.740750312805176 97280
1771052692191 -8.86630630493164 102400
1771052701023 -8.963350296020508 107520
1771052710587 -9.108969688415527 112640
1771052721267 -9.136258125305176 117760
1771052730028 -9.225500106811523 122880
1771052739698 -9.297011375427246 128000
1771052749121 -9.32791805267334 133120
1771052759560 -9.403034210205078 138240
1771052768885 -9.38927936553955 143360
1771052778080 -9.377913475036621 148480
1771052787832 -9.428210258483887 153600
1771052798727 -9.421491622924805 158720
1771052807791 -9.405038833618164 163840
1771052816812 -9.460798263549805 168960
1771052826176 -9.46415901184082 174080
1771052837161 -9.455057144165039 179200
1771052846516 -9.440882682800293 184320
1771052855198 -9.409135818481445 189440
1771052864668 -9.428293228149414 194560
1771052876205 -9.38128662109375 199680
1771052884960 -9.293222427368164 204800
1771052894031 -9.2299222946167 209920
1771052903218 -8.950311660766602 215040
1771052914863 -9.337098121643066 220160
1771052924013 -9.628024101257324 225280
1771052933053 -9.78372859954834 230400
1771052942330 -10.004998207092285 235520
1771052953590 -10.063801765441895 240640
1771052962376 -10.204923629760742 245760
1771052971656 -10.164253234863281 250880
1771052980776 -10.071515083312988 256000
1771052992431 -9.946767807006836 261120
1771053001064 -9.634623527526855 266240
1771053010184 -9.268667221069336 271360
1771053019450 -8.819229125976562 276480
1771053030626 -8.254969596862793 281600
1771053040008 -7.489177703857422 286720
1771053048980 -6.416665077209473 291840
1771053058520 -4.966731548309326 296960
1771053062860 -3.6027145385742188 300032
