1771052509316 0.2844226658344269 5120
1771052518424 0.2847398817539215 10240
1771052528540 0.27421391010284424 15360
1771052537249 0.27374687790870667 20480
1771052547153 0.27548444271087646 25600
1771052556712 0.27543461322784424 30720
1771052566697 0.273436039686203 35840
1771052575969 0.2738085389137268 40960
1771052585842 0.27248987555503845 46080
1771052595268 0.2712816298007965 51200
1771052605798 0.2705526053905487 56320
1771052614467 0.2704989016056061 61440
1771052624058 0.2694779932498932 66560
1771052633592 0.27012377977371216 71680
1771052644194 0.26908785104751587 76800
1771052652898 0.26913610100746155 81920
1771052661909 0.269031286239624 87040
1771052671931 0.2700716257095337 92160
1771052683023 0.2700897455215454 97280
1771052692198 0.26962780952453613 102400
1771052701030 0.26970237493515015 107520
1771052710594 0.26904577016830444 112640
1771052721274 0.2694307565689087 117760
1771052730035 0.2679878771305084 122880
1771052739704 0.26773378252983093 128000
1771052749128 0.267476350069046 133120
1771052759567 0.26731958985328674 138240
1771052768893 0.2672940790653229 143360
1771052778088 0.26691922545433044 148480
1771052787839 0.267307311296463 153600
1771052798735 0.2674243450164795 158720
1771052807799 0.26772814989089966 163840
1771052816822 0.2672635614871979 168960
1771052826184 0.2675067186355591 174080
1771052837168 0.26731497049331665 179200
1771052846524 0.2672696113586426 184320
1771052855206 0.26735585927963257 189440
1771052864676 0.2674417197704315 194560
1771052876213 0.266716867685318 199680
1771052884968 0.2661389112472534 204800
1771052894038 0.2659190893173218 209920
1771052903227 0.26387688517570496 215040
1771052914871 0.26009708642959595 220160
1771052924021 0.256779283285141 225280
1771052933062 0.25312432646751404 230400
1771052942338 0.2497161477804184 235520
1771052953598 0.24678809940814972 240640
1771052962384 0.24662810564041138 245760
1771052971664 0.24718719720840454 250880
1771052980784 0.24738581478595734 256000
1771052992440 0.24771946668624878 261120
1771053001073 0.2477329820394516 266240
1771053010193 0.24818432331085205 271360
1771053019459 0.24851858615875244 276480
1771053030634 0.24876564741134644 281600
1771053040016 0.24923504889011383 286720
1771053048989 0.24913229048252106 291840
1771053058528 0.24939601123332977 296960
1771053062869 0.2494964450597763 300032
