1771100818310 -0.7884705066680908 8192
1771100836412 -1.8095369338989258 16384
1771100866256 -2.421806573867798 24576
1771100884792 -2.9310965538024902 32768
1771100914625 -3.483529806137085 40960
1771100933022 -3.8652894496917725 49152
1771100962801 -4.178563117980957 57344
1771100982052 -4.394898414611816 65536
1771101011307 -4.525331497192383 73728
1771101030274 -4.499497413635254 81920
1771101059427 -4.406769752502441 90112
1771101079569 -4.254849433898926 98304
1771101108312 -4.051365852355957 106496
1771101128547 -3.7338738441467285 114688
1771101156923 -3.4890425205230713 122880
1771101177035 -3.1954739093780518 131072
1771101205719 -2.9830102920532227 139264
1771101225553 -2.78695011138916 147456
1771101254516 -2.5195868015289307 155648
1771101273826 -2.3507041931152344 163840
1771101302945 -2.1726231575012207 172032
1771101323017 -1.910400152206421 180224
1771101351424 -1.782031774520874 188416
1771101371742 -1.6170241832733154 196608
1771101399957 -1.577944040298462 204800
1771101420722 -1.5015485286712646 212992
1771101448741 -1.3333353996276855 221184
1771101469424 -1.143676519393921 229376
1771101496983 -0.9220490455627441 237568
1771101517628 -0.8950783014297485 245760
1771101545509 -0.874069094657898 253952
1771101566988 -0.7067917585372925 262144
1771101593206 -0.5802907943725586 270336
1771101615481 -0.4796135127544403 278528
1771101642464 -0.3482207655906677 286720
1771101664559 -0.4013131558895111 294912
1771101689591 -0.24723494052886963 303104
