1759706055922 5.048979591836734 5120
1759706077586 4.660416666666666 10240
1759706098820 4.472144846796658 15360
1759706115292 4.3793466807165435 20480
1759706135674 4.32968881412952 25600
1759706158959 4.336605890603086 30720
1759706175578 4.308664259927798 35840
1759706193767 4.246452968996322 40960
1759706214600 4.242070895522388 46080
1759706241184 4.2052896725440805 51200
1759706258268 4.196408100878869 56320
1759706280109 4.196353436185134 61440
1759706303021 4.199417287147944 66560
1759706321112 4.178292242934456 71680
1759706339944 4.18294051627385 76800
1759706367015 4.190576467491445 81920
1759706384751 4.187716691431402 87040
1759706402870 4.189518015910155 92160
1759706420218 4.184799468202969 97280
1759706448283 4.19229149115417 102400
1759706464996 4.201043338683788 107520
1759706483018 4.2015711822188155 112640
1759706504288 4.203663003663004 117760
1759706528439 4.204457704457704 122880
1759706546581 4.198921105866487 128000
1759706566440 4.193642555951995 133120
1759706584582 4.1952856696846705 138240
1759706606253 4.197772426249247 143360
1759706625064 4.194739136753379 148480
1759706643042 4.195474985947161 153600
1759706662592 4.194587979330977 158720
1759706683723 4.19262187088274 163840
1759706703107 4.188418765179598 168960
1759706722763 4.186158997891604 174080
1759706744275 4.187658189707123 179200
1759706764982 4.187507324504863 184320
1759706783692 4.1893956670467505 189440
1759706801213 4.185370185370186 194560
1759706820503 4.187168668181326 199680
1759706839901 4.194089709762533 204800
1759706859272 4.190343833642166 209920
1759706875541 4.188567410086398 215040
1759706898253 4.189205103042198 220160
1759706915626 4.1854196642685855 225280
1759706933799 4.19292483813456 230400
1759706953295 4.188784875183553 235520
1759706974296 4.192542677448338 240640
1759706993025 4.192013369689507 245760
1759707011329 4.186487418131679 250880
1759707032367 4.1894105725384225 256000
1759707048743 4.187794982197565 261120
1759707067109 4.188565859996752 266240
1759707088517 4.185946462715105 271360
1759707107451 4.187675946199562 276480
1759707126125 4.1874088291746645 281600
1759707143207 4.183127261761158 286720
1759707163973 4.179656245369684 291840
1759707182218 4.179349013325566 296960
1759707188511 4.177478845736602 300032
