1759804408302 500.0 5120
1759804431891 500.0 10240
1759804464543 500.0 15360
1759804487129 500.0 20480
1759804510923 500.0 25600
1759804536109 500.0 30720
1759804562101 500.0 35840
1759804585568 500.0 40960
1759804614879 500.0 46080
1759804638303 500.0 51200
1759804663601 500.0 56320
1759804686627 500.0 61440
1759804718702 500.0 66560
1759804742384 500.0 71680
1759804765814 500.0 76800
1759804800462 500.0 81920
1759804825017 500.0 87040
1759804847164 500.0 92160
1759804871634 500.0 97280
1759804897426 500.0 102400
1759804923034 500.0 107520
1759804945471 500.0 112640
1759804975418 500.0 117760
1759805001245 500.0 122880
1759805023891 500.0 128000
1759805047194 500.0 133120
1759805073353 500.0 138240
1759805098718 500.0 143360
1759805123864 500.0 148480
1759805148178 500.0 153600
1759805172779 500.0 158720
1759805197908 500.0 163840
1759805223847 500.0 168960
1759805247764 500.0 174080
1759805270619 500.0 179200
1759805295747 500.0 184320
1759805321336 500.0 189440
1759805348542 500.0 194560
1759805371407 500.0 199680
1759805394097 500.0 204800
1759805418273 500.0 209920
1759805447623 500.0 215040
1759805471069 500.0 220160
1759805493113 500.0 225280
1759805515232 500.0 230400
1759805546653 500.0 235520
1759805569510 500.0 240640
1759805591737 500.0 245760
1759805614078 500.0 250880
1759805645321 500.0 256000
1759805667552 500.0 261120
1759805689343 500.0 266240
1759805710991 500.0 271360
1759805743002 500.0 276480
1759805765491 500.0 281600
1759805788411 500.0 286720
1759805811694 500.0 291840
1759805843061 500.0 296960
1759805850502 500.0 300032
