1759804408298 88.9188891244435 5120
1759804431883 107.43056195891604 10240
1759804464538 104.91005502751376 15360
1759804487121 43.952090035523796 20480
1759804510917 46.00329041174019 25600
1759804536105 94.7458492398744 30720
1759804562094 131.63969618981858 35840
1759804585563 93.98789943082508 40960
1759804614874 130.96150123333436 46080
1759804638298 80.83379586802343 51200
1759804663594 85.73802125919869 56320
1759804686622 75.39508547392641 61440
1759804718694 100.21752843352768 66560
1759804742377 34.65650898574675 71680
1759804765809 113.08449716904826 76800
1759804800456 85.69597907813011 81920
1759804825009 71.48488257149674 87040
1759804847156 33.41861873346719 92160
1759804871628 40.21153145552509 97280
1759804897421 85.86439567638388 102400
1759804923028 92.31641501958886 107520
1759804945466 81.36538051174611 112640
1759804975412 93.98789943082508 117760
1759805001239 242.13739752915367 122880
1759805023882 51.273856384929466 128000
1759805047189 109.25227266807325 133120
1759805073348 63.32267463804218 138240
1759805098712 98.38393694877088 143360
1759805123855 62.286401639465986 148480
1759805148163 101.09679907443116 153600
1759805172772 73.73304034455481 158720
1759805197900 84.14693550005016 163840
1759805223841 51.077170378849694 168960
1759805247756 49.155648270770094 174080
1759805270610 84.61034454934237 179200
1759805295741 143.81785763269784 184320
1759805321330 69.31702721909137 189440
1759805348536 109.50613544984596 194560
1759805371399 34.09781477627472 199680
1759805394089 37.287010943486806 204800
1759805418268 89.82725462060694 209920
1759805447617 89.42125572966634 215040
1759805471059 79.38044589121466 220160
1759805493107 115.26613169176652 225280
1759805515222 70.76724763367021 230400
1759805546647 35.93875260267165 235520
1759805569504 130.20532083320398 240640
1759805591730 175.89130252453242 245760
1759805614071 67.35132878362104 250880
1759805645311 67.94595820508667 256000
1759805667542 83.4205930905547 261120
1759805689336 106.90210271441315 266240
1759805710985 168.4865429420744 271360
1759805742996 271.59904163698764 276480
1759805765484 98.16289084441117 281600
1759805788402 51.533407052463446 286720
1759805811686 80.83379586802343 291840
1759805843053 39.36354677953695 296960
1759805850493 97.39020595815822 300032
