1771749771067 496.7986145019531 5120
1771749794436 498.3082580566406 10240
1771749819130 498.2442626953125 15360
1771749839406 497.2247009277344 20480
1771749860108 497.29541015625 25600
1771749880701 497.6846008300781 30720
1771749904351 497.9745788574219 35840
1771749925514 497.9512634277344 40960
1771749946003 498.1541748046875 46080
1771749966623 498.115234375 51200
1771749988974 498.07672119140625 56320
1771750010006 498.0364074707031 61440
1771750031137 498.1729736328125 66560
1771750052054 498.2900390625 71680
1771750073910 498.1021423339844 76800
1771750095000 497.9366149902344 81920
1771750116342 498.0556945800781 87040
1771750137127 498.1582946777344 92160
1771750159277 497.7774353027344 97280
1771750181277 497.8824157714844 102400
1771750201597 497.8731689453125 107520
1771750222518 497.8602294921875 112640
1771750244370 497.8509521484375 117760
1771750265612 497.6491394042969 122880
1771750286508 497.64483642578125 128000
1771750307954 497.7341613769531 133120
1771750329465 497.8125 138240
1771750350998 497.8863525390625 143360
1771750371498 497.8777770996094 148480
1771750393358 497.7950744628906 153600
1771750414325 497.79443359375 158720
1771750437154 497.72296142578125 163840
1771750457754 497.7195129394531 168960
1771750478728 497.5854187011719 174080
1771750499230 497.5860595703125 179200
1771750521407 497.6516418457031 184320
1771750542563 497.7109375 189440
1771750564804 497.7079162597656 194560
1771750585134 497.6469421386719 199680
1771750606889 497.5890197753906 204800
1771750627660 497.59185791015625 209920
1771750650433 497.6470642089844 215040
1771750670764 497.54327392578125 220160
1771750693599 497.5965270996094 225280
1771750714165 497.4958190917969 230400
1771750736632 497.54840087890625 235520
1771750757527 497.50006103515625 240640
1771750777894 497.5498962402344 245760
1771750798859 497.5990295410156 250880
1771750822144 497.5563659667969 256000
1771750842582 497.5583801269531 261120
1771750863322 497.6066589355469 266240
1771750884534 497.64990234375 271360
1771750907997 497.6935729980469 276480
1771750928711 497.64947509765625 281600
1771750949673 497.61181640625 286720
1771750970345 497.6536560058594 291840
1771750993493 497.6541748046875 296960
1771751000069 497.670166015625 300032
