1771749771067 18.339059829711914 5120
1771749794436 17.30550193786621 10240
1771749819130 17.531103134155273 15360
1771749839406 14.983583450317383 20480
1771749860108 13.428263664245605 25600
1771749880701 12.033623695373535 30720
1771749904351 10.919107437133789 35840
1771749925514 10.1447172164917 40960
1771749946003 9.417322158813477 46080
1771749966623 8.65339183807373 51200
1771749988974 8.35394287109375 56320
1771750010006 7.924895763397217 61440
1771750031137 7.668161392211914 66560
1771750052054 7.374274253845215 71680
1771750073910 7.064450740814209 76800
1771750095000 6.792043209075928 81920
1771750116342 6.5583038330078125 87040
1771750137127 6.364907264709473 92160
1771750159277 6.230287075042725 97280
1771750181277 5.989731311798096 102400
1771750201597 5.852119445800781 107520
1771750222518 5.672354698181152 112640
1771750244370 5.5342116355896 117760
1771750265612 5.426965713500977 122880
1771750286508 5.365244388580322 128000
1771750307954 5.217619895935059 133120
1771750329465 5.207627296447754 138240
1771750350998 5.145055294036865 143360
1771750371498 5.167557239532471 148480
1771750393358 5.141744136810303 153600
1771750414325 5.137317657470703 158720
1771750437154 5.074506759643555 163840
1771750457754 5.014064788818359 168960
1771750478728 4.933629035949707 174080
1771750499230 4.835968971252441 179200
1771750521407 4.759032249450684 184320
1771750542563 4.699012756347656 189440
1771750564804 4.68437385559082 194560
1771750585134 4.666852951049805 199680
1771750606889 4.6407856941223145 204800
1771750627660 4.5482940673828125 209920
1771750650433 4.5296854972839355 215040
1771750670764 4.511502265930176 220160
1771750693599 4.510872840881348 225280
1771750714165 4.440708637237549 230400
1771750736632 4.414681911468506 235520
1771750757527 4.398760795593262 240640
1771750777894 4.359610557556152 245760
1771750798859 4.353776931762695 250880
1771750822144 4.306406021118164 256000
1771750842582 4.2538042068481445 261120
1771750863322 4.227123260498047 266240
1771750884534 4.217097282409668 271360
1771750907997 4.1434478759765625 276480
1771750928711 4.120822906494141 281600
1771750949673 4.088460922241211 286720
1771750970345 4.044760704040527 291840
1771750993493 4.054992198944092 296960
1771751000069 4.047980785369873 300032
