1771077249743 0.0 6144
1771077262570 0.0 12288
1771077275800 0.0 18432
1771077281166 0.0 24576
1771077295610 0.0 30720
1771077307706 0.0 36864
1771077321409 0.0 43008
1771077327518 0.0 49152
1771077341325 0.0 55296
1771077352770 0.0 61440
1771077367532 0.0 67584
1771077373824 0.0 73728
1771077386992 0.0 79872
1771077398919 0.0 86016
1771077413383 0.0 92160
1771077419497 0.0 98304
1771077432812 0.0 104448
1771077444746 0.0 110592
1771077458970 0.0 116736
1771077465904 0.0 122880
1771077478743 0.0 129024
1771077490900 0.0 135168
1771077504919 0.0 141312
1771077512630 0.0 147456
1771077524719 0.0 153600
1771077536195 0.0 159744
1771077550917 0.0 165888
1771077558899 0.0 172032
1771077570745 0.0 178176
1771077582704 0.0 184320
1771077596572 0.0 190464
1771077605750 0.0 196608
1771077617075 0.0 202752
1771077628916 0.0 208896
1771077642990 0.0 215040
1771077652185 0.0 221184
1771077662532 0.0 227328
1771077674713 0.0 233472
1771077689218 0.0 239616
1771077698514 0.0 245760
1771077708750 0.0 251904
1771077721310 0.0 258048
1771077735382 0.0 264192
1771077745586 0.0 270336
1771077755122 0.0 276480
1771077767043 0.0 282624
1771077781832 0.0 288768
1771077791821 0.0 294912
1771077798152 0.0 301056
