1771077249743 17.425691604614258 6144
1771077262570 18.614925384521484 12288
1771077275800 19.815919876098633 18432
1771077281166 20.314428329467773 24576
1771077295610 20.57578468322754 30720
1771077307706 20.878803253173828 36864
1771077321409 21.093271255493164 43008
1771077327518 21.199556350708008 49152
1771077341325 21.255157470703125 55296
1771077352770 21.348283767700195 61440
1771077367532 21.370254516601562 67584
1771077373824 21.415964126586914 73728
1771077386992 21.439411163330078 79872
1771077398919 21.455995559692383 86016
1771077413383 21.465734481811523 92160
1771077419497 21.489887237548828 98304
1771077432812 21.565881729125977 104448
1771077444746 21.57891082763672 110592
1771077458970 21.638513565063477 116736
1771077465904 21.666536331176758 122880
1771077478743 21.67107391357422 129024
1771077490900 21.687498092651367 135168
1771077504919 21.704544067382812 141312
1771077512630 21.737499237060547 147456
1771077524719 21.748714447021484 153600
1771077536195 21.74809455871582 159744
1771077550917 21.776554107666016 165888
1771077558899 21.81548309326172 172032
1771077570745 21.830955505371094 178176
1771077582704 21.827890396118164 184320
1771077596572 21.836301803588867 190464
1771077605750 21.820758819580078 196608
1771077617075 21.825382232666016 202752
1771077628916 21.8431396484375 208896
1771077642990 21.835081100463867 215040
1771077652185 21.85061264038086 221184
1771077662532 21.848054885864258 227328
1771077674713 21.841957092285156 233472
1771077689218 21.823720932006836 239616
1771077698514 21.838409423828125 245760
1771077708750 21.856525421142578 251904
1771077721310 21.858470916748047 258048
1771077735382 21.879663467407227 264192
1771077745586 21.882558822631836 270336
1771077755122 21.881309509277344 276480
1771077767043 21.87200164794922 282624
1771077781832 21.879138946533203 288768
1771077791821 21.894453048706055 294912
1771077798152 21.89501953125 301056
