1771077249738 -0.43713486194610596 6144
1771077262564 -1.7476176023483276 12288
1771077275794 -1.8685836791992188 18432
1771077281160 -2.264913320541382 24576
1771077295603 -2.29357647895813 30720
1771077307700 -2.342571496963501 36864
1771077321403 -2.315668821334839 43008
1771077327511 -2.320908784866333 49152
1771077341319 -2.511256217956543 55296
1771077352763 -2.473109483718872 61440
1771077367525 -2.8436601161956787 67584
1771077373817 -2.621091604232788 73728
1771077386986 -2.918987989425659 79872
1771077398912 -2.736887216567993 86016
1771077413376 -2.7335586547851562 92160
1771077419490 -2.8416850566864014 98304
1771077432806 -2.7126920223236084 104448
1771077444739 -2.599290609359741 110592
1771077458964 -2.6846463680267334 116736
1771077465897 -2.615867853164673 122880
1771077478736 -2.860687017440796 129024
1771077490893 -2.5457725524902344 135168
1771077504912 -2.9113190174102783 141312
1771077512623 -2.8090479373931885 147456
1771077524712 -2.8850603103637695 153600
1771077536188 -2.7586772441864014 159744
1771077550910 -2.758106231689453 165888
1771077558891 -2.6631886959075928 172032
1771077570737 -2.811579942703247 178176
1771077582697 -2.8304977416992188 184320
1771077596564 -2.737586259841919 190464
1771077605743 -2.83819580078125 196608
1771077617068 -2.7895147800445557 202752
1771077628909 -2.8943119049072266 208896
1771077642983 -2.8323256969451904 215040
1771077652177 -2.881192922592163 221184
1771077662524 -2.8794543743133545 227328
1771077674705 -2.9241321086883545 233472
1771077689210 -2.964871406555176 239616
1771077698506 -2.827662706375122 245760
1771077708743 -2.818845510482788 251904
1771077721302 -2.7782363891601562 258048
1771077735373 -2.9498281478881836 264192
1771077745578 -3.0640869140625 270336
1771077755113 -2.836014747619629 276480
1771077767034 -2.9060027599334717 282624
1771077781824 -2.9527885913848877 288768
1771077791813 -2.7911670207977295 294912
1771077798144 -2.8578648567199707 301056
