1771077982406 0.07650021463632584 8192
1771077984274 0.0782116949558258 16384
1771078019805 0.07724688947200775 24576
1771078022202 0.07512462139129639 32768
1771078057413 0.07186910510063171 40960
1771078060391 0.06877167522907257 49152
1771078094735 0.06864665448665619 57344
1771078097931 0.06891804933547974 65536
1771078131692 0.06948153674602509 73728
1771078136315 0.07021253556013107 81920
1771078170090 0.07001551240682602 90112
1771078173685 0.07031663507223129 98304
1771078207386 0.0705515444278717 106496
1771078212198 0.07066727429628372 114688
1771078244729 0.07069562375545502 122880
1771078250022 0.07085832953453064 131072
1771078281810 0.07090165466070175 139264
1771078288029 0.07104988396167755 147456
1771078320573 0.0712098777294159 155648
1771078326152 0.07149417698383331 163840
1771078358188 0.07147199660539627 172032
1771078363837 0.07147493213415146 180224
1771078395829 0.07171853631734848 188416
1771078401461 0.07198533415794373 196608
1771078433223 0.07193243503570557 204800
1771078438905 0.07177077233791351 212992
1771078470568 0.07167606800794601 221184
1771078477353 0.07212785631418228 229376
1771078508326 0.07237929105758667 237568
1771078514928 0.07236538827419281 245760
1771078546394 0.07255829125642776 253952
1771078553370 0.07260380685329437 262144
1771078584243 0.07265185564756393 270336
1771078591289 0.07254958152770996 278528
1771078621971 0.07258760929107666 286720
1771078628778 0.07267849892377853 294912
1771078650374 0.07276435941457748 303104
