1771077982406 17.147233963012695 8192
1771077984274 17.34517478942871 16384
1771078019805 18.51089859008789 24576
1771078022202 19.320497512817383 32768
1771078057413 19.480323791503906 40960
1771078060391 19.525981903076172 49152
1771078094735 19.779510498046875 57344
1771078097931 20.106496810913086 65536
1771078131692 20.28885269165039 73728
1771078136315 20.47745704650879 81920
1771078170090 20.609718322753906 90112
1771078173685 20.680641174316406 98304
1771078207386 20.74451446533203 106496
1771078212198 20.83566665649414 114688
1771078244729 20.93269920349121 122880
1771078250022 21.02979850769043 131072
1771078281810 21.09140396118164 139264
1771078288029 21.179595947265625 147456
1771078320573 21.234413146972656 155648
1771078326152 21.295576095581055 163840
1771078358188 21.346372604370117 172032
1771078363837 21.383075714111328 180224
1771078395829 21.401058197021484 188416
1771078401461 21.454505920410156 196608
1771078433223 21.452497482299805 204800
1771078438905 21.485408782958984 212992
1771078470568 21.51621437072754 221184
1771078477353 21.527463912963867 229376
1771078508326 21.53879165649414 237568
1771078514928 21.55794334411621 245760
1771078546394 21.57610511779785 253952
1771078553370 21.603116989135742 262144
1771078584243 21.64512825012207 270336
1771078591289 21.6339168548584 278528
1771078621971 21.6739559173584 286720
1771078628778 21.69204330444336 294912
1771078650374 21.70330810546875 303104
