1771077982406 1.13652765750885 8192
1771077984274 1.1482456922531128 16384
1771078019805 1.1453100442886353 24576
1771078022202 1.1459252834320068 32768
1771078057413 1.1495674848556519 40960
1771078060391 1.1527918577194214 49152
1771078094735 1.1524683237075806 57344
1771078097931 1.1556898355484009 65536
1771078131692 1.1536591053009033 73728
1771078136315 1.153897762298584 81920
1771078170090 1.1528605222702026 90112
1771078173685 1.1508922576904297 98304
1771078207386 1.1492481231689453 106496
1771078212198 1.1492713689804077 114688
1771078244729 1.1497949361801147 122880
1771078250022 1.1513015031814575 131072
1771078281810 1.1513296365737915 139264
1771078288029 1.1536681652069092 147456
1771078320573 1.1538411378860474 155648
1771078326152 1.155354380607605 163840
1771078358188 1.1556155681610107 172032
1771078363837 1.1556416749954224 180224
1771078395829 1.1553810834884644 188416
1771078401461 1.156783938407898 196608
1771078433223 1.1550664901733398 204800
1771078438905 1.1551342010498047 212992
1771078470568 1.1552847623825073 221184
1771078477353 1.1554001569747925 229376
1771078508326 1.1549243927001953 237568
1771078514928 1.1548728942871094 245760
1771078546394 1.1551239490509033 253952
1771078553370 1.1555969715118408 262144
1771078584243 1.1568032503128052 270336
1771078591289 1.155272364616394 278528
1771078621971 1.156524658203125 286720
1771078628778 1.1568294763565063 294912
1771078650374 1.1573301553726196 303104
