1771077982402 108.05049203977536 8192
1771077984268 105.79120740535224 16384
1771078019799 108.94013142515779 24576
1771078022196 121.04773448773449 32768
1771078057407 92.91150344460935 40960
1771078060385 117.79105818917097 49152
1771078094729 108.51734754598846 57344
1771078097925 114.9470799419003 65536
1771078131685 133.3175677823337 73728
1771078136308 96.89075746725496 81920
1771078170084 120.66120077097897 90112
1771078173678 100.79311753538558 98304
1771078207380 120.53636807770785 106496
1771078212190 100.47681103871216 114688
1771078244722 107.67601981875593 122880
1771078250015 88.2212733735776 131072
1771078281804 120.63343783255199 139264
1771078288023 109.36622252353263 147456
1771078320566 113.65445480164752 155648
1771078326144 108.48366655458707 163840
1771078358181 120.18407404223616 172032
1771078363830 106.6330401179641 180224
1771078395821 110.09249829387369 188416
1771078401454 109.36051938570647 196608
1771078433216 133.99048014567293 204800
1771078438898 102.72855078498127 212992
1771078470560 108.17031592520954 221184
1771078477345 109.44898491727989 229376
1771078508319 115.85195006076677 237568
1771078514921 105.51973634556845 245760
1771078546387 113.18520117656583 253952
1771078553362 108.15915830733128 262144
1771078584235 111.57437752713344 270336
1771078591281 120.63690750115049 278528
1771078621963 113.29526484967991 286720
1771078628770 106.55177319378112 294912
1771078650365 105.91141861522145 303104
