1759795459697 500.0 5120
1759795489248 500.0 10240
1759795517236 500.0 15360
1759795545117 500.0 20480
1759795575720 500.0 25600
1759795603064 500.0 30720
1759795630631 500.0 35840
1759795659661 500.0 40960
1759795690715 500.0 46080
1759795718014 500.0 51200
1759795745080 500.0 56320
1759795773828 500.0 61440
1759795804204 500.0 66560
1759795831904 500.0 71680
1759795861356 500.0 76800
1759795889693 500.0 81920
1759795921876 500.0 87040
1759795951945 500.0 92160
1759795984802 500.0 97280
1759796014721 500.0 102400
1759796047177 500.0 107520
1759796076967 500.0 112640
1759796109583 500.0 117760
1759796140946 500.0 122880
1759796173129 500.0 128000
1759796203083 500.0 133120
1759796234699 500.0 138240
1759796270320 500.0 143360
1759796301723 500.0 148480
1759796331180 500.0 153600
1759796360913 500.0 158720
1759796398190 500.0 163840
1759796428673 500.0 168960
1759796458109 500.0 174080
1759796488274 500.0 179200
1759796523846 500.0 184320
1759796553680 500.0 189440
1759796585335 500.0 194560
1759796615779 500.0 199680
1759796648225 500.0 204800
1759796678033 500.0 209920
1759796710741 500.0 215040
1759796742595 500.0 220160
1759796772592 500.0 225280
1759796802360 500.0 230400
1759796837460 500.0 235520
1759796869039 500.0 240640
1759796903168 500.0 245760
1759796936049 500.0 250880
1759796967327 500.0 256000
1759796996561 500.0 261120
1759797033822 500.0 266240
1759797065930 500.0 271360
1759797098677 500.0 276480
1759797131501 500.0 281600
1759797164423 500.0 286720
1759797196285 500.0 291840
1759797228956 500.0 296960
1759797239362 500.0 300032
