1759795459697 0.0 5120
1759795489248 0.0 10240
1759795517236 0.0 15360
1759795545117 0.0 20480
1759795575720 0.0 25600
1759795603064 0.0 30720
1759795630631 0.0 35840
1759795659661 0.0 40960
1759795690715 0.0 46080
1759795718014 0.0 51200
1759795745080 0.0 56320
1759795773828 0.0 61440
1759795804204 0.0 66560
1759795831904 0.0 71680
1759795861356 0.0 76800
1759795889693 0.0 81920
1759795921876 0.0 87040
1759795951945 0.0 92160
1759795984802 0.0 97280
1759796014721 0.0 102400
1759796047177 0.0 107520
1759796076967 0.0 112640
1759796109583 0.0 117760
1759796140946 0.0 122880
1759796173129 0.0 128000
1759796203083 0.0 133120
1759796234699 0.0 138240
1759796270320 0.0 143360
1759796301723 0.0 148480
1759796331180 0.0 153600
1759796360913 0.0 158720
1759796398190 0.0 163840
1759796428673 0.0 168960
1759796458109 0.0 174080
1759796488274 0.0 179200
1759796523846 0.0 184320
1759796553680 0.0 189440
1759796585335 0.0 194560
1759796615779 0.0 199680
1759796648225 0.0 204800
1759796678033 0.0 209920
1759796710741 0.0 215040
1759796742595 0.0 220160
1759796772592 0.0 225280
1759796802360 0.0 230400
1759796837460 0.0 235520
1759796869039 0.0 240640
1759796903168 0.0 245760
1759796936049 0.0 250880
1759796967327 0.0 256000
1759796996561 0.0 261120
1759797033822 0.0 266240
1759797065930 0.0 271360
1759797098677 0.0 276480
1759797131501 0.0 281600
1759797164423 0.0 286720
1759797196285 0.0 291840
1759797228956 0.0 296960
1759797239362 0.0 300032
