1759795459697 22.619926199261993 5120
1759795489248 21.97265625 10240
1759795517236 21.794940079893475 15360
1759795545117 21.76417004048583 20480
1759795575720 21.985136251032205 25600
1759795603064 21.941908713692946 30720
1759795630631 21.92088042831648 35840
1759795659661 21.90391644908616 40960
1759795690715 21.887081784386616 46080
1759795718014 21.867308497279197 51200
1759795745080 21.85518292682927 56320
1759795773828 21.893057503506313 61440
1759795804204 22.17558254020348 66560
1759795831904 22.397657213316894 71680
1759795861356 22.683474205770914 76800
1759795889693 22.898066298342542 81920
1759795921876 23.158296082040494 87040
1759795951945 23.52752525252525 92160
1759795984802 23.962466487935657 97280
1759796014721 24.34204331450094 102400
1759796047177 24.617146745293716 107520
1759796076967 24.90113985094257 112640
1759796109583 25.250903678503082 117760
1759796140946 25.431122972695544 122880
1759796173129 25.46999605211212 128000
1759796203083 25.49002470074102 133120
1759796234699 25.46689831748354 138240
1759796270320 25.460493827160494 143360
1759796301723 25.47733469665985 148480
1759796331180 25.524682185900613 153600
1759796360913 25.548464491362765 158720
1759796398190 25.56599968977819 163840
1759796428673 25.614978902953588 168960
1759796458109 25.64381956649092 174080
1759796488274 25.685958660014254 179200
1759796523846 25.66025197286446 184320
1759796553680 25.628986677432376 189440
1759796585335 25.666272965879266 194560
1759796615779 25.773766700924973 199680
1759796648225 25.989138671381664 204800
1759796678033 26.186560675692462 209920
1759796710741 26.32496649201901 215040
1759796742595 26.441654710664753 220160
1759796772592 26.507908611599298 225280
1759796802360 26.579666858127514 230400
1759796837460 26.670011273957158 235520
1759796869039 26.842257276160854 240640
1759796903168 26.92493180578287 245760
1759796936049 26.93242809793649 250880
1759796967327 26.912661011624255 256000
1759796996561 26.973860244931565 261120
1759797033822 27.094393186657204 266240
1759797065930 27.14359740906826 271360
1759797098677 27.18606701940035 276480
1759797131501 27.209705372616984 281600
1759797164423 27.279984829809425 286720
1759797196285 27.304615384615385 291840
1759797228956 27.35916980438975 296960
1759797239362 27.384917374235368 300032
