1758809239403 5.078956450819968 20224
1758809279239 1.8918749968210848 40448
1758809318039 1.173236153806959 60672
1758809357720 0.905932174044829 80896
1758809398016 0.7680436461260823 101120
1758809438208 0.6977475641652157 121344
1758809478325 0.6325390156425722 141568
1758809518913 0.5779801056848319 161792
1758809560174 0.6039360209127491 182016
1758809601128 0.5625019032494007 202240
1758809641681 0.5792767387148979 222464
1758809683238 0.6011844555620651 242688
1758809697518 0.2269901207306002 250112
