1771053193324 1.065308690071106 5120
1771053205508 1.1238367557525635 10240
1771053217613 0.9384459257125854 15360
1771053229849 0.9783093929290771 20480
1771053242117 0.9878764152526855 25600
1771053254413 1.0023499727249146 30720
1771053266675 1.0342772006988525 35840
1771053279020 1.0455719232559204 40960
1771053291328 1.0576187372207642 46080
1771053303693 1.0613999366760254 51200
1771053315878 1.05245041847229 56320
1771053328110 1.052281379699707 61440
1771053340229 1.0528748035430908 66560
1771053352456 1.0544346570968628 71680
1771053364608 1.0778858661651611 76800
1771053376816 1.0956625938415527 81920
1771053389028 1.1068592071533203 87040
1771053401197 1.1207598447799683 92160
1771053413431 1.1352111101150513 97280
1771053425630 1.144309639930725 102400
1771053437859 1.1535056829452515 107520
1771053450037 1.155888319015503 112640
1771053462263 1.15754234790802 117760
1771053474339 1.161997675895691 122880
1771053486485 1.1640355587005615 128000
1771053498628 1.1678105592727661 133120
1771053510759 1.1710748672485352 138240
1771053522933 1.1769424676895142 143360
1771053535160 1.179314136505127 148480
1771053547281 1.182743787765503 153600
1771053559430 1.1834319829940796 158720
1771053571710 1.1870537996292114 163840
1771053584046 1.190866231918335 168960
1771053596418 1.1921764612197876 174080
1771053608799 1.1958872079849243 179200
1771053620970 1.1957120895385742 184320
1771053633187 1.198556661605835 189440
1771053645361 1.2037303447723389 194560
1771053657545 1.2057491540908813 199680
1771053669705 1.2099940776824951 204800
1771053681826 1.2103447914123535 209920
1771053694070 1.2155054807662964 215040
1771053706235 1.2198854684829712 220160
1771053718384 1.223257064819336 225280
1771053730560 1.228807806968689 230400
1771053742745 1.2331184148788452 235520
1771053754945 1.2364940643310547 240640
1771053767218 1.238179087638855 245760
1771053779372 1.2408552169799805 250880
1771053791724 1.2428818941116333 256000
1771053803938 1.2456070184707642 261120
1771053816128 1.2480438947677612 266240
1771053829068 1.2522335052490234 271360
1771053841239 1.254630208015442 276480
1771053853438 1.2591724395751953 281600
1771053865590 1.2593141794204712 286720
1771053877770 1.2608959674835205 291840
1771053890012 1.2612954378128052 296960
1771053894912 1.2614057064056396 300032
