1771053193319 191.25873233014136 5120
1771053205502 198.9613395948959 10240
1771053217607 206.34151620996704 15360
1771053229843 194.98414764539072 20480
1771053242111 196.39012969986422 25600
1771053254407 197.63011826791688 30720
1771053266669 198.509347342515 35840
1771053279014 200.99214107724745 40960
1771053291322 196.44531872043464 46080
1771053303686 193.768086482491 51200
1771053315872 196.48212863634234 56320
1771053328103 201.32014975520784 61440
1771053340222 201.1270739426489 66560
1771053352449 197.73260418630963 71680
1771053364602 195.03854917461055 76800
1771053376809 189.19680635121114 81920
1771053389021 198.5657340339914 87040
1771053401190 201.40715486194478 92160
1771053413423 199.1124614289105 97280
1771053425623 194.72163416898792 102400
1771053437852 204.04280988519167 107520
1771053450030 186.2148819037471 112640
1771053462256 204.92007035372288 117760
1771053474332 193.4374394687082 122880
1771053486477 201.32981327701242 128000
1771053498621 197.24905944319036 133120
1771053510751 203.02550946318794 138240
1771053522925 194.3697112933871 143360
1771053535153 200.18633066055747 148480
1771053547274 192.52290461764437 153600
1771053559423 194.72163416898792 158720
1771053571702 201.25253106856675 163840
1771053584038 194.46884272997033 168960
1771053596409 69.1718451085164 174080
1771053608791 196.83251208409592 179200
1771053620962 203.22224913997772 184320
1771053633180 200.243674209873 189440
1771053645353 197.9939577039275 194560
1771053657537 198.368520620507 199680
1771053669697 196.0229938776464 204800
1771053681818 203.1631872124001 209920
1771053694062 198.37790285200776 215040
1771053706227 197.01742684015218 220160
1771053718376 199.5007610350076 225280
1771053730552 182.29763560500695 230400
1771053742737 191.08446469248292 235520
1771053754936 197.23978368210675 240640
1771053767210 202.30087300438913 245760
1771053779363 199.88105223027068 250880
1771053791715 199.719251464216 256000
1771053803929 200.98250994297763 261120
1771053816119 202.7997292331496 266240
1771053829060 201.99884415334233 271360
1771053841230 202.25209759861124 276480
1771053853429 202.95674054001742 281600
1771053865581 193.59815370413108 286720
1771053877761 196.21556886227546 291840
1771053890003 202.6723363131191 296960
1771053894903 189.6930939351454 300032
