1771234242987 26.1632022857666 6144
1771234254800 26.4580135345459 12288
1771234264404 26.514305114746094 18432
1771234266482 26.842897415161133 24576
1771234277907 27.037904739379883 30720
1771234289393 27.173431396484375 36864
1771234299338 27.053373336791992 43008
1771234301431 27.11233139038086 49152
1771234312588 27.138731002807617 55296
1771234323824 27.20102310180664 61440
1771234334070 27.35961151123047 67584
1771234336729 27.396636962890625 73728
1771234347145 27.520221710205078 79872
1771234358506 27.482234954833984 86016
1771234369125 27.53125762939453 92160
1771234372242 27.492416381835938 98304
1771234382543 27.510406494140625 104448
1771234392860 27.43376350402832 110592
1771234404377 27.382287979125977 116736
1771234406967 27.40791130065918 122880
1771234417926 27.399423599243164 129024
1771234428148 27.45099639892578 135168
1771234439379 27.448524475097656 141312
1771234442024 27.43665313720703 147456
1771234452763 27.411834716796875 153600
1771234462677 27.398330688476562 159744
1771234474003 27.43488883972168 165888
1771234476963 27.463586807250977 172032
1771234488133 27.510461807250977 178176
1771234498158 27.477449417114258 184320
1771234508504 27.543603897094727 190464
1771234511740 27.548080444335938 196608
1771234523371 27.600507736206055 202752
1771234532953 27.59944725036621 208896
1771234543655 27.593420028686523 215040
1771234547247 27.61676788330078 221184
1771234558265 27.63096809387207 227328
1771234567998 27.614168167114258 233472
1771234578290 27.63228416442871 239616
1771234582040 27.634977340698242 245760
1771234593497 27.617238998413086 251904
1771234603673 27.615341186523438 258048
1771234613031 27.62982177734375 264192
1771234616826 27.62035369873047 270336
1771234628404 27.630266189575195 276480
1771234638755 27.615375518798828 282624
1771234648478 27.58639907836914 288768
1771234652510 27.61388397216797 294912
1771234662464 27.594255447387695 301056
