1771234242987 1.1554235219955444 6144
1771234254800 1.1543922424316406 12288
1771234264404 1.1431604623794556 18432
1771234266482 1.1446808576583862 24576
1771234277907 1.1466871500015259 30720
1771234289393 1.1482213735580444 36864
1771234299338 1.1403687000274658 43008
1771234301431 1.1415060758590698 49152
1771234312588 1.1414201259613037 55296
1771234323824 1.143181324005127 61440
1771234334070 1.1488231420516968 67584
1771234336729 1.1499453783035278 73728
1771234347145 1.154299259185791 79872
1771234358506 1.1524479389190674 86016
1771234369125 1.154670238494873 92160
1771234372242 1.1531071662902832 98304
1771234382543 1.1543855667114258 104448
1771234392860 1.1500740051269531 110592
1771234404377 1.1487503051757812 116736
1771234406967 1.1494390964508057 122880
1771234417926 1.1494250297546387 129024
1771234428148 1.1512972116470337 135168
1771234439379 1.1509026288986206 141312
1771234442024 1.1507148742675781 147456
1771234452763 1.149967074394226 153600
1771234462677 1.1492666006088257 159744
1771234474003 1.150347352027893 165888
1771234476963 1.1513539552688599 172032
1771234488133 1.1530591249465942 178176
1771234498158 1.1512171030044556 184320
1771234508504 1.1533801555633545 190464
1771234511740 1.1534132957458496 196608
1771234523371 1.155485987663269 202752
1771234532953 1.1554410457611084 208896
1771234543655 1.155410885810852 215040
1771234547247 1.156340479850769 221184
1771234558265 1.156718373298645 227328
1771234567998 1.1559174060821533 233472
1771234578290 1.1568646430969238 239616
1771234582040 1.1569195985794067 245760
1771234593497 1.1564991474151611 251904
1771234603673 1.156593680381775 258048
1771234613031 1.1575045585632324 264192
1771234616826 1.1571065187454224 270336
1771234628404 1.1572716236114502 276480
1771234638755 1.156530499458313 282624
1771234648478 1.155422329902649 288768
1771234652510 1.1564339399337769 294912
1771234662464 1.1557033061981201 301056
