1771234242987 1.232801914215088 6144
1771234254800 1.1781431436538696 12288
1771234264404 1.1587861776351929 18432
1771234266482 1.1445436477661133 24576
1771234277907 1.1530184745788574 30720
1771234289393 1.1587668657302856 36864
1771234299338 1.1471631526947021 43008
1771234301431 1.1389985084533691 49152
1771234312588 1.1305007934570312 55296
1771234323824 1.123121738433838 61440
1771234334070 1.1270564794540405 67584
1771234336729 1.1281726360321045 73728
1771234347145 1.1279608011245728 79872
1771234358506 1.1276637315750122 86016
1771234369125 1.1303939819335938 92160
1771234372242 1.1260887384414673 98304
1771234382543 1.1261593103408813 104448
1771234392860 1.1227344274520874 110592
1771234404377 1.1200287342071533 116736
1771234406967 1.121794581413269 122880
1771234417926 1.1217186450958252 129024
1771234428148 1.125034213066101 135168
1771234439379 1.1258894205093384 141312
1771234442024 1.1237314939498901 147456
1771234452763 1.1234157085418701 153600
1771234462677 1.1229182481765747 159744
1771234474003 1.1243046522140503 165888
1771234476963 1.1264190673828125 172032
1771234488133 1.1286201477050781 178176
1771234498158 1.1266262531280518 184320
1771234508504 1.1304905414581299 190464
1771234511740 1.1298534870147705 196608
1771234523371 1.1303935050964355 202752
1771234532953 1.1306003332138062 208896
1771234543655 1.1317397356033325 215040
1771234547247 1.1310601234436035 221184
1771234558265 1.1333273649215698 227328
1771234567998 1.1334022283554077 233472
1771234578290 1.1345492601394653 239616
1771234582040 1.1338545083999634 245760
1771234593497 1.1323715448379517 251904
1771234603673 1.1331206560134888 258048
1771234613031 1.134179711341858 264192
1771234616826 1.132979393005371 270336
1771234628404 1.1321825981140137 276480
1771234638755 1.1311261653900146 282624
1771234648478 1.1289070844650269 288768
1771234652510 1.1290932893753052 294912
1771234662464 1.1287530660629272 301056
