1771101923242 0.0 8192
1771101928877 0.0 16384
1771101973770 0.0 24576
1771101980084 0.0 32768
1771102024204 0.0 40960
1771102030783 0.0 49152
1771102074792 0.0 57344
1771102081586 0.0 65536
1771102125711 0.0 73728
1771102132487 0.0 81920
1771102176694 0.0 90112
1771102183603 0.0 98304
1771102227718 0.0 106496
1771102234049 0.0 114688
1771102279020 0.0 122880
1771102285247 0.0 131072
1771102328539 0.0 139264
1771102336486 0.0 147456
1771102379248 0.0 155648
1771102387387 0.0 163840
1771102429790 0.0 172032
1771102438600 0.0 180224
1771102481106 0.0 188416
1771102489528 0.0 196608
1771102532405 0.0 204800
1771102540811 0.0 212992
1771102583001 0.0 221184
1771102592011 0.0 229376
1771102633452 0.0 237568
1771102642914 0.0 245760
1771102683367 0.0 253952
1771102694161 0.0 262144
1771102733954 0.0 270336
1771102744474 0.0 278528
1771102783965 0.0 286720
1771102795420 0.0 294912
1771102808156 0.0 303104
