1771097545219 0.07956203073263168 8192
1771097548047 0.08278656005859375 16384
1771097596581 0.09193741530179977 24576
1771097599309 0.0967973917722702 32768
1771097648657 0.09977725893259048 40960
1771097650030 0.10174667835235596 49152
1771097700411 0.10392607748508453 57344
1771097701252 0.10611002892255783 65536
1771097752492 0.10554952174425125 73728
1771097753149 0.10457582026720047 81920
1771097803443 0.10511177778244019 90112
1771097805400 0.10653124749660492 98304
1771097854280 0.10717412829399109 106496
1771097857013 0.10824589431285858 114688
1771097906187 0.10822849720716476 122880
1771097908641 0.1078353077173233 131072
1771097957562 0.10762660950422287 139264
1771097960775 0.10818767547607422 147456
1771098009141 0.1087605431675911 155648
1771098012959 0.1089506521821022 163840
1771098060690 0.10877376794815063 172032
1771098064319 0.10822561383247375 180224
1771098112174 0.10811091959476471 188416
1771098115660 0.10820121318101883 196608
1771098164037 0.10847800225019455 204800
1771098167009 0.10892137885093689 212992
1771098215396 0.10897691547870636 221184
1771098219371 0.10888306796550751 229376
1771098268499 0.10918577760457993 237568
1771098271594 0.10945361852645874 245760
1771098320028 0.1096234917640686 253952
1771098322290 0.10974934697151184 262144
1771098371461 0.10973883420228958 270336
1771098374566 0.1094517782330513 278528
1771098423977 0.10936341434717178 286720
1771098426819 0.10891114920377731 294912
1771098442969 0.10884488373994827 303104
