1771097545219 17.787050247192383 8192
1771097548047 17.722108840942383 16384
1771097596581 18.399538040161133 24576
1771097599309 19.026981353759766 32768
1771097648657 19.394088745117188 40960
1771097650030 19.602252960205078 49152
1771097700411 19.728927612304688 57344
1771097701252 19.86496925354004 65536
1771097752492 19.84723472595215 73728
1771097753149 19.71978759765625 81920
1771097803443 19.6835880279541 90112
1771097805400 19.74388313293457 98304
1771097854280 19.77857780456543 106496
1771097857013 19.88088035583496 114688
1771097906187 19.848661422729492 122880
1771097908641 19.77666473388672 131072
1771097957562 19.807525634765625 139264
1771097960775 19.877532958984375 147456
1771098009141 19.867219924926758 155648
1771098012959 19.860645294189453 163840
1771098060690 19.81767463684082 172032
1771098064319 19.74658966064453 180224
1771098112174 19.748661041259766 188416
1771098115660 19.790512084960938 196608
1771098164037 19.823768615722656 204800
1771098167009 19.877883911132812 212992
1771098215396 19.91729164123535 221184
1771098219371 19.94510841369629 229376
1771098268499 19.967060089111328 237568
1771098271594 19.972658157348633 245760
1771098320028 20.002206802368164 253952
1771098322290 20.03724479675293 262144
1771098371461 20.084651947021484 270336
1771098374566 20.121488571166992 278528
1771098423977 20.168668746948242 286720
1771098426819 20.200302124023438 294912
1771098442969 20.211585998535156 303104
