1771097545219 0.0 8192
1771097548047 0.0 16384
1771097596581 0.0 24576
1771097599309 0.0 32768
1771097648657 0.0 40960
1771097650030 0.0 49152
1771097700411 0.0 57344
1771097701252 0.0 65536
1771097752492 0.0 73728
1771097753149 0.0 81920
1771097803443 0.0 90112
1771097805400 0.0 98304
1771097854280 0.0 106496
1771097857013 0.0 114688
1771097906187 0.0 122880
1771097908641 0.0 131072
1771097957562 0.0 139264
1771097960775 0.0 147456
1771098009141 0.0 155648
1771098012959 0.0 163840
1771098060690 0.0 172032
1771098064319 0.0 180224
1771098112174 0.0 188416
1771098115660 0.0 196608
1771098164037 0.0 204800
1771098167009 0.0 212992
1771098215396 0.0 221184
1771098219371 0.0 229376
1771098268499 0.0 237568
1771098271594 0.0 245760
1771098320028 0.0 253952
1771098322290 0.0 262144
1771098371461 0.0 270336
1771098374566 0.0 278528
1771098423977 0.0 286720
1771098426819 0.0 294912
1771098442969 0.0 303104
