1771097545214 -0.04995393753051758 8192
1771097548041 -0.36333346366882324 16384
1771097596575 -0.6023419499397278 24576
1771097599303 -0.8196670413017273 32768
1771097648651 -1.001894235610962 40960
1771097650023 -1.0963687896728516 49152
1771097700405 -1.1360836029052734 57344
1771097701246 -1.1571695804595947 65536
1771097752486 -1.177819013595581 73728
1771097753143 -1.2209203243255615 81920
1771097803437 -1.2661714553833008 90112
1771097805394 -1.297938346862793 98304
1771097854273 -1.3033130168914795 106496
1771097857006 -1.3018577098846436 114688
1771097906180 -1.28165864944458 122880
1771097908635 -1.2951191663742065 131072
1771097957556 -1.3492791652679443 139264
1771097960767 -1.4209368228912354 147456
1771098009134 -1.517423391342163 155648
1771098012952 -1.6245636940002441 163840
1771098060683 -1.691676139831543 172032
1771098064311 -1.7285330295562744 180224
1771098112167 -1.7698204517364502 188416
1771098115653 -1.8328288793563843 196608
1771098164030 -1.9108269214630127 204800
1771098167002 -1.9877548217773438 212992
1771098215388 -2.0633177757263184 221184
1771098219364 -2.094219923019409 229376
1771098268491 -2.1115217208862305 237568
1771098271587 -2.090561866760254 245760
1771098320020 -2.076463222503662 253952
1771098322282 -2.1061439514160156 262144
1771098371453 -2.0488877296447754 270336
1771098374559 -2.093749523162842 278528
1771098423969 -2.3679540157318115 286720
1771098426812 -2.5813159942626953 294912
1771098442961 -2.547544479370117 303104
