1758830668184 -0.6035550029381461 5120
1758830678779 -0.6832466302254316 10240
1758830690507 -0.7028268800728504 15360
1758830701819 -0.7263774092297303 20480
1758830714036 -0.7304392822664968 25600
1758830725683 -0.7391597265735187 30720
1758830736209 -0.7195050633971513 35840
1758830747912 -0.6190242563053863 40960
1758830759639 -0.5490453386158677 46080
1758830773900 -0.4894259119917506 51200
1758830797721 -0.4442202585319977 56320
1758830825254 -0.4036353778820368 61440
1758830840792 -0.37149106217409894 66560
1758830853743 -0.341219011954943 71680
1758830867636 -0.31504782216103056 76800
1758830880554 -0.2930858994749944 81920
1758830893334 -0.2695374522673995 87040
1758830905820 -0.25558288756376424 92160
1758830919303 -0.23827453196517498 97280
1758830931324 -0.2305181372380595 102400
1758830944719 -0.2129687821838949 107520
1758830960060 -0.19960100061917177 112640
1758830978044 -0.18701427153505903 117760
1758831000463 -0.17521993788206894 122880
1758831020283 -0.1649920864746415 128000
1758831036438 -0.15778504798291487 133120
1758831053454 -0.15248760623560897 138240
1758831067954 -0.14575038856669342 143360
1758831081197 -0.13928225917254616 148480
1758831093820 -0.1323167178005237 153600
1758831104994 -0.1261825552941617 158720
1758831117264 -0.11828978379860279 163840
1758831127444 -0.1136285342382608 168960
1758831138082 -0.10836767866820925 174080
1758831151569 -0.1040322055939011 179200
1758831164299 -0.10033248961773401 184320
1758831176841 -0.0938854489448525 189440
1758831188921 -0.07920531592613611 194560
1758831201189 -0.07117203591987431 199680
1758831214091 -0.06076368358595034 204800
1758831227566 -0.047778671908298403 209920
1758831240146 -0.037891143790738525 215040
1758831253207 -0.020919673507636648 220160
1758831266340 -0.004480311502938474 225280
1758831278783 0.01149062155988486 230400
1758831291434 0.027434315731588298 235520
1758831305001 0.04207356656730663 240640
1758831316888 0.0553125735313667 245760
1758831330109 0.06778308447331882 250880
1758831345189 0.08243617989192499 256000
1758831358152 0.09908461488609333 261120
1758831370419 0.11404556302556572 266240
1758831382723 0.12763806488741816 271360
1758831395961 0.14081358050493298 276480
1758831408792 0.15359908412902332 281600
1758831421171 0.16624830707495636 286720
1758831434267 0.17798877381781422 291840
1758831446199 0.1880927516497041 296960
1758831453116 0.1953071623091367 300032
