1758830668181 3.9278545532907763 5120
1758830678774 0.927596263478442 10240
1758830690503 0.5357788651693062 15360
1758830701815 0.38233744877356074 20480
1758830714032 0.2960407910960736 25600
1758830725679 0.24548093504156948 30720
1758830736204 0.2667425650231382 35840
1758830747908 0.3488559048368324 40960
1758830759633 0.3425574161729759 46080
1758830773894 0.35940918768223246 51200
1758830797713 0.37883512132308067 56320
1758830825243 0.3794739764755692 61440
1758830840787 0.36306836915655616 66560
1758830853738 0.3484211035046289 71680
1758830867631 0.32087129778244167 76800
1758830880550 0.2710382623464519 81920
1758830893329 0.24295760123960433 87040
1758830905813 0.219503675867646 92160
1758830919297 0.2106138689937241 97280
1758830931317 0.19077123061677168 102400
1758830944711 0.1847519226708491 107520
1758830960056 0.17995289464115827 112640
1758830978036 0.1716553868026899 117760
1758831000452 0.17048785691449647 122880
1758831020275 0.16049769181691242 128000
1758831036432 0.1576511940892049 133120
1758831053445 0.15247321926511812 138240
1758831067947 0.1509541957348638 143360
1758831081192 0.15188401463520096 148480
1758831093812 0.1476296467312957 153600
1758831104986 0.146161232324806 158720
1758831117260 0.14575455609052304 163840
1758831127439 0.1452514483600449 168960
1758831138075 0.14357622776087509 174080
1758831151551 0.14109707790162526 179200
1758831164291 0.1426877632881831 184320
1758831176834 0.13877805260672424 189440
1758831188916 0.14321244605737354 194560
1758831201183 0.14318743539680745 199680
1758831214082 0.13320800385969261 204800
1758831227558 0.12777699942129975 209920
1758831240131 0.12431799183277396 215040
1758831253196 0.11002046391800584 220160
1758831266335 0.11631323866351648 225280
1758831278773 0.12262257346831734 230400
1758831291427 0.13351078978320027 235520
1758831304996 0.14412636240027793 240640
1758831316878 0.15271235936390126 245760
1758831330104 0.16024876783139602 250880
1758831345178 0.17327089571690826 256000
1758831358145 0.17772074670446025 261120
1758831370409 0.18786128682659634 266240
1758831382716 0.2004094220466146 271360
1758831395955 0.20766519909099115 276480
1758831408787 0.219315466590625 281600
1758831421162 0.22884983522991958 286720
1758831434257 0.2399134132759703 291840
1758831446193 0.2530863236189916 296960
1758831453108 0.1394317914194621 300032
