1758830668184 -9.948067623635996 5120
1758830678779 -11.45810740852011 10240
1758830690507 -11.875152355570451 15360
1758830701819 -12.305100300272958 20480
1758830714036 -12.421913225165572 25600
1758830725683 -12.613904228884588 30720
1758830736209 -12.263881722315872 35840
1758830747912 -10.394842279095021 40960
1758830759639 -9.102001459307305 46080
1758830773900 -8.009640664208119 51200
1758830797721 -7.185590582409244 56320
1758830825254 -6.430293553580278 61440
1758830840792 -5.841028300312286 66560
1758830853743 -5.287099883663738 71680
1758830867636 -4.812209295216202 76800
1758830880554 -4.398799625695135 81920
1758830893334 -3.9559628631603805 87040
1758830905820 -3.7145842592917853 92160
1758830919303 -3.394938531722915 97280
1758830931324 -3.2687476368118715 102400
1758830944719 -2.9382231473312963 107520
1758830960060 -2.688521520980385 112640
1758830978044 -2.4528325804095856 117760
1758831000463 -2.2298809388859535 122880
1758831020283 -2.0417693220629483 128000
1758831036438 -1.9144191169569178 133120
1758831053454 -1.8281109012764407 138240
1758831067954 -1.7024400036881047 143360
1758831081197 -1.5802284586532704 148480
1758831093820 -1.4557851831532667 153600
1758831104994 -1.340282995544506 158720
1758831117264 -1.1904546382721566 163840
1758831127444 -1.1017889423897822 168960
1758831138082 -1.0066283756784813 174080
1758831151569 -0.9289809518545527 179200
1758831164299 -0.8636632725909039 184320
1758831176841 -0.712393803748056 189440
1758831188921 -0.3699145481892121 194560
1758831201189 -0.18570403944709918 199680
1758831214091 0.07438197205154153 204800
1758831227566 0.3871696166497248 209920
1758831240146 0.6398209165111114 215040
1758831253207 1.1132393276500145 220160
1758831266340 1.6414166679978917 225280
1758831278783 2.2173347098200806 230400
1758831291434 2.769697371543686 235520
1758831305001 3.331681787080411 240640
1758831316888 3.771516365552531 245760
1758831330109 4.242297220312103 250880
1758831345189 4.763246965084222 256000
1758831358152 5.3636153741877255 261120
1758831370419 5.949459691773032 266240
1758831382723 6.469958062390784 271360
1758831395961 6.97906839434492 276480
1758831408792 7.499295554043216 281600
1758831421171 8.007842588390485 286720
1758831434267 8.543094580827148 291840
1758831446199 9.028810756036467 296960
1758831453116 9.323254914087315 300032
