1771735141606 270.0 5120
1771735147289 519.0 10240
1771735152769 774.0 15360
1771735157955 1017.0 20480
1771735166224 1267.0 25600
1771735171810 1523.0 30720
1771735177737 1783.0 35840
1771735183297 2040.0 40960
1771735191079 2293.0 46080
1771735196736 2525.0 51200
1771735202585 2752.0 56320
1771735208800 3002.0 61440
1771735216586 3244.0 66560
1771735222669 3478.0 71680
1771735228404 3724.0 76800
1771735234457 3979.0 81920
1771735241674 4236.0 87040
1771735248137 4497.0 92160
1771735254051 4754.0 97280
1771735259804 5008.0 102400
1771735266694 5268.0 107520
1771735273548 5527.0 112640
1771735279277 5785.0 117760
1771735285241 6045.0 122880
1771735292118 6306.0 128000
1771735298528 6570.0 133120
1771735304406 6829.0 138240
1771735310418 7088.0 143360
1771735317618 7345.0 148480
1771735323460 7604.0 153600
1771735330084 7860.0 158720
1771735336170 8115.0 163840
1771735342733 8374.0 168960
1771735348644 8632.0 174080
1771735355535 8888.0 179200
1771735361435 9145.0 184320
1771735368076 9406.0 189440
1771735373920 9663.0 194560
1771735381264 9920.0 199680
1771735387102 10177.0 204800
1771735393118 10425.0 209920
1771735398948 10676.0 215040
1771735406225 10928.0 220160
1771735412181 11164.0 225280
1771735418382 11376.0 230400
1771735423913 11571.0 235520
1771735431511 11796.0 240640
1771735437454 12030.0 245760
1771735444304 12265.0 250880
1771735449681 12494.0 256000
1771735457260 12721.0 261120
1771735463379 12953.0 266240
1771735469717 13164.0 271360
1771735475096 13362.0 276480
1771735482423 13539.0 281600
1771735488798 13716.0 286720
1771735494877 13890.0 291840
1771735500656 14100.0 296960
1771735503910 14189.0 300032
