1771735141603 -0.5955598950386047 5120
1771735147286 -0.7518758177757263 10240
1771735152766 -0.716462254524231 15360
1771735157952 -1.0433391332626343 20480
1771735166221 -1.4342807531356812 25600
1771735171807 -1.8866170644760132 30720
1771735177734 -1.8283132314682007 35840
1771735183293 -1.6708850860595703 40960
1771735191075 -1.845404863357544 46080
1771735196733 -3.0450100898742676 51200
1771735202582 -3.170161008834839 56320
1771735208796 -3.271371841430664 61440
1771735216582 -2.4424095153808594 66560
1771735222666 -2.1929163932800293 71680
1771735228401 -3.8025214672088623 76800
1771735234453 -4.0425519943237305 81920
1771735241671 -4.165195941925049 87040
1771735248134 -4.251952171325684 92160
1771735254048 -4.345309257507324 97280
1771735259801 -4.360794544219971 102400
1771735266691 -4.4612836837768555 107520
1771735273545 -4.5002312660217285 112640
1771735279274 -4.5326433181762695 117760
1771735285238 -4.579606533050537 122880
1771735292115 -4.533428192138672 128000
1771735298525 -4.591017246246338 133120
1771735304403 -4.664641857147217 138240
1771735310414 -4.579728126525879 143360
1771735317615 -4.52323055267334 148480
1771735323456 -4.516788959503174 153600
1771735330081 -4.527472496032715 158720
1771735336167 -4.371138572692871 163840
1771735342730 -4.365851879119873 168960
1771735348641 -4.24252462387085 174080
1771735355531 -4.274654865264893 179200
1771735361432 -4.085499286651611 184320
1771735368073 -4.078774452209473 189440
1771735373917 -4.034976005554199 194560
1771735381261 -3.9786503314971924 199680
1771735387098 -3.92891263961792 204800
1771735393115 -3.839264392852783 209920
1771735398945 -3.687405824661255 215040
1771735406222 -3.6762614250183105 220160
1771735412177 -3.6428802013397217 225280
1771735418377 -3.626286268234253 230400
1771735423910 -3.5665080547332764 235520
1771735431507 -3.493269681930542 240640
1771735437451 -3.4443199634552 245760
1771735444301 -3.460891008377075 250880
1771735449678 -3.393679141998291 256000
1771735457257 -3.405179977416992 261120
1771735463376 -3.315786838531494 266240
1771735469714 -3.2864913940429688 271360
1771735475092 -3.2300877571105957 276480
1771735482420 -3.2696404457092285 281600
1771735488795 -3.4234962463378906 286720
1771735494873 -3.471004009246826 291840
1771735500653 -3.7828831672668457 296960
1771735503907 -3.8772215843200684 300032
