1771735141606 16.0911922454834 5120
1771735147289 15.183038711547852 10240
1771735152769 14.979702949523926 15360
1771735157955 15.54873275756836 20480
1771735166224 15.560930252075195 25600
1771735171810 15.463693618774414 30720
1771735177737 15.298152923583984 35840
1771735183297 15.31592845916748 40960
1771735191079 15.307382583618164 46080
1771735196736 14.767072677612305 51200
1771735202585 13.89388370513916 56320
1771735208800 12.980205535888672 61440
1771735216586 12.2891263961792 66560
1771735222669 11.712401390075684 71680
1771735228404 11.785348892211914 76800
1771735234457 12.12850284576416 81920
1771735241674 12.342365264892578 87040
1771735248137 12.521486282348633 92160
1771735254051 12.661856651306152 97280
1771735259804 12.833630561828613 102400
1771735266694 12.92025089263916 107520
1771735273548 13.037992477416992 112640
1771735279277 13.19320011138916 117760
1771735285241 13.270214080810547 122880
1771735292118 13.350579261779785 128000
1771735298528 13.445326805114746 133120
1771735304406 13.51432991027832 138240
1771735310418 13.598311424255371 143360
1771735317618 13.640538215637207 148480
1771735323460 13.694086074829102 153600
1771735330084 13.765920639038086 158720
1771735336170 13.817550659179688 163840
1771735342733 13.864169120788574 168960
1771735348644 13.905092239379883 174080
1771735355535 13.954070091247559 179200
1771735361435 13.945123672485352 184320
1771735368076 13.968810081481934 189440
1771735373920 14.015778541564941 194560
1771735381264 14.02446174621582 199680
1771735387102 14.061686515808105 204800
1771735393118 14.085668563842773 209920
1771735398948 14.13383960723877 215040
1771735406225 14.205333709716797 220160
1771735412181 14.244211196899414 225280
1771735418382 14.303741455078125 230400
1771735423913 14.397058486938477 235520
1771735431511 14.457259178161621 240640
1771735437454 14.469005584716797 245760
1771735444304 14.533181190490723 250880
1771735449681 14.596092224121094 256000
1771735457260 14.668373107910156 261120
1771735463379 14.720708847045898 266240
1771735469717 14.79209041595459 271360
1771735475096 14.880413055419922 276480
1771735482423 14.962931632995605 281600
1771735488798 15.046331405639648 286720
1771735494877 15.14087963104248 291840
1771735500656 15.208832740783691 296960
1771735503910 15.242636680603027 300032
