1771059390927 25.355783462524414 5120
1771059396387 26.085582733154297 10240
1771059403526 26.561044692993164 15360
1771059408672 26.858604431152344 20480
1771059415944 26.87491798400879 25600
1771059421344 27.160131454467773 30720
1771059428075 27.320240020751953 35840
1771059433534 27.29363441467285 40960
1771059440569 27.442276000976562 46080
1771059445982 27.532398223876953 51200
1771059452474 27.492877960205078 56320
1771059458568 27.55721664428711 61440
1771059464740 27.503829956054688 66560
1771059471124 27.576534271240234 71680
1771059477087 27.609201431274414 76800
1771059483565 27.615257263183594 81920
1771059488749 27.59437370300293 87040
1771059495970 27.56953239440918 92160
1771059501683 27.607179641723633 97280
1771059508688 27.6193904876709 102400
1771059514166 27.603378295898438 107520
1771059521242 27.609216690063477 112640
1771059526506 27.629512786865234 117760
1771059533121 27.63623046875 122880
1771059538735 27.647314071655273 128000
1771059545515 27.635486602783203 133120
1771059550862 27.653451919555664 138240
1771059558197 27.679733276367188 143360
1771059563533 27.647077560424805 148480
1771059570110 27.630985260009766 153600
1771059575672 27.649215698242188 158720
1771059582873 27.661632537841797 163840
1771059588142 27.664222717285156 168960
1771059594658 27.65687370300293 174080
1771059600770 27.65553855895996 179200
1771059607148 27.628568649291992 184320
1771059612959 27.6009521484375 189440
1771059619616 27.601032257080078 194560
1771059625129 27.58104705810547 199680
1771059631576 27.558212280273438 204800
1771059637317 27.560914993286133 209920
1771059644018 27.556880950927734 215040
1771059649509 27.56976318359375 220160
1771059655915 27.5787353515625 225280
1771059662101 27.590024948120117 230400
1771059668392 27.596820831298828 235520
1771059674246 27.599443435668945 240640
1771059680853 27.602550506591797 245760
1771059686787 27.610820770263672 250880
1771059693189 27.636343002319336 256000
1771059698946 27.639436721801758 261120
1771059705493 27.642805099487305 266240
1771059711690 27.618513107299805 271360
1771059718056 27.621366500854492 276480
1771059723889 27.613914489746094 281600
1771059730665 27.61193084716797 286720
1771059736089 27.618101119995117 291840
1771059743099 27.62688636779785 296960
1771059745689 27.624223709106445 300032
