1771059390927 0.2669873833656311 5120
1771059396387 0.26844435930252075 10240
1771059403526 0.2652519941329956 15360
1771059408672 0.26744312047958374 20480
1771059415944 0.2697089910507202 25600
1771059421344 0.27005770802497864 30720
1771059428075 0.2699398100376129 35840
1771059433534 0.268087238073349 40960
1771059440569 0.26921454071998596 46080
1771059445982 0.27196088433265686 51200
1771059452474 0.2707366645336151 56320
1771059458568 0.27161139249801636 61440
1771059464740 0.27059775590896606 66560
1771059471124 0.27098894119262695 71680
1771059477087 0.27102720737457275 76800
1771059483565 0.2712160050868988 81920
1771059488749 0.2705982029438019 87040
1771059495970 0.27034759521484375 92160
1771059501683 0.27064165472984314 97280
1771059508688 0.27099907398223877 102400
1771059514166 0.27054959535598755 107520
1771059521242 0.270208477973938 112640
1771059526506 0.27071231603622437 117760
1771059533121 0.2705802619457245 122880
1771059538735 0.27045774459838867 128000
1771059545515 0.27039018273353577 133120
1771059550862 0.26994219422340393 138240
1771059558197 0.27012574672698975 143360
1771059563533 0.26969337463378906 148480
1771059570110 0.26988106966018677 153600
1771059575672 0.2699834406375885 158720
1771059582873 0.2699207663536072 163840
1771059588142 0.26960289478302 168960
1771059594658 0.26973757147789 174080
1771059600770 0.26967698335647583 179200
1771059607148 0.26959165930747986 184320
1771059612959 0.26902249455451965 189440
1771059619616 0.26890620589256287 194560
1771059625129 0.26872819662094116 199680
1771059631576 0.2685616910457611 204800
1771059637317 0.26837897300720215 209920
1771059644018 0.26808303594589233 215040
1771059649509 0.2683977484703064 220160
1771059655915 0.26841187477111816 225280
1771059662101 0.2684246599674225 230400
1771059668392 0.26845383644104004 235520
1771059674246 0.2683124542236328 240640
1771059680853 0.2682705819606781 245760
1771059686787 0.26824307441711426 250880
1771059693189 0.26816168427467346 256000
1771059698946 0.26828426122665405 261120
1771059705493 0.2680518329143524 266240
1771059711690 0.26771461963653564 271360
1771059718056 0.2676839530467987 276480
1771059723889 0.26748108863830566 281600
1771059730665 0.2674272954463959 286720
1771059736089 0.2674259841442108 291840
1771059743099 0.26746949553489685 296960
1771059745689 0.2672449052333832 300032
