1771059390922 204.94009576859182 5120
1771059396380 213.07106934213868 10240
1771059403520 200.99214107724745 15360
1771059408666 208.44369346983402 20480
1771059415938 200.93436811344256 25600
1771059421338 202.41803001785627 30720
1771059428068 210.1565287102916 35840
1771059433528 198.1904266880877 40960
1771059440563 216.33505260986178 46080
1771059445976 207.2591787320255 51200
1771059452468 210.7584543490277 56320
1771059458561 204.59021511145798 61440
1771059464734 205.13053259646892 66560
1771059471117 197.53704139782414 71680
1771059477080 205.71406150375202 76800
1771059483559 210.1249436400982 81920
1771059488742 184.5353513133002 87040
1771059495963 207.2591787320255 92160
1771059501676 199.84295788069372 97280
1771059508681 196.79557077839817 102400
1771059514159 214.23557053835938 107520
1771059521235 233.02983499083282 112640
1771059526499 197.43475804933158 117760
1771059533114 164.96770894788594 122880
1771059538727 209.07751358357012 128000
1771059545507 190.30417422867512 133120
1771059550855 235.52920035938905 138240
1771059558189 209.4952300084911 143360
1771059563526 192.07327013783944 148480
1771059570102 202.907648396304 153600
1771059575663 196.07797671918095 158720
1771059582866 192.39926605504587 163840
1771059588134 197.11001456835376 168960
1771059594650 203.00585644450896 174080
1771059600762 200.88624934144354 179200
1771059607141 219.72361045628372 184320
1771059612951 208.53696614130163 189440
1771059619607 211.2893053246688 194560
1771059625121 200.2819214974692 199680
1771059631568 204.06266420161526 204800
1771059637309 224.61864724468484 209920
1771059644010 219.64306661080855 215040
1771059649500 213.6571748764709 220160
1771059655907 207.63881188118813 225280
1771059662092 210.54686009738467 230400
1771059668383 199.14082233406134 235520
1771059674237 202.33014954172697 240640
1771059680844 199.26381300774383 245760
1771059686779 207.44369157722934 250880
1771059693181 198.49995267392333 256000
1771059698938 209.22352471691525 261120
1771059705484 211.4384231486616 266240
1771059711681 206.86052475833498 271360
1771059718046 192.69095419671982 276480
1771059723880 207.07499382868428 281600
1771059730656 211.20418953623042 286720
1771059736079 202.40826175079624 291840
1771059743090 201.67831898831562 296960
1771059745679 190.29554012975817 300032
