1760388920131 399.96481426886794 5120
1760388935735 392.27457448344455 10240
1760388959150 399.0455078125 15360
1760388979619 402.3177878524558 20480
1760388998275 403.8792380203986 25600
1760389016209 405.5399894873522 30720
1760389042549 407.24701605902777 35840
1760389063784 408.14499679078364 40960
1760389085037 408.9447752546135 46080
1760389104150 409.5356533272675 51200
1760389128158 410.4648418912971 56320
1760389150510 410.93799680571317 61440
1760389173986 410.9937131426411 66560
1760389191915 411.2656950265339 71680
1760389212710 411.2678825827206 76800
1760389233503 411.4684300385083 81920
1760389256726 411.4135344650922 87040
1760389277604 411.60453668041765 92160
1760389295109 411.85192443820614 97280
1760389316561 412.76250884977605 102400
1760389338935 415.3827985743247 107520
1760389359310 417.40835459260285 112640
1760389378781 419.5450296026128 117760
1760389395709 421.67002718380473 122880
1760389415987 423.60038496328826 128000
1760389435373 425.3637764510201 133120
1760389457508 427.0493202329056 138240
1760389474381 428.4792820803882 143360
1760389492843 429.8455977856791 148480
1760389510335 431.20586623048524 153600
1760389535038 432.29729141243683 158720
1760389553142 433.4146397534984 163840
1760389569713 434.39089479012813 168960
1760389587093 435.379780054895 174080
1760389613478 436.3134876853493 179200
1760389630278 437.2416949658295 184320
1760389647681 438.1464833692714 189440
1760389665515 438.91871290652534 194560
1760389690554 439.76504741516743 199680
1760389706670 440.4882683352399 204800
1760389724765 441.19285663324865 209920
1760389743941 441.7636973873752 215040
1760389767605 442.38956743408903 220160
1760389783975 443.04636783027206 225280
1760389801144 443.6414157868508 230400
1760389822557 444.1199211014495 235520
1760389845060 444.6706423419323 240640
1760389860754 445.1982040869947 245760
1760389881928 445.67017614944547 250880
1760389902088 446.13075674000146 256000
1760389927506 446.27679022392283 261120
1760389945369 445.71944953535245 266240
1760389971013 445.0397753335983 271360
1760389990116 444.4423384964817 276480
1760390010686 443.9116674264578 281600
1760390029558 443.3395404775252 286720
1760390058073 442.84125098447606 291840
1760390082553 442.37064796366917 296960
1760390083482 442.1864388148405 300032
