1760388920131 1.204972349922612 5120
1760388935735 1.3599352043512176 10240
1760388959150 1.226719565555967 15360
1760388979619 1.176374534559349 20480
1760388998275 1.13231569777347 25600
1760389016209 1.1049083688494559 30720
1760389042549 1.0599604325197647 35840
1760389063784 1.0437355979707839 40960
1760389085037 1.0313691818393151 46080
1760389104150 1.0245577169353612 51200
1760389128158 1.0072592251374326 56320
1760389150510 0.9949997203976082 61440
1760389173986 0.9929566303376228 66560
1760389191915 0.9888071448746437 71680
1760389212710 0.9859745463737253 76800
1760389233503 0.9777594780333093 81920
1760389256726 0.9800221670443868 87040
1760389277604 0.9781091400396044 92160
1760389295109 0.9755241126152178 97280
1760389316561 0.9513697160935879 102400
1760389338935 0.8820650206437717 107520
1760389359310 0.8244834104776612 112640
1760389378781 0.7665488731356176 117760
1760389395709 0.7110856209716905 122880
1760389415987 0.662324210711911 128000
1760389435373 0.6153588505477893 133120
1760389457508 0.5706533116606709 138240
1760389474381 0.5314107803480842 143360
1760389492843 0.495257240927945 148480
1760389510335 0.4602678164247395 153600
1760389535038 0.43111496333669663 158720
1760389553142 0.4018299815294145 163840
1760389569713 0.3747496065981983 168960
1760389587093 0.34875940102440595 174080
1760389613478 0.32442301645374844 179200
1760389630278 0.29968897467952665 184320
1760389647681 0.27637105556112196 189440
1760389665515 0.2549033176145174 194560
1760389690554 0.23276415878406864 199680
1760389706670 0.21337904861505083 204800
1760389724765 0.1954701064159695 209920
1760389743941 0.17994011239657268 215040
1760389767605 0.1641712588003123 220160
1760389783975 0.14694433573854254 225280
1760389801144 0.13136795688880018 230400
1760389822557 0.1192863991744305 235520
1760389845060 0.10523463873665846 240640
1760389860754 0.09162915795738967 245760
1760389881928 0.07939747286189267 250880
1760389902088 0.06721380522580651 256000
1760389927506 0.061519350030007344 261120
1760389945369 0.07604759095621824 266240
1760389971013 0.09267365941046982 271360
1760389990116 0.10993336871251157 276480
1760390010686 0.124802836638174 281600
1760390029558 0.13898178363907457 286720
1760390058073 0.1527273878449623 291840
1760390082553 0.1658693513601942 296960
1760390083482 0.1708552181067544 300032
