1760388920131 5.003773584905661 5120
1760388935735 5.3203285420944555 10240
1760388959150 4.957241379310345 15360
1760388979619 4.803534303534303 20480
1760388998275 4.699499165275459 25600
1760389016209 4.618915159944367 30720
1760389042549 4.513142174432497 35840
1760389063784 4.476190476190476 40960
1760389085037 4.440575673166203 46080
1760389104150 4.427314620863008 51200
1760389128158 4.389417586600685 56320
1760389150510 4.357891061452514 61440
1760389173986 4.357741935483871 66560
1760389191915 4.345334533453346 71680
1760389212710 4.336974789915966 76800
1760389233503 4.320546505517604 81920
1760389256726 4.3268992823558525 87040
1760389277604 4.324065420560748 92160
1760389295109 4.31856446610545 97280
1760389316561 4.2718651211801895 102400
1760389338935 4.14561156858807 107520
1760389359310 4.0463194310974435 112640
1760389378781 3.9419889502762433 117760
1760389395709 3.8420402400282385 122880
1760389415987 3.7496185794202406 128000
1760389435373 3.6619970679263725 133120
1760389457508 3.580721003134796 138240
1760389474381 3.5113395827033567 143360
1760389492843 3.443292949934316 148480
1760389510335 3.379052720608965 153600
1760389535038 3.328235936646641 158720
1760389553142 3.2753738255921663 163840
1760389569713 3.22758797842281 168960
1760389587093 3.180027428001496 174080
1760389613478 3.1361928995516783 179200
1760389630278 3.091454802259887 184320
1760389647681 3.046801693557615 189440
1760389665515 3.008252481320397 194560
1760389690554 2.964506675350049 199680
1760389706670 2.9295387219636058 204800
1760389724765 2.895573212258797 209920
1760389743941 2.8686705668751262 215040
1760389767605 2.840606836764851 220160
1760389783975 2.8074480369515014 225280
1760389801144 2.7788126822843164 230400
1760389822557 2.75637837339965 235520
1760389845060 2.7319866534403463 240640
1760389860754 2.705093123841469 245760
1760389881928 2.6821169145624353 250880
1760389902088 2.658282520325203 256000
1760389927506 2.649742396543128 261120
1760389945369 2.676696020874103 266240
1760389971013 2.7063434925205985 271360
1760389990116 2.738007380073801 276480
1760390010686 2.763431742850536 281600
1760390029558 2.7886769603390857 286720
1760390058073 2.813768493048844 291840
1760390082553 2.8374862988673732 296960
1760390083482 2.8467232745482254 300032
