1759784458588 404.325014740566 5120
1759784481289 410.38485789862204 10240
1759784502659 412.0889602558725 15360
1759784534103 411.19731749553114 20480
1759784557009 409.7613414049544 25600
1759784580318 409.7147477168456 30720
1759784604555 410.8804729278075 35840
1759784638848 411.3357289632161 40960
1759784662711 411.83772432467606 46080
1759784686287 411.98679622259914 51200
1759784709979 411.9762164329848 56320
1759784740962 411.98784873821165 61440
1759784765953 412.0025492823401 66560
1759784789329 412.19984360931875 71680
1759784814283 412.3403703492853 76800
1759784847682 410.07680123830926 81920
1759784880391 409.03076135079124 87040
1759784907476 408.0040567946599 92160
1759784941614 407.161660271348 97280
1759784972492 406.1343067989865 102400
1759785016419 405.37066331145337 107520
1759785045203 404.76407917915344 112640
1759785084896 404.17071334592055 117760
1759785119820 403.6636165459835 122880
1759785151456 403.26066085028174 128000
1759785175286 402.8949786961938 133120
1759785200334 402.36190398495086 138240
1759785231689 401.98185783130145 143360
1759785254615 401.5477212843659 148480
1759785279868 401.1801887508811 153600
1759785306354 400.91997105440646 158720
1759785348622 400.4940814641785 163840
1759785372616 400.2095414459746 168960
1759785397251 399.99723185108815 174080
1759785422668 399.69149458480143 179200
1759785465889 399.62705458129363 184320
1759785494786 399.26612366516287 189440
1759785524375 399.0393906416499 194560
1759785553574 398.8194923815041 199680
1759785598964 398.5527632107235 204800
1759785627126 398.4397529524783 209920
1759785655116 398.16332973674304 215040
1759785683167 398.07948395452274 220160
1759785727508 397.8356722149185 225280
1759785755424 397.5454790958585 230400
1759785784722 397.3045548839682 235520
1759785814092 397.01064039934914 240640
1759785857280 396.6085175282344 245760
1759785885946 396.0148180891655 250880
1759785917021 395.3358851538958 256000
1759785944167 394.277469250242 261120
1759785984369 393.30038993917515 266240
1759786008319 393.1914929314339 271360
1759786031223 392.76046383528467 276480
1759786053891 392.2462816586589 281600
1759786085949 391.57225733520374 286720
1759786111061 391.1474135819437 291840
1759786134523 390.3239812024031 296960
1759786150155 389.98697949606117 300032
