1759784458588 1.0261728682607976 5120
1759784481289 0.9912789938018078 10240
1759784502659 0.9670666432220664 15360
1759784534103 0.987860172104178 20480
1759784557009 0.9976243450867003 25600
1759784580318 0.9979374190776963 30720
1759784604555 0.984708039164189 35840
1759784638848 0.9790055771668752 40960
1759784662711 0.9687161408106192 46080
1759784686287 0.9658418946077032 51200
1759784709979 0.9639459762283151 56320
1759784740962 0.966042323084174 61440
1759784765953 0.9645756418390792 66560
1759784789329 0.9593648698722043 71680
1759784814283 0.9535254705112611 76800
1759784847682 0.988573149744096 81920
1759784880391 1.009427099124896 87040
1759784907476 1.0291000358939653 92160
1759784941614 1.0443890987475786 97280
1759784972492 1.0588036655735324 102400
1759785016419 1.0697063582481272 107520
1759785045203 1.0795129791495586 112640
1759785084896 1.0873942011316882 117760
1759785119820 1.0969764643894466 122880
1759785151456 1.1050326378753978 128000
1759785175286 1.11113361620721 133120
1759785200334 1.118927543071525 138240
1759785231689 1.1242381350159116 143360
1759785254615 1.1326760788536452 148480
1759785279868 1.1385754948819953 153600
1759785306354 1.1409386938081372 158720
1759785348622 1.1464081225882423 163840
1759785372616 1.149851926124702 168960
1759785397251 1.1522661779577767 174080
1759785422668 1.1586977541408503 179200
1759785465889 1.159989117446104 184320
1759785494786 1.1653800706611919 189440
1759785524375 1.168599450077289 194560
1759785553574 1.171310975992754 199680
1759785598964 1.1757407216897855 204800
1759785627126 1.1770509067268322 209920
1759785655116 1.1813543618616524 215040
1759785683167 1.1832532310265291 220160
1759785727508 1.1877687332978883 225280
1759785755424 1.1940723526753927 230400
1759785784722 1.19854819619444 235520
1759785814092 1.203350386626938 240640
1759785857280 1.2116108583073177 245760
1759785885946 1.2214322613474387 250880
1759785917021 1.228536165007695 256000
1759785944167 1.2383311547188662 261120
1759785984369 1.2462787996112892 266240
1759786008319 1.247681942512387 271360
1759786031223 1.2502949254220912 276480
1759786053891 1.25449559891542 281600
1759786085949 1.2589104197700656 286720
1759786111061 1.2652652136338094 291840
1759786134523 1.2732206248104505 296960
1759786150155 1.2769571580858277 300032
