1759784458588 17.657794074292454 5120
1759784481289 17.713546032042014 10240
1759784502659 17.66918150626573 15360
1759784534103 17.867967428298964 20480
1759784557009 17.78032283245232 25600
1759784580318 17.81459493452162 30720
1759784604555 17.72754758493715 35840
1759784638848 17.652948411305747 40960
1759784662711 17.58482355897154 46080
1759784686287 17.6054356457545 51200
1759784709979 17.618319760166646 56320
1759784740962 17.702483544597833 61440
1759784765953 17.70614030626085 66560
1759784789329 17.652913380928542 71680
1759784814283 17.580897788830402 76800
1759784847682 17.733539390007298 81920
1759784880391 17.83363726725383 87040
1759784907476 17.954422197030617 92160
1759784941614 18.05321698435198 97280
1759784972492 18.15304440720017 102400
1759785016419 18.208576182676342 107520
1759785045203 18.256573499630814 112640
1759785084896 18.32120389203363 117760
1759785119820 18.364470821623396 122880
1759785151456 18.44407931900629 128000
1759785175286 18.500096693354404 133120
1759785200334 18.536467921001613 138240
1759785231689 18.57177174853856 143360
1759785254615 18.642436965425887 148480
1759785279868 18.67110169480473 153600
1759785306354 18.673758413191322 158720
1759785348622 18.709896409265294 163840
1759785372616 18.73446750860699 168960
1759785397251 18.735643796545236 174080
1759785422668 18.779860955579856 179200
1759785465889 18.789575300361783 184320
1759785494786 18.835814487718263 189440
1759785524375 18.879696592402745 194560
1759785553574 18.897203057267756 199680
1759785598964 18.934969465775296 204800
1759785627126 18.949469844762685 209920
1759785655116 18.988274074413706 215040
1759785683167 19.005569648883025 220160
1759785727508 19.03507344886075 225280
1759785755424 19.083382081553296 230400
1759785784722 19.114895425228443 235520
1759785814092 19.155740387104395 240640
1759785857280 19.216490809964817 245760
1759785885946 19.27830156558293 250880
1759785917021 19.33488337698184 256000
1759785944167 19.3798972687735 261120
1759785984369 19.408973771843957 266240
1759786008319 19.424091510992554 271360
1759786031223 19.43053587922696 276480
1759786053891 19.459047860869003 281600
1759786085949 19.474204231626544 286720
1759786111061 19.51558531407235 291840
1759786134523 19.555160515013995 296960
1759786150155 19.577523141875012 300032
