1771779453898 0.007246376946568489 5120
1771779466883 0.003759398590773344 10240
1771779479457 0.005089058540761471 15360
1771779492025 0.0057416269555687904 20480
1771779504708 0.006939090322703123 25600
1771779517301 0.007069408893585205 30720
1771779529900 0.006073992233723402 35840
1771779542898 0.006292352452874184 40960
1771779555732 0.005610703490674496 46080
1771779568716 0.005822981242090464 51200
1771779581303 0.006701940204948187 56320
1771779593886 0.006798316724598408 61440
1771779606972 0.007181328721344471 66560
1771779619594 0.0078081428073346615 71680
1771779633041 0.009169504977762699 76800
1771779645625 0.009385033510625362 81920
1771779658201 0.009581677615642548 87040
1771779670787 0.01043748576194048 92160
1771779684156 0.011404435150325298 97280
1771779696738 0.012706737034022808 102400
1771779709327 0.01332560833543539 107520
1771779721911 0.014479301869869232 112640
1771779734468 0.014129851944744587 117760
1771779747535 0.015002586878836155 122880
1771779760092 0.015976035967469215 128000
1771779772995 0.016728324815630913 133120
1771779785782 0.01870032772421837 138240
1771779798393 0.02076386846601963 143360
1771779811469 0.02257302962243557 148480
1771779824040 0.023202519863843918 153600
1771779836618 0.023992188274860382 158720
1771779849192 0.02599700540304184 163840
1771779862404 0.027807343751192093 168960
1771779874985 0.030366219580173492 174080
1771779888038 0.03168114274740219 179200
1771779900657 0.03493613749742508 184320
1771779913227 0.037369392812252045 189440
1771779925818 0.03973909839987755 194560
1771779938392 0.04243214428424835 199680
1771779951711 0.04518984258174896 204800
1771779964316 0.047880869358778 209920
1771779976883 0.050557371228933334 215040
1771779989464 0.053686074912548065 220160
1771780002022 0.0555676631629467 225280
1771780014968 0.05821183696389198 230400
1771780027792 0.06013292446732521 235520
1771780040375 0.06251297891139984 240640
1771780052927 0.06432808190584183 245760
1771780065483 0.0661356970667839 250880
1771780078069 0.06788589805364609 256000
1771780091372 0.06995885074138641 261120
1771780103945 0.07131123542785645 266240
1771780116668 0.07264753431081772 271360
1771780129931 0.07525162398815155 276480
1771780142513 0.07679450511932373 281600
1771780155498 0.0779101774096489 286720
1771780168071 0.08020616322755814 291840
1771780180975 0.08127176761627197 296960
1771780186001 0.08217839151620865 300032
