1771779453898 0.0 5120
1771779466883 0.0 10240
1771779479457 0.0 15360
1771779492025 0.0 20480
1771779504708 0.0 25600
1771779517301 0.0 30720
1771779529900 0.0 35840
1771779542898 0.0 40960
1771779555732 0.0 46080
1771779568716 0.0 51200
1771779581303 0.0 56320
1771779593886 0.0 61440
1771779606972 0.0 66560
1771779619594 0.0 71680
1771779633041 0.0 76800
1771779645625 0.0 81920
1771779658201 0.0 87040
1771779670787 0.0 92160
1771779684156 0.0 97280
1771779696738 0.0 102400
1771779709327 0.0 107520
1771779721911 0.0 112640
1771779734468 0.0 117760
1771779747535 0.0 122880
1771779760092 0.0 128000
1771779772995 0.0 133120
1771779785782 0.0 138240
1771779798393 0.0 143360
1771779811469 0.0 148480
1771779824040 0.0 153600
1771779836618 0.0 158720
1771779849192 0.0 163840
1771779862404 0.0 168960
1771779874985 0.0 174080
1771779888038 0.0 179200
1771779900657 0.0 184320
1771779913227 0.0 189440
1771779925818 0.0 194560
1771779938392 0.0 199680
1771779951711 0.0 204800
1771779964316 0.0 209920
1771779976883 0.0 215040
1771779989464 0.0 220160
1771780002022 0.0 225280
1771780014968 0.0 230400
1771780027792 0.0 235520
1771780040375 0.0 240640
1771780052927 0.0 245760
1771780065483 0.0 250880
1771780078069 0.0 256000
1771780091372 0.0 261120
1771780103945 0.0 266240
1771780116668 0.0 271360
1771780129931 0.0 276480
1771780142513 0.0 281600
1771780155498 0.0 286720
1771780168071 0.0 291840
1771780180975 0.0 296960
1771780186001 0.0 300032
