1771779453894 15.631199836730957 5120
1771779466880 11.273688316345215 10240
1771779479453 11.337820053100586 15360
1771779492021 11.099981307983398 20480
1771779504705 10.743935585021973 25600
1771779517298 10.801815032958984 30720
1771779529896 10.008974075317383 35840
1771779542895 9.804192543029785 40960
1771779555729 8.933385848999023 46080
1771779568713 8.555764198303223 51200
1771779581299 8.095403671264648 56320
1771779593883 7.595345973968506 61440
1771779606969 7.145416259765625 66560
1771779619591 6.967886924743652 71680
1771779633037 8.503143310546875 76800
1771779645622 10.59778881072998 81920
1771779658198 13.087687492370605 87040
1771779670783 15.431983947753906 92160
1771779684152 15.947793960571289 97280
1771779696734 17.234766006469727 102400
1771779709324 18.53938865661621 107520
1771779721907 19.902477264404297 112640
1771779734465 20.980976104736328 117760
1771779747532 21.77581787109375 122880
1771779760089 22.585296630859375 128000
1771779772992 23.650712966918945 133120
1771779785779 26.02556800842285 138240
1771779798390 25.641036987304688 143360
1771779811465 26.747655868530273 148480
1771779824037 28.43373680114746 153600
1771779836615 30.241817474365234 158720
1771779849189 32.75802230834961 163840
1771779862400 33.24332809448242 168960
1771779874982 34.37442398071289 174080
1771779888034 35.049095153808594 179200
1771779900654 36.825408935546875 184320
1771779913223 38.123600006103516 189440
1771779925815 39.2254524230957 194560
1771779938389 39.0592041015625 199680
1771779951708 39.07501983642578 204800
1771779964312 39.888370513916016 209920
1771779976880 41.039100646972656 215040
1771779989461 42.5512580871582 220160
1771780002018 41.464927673339844 225280
1771780014965 42.992313385009766 230400
1771780027789 43.431251525878906 235520
1771780040371 45.40917205810547 240640
1771780052923 44.2043571472168 245760
1771780065480 44.62620162963867 250880
1771780078065 45.752403259277344 256000
1771780091369 44.82655334472656 261120
1771780103942 45.51907730102539 266240
1771780116665 45.43108367919922 271360
1771780129928 44.84961700439453 276480
1771780142510 44.686737060546875 281600
1771780155494 44.22245407104492 286720
1771780168068 44.01263427734375 291840
1771780180971 44.821800231933594 296960
1771780185998 47.02104187011719 300032
