1771779453898 14.896075248718262 5120
1771779466883 15.3440523147583 10240
1771779479457 15.411051750183105 15360
1771779492025 15.431717872619629 20480
1771779504708 15.451164245605469 25600
1771779517301 15.272239685058594 30720
1771779529900 15.390690803527832 35840
1771779542898 15.142367362976074 40960
1771779555732 15.01140022277832 46080
1771779568716 14.968094825744629 51200
1771779581303 14.932863235473633 56320
1771779593886 14.80438232421875 61440
1771779606972 14.817529678344727 66560
1771779619594 15.157951354980469 71680
1771779633041 15.694014549255371 76800
1771779645625 16.074535369873047 81920
1771779658201 16.502016067504883 87040
1771779670787 16.96332359313965 92160
1771779684156 17.28577995300293 97280
1771779696738 17.65998649597168 102400
1771779709327 18.035980224609375 107520
1771779721911 18.446544647216797 112640
1771779734468 18.798904418945312 117760
1771779747535 19.202953338623047 122880
1771779760092 19.585338592529297 128000
1771779772995 19.88361358642578 133120
1771779785782 20.19283676147461 138240
1771779798393 20.398975372314453 143360
1771779811469 20.542407989501953 148480
1771779824040 20.58950424194336 153600
1771779836618 20.762582778930664 158720
1771779849192 20.946638107299805 163840
1771779862404 21.178678512573242 168960
1771779874985 21.276458740234375 174080
1771779888038 21.482404708862305 179200
1771779900657 21.587322235107422 184320
1771779913227 21.734769821166992 189440
1771779925818 21.868444442749023 194560
1771779938392 21.949060440063477 199680
1771779951711 22.06256866455078 204800
1771779964316 22.17035675048828 209920
1771779976883 22.297626495361328 215040
1771779989464 22.404191970825195 220160
1771780002022 22.51900863647461 225280
1771780014968 22.63331413269043 230400
1771780027792 22.72661018371582 235520
1771780040375 22.795827865600586 240640
1771780052927 22.865446090698242 245760
1771780065483 22.93415641784668 250880
1771780078069 23.010725021362305 256000
1771780091372 23.052736282348633 261120
1771780103945 23.112884521484375 266240
1771780116668 23.203962326049805 271360
1771780129931 23.271692276000977 276480
1771780142513 23.36517906188965 281600
1771780155498 23.450559616088867 286720
1771780168071 23.507715225219727 291840
1771780180975 23.557275772094727 296960
1771780186001 23.57229995727539 300032
