1771779453898 4.09782600402832 5120
1771779466883 3.892857074737549 10240
1771779479457 3.8384222984313965 15360
1771779492025 3.7464115619659424 20480
1771779504708 3.73785662651062 25600
1771779517301 3.6535990238189697 30720
1771779529900 3.679734945297241 35840
1771779542898 3.6360116004943848 40960
1771779555732 3.6063876152038574 46080
1771779568716 3.5916149616241455 51200
1771779581303 3.5823633670806885 56320
1771779593886 3.5649077892303467 61440
1771779606972 3.5610413551330566 66560
1771779619594 3.6689906120300293 71680
1771779633041 3.8490960597991943 76800
1771779645625 3.9849345684051514 81920
1771779658201 4.1390509605407715 87040
1771779670787 4.306906700134277 92160
1771779684156 4.421330451965332 97280
1771779696738 4.546591281890869 102400
1771779709327 4.687331199645996 107520
1771779721911 4.853350639343262 112640
1771779734468 5.03577184677124 117760
1771779747535 5.201414108276367 122880
1771779760092 5.3626227378845215 128000
1771779772995 5.493646621704102 133120
1771779785782 5.626305103302002 138240
1771779798393 5.7444682121276855 143360
1771779811469 5.8344645500183105 148480
1771779824040 5.849470138549805 153600
1771779836618 5.924675464630127 158720
1771779849192 6.019191741943359 163840
1771779862404 6.1451568603515625 168960
1771779874985 6.229636192321777 174080
1771779888038 6.339294910430908 179200
1771779900657 6.423992156982422 184320
1771779913227 6.5193610191345215 189440
1771779925818 6.6291823387146 194560
1771779938392 6.714471817016602 199680
1771779951711 6.798858642578125 204800
1771779964316 6.88419246673584 209920
1771779976883 6.979844570159912 215040
1771779989464 7.062098503112793 220160
1771780002022 7.150250434875488 225280
1771780014968 7.230381488800049 230400
1771780027792 7.3091044425964355 235520
1771780040375 7.379127502441406 240640
1771780052927 7.457762241363525 245760
1771780065483 7.530698776245117 250880
1771780078069 7.599045753479004 256000
1771780091372 7.65069580078125 261120
1771780103945 7.704319477081299 266240
1771780116668 7.778815746307373 271360
1771780129931 7.847239017486572 276480
1771780142513 7.9213480949401855 281600
1771780155498 7.991567134857178 286720
1771780168071 8.04240894317627 291840
1771780180975 8.092256546020508 296960
1771780186001 8.109541893005371 300032
