1771691834603 0.0 5120
1771691850603 0.0018518518190830946 10240
1771691867034 0.005018820520490408 15360
1771691884410 0.003798670368269086 20480
1771691900579 0.00460122711956501 25600
1771691916523 0.006418485194444656 30720
1771691932970 0.006659267470240593 35840
1771691949973 0.0069444444961845875 40960
1771691966331 0.007162041030824184 46080
1771691981989 0.008113590069115162 51200
1771691997891 0.010055866092443466 56320
1771692014072 0.010914051905274391 61440
1771692029960 0.010671688243746758 66560
1771692043635 0.009924110025167465 71680
1771692059771 0.009581166319549084 76800
1771692077070 0.009259259328246117 81920
1771692093433 0.009212121367454529 87040
1771692109473 0.010101010091602802 92160
1771692125949 0.010473488830029964 97280
1771692142940 0.010607320815324783 102400
1771692159097 0.011350059881806374 107520
1771692175017 0.012216071598231792 112640
1771692190593 0.01265590637922287 117760
1771692207273 0.013241525739431381 122880
1771692223113 0.014122852124273777 128000
1771692238799 0.013804437592625618 133120
1771692254805 0.014331210404634476 138240
1771692271929 0.01594921015202999 143360
1771692287890 0.018557634204626083 148480
1771692303805 0.020897718146443367 153600
1771692319539 0.023553065955638885 158720
1771692336659 0.027360741049051285 163840
1771692352364 0.030684931203722954 168960
1771692368408 0.03306559473276138 174080
1771692384403 0.035419125109910965 179200
1771692400049 0.03880251944065094 184320
1771692417219 0.043303120881319046 189440
1771692433057 0.046873074024915695 194560
1771692448768 0.04982464760541916 199680
1771692464681 0.05061040818691254 204800
1771692481273 0.05356105417013168 209920
1771692497405 0.056769054383039474 215040
1771692513447 0.05984146520495415 220160
1771692528892 0.0627124235033989 225280
1771692545336 0.06567613780498505 230400
1771692561185 0.06688503921031952 235520
1771692577486 0.06883305311203003 240640
1771692593445 0.07064107805490494 245760
1771692610281 0.07331525534391403 250880
1771692626248 0.07576657086610794 256000
1771692642124 0.07827103137969971 261120
1771692657827 0.0806482583284378 266240
1771692674466 0.08341214060783386 271360
1771692690451 0.08557844907045364 276480
1771692706578 0.08734025806188583 281600
1771692723060 0.08998548984527588 286720
1771692739785 0.09251298755407333 291840
1771692755532 0.09496021270751953 296960
1771692762243 0.09582050144672394 300032
