1771691834603 500.0 5120
1771691850603 499.1481628417969 10240
1771691867034 497.69635009765625 15360
1771691884410 498.25640869140625 20480
1771691900579 497.8865051269531 25600
1771691916523 497.04876708984375 30720
1771691932970 496.93450927734375 35840
1771691949973 496.8055419921875 40960
1771691966331 496.7081604003906 46080
1771691981989 496.2718200683594 51200
1771691997891 495.3810119628906 56320
1771692014072 494.983642578125 61440
1771692029960 495.0941467285156 66560
1771692043635 495.4378356933594 71680
1771692059771 495.59375 76800
1771692077070 495.74176025390625 81920
1771692093433 495.7643737792969 87040
1771692109473 495.3608703613281 92160
1771692125949 495.1961669921875 97280
1771692142940 495.1356201171875 102400
1771692159097 494.7965087890625 107520
1771692175017 494.3981628417969 112640
1771692190593 494.1991882324219 117760
1771692207273 493.9375 122880
1771692223113 493.5330810546875 128000
1771692238799 493.6795349121094 133120
1771692254805 493.45477294921875 138240
1771692271929 492.7680358886719 143360
1771692287890 491.6372985839844 148480
1771692303805 490.59661865234375 153600
1771692319539 489.4447937011719 158720
1771692336659 487.7861633300781 163840
1771692352364 486.3150634765625 168960
1771692368408 485.28594970703125 174080
1771692384403 484.28570556640625 179200
1771692400049 482.8194885253906 184320
1771692417219 480.86932373046875 189440
1771692433057 479.3309631347656 194560
1771692448768 478.07281494140625 199680
1771692464681 477.7171936035156 204800
1771692481273 476.4222106933594 209920
1771692497405 474.9820251464844 215040
1771692513447 473.6603698730469 220160
1771692528892 472.4126892089844 225280
1771692545336 471.12274169921875 230400
1771692561185 470.5849609375 235520
1771692577486 469.72259521484375 240640
1771692593445 468.9140319824219 245760
1771692610281 467.73968505859375 250880
1771692626248 466.666259765625 256000
1771692642124 465.580810546875 261120
1771692657827 464.5540771484375 266240
1771692674466 463.3658142089844 271360
1771692690451 462.4551086425781 276480
1771692706578 461.6984558105469 281600
1771692723060 460.55877685546875 286720
1771692739785 459.49041748046875 291840
1771692755532 458.463134765625 296960
1771692762243 458.10400390625 300032
