1771691834600 -0.5231668949127197 5120
1771691850600 -1.8189681768417358 10240
1771691867031 -2.120643377304077 15360
1771691884406 -2.5326168537139893 20480
1771691900576 -2.8646130561828613 25600
1771691916520 -3.3326239585876465 30720
1771691932966 -3.9208996295928955 35840
1771691949969 -4.230565071105957 40960
1771691966328 -4.708564758300781 46080
1771691981986 -5.195799827575684 51200
1771691997887 -5.6935834884643555 56320
1771692014069 -6.094275951385498 61440
1771692029956 -6.213296413421631 66560
1771692043632 -6.396503925323486 71680
1771692059768 -6.649418830871582 76800
1771692077067 -6.9218645095825195 81920
1771692093430 -7.14300537109375 87040
1771692109470 -7.483098030090332 92160
1771692125946 -7.754675388336182 97280
1771692142937 -7.991896629333496 102400
1771692159094 -8.492121696472168 107520
1771692175013 -8.768492698669434 112640
1771692190590 -8.872995376586914 117760
1771692207270 -9.0206880569458 122880
1771692223109 -9.160319328308105 128000
1771692238795 -9.33856201171875 133120
1771692254802 -9.406858444213867 138240
1771692271926 -9.573348999023438 143360
1771692287887 -9.871399879455566 148480
1771692303801 -10.093084335327148 153600
1771692319536 -10.194981575012207 158720
1771692336656 -10.634964942932129 163840
1771692352361 -10.842893600463867 168960
1771692368405 -11.263349533081055 174080
1771692384400 -11.719283103942871 179200
1771692400046 -11.943796157836914 184320
1771692417215 -12.24189281463623 189440
1771692433054 -12.7953462600708 194560
1771692448765 -12.997047424316406 199680
1771692464677 -13.44709300994873 204800
1771692481270 -13.862340927124023 209920
1771692497402 -14.044621467590332 215040
1771692513444 -14.511672973632812 220160
1771692528889 -14.93431282043457 225280
1771692545333 -15.141682624816895 230400
1771692561182 -15.746442794799805 235520
1771692577483 -16.000043869018555 240640
1771692593442 -16.2166690826416 245760
1771692610279 -16.61302947998047 250880
1771692626244 -16.817947387695312 256000
1771692642120 -17.35895347595215 261120
1771692657824 -17.84474754333496 266240
1771692674463 -17.871423721313477 271360
1771692690447 -18.222789764404297 276480
1771692706574 -18.715600967407227 281600
1771692723057 -18.87828826904297 286720
1771692739782 -19.475244522094727 291840
1771692755529 -19.576486587524414 296960
1771692762240 -19.98963737487793 300032
