1771691834600 74.69421046070558 5120
1771691850600 72.68149996534277 10240
1771691867031 63.389665543246636 15360
1771691884406 4.7278035342109686 20480
1771691900576 5.072734155506613 25600
1771691916520 69.36288015346706 30720
1771691932966 61.70453408656251 35840
1771691949969 2.657286798917396 40960
1771691966328 63.694821564160975 46080
1771691981986 69.76321479658029 51200
1771691997887 61.251281452166424 56320
1771692014069 63.215783206981264 61440
1771692029956 70.30816682311922 66560
1771692043632 38.42521185470203 71680
1771692059768 65.40620955291843 76800
1771692077067 64.66903080576027 81920
1771692093430 54.08167107214235 87040
1771692109470 61.455003663003666 92160
1771692125946 67.95366395022926 97280
1771692142937 6.363896230795141 102400
1771692159094 75.90950881384153 107520
1771692175013 48.72621661496997 112640
1771692190590 73.65276485152862 117760
1771692207270 51.40078431372549 122880
1771692223109 62.440325726110196 128000
1771692238795 60.19034498593651 133120
1771692254802 70.34826070913421 138240
1771692271926 74.58927301180822 143360
1771692287887 72.53067718060456 148480
1771692303801 72.47302761170819 153600
1771692319536 72.11168420328725 158720
1771692336656 4.479414236755234 163840
1771692352361 77.26166485530605 168960
1771692368405 58.94187745924677 174080
1771692384400 79.0081187484695 179200
1771692400046 73.01298610869338 184320
1771692417215 59.952030416946585 189440
1771692433054 61.767233635225686 194560
1771692448765 67.82619382590275 199680
1771692464677 70.99123252428828 204800
1771692481270 15.870142154989425 209920
1771692497402 68.4136491159392 215040
1771692513444 65.93677194195972 220160
1771692528889 56.61398914774721 225280
1771692545333 69.46166967523972 230400
1771692561182 58.857511717324805 235520
1771692577483 2.9659100632101776 240640
1771692593442 76.76251830161054 245760
1771692610279 54.071910170299994 250880
1771692626244 73.51076993182257 256000
1771692642120 73.84338028169014 261120
1771692657824 72.48304703971245 266240
1771692674463 71.67177594367834 271360
1771692690447 73.14285714285714 276480
1771692706574 60.99120243132807 281600
1771692723057 66.16143228961275 286720
1771692739782 69.29641317098155 291840
1771692755529 68.79629963750881 296960
1771692762240 56.078081129502365 300032
