1771218978193 0.013782685622572899 5120
1771218989410 0.05079760402441025 10240
1771219000558 0.061831969767808914 15360
1771219011727 0.06208888068795204 20480
1771219023373 0.07137877494096756 25600
1771219034713 0.0783250629901886 30720
1771219045728 0.0769893154501915 35840
1771219056667 0.07533339411020279 40960
1771219068494 0.07400582730770111 46080
1771219079799 0.07344236969947815 51200
1771219091002 0.07314623147249222 56320
1771219102473 0.07354939728975296 61440
1771219113727 0.0733337476849556 66560
1771219125088 0.07653957605361938 71680
1771219136280 0.08088010549545288 76800
1771219148091 0.08556383848190308 81920
1771219159211 0.09014860540628433 87040
1771219170229 0.09420400112867355 92160
1771219181612 0.09905561059713364 97280
1771219193406 0.10330036282539368 102400
1771219204232 0.10673923790454865 107520
1771219215150 0.11051910370588303 112640
1771219226474 0.11396294087171555 117760
1771219237863 0.11710403859615326 122880
1771219249076 0.11992861330509186 128000
1771219260231 0.12182876467704773 133120
1771219271205 0.12296880036592484 138240
1771219282718 0.12463952600955963 143360
1771219293812 0.12590956687927246 148480
1771219304929 0.1280663162469864 153600
1771219316314 0.12940673530101776 158720
1771219327783 0.13078689575195312 163840
1771219339065 0.13272376358509064 168960
1771219350027 0.1344279795885086 174080
1771219361863 0.135990172624588 179200
1771219372896 0.13675841689109802 184320
1771219384031 0.13735610246658325 189440
1771219395530 0.13856635987758636 194560
1771219406794 0.13913573324680328 199680
1771219417899 0.13978008925914764 204800
1771219428871 0.14033852517604828 209920
1771219440003 0.1405884176492691 215040
1771219451278 0.1410159468650818 220160
1771219462179 0.1417299211025238 225280
1771219473865 0.1418086588382721 230400
1771219484761 0.14222167432308197 235520
1771219496643 0.1419641077518463 240640
1771219507822 0.14185437560081482 245760
1771219518876 0.14154991507530212 250880
1771219529842 0.14137855172157288 256000
1771219541446 0.14191307127475739 261120
1771219552922 0.14152352511882782 266240
1771219563857 0.14171600341796875 271360
1771219575089 0.14211972057819366 276480
1771219586967 0.14204047620296478 281600
1771219597887 0.1413005292415619 286720
1771219609400 0.14098131656646729 291840
1771219620469 0.1405290961265564 296960
1771219626325 0.14004075527191162 300032
