1771218978191 52.60436707511319 5120
1771218989408 5.172099814044797 10240
1771219000556 49.911394061997974 15360
1771219011725 57.420822780477785 20480
1771219023371 58.592758158247655 25600
1771219034710 51.29705864367394 30720
1771219045726 54.992841221974565 35840
1771219056665 53.327366119106955 40960
1771219068492 50.068687254539164 46080
1771219079797 49.54175426992039 51200
1771219090999 53.80416907190045 56320
1771219102471 56.89120379789759 61440
1771219113725 50.19151329488069 66560
1771219125085 57.00951448920785 71680
1771219136278 3.39627732149176 76800
1771219148089 59.36315901210106 81920
1771219159208 57.33056314926189 87040
1771219170227 59.20980264829611 92160
1771219181610 56.79337052483345 97280
1771219193403 5.272226530927777 102400
1771219204230 54.7566417316153 107520
1771219215148 59.63069748926611 112640
1771219226471 57.129874552215426 117760
1771219237860 56.67748604786293 122880
1771219249074 57.698870592766845 128000
1771219260229 51.3127477367262 133120
1771219271203 42.21787838830789 138240
1771219282716 44.17009625308031 143360
1771219293809 43.64384046283675 148480
1771219304927 57.48535559119006 153600
1771219316312 50.42503516512581 158720
1771219327781 53.56504859328506 163840
1771219339063 55.457471142785366 168960
1771219350025 54.29519741100324 174080
1771219361861 54.301523802125814 179200
1771219372894 56.595655107272975 184320
1771219384028 49.68141760636786 189440
1771219395528 58.4824662920565 194560
1771219406791 58.513469399143425 199680
1771219417897 54.64321634227051 204800
1771219428869 55.89498793960474 209920
1771219440000 48.53451208646247 215040
1771219451276 59.11633544749824 220160
1771219462177 59.19893861766242 225280
1771219473863 56.67442268974556 230400
1771219484759 59.95460133222791 235520
1771219496641 55.85181831497929 240640
1771219507820 58.48980616371496 245760
1771219518874 58.561670994945686 250880
1771219529840 56.70813785271014 256000
1771219541444 50.46993562360869 261120
1771219552919 9.175980538005145 266240
1771219563855 57.22028348862908 271360
1771219575086 59.11050354440013 276480
1771219586964 5.081202488324621 281600
1771219597884 54.86551467029445 286720
1771219609397 55.04769404415046 291840
1771219620467 52.05982598334305 296960
1771219626322 6.711348140752084 300032
