1758807620274 4.0894968411326404 20224
1758807662281 2.0752199054514087 40448
1758807704055 1.7878505534484597 60672
1758807752430 1.514814619762288 80896
1758807800148 1.3513521599649179 101120
1758807847037 1.2739699410388348 121344
1758807893788 1.3676091448494674 141568
1758807942910 1.4062657320857241 161792
1758807991274 1.4208253060164082 182016
1758808040187 1.355398404070762 202240
1758808084719 1.299859561892761 222464
1758808130432 1.2467331190129352 242688
1758808146818 0.421718335664138 250112
