1758807620274 182.76630790012638 20224
1758807662281 93.26271318346564 40448
1758807704055 51.4726946960214 60672
1758807752430 91.69881941407958 80896
1758807800148 156.02068221552653 101120
1758807847037 93.73374751379981 121344
1758807893788 160.16741131095583 141568
1758807942910 218.28279989591465 161792
1758807991274 61.18516141267086 182016
1758808040187 65.58211242279728 202240
1758808084719 71.06942067539862 222464
1758808130432 43.193046773628815 242688
1758808146818 147.43757030371205 250112
