1758807620277 1.0221341755038091 20224
1758807662285 7.170279552102837 40448
1758807704060 12.06708081543569 60672
1758807752434 17.403165933218148 80896
1758807800153 20.789834325869077 101120
1758807847043 23.887010995546976 121344
1758807893792 25.785584591231064 141568
1758807942917 28.46068217175506 161792
1758807991280 31.059965395168806 182016
1758808040191 32.90615532496102 202240
1758808084723 34.20422229355874 222464
1758808130439 35.41488448793848 242688
1758808146823 35.814804995083605 250112
