1758832179405 2.559322033898305 8192
1758832223846 2.1167023554603857 16384
1758832225811 1.66691015339664 24576
1758832269441 1.4336088154269973 32768
1758832271794 1.29490022172949 40960
1758832315631 1.1948869951834014 49152
1758832318020 1.1180776575429663 57344
1758832361183 1.1435366536094012 65536
1758832364939 1.2400200853627918 73728
1758832405065 1.3164845173041895 81920
1758832409393 1.3785475792988313 90112
1758832450462 1.4234909650134564 98304
1758832456124 1.4692568169666727 106496
1758832497251 1.5068925427669821 114688
1758832503676 1.5426971535230984 122880
1758832544361 1.579262942380813 131072
1758832552065 1.6139721110037277 139264
1758832590844 1.6394771241830066 147456
1758832600362 1.6626939788950963 155648
1758832636707 1.6877512414282336 163840
1758832647650 1.7083239341303857 172032
1758832684831 1.7233239922397068 180224
1758832694506 1.7373528804460046 188416
1758832735817 1.7520063410284354 196608
1758832745399 1.7614058481760169 204800
1758832783947 1.76990095377843 212992
1758832794577 1.7791622481442206 221184
1758832831808 1.7896263436273674 229376
1758832843587 1.8014845360824743 237568
1758832880606 1.8100407055630936 245760
1758832892650 1.816039558062273 253952
1758832930569 1.821811100292113 262144
1758832942582 1.8264186587226623 270336
1758832981301 1.8327336860670194 278528
1758832994657 1.8383623645590454 286720
1758833033339 1.847344542300507 294912
1758833034954 1.8498551869404949 303104
