1771179417496 1.109918475151062 5120
1771179443789 1.1188409328460693 10240
1771179468952 1.1434153318405151 15360
1771179494822 1.1534897089004517 20480
1771179520943 1.1529260873794556 25600
1771179546898 1.1545788049697876 30720
1771179572685 1.149877905845642 35840
1771179599144 1.149901270866394 40960
1771179625132 1.1578173637390137 46080
1771179650813 1.1554465293884277 51200
1771179676759 1.1527763605117798 56320
1771179702123 1.1511642932891846 61440
1771179727631 1.1498161554336548 66560
1771179753596 1.146464467048645 71680
1771179779211 1.1481883525848389 76800
1771179804828 1.1480071544647217 81920
1771179830974 1.1510692834854126 87040
1771179857212 1.1517504453659058 92160
1771179883437 1.1548471450805664 97280
1771179909920 1.1539031267166138 102400
1771179935441 1.1537556648254395 107520
1771179961252 1.1548372507095337 112640
1771179987331 1.1550711393356323 117760
1771180013047 1.1554979085922241 122880
1771180038374 1.1559967994689941 128000
1771180064658 1.1549489498138428 133120
1771180090215 1.1532251834869385 138240
1771180115867 1.151547908782959 143360
1771180142165 1.1510248184204102 148480
1771180168254 1.151711344718933 153600
1771180193843 1.1538361310958862 158720
1771180220487 1.1556071043014526 163840
1771180246383 1.1548895835876465 168960
1771180271943 1.1557565927505493 174080
1771180298605 1.1559422016143799 179200
1771180324355 1.1566799879074097 184320
1771180350073 1.156323790550232 189440
1771180376335 1.1582117080688477 194560
1771180401851 1.1589908599853516 199680
1771180427467 1.1589419841766357 204800
1771180454048 1.1594258546829224 209920
1771180479682 1.158570647239685 215040
1771180505308 1.158620834350586 220160
1771180531434 1.1594969034194946 225280
1771180557053 1.1585419178009033 230400
1771180582652 1.1591795682907104 235520
1771180609134 1.1600358486175537 240640
1771180634883 1.158961534500122 245760
1771180660998 1.158811330795288 250880
1771180687291 1.1587913036346436 256000
1771180712951 1.1583095788955688 261120
1771180738598 1.1586014032363892 266240
1771180764306 1.1594319343566895 271360
1771180790768 1.1590907573699951 276480
1771180816622 1.1592928171157837 281600
1771180842580 1.1595709323883057 286720
1771180869677 1.1594208478927612 291840
1771180895295 1.1600168943405151 296960
1771180908050 1.1602140665054321 300032
