1771179417494 -2.190049409866333 5120
1771179443786 -4.404961109161377 10240
1771179468949 -6.206190586090088 15360
1771179494820 -8.476788520812988 20480
1771179520941 -9.85627555847168 25600
1771179546896 -10.410391807556152 30720
1771179572682 -10.96726131439209 35840
1771179599141 -11.099465370178223 40960
1771179625129 -10.782587051391602 46080
1771179650810 -10.296401977539062 51200
1771179676756 -9.907221794128418 56320
1771179702121 -9.439985275268555 61440
1771179727628 -8.986313819885254 66560
1771179753594 -8.727150917053223 71680
1771179779209 -8.297852516174316 76800
1771179804826 -7.9145965576171875 81920
1771179830971 -7.619437217712402 87040
1771179857210 -7.319066047668457 92160
1771179883434 -6.820746421813965 97280
1771179909918 -6.760538578033447 102400
1771179935439 -6.470161437988281 107520
1771179961250 -6.033999443054199 112640
1771179987328 -5.996862888336182 117760
1771180013045 -5.854652404785156 122880
1771180038371 -5.7632575035095215 128000
1771180064656 -5.52903938293457 133120
1771180090213 -5.6883320808410645 138240
1771180115865 -5.895876884460449 143360
1771180142163 -6.039835453033447 148480
1771180168252 -5.875459671020508 153600
1771180193840 -5.710007667541504 158720
1771180220485 -5.525404453277588 163840
1771180246381 -5.318543434143066 168960
1771180271940 -5.34163761138916 174080
1771180298602 -5.825553894042969 179200
1771180324353 -6.308706283569336 184320
1771180350071 -6.709146976470947 189440
1771180376333 -6.700991153717041 194560
1771180401849 -6.5995941162109375 199680
1771180427465 -6.339771747589111 204800
1771180454045 -6.267943382263184 209920
1771180479680 -6.380805969238281 215040
1771180505306 -6.408612251281738 220160
1771180531431 -6.050563335418701 225280
1771180557050 -5.898190498352051 230400
1771180582650 -6.244044303894043 235520
1771180609131 -6.407723903656006 240640
1771180634880 -6.591386318206787 245760
1771180660996 -6.515866279602051 250880
1771180687288 -6.4197564125061035 256000
1771180712948 -6.246964931488037 261120
1771180738596 -6.217998504638672 266240
1771180764304 -6.126242637634277 271360
1771180790765 -6.295313358306885 276480
1771180816619 -6.025173664093018 281600
1771180842577 -5.764376640319824 286720
1771180869675 -5.794980525970459 291840
1771180895293 -5.714310169219971 296960
1771180908047 -5.633010387420654 300032
