1771179417496 0.25342872738838196 5120
1771179443789 0.24814310669898987 10240
1771179468952 0.26338639855384827 15360
1771179494822 0.28684139251708984 20480
1771179520943 0.2973906993865967 25600
1771179546898 0.3037467896938324 30720
1771179572685 0.3101556897163391 35840
1771179599144 0.31528475880622864 40960
1771179625132 0.3204185962677002 46080
1771179650813 0.32224759459495544 51200
1771179676759 0.3241567313671112 56320
1771179702123 0.32449787855148315 61440
1771179727631 0.3256724774837494 66560
1771179753596 0.32607242465019226 71680
1771179779211 0.3278498351573944 76800
1771179804828 0.32801997661590576 81920
1771179830974 0.3294334411621094 87040
1771179857212 0.3287303149700165 92160
1771179883437 0.33053210377693176 97280
1771179909920 0.33072564005851746 102400
1771179935441 0.33181503415107727 107520
1771179961252 0.33269307017326355 112640
1771179987331 0.33267509937286377 117760
1771180013047 0.333452045917511 122880
1771180038374 0.3332432806491852 128000
1771180064658 0.3322063684463501 133120
1771180090215 0.33215823769569397 138240
1771180115867 0.33185988664627075 143360
1771180142165 0.3315635621547699 148480
1771180168254 0.33197513222694397 153600
1771180193843 0.33317866921424866 158720
1771180220487 0.3346625864505768 163840
1771180246383 0.33487164974212646 168960
1771180271943 0.3357521593570709 174080
1771180298605 0.3357739746570587 179200
1771180324355 0.33615240454673767 184320
1771180350073 0.3362220227718353 189440
1771180376335 0.33675214648246765 194560
1771180401851 0.33730342984199524 199680
1771180427467 0.33716511726379395 204800
1771180454048 0.33705297112464905 209920
1771180479682 0.33686310052871704 215040
1771180505308 0.3367554247379303 220160
1771180531434 0.33677440881729126 225280
1771180557053 0.3362952172756195 230400
1771180582652 0.33652758598327637 235520
1771180609134 0.33627915382385254 240640
1771180634883 0.33607086539268494 245760
1771180660998 0.33595460653305054 250880
1771180687291 0.33557096123695374 256000
1771180712951 0.3353877365589142 261120
1771180738598 0.3355472981929779 266240
1771180764306 0.33572739362716675 271360
1771180790768 0.335981160402298 276480
1771180816622 0.3361867070198059 281600
1771180842580 0.3362281620502472 286720
1771180869677 0.33616504073143005 291840
1771180895295 0.3365025818347931 296960
1771180908050 0.33670175075531006 300032
