1771179417496 1.4975440502166748 5120
1771179443789 1.4213026762008667 10240
1771179468952 1.5576932430267334 15360
1771179494822 1.8058953285217285 20480
1771179520943 1.926716923713684 25600
1771179546898 1.9978340864181519 30720
1771179572685 2.0711936950683594 35840
1771179599144 2.1273605823516846 40960
1771179625132 2.1758618354797363 46080
1771179650813 2.1988236904144287 51200
1771179676759 2.224647045135498 56320
1771179702123 2.2299680709838867 61440
1771179727631 2.246145486831665 66560
1771179753596 2.2539117336273193 71680
1771179779211 2.2706170082092285 76800
1771179804828 2.272976875305176 81920
1771179830974 2.2858054637908936 87040
1771179857212 2.2786812782287598 92160
1771179883437 2.2946457862854004 97280
1771179909920 2.2972493171691895 102400
1771179935441 2.3083574771881104 107520
1771179961252 2.317232370376587 112640
1771179987331 2.3171496391296387 117760
1771180013047 2.3233282566070557 122880
1771180038374 2.3216307163238525 128000
1771180064658 2.310797929763794 133120
1771180090215 2.313445568084717 138240
1771180115867 2.3123953342437744 143360
1771180142165 2.3111536502838135 148480
1771180168254 2.3153254985809326 153600
1771180193843 2.325699806213379 158720
1771180220487 2.338871717453003 163840
1771180246383 2.342146158218384 168960
1771180271943 2.349938154220581 174080
1771180298605 2.350486993789673 179200
1771180324355 2.3538053035736084 184320
1771180350073 2.354527711868286 189440
1771180376335 2.3593554496765137 194560
1771180401851 2.364344358444214 199680
1771180427467 2.3629939556121826 204800
1771180454048 2.3621573448181152 209920
1771180479682 2.361694097518921 215040
1771180505308 2.360269546508789 220160
1771180531434 2.360150098800659 225280
1771180557053 2.3559751510620117 230400
1771180582652 2.357285261154175 235520
1771180609134 2.353203296661377 240640
1771180634883 2.3523120880126953 245760
1771180660998 2.351696014404297 250880
1771180687291 2.348444938659668 256000
1771180712951 2.347360610961914 261120
1771180738598 2.349043607711792 266240
1771180764306 2.350501298904419 271360
1771180790768 2.3534388542175293 276480
1771180816622 2.3553466796875 281600
1771180842580 2.355217933654785 286720
1771180869677 2.354126453399658 291840
1771180895295 2.3563663959503174 296960
1771180908050 2.358262062072754 300032
