1771694732371 3.5625 8192
1771694733863 2.902851104736328 16384
1771694764429 2.4204630851745605 24576
1771694765608 2.156862735748291 32768
1771694796490 2.0127599239349365 40960
1771694798424 1.8908365964889526 49152
1771694827943 1.8204067945480347 57344
1771694830664 1.7843197584152222 65536
1771694861385 1.7145957946777344 73728
1771694862886 1.6839518547058105 81920
1771694892396 1.6680917739868164 90112
1771694895438 1.6461570262908936 98304
1771694923649 1.6217199563980103 106496
1771694928051 1.6090211868286133 114688
1771694954586 1.592932105064392 122880
1771694960261 1.577687382698059 131072
1771694986491 1.5646971464157104 139264
1771694992455 1.5540974140167236 147456
1771695018162 1.535888910293579 155648
1771695025265 1.5283232927322388 163840
1771695050535 1.5193324089050293 172032
1771695057858 1.5168771743774414 180224
1771695082138 1.5019736289978027 188416
1771695089884 1.4953713417053223 196608
1771695114404 1.5379644632339478 204800
1771695123369 1.6217159032821655 212992
1771695146435 1.7006714344024658 221184
1771695155121 1.7675379514694214 229376
1771695179070 1.8368849754333496 237568
1771695186825 1.8888145685195923 245760
1771695212449 1.942260980606079 253952
1771695219988 1.9921752214431763 262144
1771695244032 2.043745279312134 270336
1771695251925 2.0954623222351074 278528
1771695275962 2.1410622596740723 286720
1771695284435 2.1831045150756836 294912
1771695287616 2.20335054397583 303104
