1771694732368 87.31948203355957 8192
1771694733860 77.64641415824354 16384
1771694764425 79.2874102079395 24576
1771694765604 85.20678517013712 32768
1771694796487 70.17171919962524 40960
1771694798421 87.530865228098 49152
1771694827940 83.94484138897228 57344
1771694830661 73.91625546313267 65536
1771694861382 81.90560253080513 73728
1771694862882 90.70726643598616 81920
1771694892393 78.37476642499439 90112
1771694895435 80.05160797786048 98304
1771694923646 65.96062150091213 106496
1771694928048 65.06529326900703 114688
1771694954583 67.13679290584884 122880
1771694960257 71.68892611140548 131072
1771694986486 71.74042589583512 139264
1771694992452 89.3374512769175 147456
1771695018158 70.47000117609502 155648
1771695025261 68.79742807466457 163840
1771695050532 3.247775543405457 172032
1771695057855 76.4797782721272 180224
1771695082134 70.82101850601107 188416
1771695089881 53.51379213554824 196608
1771695114401 80.02716986892065 204800
1771695123366 1.8116378714581893 212992
1771695146432 81.47760208244298 221184
1771695155118 74.76344450188054 229376
1771695179067 85.94004712631903 237568
1771695186822 72.43547941420282 245760
1771695212446 1.7010753228929325 253952
1771695219985 2.05512067201593 262144
1771695244028 77.13236970833793 270336
1771695251922 88.78337072943567 278528
1771695275959 90.0026608300073 286720
1771695284431 33.72386067603641 294912
1771695287613 86.1855093905396 303104
