1760017244841 4.258741258741258 5120
1760017279913 4.298279158699809 10240
1760017302953 4.252631578947368 15360
1760017327641 4.249498997995992 20480
1760017356898 4.179611650485437 25600
1760017381328 4.164857530529172 30720
1760017405510 4.137266355140187 35840
1760017428075 4.154358974358974 40960
1760017457873 4.154761904761905 46080
1760017480827 4.172385283174866 51200
1760017504655 4.155990957045969 56320
1760017528972 4.156131260794473 61440
1760017558141 4.1519795657726695 66560
1760017582590 4.147346575748592 71680
1760017605151 4.136766334440753 76800
1760017627996 4.136257461718142 81920
1760017655836 4.130923302393747 87040
1760017679848 4.139856912070159 92160
1760017700522 4.127957931638913 97280
1760017723814 4.134707474495107 102400
1760017746078 4.14353782013103 107520
1760017769802 4.148358945171694 112640
1760017790938 4.146562670052603 117760
1760017816689 4.148 122880
1760017838097 4.151327877066978 128000
1760017860597 4.151831619537275 133120
1760017881585 4.147655161739669 138240
1760017904949 4.139809012235154 143360
1760017925515 4.135361107106818 148480
1760017949365 4.123972698147374 153600
1760017974616 4.123348611485576 158720
1760017995563 4.119775339602926 163840
1760018016172 4.122164491192498 168960
1760018037052 4.13499876938223 174080
1760018065757 4.12700119474313 179200
1760018086232 4.135091183645023 184320
1760018106844 4.131727725011307 189440
1760018127146 4.134632320563628 194560
1760018152863 4.128980379543261 199680
1760018177374 4.129861982434128 204800
1760018196999 4.134680134680135 209920
1760018218368 4.136979477983662 215040
1760018242495 4.136766280541225 220160
1760018264716 4.136099743028457 225280
1760018287418 4.137526751651624 230400
1760018311266 4.139905334061533 235520
1760018333055 4.14027270296765 240640
1760018354428 4.139628239811502 245760
1760018375308 4.139328147704932 250880
1760018403727 4.140415549597855 256000
1760018424057 4.142540256325994 261120
1760018444561 4.13943741436286 266240
1760018465246 4.13821459634696 271360
1760018491184 4.136427130218842 276480
1760018512407 4.13664075598232 281600
1760018536801 4.140344311377246 286720
1760018558014 4.142878163625662 291840
1760018582832 4.141989150090416 296960
1760018594286 4.137983048412584 300032
