1771092492475 0.07848501950502396 5120
1771092504442 0.07568734884262085 10240
1771092516389 0.0735064297914505 15360
1771092528310 0.0704331174492836 20480
1771092540290 0.06988980621099472 25600
1771092552240 0.07114338129758835 30720
1771092564173 0.07157500833272934 35840
1771092576088 0.07083676755428314 40960
1771092588036 0.07106752693653107 46080
1771092599984 0.0709381252527237 51200
1771092611923 0.0710088461637497 56320
1771092623859 0.07109203189611435 61440
1771092635799 0.07149801403284073 66560
1771092647745 0.07177191972732544 71680
1771092659708 0.07205767929553986 76800
1771092671661 0.07252717018127441 81920
1771092683603 0.07253821194171906 87040
1771092695554 0.07236006110906601 92160
1771092707507 0.07216634601354599 97280
1771092719457 0.07203638553619385 102400
1771092731380 0.07193494588136673 107520
1771092743338 0.07175999134778976 112640
1771092755295 0.07184437662363052 117760
1771092767221 0.07174248993396759 122880
1771092779150 0.0716533362865448 128000
1771092791085 0.0714951902627945 133120
1771092803033 0.07134765386581421 138240
1771092814967 0.07126036286354065 143360
1771092826913 0.07121940702199936 148480
1771092838864 0.07138963788747787 153600
1771092850821 0.07147366553544998 158720
1771092862767 0.07151814550161362 163840
1771092874695 0.07148589938879013 168960
1771092886629 0.07140122354030609 174080
1771092898556 0.07165227085351944 179200
1771092910512 0.0716959685087204 184320
1771092922457 0.07163181900978088 189440
1771092934423 0.07153937965631485 194560
1771092946387 0.07157741487026215 199680
1771092958333 0.07148851454257965 204800
1771092970297 0.07141398638486862 209920
1771092982233 0.07136794179677963 215040
1771092994181 0.0714195966720581 220160
1771093006111 0.07143981009721756 225280
1771093018038 0.07139544188976288 230400
1771093029952 0.07149390131235123 235520
1771093041907 0.07155140489339828 240640
1771093053866 0.07157079130411148 245760
1771093065829 0.07150544971227646 250880
1771093077771 0.07156432420015335 256000
1771093089728 0.07162843644618988 261120
1771093101667 0.07169448584318161 266240
1771093113600 0.07180225104093552 271360
1771093125516 0.07205955684185028 276480
1771093137448 0.07215315103530884 281600
1771093149403 0.07222182303667068 286720
1771093161357 0.07233631610870361 291840
1771093173283 0.07358667254447937 296960
1771093179259 0.07417728751897812 300032
