1771092492475 0.0 5120
1771092504442 0.0 10240
1771092516389 0.0 15360
1771092528310 0.0 20480
1771092540290 0.0 25600
1771092552240 0.0 30720
1771092564173 0.0 35840
1771092576088 0.0 40960
1771092588036 0.0 46080
1771092599984 0.0 51200
1771092611923 0.0 56320
1771092623859 0.0 61440
1771092635799 0.0 66560
1771092647745 0.0 71680
1771092659708 0.0 76800
1771092671661 0.0 81920
1771092683603 0.0 87040
1771092695554 0.0 92160
1771092707507 0.0 97280
1771092719457 0.0 102400
1771092731380 0.0 107520
1771092743338 0.0 112640
1771092755295 0.0 117760
1771092767221 0.0 122880
1771092779150 0.0 128000
1771092791085 0.0 133120
1771092803033 0.0 138240
1771092814967 0.0 143360
1771092826913 0.0 148480
1771092838864 0.0 153600
1771092850821 0.0 158720
1771092862767 0.0 163840
1771092874695 0.0 168960
1771092886629 0.0 174080
1771092898556 0.0 179200
1771092910512 0.0 184320
1771092922457 0.0 189440
1771092934423 0.0 194560
1771092946387 0.0 199680
1771092958333 0.0 204800
1771092970297 0.0 209920
1771092982233 0.0 215040
1771092994181 0.0 220160
1771093006111 0.0 225280
1771093018038 0.0 230400
1771093029952 0.0 235520
1771093041907 0.0 240640
1771093053866 0.0 245760
1771093065829 0.0 250880
1771093077771 0.0 256000
1771093089728 0.0 261120
1771093101667 0.0 266240
1771093113600 0.0 271360
1771093125516 0.0 276480
1771093137448 0.0 281600
1771093149403 0.0 286720
1771093161357 0.0 291840
1771093173283 0.0 296960
1771093179259 0.0 300032
