1771092492475 0.2785342335700989 5120
1771092504442 0.2749784588813782 10240
1771092516389 0.27135714888572693 15360
1771092528310 0.2654152512550354 20480
1771092540290 0.26376086473464966 25600
1771092552240 0.26602479815483093 30720
1771092564173 0.2657680809497833 35840
1771092576088 0.2632902264595032 40960
1771092588036 0.2638733386993408 46080
1771092599984 0.2639881372451782 51200
1771092611923 0.26403552293777466 56320
1771092623859 0.26384541392326355 61440
1771092635799 0.26442041993141174 66560
1771092647745 0.264716774225235 71680
1771092659708 0.26527851819992065 76800
1771092671661 0.266295462846756 81920
1771092683603 0.26604264974594116 87040
1771092695554 0.2657296359539032 92160
1771092707507 0.265076220035553 97280
1771092719457 0.26474860310554504 102400
1771092731380 0.26444271206855774 107520
1771092743338 0.264149010181427 112640
1771092755295 0.26421502232551575 117760
1771092767221 0.26382237672805786 122880
1771092779150 0.263641357421875 128000
1771092791085 0.26331228017807007 133120
1771092803033 0.26304125785827637 138240
1771092814967 0.26317906379699707 143360
1771092826913 0.2631007134914398 148480
1771092838864 0.26356199383735657 153600
1771092850821 0.2636052370071411 158720
1771092862767 0.26370126008987427 163840
1771092874695 0.2635044455528259 168960
1771092886629 0.26315927505493164 174080
1771092898556 0.2636522650718689 179200
1771092910512 0.2637340724468231 184320
1771092922457 0.263578861951828 189440
1771092934423 0.26328909397125244 194560
1771092946387 0.2634076476097107 199680
1771092958333 0.2632180154323578 204800
1771092970297 0.2629728615283966 209920
1771092982233 0.2628534436225891 215040
1771092994181 0.2629711627960205 220160
1771093006111 0.26302945613861084 225280
1771093018038 0.26287177205085754 230400
1771093029952 0.26293691992759705 235520
1771093041907 0.2628158926963806 240640
1771093053866 0.2627643048763275 245760
1771093065829 0.2625502347946167 250880
1771093077771 0.2626612186431885 256000
1771093089728 0.26279520988464355 261120
1771093101667 0.2629982829093933 266240
1771093113600 0.2631928622722626 271360
1771093125516 0.26388445496559143 276480
1771093137448 0.2641478478908539 281600
1771093149403 0.26425814628601074 286720
1771093161357 0.26453956961631775 291840
1771093173283 0.2673972547054291 296960
1771093179259 0.2687367796897888 300032
