1758765439818 -1.4441631820984184 20224
1758765492640 -0.712561161263184 40448
1758765540966 -0.26718120350494606 60672
1758765591060 -0.11430865832918825 80896
1758765645658 -0.02058779772822604 101120
1758765702640 0.031059418006947167 121344
1758765752379 0.04341359111389636 141568
1758765801628 0.05047228019302019 161792
1758765848131 0.0774987885712782 182016
1758765895845 0.08779562020723798 202240
1758765942228 0.09234124118911809 222464
1758765990051 0.10409400579926839 242688
1758766007532 0.0345220308342878 250112
