1758765439824 2.0297619047619047 20224
1758765492643 2.048961424332344 40448
1758765540972 2.066468253968254 60672
1758765591064 2.0792546583850933 80896
1758765645662 2.0769689737470167 101120
1758765702646 2.0805836511357985 121344
1758765752384 2.0818996160955496 141568
1758765801634 2.077411325451151 161792
1758765848137 2.0733407079646016 182016
1758765895851 2.069668058040151 202240
1758765942235 2.0627596171211846 222464
1758765990055 2.0632502690620083 242688
1758766007539 2.0637613572404923 250112
