1771062676917 22.857688903808594 8192
1771062697114 24.24540901184082 16384
1771062702409 25.392314910888672 24576
1771062719632 25.47538185119629 32768
1771062725021 25.4019718170166 40960
1771062742160 25.2380428314209 49152
1771062747705 25.302488327026367 57344
1771062765414 25.33072853088379 65536
1771062770627 25.529247283935547 73728
1771062788159 25.68440055847168 81920
1771062793885 25.87640953063965 90112
1771062811725 26.03003692626953 98304
1771062816977 26.179468154907227 106496
1771062834621 26.31604766845703 114688
1771062839864 26.43307113647461 122880
1771062858305 26.458755493164062 131072
1771062863681 26.55333709716797 139264
1771062881323 26.58612060546875 147456
1771062886627 26.661090850830078 155648
1771062904397 26.72788429260254 163840
1771062909964 26.755157470703125 172032
1771062927879 26.812686920166016 180224
1771062933088 26.875808715820312 188416
1771062950847 26.9309024810791 196608
1771062956203 26.969383239746094 204800
1771062973509 26.98042106628418 212992
1771062979895 26.982376098632812 221184
1771062996712 26.974407196044922 229376
1771063002735 27.014371871948242 237568
1771063019793 27.04472541809082 245760
1771063025409 27.07103729248047 253952
1771063042549 27.055858612060547 262144
1771063047764 27.092159271240234 270336
1771063065640 27.10517120361328 278528
1771063071259 27.1015567779541 286720
1771063088534 27.126014709472656 294912
1771063091180 27.121889114379883 303104
