1771062676917 0.29485464096069336 8192
1771062697114 0.2906552255153656 16384
1771062702409 0.2871205508708954 24576
1771062719632 0.27065807580947876 32768
1771062725021 0.2415456473827362 40960
1771062742160 0.2177301049232483 49152
1771062747705 0.20162087678909302 57344
1771062765414 0.19407697021961212 65536
1771062770627 0.197874054312706 73728
1771062788159 0.2048282027244568 81920
1771062793885 0.21138562262058258 90112
1771062811725 0.21582317352294922 98304
1771062816977 0.21952295303344727 106496
1771062834621 0.22383584082126617 114688
1771062839864 0.22707223892211914 122880
1771062858305 0.2298421710729599 131072
1771062863681 0.23204568028450012 139264
1771062881323 0.2336481511592865 147456
1771062886627 0.2349710911512375 155648
1771062904397 0.2363540679216385 163840
1771062909964 0.23741699755191803 172032
1771062927879 0.23920460045337677 180224
1771062933088 0.24053485691547394 188416
1771062950847 0.24154622852802277 196608
1771062956203 0.24241259694099426 204800
1771062973509 0.24350927770137787 212992
1771062979895 0.24385428428649902 221184
1771062996712 0.24422988295555115 229376
1771063002735 0.2449229508638382 237568
1771063019793 0.24541358649730682 245760
1771063025409 0.24614492058753967 253952
1771063042549 0.24607594311237335 262144
1771063047764 0.24664096534252167 270336
1771063065640 0.2470758706331253 278528
1771063071259 0.2474566102027893 286720
1771063088534 0.2480253279209137 294912
1771063091180 0.2482985556125641 303104
