1759764008244 0.5390222749821407 5120
1759764031742 0.02384723001910794 10240
1759764056173 -0.17010574547578972 15360
1759764097369 -0.254046495068711 20480
1759764120253 -0.30701723090866756 25600
1759764146263 -0.3502365450683932 30720
1759764172093 -0.3662264802644165 35840
1759764206383 -0.38745704071736675 40960
1759764229116 -0.40257980360980333 46080
1759764255677 -0.41483421871328136 51200
1759764285899 -0.42517871754143827 56320
1759764315317 -0.4374872388011903 61440
1759764337997 -0.4406259731090902 66560
1759764362388 -0.44877995102150925 71680
1759764393579 -0.4575928594678826 76800
1759764422789 -0.46250209894334565 81920
1759764447144 -0.4695610764380163 87040
1759764478924 -0.4748355232542651 92160
1759764503934 -0.47567964857236095 97280
1759764528413 -0.4796777626110413 102400
1759764553472 -0.4831609027014582 107520
1759764588206 -0.48596159224798907 112640
1759764613305 -0.4884708422120266 117760
1759764638207 -0.4930778368860746 122880
1759764662827 -0.49579450381671664 128000
1759764698213 -0.4959652373840759 133120
1759764721935 -0.4982247988582031 138240
1759764746470 -0.4984636696869472 143360
1759764777639 -0.4993934028793204 148480
1759764812874 -0.5007377260925903 153600
1759764839276 -0.5007213180467072 158720
1759764865359 -0.5010826867576127 163840
1759764890546 -0.5035650065126975 168960
1759764927443 -0.5049320549947708 174080
1759764952252 -0.5065751329681577 179200
1759764976248 -0.5057468623671629 184320
1759764998860 -0.5065531724658017 189440
1759765034738 -0.5080822818984493 194560
1759765059782 -0.5082634344499953 199680
1759765084605 -0.5084131086821435 204800
1759765109935 -0.5083415621100584 209920
1759765140518 -0.5088708629905727 215040
1759765167980 -0.510584425668332 220160
1759765196838 -0.5117563608000393 225280
1759765219730 -0.5121700493021519 230400
1759765253530 -0.5121903622506678 235520
1759765276085 -0.5126466865408911 240640
1759765307661 -0.5140772644388689 245760
1759765331721 -0.5154696483312339 250880
1759765362120 -0.5153747707920664 256000
1759765384473 -0.5157130151603886 261120
1759765418274 -0.5163299653576907 266240
1759765443466 -0.5170773445340373 271360
1759765469827 -0.5179241879970545 276480
1759765497381 -0.5187829541261034 281600
1759765526993 -0.5203433719338644 286720
1759765556231 -0.5207277136312305 291840
1759765581743 -0.5215163237856106 296960
1759765592287 -0.5221794513563646 300032
