1759764008244 421.1020336819066 5120
1759764031742 443.87286967615927 10240
1759764056173 452.65383902862465 15360
1759764097369 456.5475139853395 20480
1759764120253 458.6806341759719 25600
1759764146263 460.7238865969335 30720
1759764172093 461.4215795000753 35840
1759764206383 462.30547513343436 40960
1759764229116 463.0986840660145 46080
1759764255677 463.6901605884518 51200
1759764285899 464.2115232874904 56320
1759764315317 464.7787896414079 61440
1759764337997 465.02664720770736 66560
1759764362388 465.3537022859147 71680
1759764393579 465.7402421123373 76800
1759764422789 465.97846279584326 81920
1759764447144 466.2725330948889 87040
1759764478924 466.46097018250646 92160
1759764503934 466.437303203893 97280
1759764528413 466.6046050669406 102400
1759764553472 466.75132179991925 107520
1759764588206 466.94626985513884 112640
1759764613305 467.0219999279954 117760
1759764638207 467.2463279872134 122880
1759764662827 467.3493426341174 128000
1759764698213 467.398129713673 133120
1759764721935 467.4611160574515 138240
1759764746470 467.49460849056607 143360
1759764777639 467.5403070520636 148480
1759764812874 467.5463511786393 153600
1759764839276 467.6018981434124 158720
1759764865359 467.5537021582496 163840
1759764890546 467.68137311819345 168960
1759764927443 467.71654256311405 174080
1759764952252 467.7793079602403 179200
1759764976248 467.69891998011565 184320
1759764998860 467.74396631456403 189440
1759765034738 467.7982649659888 194560
1759765059782 467.82658087537936 199680
1759765084605 467.8577914018735 204800
1759765109935 467.8451906285442 209920
1759765140518 467.85355985782587 215040
1759765167980 467.93023118700836 220160
1759765196838 467.9980632026521 225280
1759765219730 468.02453905589726 230400
1759765253530 468.0256136853448 235520
1759765276085 468.0094586450072 240640
1759765307661 468.10347843245836 245760
1759765331721 468.149361111261 250880
1759765362120 468.1520126362146 256000
1759765384473 468.1717056913625 261120
1759765418274 468.1488312739191 266240
1759765443466 468.19074610249163 271360
1759765469827 468.2205741623863 276480
1759765497381 468.2921091946422 281600
1759765526993 468.32903646817374 286720
1759765556231 468.3339967071665 291840
1759765581743 468.38362143186214 296960
1759765592287 468.43365544848575 300032
