1759764008244 500.0 5120
1759764031742 500.0 10240
1759764056173 500.0 15360
1759764097369 500.0 20480
1759764120253 500.0 25600
1759764146263 500.0 30720
1759764172093 500.0 35840
1759764206383 500.0 40960
1759764229116 500.0 46080
1759764255677 500.0 51200
1759764285899 500.0 56320
1759764315317 500.0 61440
1759764337997 500.0 66560
1759764362388 500.0 71680
1759764393579 500.0 76800
1759764422789 500.0 81920
1759764447144 500.0 87040
1759764478924 500.0 92160
1759764503934 500.0 97280
1759764528413 500.0 102400
1759764553472 500.0 107520
1759764588206 500.0 112640
1759764613305 500.0 117760
1759764638207 500.0 122880
1759764662827 500.0 128000
1759764698213 500.0 133120
1759764721935 500.0 138240
1759764746470 500.0 143360
1759764777639 500.0 148480
1759764812874 500.0 153600
1759764839276 500.0 158720
1759764865359 500.0 163840
1759764890546 500.0 168960
1759764927443 500.0 174080
1759764952252 500.0 179200
1759764976248 500.0 184320
1759764998860 500.0 189440
1759765034738 500.0 194560
1759765059782 500.0 199680
1759765084605 500.0 204800
1759765109935 500.0 209920
1759765140518 500.0 215040
1759765167980 500.0 220160
1759765196838 500.0 225280
1759765219730 500.0 230400
1759765253530 500.0 235520
1759765276085 500.0 240640
1759765307661 500.0 245760
1759765331721 500.0 250880
1759765362120 500.0 256000
1759765384473 500.0 261120
1759765418274 500.0 266240
1759765443466 500.0 271360
1759765469827 500.0 276480
1759765497381 500.0 281600
1759765526993 500.0 286720
1759765556231 500.0 291840
1759765581743 500.0 296960
1759765592287 500.0 300032
