1759764008244 0.0 5120
1759764031742 0.0 10240
1759764056173 0.0 15360
1759764097369 0.0 20480
1759764120253 0.0 25600
1759764146263 0.0 30720
1759764172093 0.0 35840
1759764206383 0.0 40960
1759764229116 0.0 46080
1759764255677 0.0 51200
1759764285899 0.0 56320
1759764315317 0.0 61440
1759764337997 0.0 66560
1759764362388 0.0 71680
1759764393579 0.0 76800
1759764422789 0.0 81920
1759764447144 0.0 87040
1759764478924 0.0 92160
1759764503934 0.0 97280
1759764528413 0.0 102400
1759764553472 0.0 107520
1759764588206 0.0 112640
1759764613305 0.0 117760
1759764638207 0.0 122880
1759764662827 0.0 128000
1759764698213 0.0 133120
1759764721935 0.0 138240
1759764746470 0.0 143360
1759764777639 0.0 148480
1759764812874 0.0 153600
1759764839276 0.0 158720
1759764865359 0.0 163840
1759764890546 0.0 168960
1759764927443 0.0 174080
1759764952252 0.0 179200
1759764976248 0.0 184320
1759764998860 0.0 189440
1759765034738 0.0 194560
1759765059782 0.0 199680
1759765084605 0.0 204800
1759765109935 0.0 209920
1759765140518 0.0 215040
1759765167980 0.0 220160
1759765196838 0.0 225280
1759765219730 0.0 230400
1759765253530 0.0 235520
1759765276085 0.0 240640
1759765307661 0.0 245760
1759765331721 0.0 250880
1759765362120 0.0 256000
1759765384473 0.0 261120
1759765418274 0.0 266240
1759765443466 0.0 271360
1759765469827 0.0 276480
1759765497381 0.0 281600
1759765526993 0.0 286720
1759765556231 0.0 291840
1759765581743 0.0 296960
1759765592287 0.0 300032
