1759764008244 23.49805447470817 5120
1759764031742 22.655241935483872 10240
1759764056173 22.121951219512194 15360
1759764097369 22.102880658436213 20480
1759764120253 21.985938792390407 25600
1759764146263 21.976437976437975 30720
1759764172093 22.20735382760699 35840
1759764206383 22.113863995782815 40960
1759764229116 22.040768509840674 46080
1759764255677 21.957088767353806 51200
1759764285899 21.983486943164362 56320
1759764315317 22.018701482004236 61440
1759764337997 22.057805355976488 66560
1759764362388 22.039745145631066 71680
1759764393579 22.001131861912846 76800
1759764422789 21.98249801113763 81920
1759764447144 21.969545681477783 87040
1759764478924 21.954984680650483 92160
1759764503934 21.9579982126899 97280
1759764528413 21.92322375397667 102400
1759764553472 21.897032101756512 107520
1759764588206 21.905514847666794 112640
1759764613305 21.886082949308754 117760
1759764638207 21.847442680776012 122880
1759764662827 21.828905060077847 128000
1759764698213 21.810375670840788 133120
1759764721935 21.79351909830933 138240
1759764746470 21.783094339622643 143360
1759764777639 21.757461056922406 148480
1759764812874 21.76348021962551 153600
1759764839276 21.7816421167485 158720
1759764865359 21.793759915388684 163840
1759764890546 21.771941063420883 168960
1759764927443 21.767939311030965 174080
1759764952252 21.755826590991425 179200
1759764976248 21.75569382484151 184320
1759764998860 21.75957033481888 189440
1759765034738 21.76029379034053 194560
1759765059782 21.750379362670714 199680
1759765084605 21.75108339498996 204800
1759765109935 21.74677801835241 209920
1759765140518 21.743231001509812 215040
1759765167980 21.74552605703048 220160
1759765196838 21.743922359950034 225280
1759765219730 21.729176448492815 230400
1759765253530 21.74832183908046 235520
1759765276085 21.776315789473685 240640
1759765307661 21.752270122542537 245760
1759765331721 21.7457261267484 250880
1759765362120 21.74786288616166 256000
1759765384473 21.7393612608876 261120
1759765418274 21.75661591075645 266240
1759765443466 21.764066496163682 271360
1759765469827 21.75556775407779 276480
1759765497381 21.74497883801462 281600
1759765526993 21.74350060459492 286720
1759765556231 21.753454167285692 291840
1759765581743 21.7429572325208 296960
1759765592287 21.73445877409071 300032
