1759764008239 19.55447483062744 5120
1759764031735 6.002183393998579 10240
1759764056169 4.046649158000946 15360
1759764097365 3.017722629365467 20480
1759764120248 2.4737232281611514 25600
1759764146257 2.0943755180604997 30720
1759764172086 1.8121237225002713 35840
1759764206375 1.1731547378912204 40960
1759764229110 0.8493958970774775 46080
1759764255669 0.6337491577746821 51200
1759764285891 0.527088463306427 56320
1759764315311 0.4601463177165047 61440
1759764337990 0.4327457095637466 66560
1759764362384 0.38426769283455864 71680
1759764393575 0.359465197512978 76800
1759764422784 0.3441329178986726 81920
1759764447137 0.29242602614469304 87040
1759764478916 0.2661857238182655 92160
1759764503927 0.27176715433597565 97280
1759764528406 0.23592736933491018 102400
1759764553467 0.23581467034681788 107520
1759764588201 0.2277597564834732 112640
1759764613297 0.20567902203263908 117760
1759764638202 0.19492768453172415 122880
1759764662818 0.1818303834824335 128000
1759764698203 0.17291335477173783 133120
1759764721930 0.17885219524888432 138240
1759764746465 0.1632380485534668 143360
1759764777630 0.1532798466617114 148480
1759764812866 0.154446323975822 153600
1759764839270 0.15352006141956037 158720
1759764865350 0.12969424117425954 163840
1759764890541 0.12793614490922675 168960
1759764927433 0.12606774436102974 174080
1759764952247 0.12308324060656807 179200
1759764976243 0.1116417613477338 184320
1759764998851 0.12099501522638464 189440
1759765034731 0.10639663516538929 194560
1759765059771 0.10963077204568046 199680
1759765084599 0.09832234287736427 204800
1759765109928 0.10434558553603089 209920
1759765140510 0.10526914054183599 215040
1759765167973 0.10037558608584934 220160
1759765196827 0.09575634736281174 225280
1759765219709 0.09407329875811012 230400
1759765253525 0.08595227782344406 235520
1759765276079 0.08618282867690265 240640
1759765307653 0.08345410833714909 245760
1759765331715 0.07990366850442034 250880
1759765362114 0.08635712999746618 256000
1759765384463 0.08413746021687984 261120
1759765418263 0.08085770625264252 266240
1759765443459 0.08049016429069347 271360
1759765469820 0.07666716540431624 276480
1759765497374 0.078026849290599 281600
1759765526986 0.07339968715274037 286720
1759765556220 0.07274647609337226 291840
1759765581737 0.07452097135720794 296960
1759765592280 0.03262301272499683 300032
