1760446581143 402.12833265566917 5120
1760446625350 408.032359557393 10240
1760446668958 402.6899943033854 15360
1760446712545 399.63197948799626 20480
1760446755515 396.9625522207564 25600
1760446798568 399.9025988751814 30720
1760446841945 402.1659176664087 35840
1760446887197 403.582091232826 40960
1760446932587 401.6493643104076 46080
1760446977583 395.93355852240296 51200
1760447022879 388.57655814939716 56320
1760447068980 384.00683256182646 61440
1760447113930 379.37899833976905 66560
1760447159684 373.9373411892204 71680
1760447204205 368.7345051403749 76800
1760447247221 363.3120635086346 81920
1760447291958 358.56347648359224 87040
1760447336732 354.42220841763356 92160
1760447382404 350.2842637443658 97280
1760447428370 347.282710506948 102400
1760447473072 344.26592717405225 107520
1760447518849 341.3955493070214 112640
1760447562791 337.5531346688061 117760
1760447606285 333.1382726970997 122880
1760447649935 328.88819332444433 128000
1760447693571 324.5982848223742 133120
1760447736977 320.47838299661385 138240
1760447780606 316.54792116781005 143360
1760447823893 312.87771123244414 148480
1760447867360 309.38400149763294 153600
1760447911170 306.20866842671063 158720
1760447954796 303.50260559454523 163840
1760447998457 300.5789454430565 168960
1760448042159 297.92373118153193 174080
1760448085456 295.29607265484196 179200
1760448128621 293.0902765111704 184320
1760448172764 291.1034764380664 189440
1760448215870 289.34216230646376 194560
1760448259405 287.23782405512287 199680
1760448303288 284.89869498064417 204800
1760448346578 282.62099660621607 209920
1760448390047 280.3982226040037 215040
1760448433868 277.97718207552504 220160
1760448477460 275.70783777831514 225280
1760448521939 273.64282605715476 230400
1760448566042 271.4571454091209 235520
1760448610212 269.3011719078975 240640
1760448654123 267.13089391058236 245760
1760448699495 265.2100623762104 250880
1760448742442 263.32230879212165 256000
1760448786047 261.3328986091109 261120
1760448832480 259.39592000645916 266240
1760448876349 257.38906172163564 271360
1760448920717 255.54623514701933 276480
1760448964719 253.6525537050243 281600
1760449007810 251.68503766480404 286720
1760449051502 249.87327637872397 291840
1760449095127 248.1323274948494 296960
1760449138828 246.488099790799 302080
1760449183208 244.7492670033896 307200
1760449226443 243.25155013967034 312320
1760449270072 241.71834387130366 317440
1760449313555 240.33637839182285 322560
1760449357099 239.01586592517936 327680
1760449400754 237.45832538991257 332800
1760449444490 235.68894785012733 337920
1760449487615 234.16462318380044 343040
1760449530964 232.6675105106776 348160
1760449574904 230.99595319737784 353280
1760449618118 229.3926368551677 358400
1760449661503 227.93188225775634 363520
1760449705332 226.44393519098398 368640
1760449748394 224.8731136541038 373760
1760449792357 223.2899359213849 378880
1760449835990 221.9070715897227 384000
1760449879781 220.54900110239657 389120
1760449923250 219.06829054812167 394240
1760449967139 217.74550688635912 399360
1760450010996 216.3569600963311 404480
1760450054306 215.08937087748504 409600
1760450098095 213.8590430664629 414720
1760450141323 212.62889809326032 419840
1760450184810 211.35146826528083 424960
1760450229982 210.22466144941168 430080
1760450275868 209.01058368359944 435200
1760450319329 207.83815483476596 440320
1760450362304 206.80869398167525 445440
1760450405946 205.93954548161855 450560
1760450449828 204.87551120668246 455680
1760450493088 203.77280809874688 460800
1760450536427 202.73432804036457 465920
1760450580294 201.62837689112104 471040
1760450623653 200.75165326080227 476160
1760450667018 199.6761260331608 481280
1760450710897 198.6084990676295 486400
1760450754261 197.70019340339093 491520
1760450797468 196.73520701961596 496640
1760450841844 195.86633520922194 501760
1760450884840 195.02468028422837 506880
1760450928131 194.1384437112426 512000
1760450971784 193.23020009648965 517120
1760451016141 192.34433972341415 522240
1760451059153 191.4031930362128 527360
1760451102653 190.61233572082668 532480
1760451146369 189.65407910629037 537600
1760451189644 188.76053151889167 542720
1760451233442 187.96766170890317 547840
1760451277317 187.32910677379596 552960
1760451320561 186.64244465539085 558080
1760451364508 185.85526741530435 563200
1760451407751 185.15738287149935 568320
1760451451465 184.3955258400434 573440
1760451496391 183.59318892371462 578560
1760451539971 182.83302974116694 583680
1760451583333 182.07027298963575 588800
1760451626787 181.30356486447602 593920
1760451671158 180.5542045184195 599040
1760451714499 179.85784834978506 604160
1760451757591 179.22060364019654 609280
1760451801391 178.56002319082154 614400
1760451845094 177.91677295585976 619520
1760451887854 177.33058410962994 624640
1760451931808 176.73576292607072 629760
1760451975105 176.1735335245916 634880
1760452018378 175.56402843441413 640000
1760452062857 174.95446361553516 645120
1760452106069 174.3547048143641 650240
1760452149496 173.7022635865072 655360
1760452193458 173.09435440690413 660480
1760452236949 172.52681757629742 665600
1760452280484 171.9285421229489 670720
1760452324372 171.30685291287216 675840
1760452368538 170.725676919402 680960
1760452411687 170.19117083076188 686080
1760452455126 169.6857732127001 691200
1760452498379 169.04281159705351 696320
1760452541980 168.5906321683924 701440
1760452585951 168.1098139807108 706560
1760452629471 167.63017311887305 711680
1760452672761 166.99993491766782 716800
1760452716762 166.47358626034105 721920
1760452760001 165.91310094060688 727040
1760452803470 165.3131610370191 732160
1760452847119 164.83919836558516 737280
1760452890724 164.29918387966111 742400
1760452934101 163.72721797375522 747520
1760452978535 163.20600074349053 752640
1760453023544 162.70924844592864 757760
1760453068279 162.18754383883152 762880
1760453111032 161.72243891738967 768000
1760453154139 161.18041626240785 773120
1760453199297 160.67568931412652 778240
1760453244567 160.22649399390713 783360
1760453290632 159.67097011741626 788480
1760453334175 159.20379612389618 793600
1760453378825 158.66020386607934 798720
1760453422254 158.24212992223787 803840
1760453465670 157.7449823895174 808960
1760453509052 157.23158512990602 814080
1760453552505 156.73598633148134 819200
1760453595402 156.23606212408822 824320
1760453639094 155.7511820951492 829440
1760453682095 155.30965688639853 834560
1760453725201 154.80670774353098 839680
1760453771121 154.34714935762798 844800
1760453815547 153.84908581714691 849920
1760453858594 153.39452297541888 855040
1760453903225 152.95380385399997 860160
1760453947018 152.52396529320853 865280
1760453990245 152.11501201270156 870400
1760454034328 151.6237071914807 875520
1760454077313 151.2141217679333 880640
1760454121023 150.8395456877817 885760
1760454165156 150.3975435068827 890880
1760454210584 149.97871763361263 896000
1760454256361 149.57282995030528 901120
1760454302131 149.13024482355848 906240
1760454346836 148.6809144286956 911360
1760454390529 148.2365517232212 916480
1760454436520 147.83266706867627 921600
1760454482932 147.4067255301201 926720
1760454530304 147.0231847148623 931840
1760454574750 146.62386716170153 936960
1760454619652 146.21563213787692 942080
1760454664550 145.77034477837196 947200
1760454710327 145.396636040021 952320
1760454757432 144.98665738062638 957440
1760454804965 144.56178929368312 962560
1760454853074 144.2114488572958 967680
1760454899276 143.79251060867128 972800
1760454945323 143.39911113188117 977920
1760454990188 143.01528933904103 983040
1760455036410 142.6176716097438 988160
1760455083860 142.2453423831037 993280
1760455130561 141.85931050787843 998400
1760455176657 141.49617228442486 1003520
1760455224727 141.10940237103648 1008640
1760455270422 140.78492558503373 1013760
1760455317046 140.43223208630917 1018880
1760455363037 140.10307376304124 1024000
1760455408539 139.75190073588445 1029120
1760455452237 139.40771567186 1034240
1760455496505 139.06564934397034 1039360
1760455539693 138.681246264257 1044480
1760455583680 138.3275412576121 1049600
1760455628720 138.01991580270442 1054720
1760455673457 137.75353917393875 1059840
1760455718376 137.3936302687795 1064960
1760455761558 137.05018647817315 1070080
1760455805065 136.709450049771 1075200
1760455848938 136.38460846653882 1080320
1760455892649 136.05704776781096 1085440
1760455935892 135.7430142852219 1090560
1760455979007 135.41219939659834 1095680
1760456021853 135.10196759045965 1100800
1760456065816 134.7938152091019 1105920
1760456111028 134.48272267071818 1111040
1760456154902 134.2129526854408 1116160
1760456199332 133.90444697612998 1121280
1760456243874 133.59349956652844 1126400
1760456288062 133.29438415891752 1131520
1760456331649 132.9886386906766 1136640
1760456375621 132.67785227646982 1141760
1760456419105 132.35987398246516 1146880
1760456463110 132.05582123621068 1152000
1760456506642 131.74034696342324 1157120
1760456549675 131.437878800141 1162240
1760456592680 131.15661942626008 1167360
1760456636257 130.88889268848993 1172480
1760456679277 130.5944062282048 1177600
1760456722069 130.2979591285874 1182720
1760456765360 130.01883016189407 1187840
1760456808182 129.75591738356914 1192960
1760456851477 129.5200518404043 1198080
1760456895102 129.21738905225482 1203200
1760456938380 128.9259395155445 1208320
1760456983591 128.67537687368767 1213440
1760457028647 128.43521355677655 1218560
1760457073969 128.17660847230238 1223680
1760457120158 127.95974761754884 1228800
1760457164376 127.68872738546057 1233920
1760457209119 127.38635942037597 1239040
1760457254011 127.15954250073739 1244160
1760457298602 126.93961955789332 1249280
1760457342921 126.70609574321807 1254400
1760457386685 126.44025787827219 1259520
1760457431620 126.15662571700601 1264640
1760457476241 125.89354957094443 1269760
1760457520388 125.62772330939573 1274880
1760457565121 125.40268461075824 1280000
1760457609768 125.19836867227802 1285120
1760457653897 124.95913248040371 1290240
1760457698896 124.68231231611584 1295360
1760457744846 124.43250820924827 1300480
1760457789544 124.16296092815583 1305600
1760457834742 123.94273387247945 1310720
1760457879317 123.67909333451773 1315840
1760457924280 123.42853803653762 1320960
1760457969026 123.15547681551827 1326080
1760458014814 122.8932570358636 1331200
1760458059582 122.64886680489566 1336320
1760458104681 122.37135366740439 1341440
1760458152807 122.11377020162092 1346560
1760458200113 121.84714817286559 1351680
1760458247534 121.58694131561505 1356800
1760458295006 121.33821025028975 1361920
1760458341840 121.07329037293711 1367040
1760458388527 120.82321207902267 1372160
1760458434701 120.5509651160023 1377280
1760458480300 120.33212573821825 1382400
1760458527590 120.06686369784009 1387520
1760458574855 119.83028401317075 1392640
1760458622112 119.57495504241639 1397760
1760458669266 119.27953753986968 1402880
1760458716056 119.01803224325865 1408000
1760458765090 118.76833336659551 1413120
1760458812079 118.51412794130137 1418240
1760458858577 118.2759926655962 1423360
1760458905008 118.01248128164009 1428480
1760458952275 117.7450124608128 1433600
1760458998613 117.50870728790171 1438720
1760459045167 117.25900203403509 1443840
1760459091267 117.01195442575592 1448960
1760459135873 116.78024295672061 1454080
1760459181947 116.537064302476 1459200
1760459227167 116.29291766132299 1464320
1760459270568 116.09476848664008 1469440
1760459314456 115.85063098767553 1474560
1760459357573 115.6009173519595 1479680
1760459400876 115.3555957940173 1484800
1760459444256 115.14178728227365 1489920
1760459489581 114.89487230984763 1495040
1760459535018 114.67998263708803 1500160
1760459580903 114.47919541203198 1505280
1760459626687 114.24536289290941 1510400
1760459670453 114.03718681230261 1515520
1760459714456 113.83050435842026 1520640
1760459757747 113.60679813791835 1525760
1760459801145 113.40498373244382 1530880
1760459844365 113.17023501843073 1536000
1760459887824 112.95432654310122 1541120
1760459931785 112.76234638931544 1546240
1760459975221 112.54628424593054 1551360
1760460018357 112.3312268891649 1556480
1760460061732 112.10427444087229 1561600
1760460105404 111.88110962339115 1566720
1760460148526 111.65053894687873 1571840
1760460192264 111.42501612049774 1576960
1760460235645 111.22475000165579 1582080
1760460279369 111.03054341082358 1587200
1760460322481 110.81867157274084 1592320
1760460366114 110.61558672389224 1597440
1760460409572 110.39305969524592 1602560
1760460452571 110.17478304608866 1607680
1760460496627 109.97223708141367 1612800
1760460540563 109.75611267639009 1617920
1760460583881 109.5514334426062 1623040
1760460627626 109.34954926889175 1628160
1760460670886 109.17266591399422 1633280
1760460713867 108.98203438574077 1638400
1760460757950 108.77615083141794 1643520
1760460801010 108.57272075865971 1648640
1760460843832 108.39992395178122 1653760
1760460887353 108.19291444767067 1658880
1760460930684 107.99646363092783 1664000
1760460973904 107.80741049880335 1669120
1760461017637 107.61148391600818 1674240
1760461060663 107.39472334881128 1679360
1760461104031 107.22288761237208 1684480
1760461147509 107.06009006524229 1689600
1760461190783 106.86727866135723 1694720
1760461233617 106.70116910275591 1699840
1760461277486 106.50940108266984 1704960
1760461321119 106.36216672225432 1710080
1760461364052 106.17893368967226 1715200
1760461407783 105.96915308863358 1720320
1760461450828 105.7922221129428 1725440
1760461494578 105.60355986161714 1730560
1760461538361 105.442397228563 1735680
1760461581287 105.25311677486519 1740800
1760461624535 105.07572995901565 1745920
1760461668232 104.89307295813617 1751040
1760461711324 104.76310716409826 1756160
1760461754698 104.61562513037289 1761280
1760461798505 104.45813151978278 1766400
1760461841565 104.28948695996566 1771520
1760461884959 104.1229116189304 1776640
1760461929016 103.96942227492313 1781760
1760461972250 103.80056412270618 1786880
1760462015520 103.6550463495671 1792000
1760462059522 103.50399786778843 1797120
1760462102927 103.35686269458606 1802240
1760462148580 103.20687033997352 1807360
1760462193546 103.0519346100948 1812480
1760462238541 102.88898085539786 1817600
1760462284593 102.72038093620075 1822720
1760462329038 102.56791792465236 1827840
1760462374451 102.42643694731355 1832960
1760462420047 102.26032723543737 1838080
1760462463415 102.11698118651651 1843200
1760462506840 101.95104737681072 1848320
1760462550445 101.78494093053128 1853440
1760462593805 101.6064152959463 1858560
1760462636932 101.47968334093729 1863680
1760462680365 101.29604740723514 1868800
1760462723893 101.11786911137943 1873920
1760462766789 100.9444642240637 1879040
1760462810568 100.77424515695476 1884160
1760462853631 100.63997983165481 1889280
1760462897200 100.47027303676036 1894400
1760462940800 100.32774285992764 1899520
1760462983917 100.181401299916 1904640
1760463027145 100.02362898583287 1909760
1760463070935 99.86290798819911 1914880
1760463114025 99.70393085709188 1920000
1760463157035 99.55715020092197 1925120
1760463200739 99.42814832814327 1930240
1760463244421 99.30552593469208 1935360
1760463287696 99.13422497178999 1940480
1760463330951 99.00458394554033 1945600
1760463374424 98.86189893518912 1950720
1760463417446 98.7313280071513 1955840
1760463461316 98.570861927056 1960960
1760463504287 98.41170787681592 1966080
1760463547339 98.26011323355534 1971200
1760463591589 98.13525020979428 1976320
1760463634257 97.99551808031157 1981440
1760463677583 97.84364025303486 1986560
1760463721842 97.71318448552583 1991680
1760463764463 97.5667573846243 1996800
1760463807481 97.44416007774474 2001920
1760463850808 97.32938759515963 2007040
1760463893789 97.20370386729337 2012160
1760463936866 97.06870110514681 2017280
1760463980788 96.9507443089713 2022400
1760464023534 96.83103992615094 2027520
1760464066673 96.6997855531053 2032640
1760464109962 96.58772812449195 2037760
1760464153022 96.45421730984911 2042880
1760464196497 96.33976997745776 2048000
1760464240003 96.21359500635543 2053120
1760464283070 96.07680555367781 2058240
1760464326029 95.93455271919977 2063360
1760464369977 95.8049133670072 2068480
1760464413261 95.68657122548466 2073600
1760464456674 95.56772935473042 2078720
1760464500442 95.45603211072026 2083840
1760464544159 95.36300955000674 2088960
1760464587199 95.22471595189543 2094080
1760464630765 95.08152596380292 2099200
1760464673965 94.95680434396073 2104320
1760464717039 94.8176456173562 2109440
1760464760622 94.68617966404976 2114560
1760464804024 94.58374105054482 2119680
1760464847046 94.52646961119436 2124800
1760464890565 94.42541975476654 2129920
1760464934242 94.30055146931109 2135040
1760464980852 94.2087923971248 2140160
1760465028518 94.08921470395757 2145280
1760465075705 93.99776851484822 2150400
1760465122879 93.88538034924325 2155520
1760465169822 93.76677428344355 2160640
1760465215790 93.64069527546 2165760
1760465262694 93.51507012989514 2170880
1760465309774 93.39362260159757 2176000
1760465356898 93.28244605486792 2181120
1760465403731 93.17379559311068 2186240
1760465451569 93.06788986279282 2191360
1760465498417 92.96814761251943 2196480
1760465544482 92.86360995613856 2201600
1760465591816 92.75424473411933 2206720
1760465638716 92.63855444917736 2211840
1760465685680 92.55558170613314 2216960
1760465733738 92.44380807700449 2222080
1760465781480 92.35248090089004 2227200
1760465827675 92.26632314186712 2232320
1760465874673 92.16203116323352 2237440
1760465921019 92.04370692676966 2242560
1760465965823 91.94524484308172 2247680
1760466011397 91.84259220322893 2252800
1760466056723 91.72862976583941 2257920
1760466101775 91.62460537877548 2263040
1760466146843 91.50398978949667 2268160
1760466189179 91.38503384602907 2273280
1760466232138 91.28187030709131 2278400
1760466277139 91.16827689697935 2283520
1760466322617 91.0541725054257 2288640
1760466368190 90.94822602989724 2293760
1760466414881 90.82560255997444 2298880
1760466460653 90.7190835395471 2304000
1760466507507 90.62248201238842 2309120
1760466554780 90.51142102533672 2314240
1760466602147 90.44262365317024 2319360
1760466648688 90.32483838413893 2324480
1760466695305 90.21810306926328 2329600
1760466741295 90.11578356336491 2334720
1760466786688 90.00201620196212 2339840
1760466832553 89.89708393240849 2344960
1760466878166 89.82311215687042 2350080
1760466924185 89.74063798168275 2355200
1760466969433 89.65616161275109 2360320
1760467014642 89.56744475948445 2365440
1760467063151 89.4703188461453 2370560
1760467107970 89.40648218526093 2375680
1760467153381 89.3025776766326 2380800
1760467198654 89.21999827073027 2385920
1760467244184 89.12210504773363 2391040
1760467289636 89.03680469784157 2396160
1760467335645 88.9594455182495 2401280
1760467380019 88.87864977831492 2406400
1760467423650 88.84063116671658 2411520
1760467467885 88.76313935941265 2416640
1760467511703 88.70311712234222 2421760
1760467554770 88.61758757128172 2426880
1760467598895 88.51712232985902 2432000
1760467642817 88.41345993053812 2437120
1760467687657 88.30723724365234 2442240
1760467733285 88.24664875167106 2447360
1760467778449 88.16520212730936 2452480
1760467823109 88.0980319524882 2457600
1760467867390 88.00969831831237 2462720
1760467910994 87.92877443349613 2467840
1760467954859 87.86083838161852 2472960
1760467999820 87.76571556541641 2478080
1760468044851 87.71381452990899 2483200
1760468089614 87.64452585764467 2488320
1760468134645 87.57561847452065 2493440
1760468179127 87.50575356559628 2498560
1760468223262 87.42539030188581 2503680
1760468267409 87.33568957942671 2508800
1760468311221 87.24564075065392 2513920
1760468355330 87.15865362528893 2519040
1760468399975 87.0711794719958 2524160
1760468443721 87.01490042134188 2529280
1760468487622 86.93156720239928 2534400
1760468533260 86.8488500112418 2539520
1760468579639 86.75710988216657 2544640
1760468624758 86.67700621968994 2549760
1760468669635 86.59163452556261 2554880
1760468715177 86.53181758785038 2560000
1760468759804 86.43924594335203 2565120
1760468805065 86.36350699320565 2570240
1760468850542 86.28062422345431 2575360
1760468895706 86.20226670519448 2580480
1760468940330 86.11558452106175 2585600
1760468985467 86.04150567414604 2590720
1760469028947 85.97370887916234 2595840
1760469074354 85.88959047850189 2600960
1760469119903 85.81420521422464 2606080
1760469164657 85.7377766268952 2611200
1760469209948 85.66382677372472 2616320
1760469254984 85.58662965746983 2621440
1760469298656 85.51343242388258 2626560
1760469344633 85.43145974340129 2631680
1760469388181 85.36933402908396 2636800
1760469432918 85.29753071444482 2641920
1760469476331 85.23246447334623 2647040
1760469519868 85.1486673213889 2652160
1760469564057 85.07100605247884 2657280
1760469608295 85.00592173068551 2662400
1760469652308 84.93709425275476 2667520
1760469697480 84.87603552048891 2672640
1760469741650 84.81115007118154 2677760
1760469784924 84.72812641194005 2682880
1760469829128 84.65806741815739 2688000
1760469873008 84.57737991487109 2693120
1760469917611 84.51366405749569 2698240
1760469963459 84.43546685120496 2703360
1760470010555 84.35731485355784 2708480
1760470057534 84.28619740209686 2713600
1760470105695 84.20015658302108 2718720
1760470153185 84.11120913664315 2723840
1760470199450 84.03135956281768 2728960
1760470245613 83.96813947076038 2734080
1760470292543 83.89028479739682 2739200
1760470340164 83.82473353014451 2744320
1760470387193 83.74486498418447 2749440
1760470433744 83.67207188500674 2754560
1760470481775 83.5882989464313 2759680
1760470529826 83.52848787909072 2764800
1760470576495 83.4734198379483 2769920
1760470624150 83.39473498785506 2775040
1760470671892 83.32140350040491 2780160
1760470719633 83.25393307870621 2785280
1760470767146 83.18121200517822 2790400
1760470814535 83.10057801672926 2795520
1760470861285 83.03312536587057 2800640
1760470908420 82.95951414462871 2805760
1760470955737 82.88688733984769 2810880
1760471002158 82.81839212945829 2816000
1760471048800 82.76083187578459 2821120
1760471096768 82.68280764667347 2826240
1760471143980 82.62561367452338 2831360
1760471190616 82.55522577346855 2836480
1760471237198 82.47909634752142 2841600
1760471283726 82.41640469550494 2846720
1760471330802 82.35149095953085 2851840
1760471377317 82.29418409960992 2856960
1760471423653 82.21365916527424 2862080
1760471469561 82.14601126875665 2867200
1760471517752 82.06322689508993 2872320
1760471564555 81.9931627883188 2877440
1760471611896 81.92299633787512 2882560
1760471658633 81.85872519003169 2887680
1760471705279 81.7864759634091 2892800
1760471752713 81.71148333633718 2897920
1760471798536 81.65497263199958 2903040
1760471842394 81.57502199444446 2908160
1760471886622 81.51096126586424 2913280
1760471931161 81.4463428462639 2918400
1760471976622 81.37242374290875 2923520
1760472021976 81.30806459461108 2928640
1760472065588 81.2330841070795 2933760
1760472110851 81.15607295462036 2938880
1760472155439 81.08007942860831 2944000
1760472202153 81.01424213131708 2949120
1760472247599 80.94558912785101 2954240
1760472292092 80.87915086396553 2959360
1760472336887 80.82744907837692 2964480
1760472380956 80.76681794216321 2969600
1760472427087 80.70349038367071 2974720
1760472471948 80.63447791967079 2979840
1760472517171 80.5948609865455 2984960
1760472562217 80.52559812897852 2990080
1760472607602 80.45713028200326 2995200
1760472652965 80.40507047238887 3000320
1760472697877 80.34142211017888 3005440
1760472743613 80.27490100730844 3010560
1760472788668 80.20359994314768 3015680
1760472834381 80.13266712516482 3020800
1760472879899 80.06095624112153 3025920
1760472924914 80.00914264541068 3031040
1760472970131 79.94692373221208 3036160
1760473017244 79.88972868058832 3041280
1760473062746 79.83425985547824 3046400
1760473108334 79.77613572789826 3051520
1760473153409 79.72419067205172 3056640
1760473199436 79.67010486811101 3061760
1760473244335 79.61370285180911 3066880
1760473288350 79.56743018414411 3072000
1760473332659 79.50850403578897 3077120
1760473376209 79.46339038397205 3082240
1760473420634 79.4154651445454 3087360
1760473466078 79.35020861958768 3092480
1760473511059 79.28607356169208 3097600
1760473555572 79.22127392031192 3102720
1760473601566 79.17703478853173 3107840
1760473647023 79.10880510903979 3112960
1760473692615 79.04903760138086 3118080
1760473738827 78.99253188622723 3123200
1760473784250 78.93411309421985 3128320
1760473829771 78.87092473663921 3133440
1760473875615 78.809285070662 3138560
1760473921131 78.73920449850203 3143680
1760473966427 78.67666918831546 3148800
1760474012138 78.62282323709348 3153920
1760474057172 78.5801057180798 3159040
1760474102449 78.50617797083662 3164160
1760474148282 78.43295777478431 3169280
1760474193671 78.3728027021921 3174400
1760474239144 78.30606929619215 3179520
1760474286428 78.2367143495578 3184640
1760474333198 78.1659273178875 3189760
1760474381533 78.09967857138805 3194880
1760474429488 78.0408917203483 3200000
1760474475073 77.97165991155784 3205120
1760474520498 77.9068827601164 3210240
1760474567761 77.84671270986033 3215360
1760474612494 77.78664727218025 3220480
1760474656430 77.72677449265728 3225600
1760474700253 77.68008829997757 3230720
1760474744541 77.62634053792551 3235840
1760474790276 77.58174201229627 3240960
1760474835350 77.53057081633968 3246080
1760474879755 77.46713670823249 3251200
1760474925670 77.413379579074 3256320
1760474970476 77.37209851807141 3261440
1760475015876 77.31969294935892 3266560
1760475061525 77.26301150880141 3271680
1760475107212 77.22081350321159 3276800
1760475155086 77.18931286590794 3281920
1760475200668 77.13742172042546 3287040
1760475244823 77.09243326448062 3292160
1760475288201 77.03180403785795 3297280
1760475331468 76.99460638594431 3302400
1760475374442 76.94177743393571 3307520
1760475418069 76.87914685198997 3312640
1760475461263 76.81778009326881 3317760
1760475504439 76.7598326917857 3322880
1760475548169 76.71198992595704 3328000
1760475590967 76.65874984699482 3333120
1760475634099 76.60515940932181 3338240
1760475677657 76.56187850086643 3343360
1760475720679 76.51220928243781 3348480
1760475763696 76.47214531998718 3353600
1760475807276 76.40904607275615 3358720
1760475852406 76.36570004971794 3363840
1760475897658 76.32743009847452 3368960
1760475943248 76.2841259080217 3374080
1760475988428 76.2269015475723 3379200
1760476033870 76.1764760942111 3384320
1760476079723 76.129718562074 3389440
1760476125291 76.07704853444258 3394560
1760476170365 76.02280542220271 3399680
1760476216142 75.97470896563749 3404800
1760476261699 75.93690741150053 3409920
1760476307527 75.89971783989581 3415040
1760476352920 75.8502853090687 3420160
1760476397762 75.79943703699796 3425280
1760476442905 75.73174942043609 3430400
1760476488537 75.68326702703749 3435520
1760476532958 75.63829211882441 3440640
1760476580934 75.5954312108623 3445760
1760476625684 75.55213234870756 3450880
1760476672855 75.50943512915643 3456000
1760476717541 75.46672494759213 3461120
1760476764201 75.4296756604456 3466240
1760476811146 75.39131712018187 3471360
1760476858447 75.33617610219838 3476480
1760476905734 75.2805240801611 3481600
1760476950934 75.23260468871167 3486720
1760476994776 75.16866022760361 3491840
1760477038748 75.12468937580553 3496960
1760477083181 75.0730592624521 3502080
1760477127110 75.01601820741917 3507200
1760477172598 74.97470389757112 3512320
1760477219659 74.92946316137969 3517440
1760477267117 74.8752963361815 3522560
1760477313547 74.8186529954849 3527680
1760477357508 74.76702829836807 3532800
1760477401527 74.72258053413036 3537920
1760477445004 74.6691898677788 3543040
1760477489307 74.62071281571076 3548160
1760477532864 74.56163544094795 3553280
1760477576118 74.50648690242875 3558400
1760477619535 74.46013894396992 3563520
1760477663092 74.43190042824227 3568640
1760477706705 74.39300166556924 3573760
1760477750148 74.34010655819887 3578880
1760477794035 74.31194855578254 3584000
1760477837352 74.26504920695109 3589120
1760477881256 74.21177359176937 3594240
1760477924574 74.16057689787927 3599360
1760477967871 74.1080535990404 3604480
1760478011208 74.07027875171023 3609600
1760478056021 74.03707401844451 3614720
1760478100800 73.99563239906469 3619840
1760478145752 73.9509237536214 3624960
1760478191043 73.90272386076498 3630080
1760478237735 73.85080899450337 3635200
1760478284354 73.79860817123577 3640320
1760478331514 73.7426342348133 3645440
1760478377783 73.69772086194222 3650560
1760478423626 73.64989078948004 3655680
1760478471001 73.60496080575577 3660800
1760478516743 73.56625037885702 3665920
1760478561937 73.51504279185457 3671040
1760478609360 73.45854428716659 3676160
1760478657440 73.40992458265991 3681280
