1760446581143 1.1254209497161072 5120
1760446625350 1.0494908878311573 10240
1760446668958 1.1003967179192438 15360
1760446712545 1.155073853521388 20480
1760446755515 1.1920805220658464 25600
1760446798568 1.1495150329412673 30720
1760446841945 1.1112431434654968 35840
1760446887197 1.0861207883933495 40960
1760446932587 1.1083416149837193 46080
1760446977583 1.1462624798082326 51200
1760447022879 1.2070349970490875 56320
1760447068980 1.2639614351884578 61440
1760447113930 1.3283507355133266 66560
1760447159684 1.3921404489353488 71680
1760447204205 1.4291006830224746 76800
1760447247221 1.4670432272289777 81920
1760447291958 1.5054223283152466 87040
1760447336732 1.5374690694109698 92160
1760447382404 1.5676803301095819 97280
1760447428370 1.587851705978829 102400
1760447473072 1.6008565427220562 107520
1760447518849 1.6165007528926172 112640
1760447562791 1.6421060010167947 117760
1760447606285 1.6673803700964436 122880
1760447649935 1.6969997326086295 128000
1760447693571 1.7297387312036663 133120
1760447736977 1.761455385747526 138240
1760447780606 1.7873865745219972 143360
1760447823893 1.8146522121079105 148480
1760447867360 1.838136347773513 153600
1760447911170 1.8654761502240247 158720
1760447954796 1.881858256139647 163840
1760447998457 1.900129361892129 168960
1760448042159 1.917406524036442 174080
1760448085456 1.9382612422860614 179200
1760448128621 1.9566623761606774 184320
1760448172764 1.9717121817574865 189440
1760448215870 1.9863025403982346 194560
1760448259405 1.9981432552344902 199680
1760448303288 2.0106552589439346 204800
1760448346578 2.0232054152512413 209920
1760448390047 2.0343577994096527 215040
1760448433868 2.04799300136205 220160
1760448477460 2.0587232360624856 225280
1760448521939 2.0731073902771535 230400
1760448566042 2.0861122135261505 235520
1760448610212 2.0969139235337333 240640
1760448654123 2.1071554371116368 245760
1760448699495 2.1166816858865767 250880
1760448742442 2.1298857654563528 256000
1760448786047 2.1410335059600136 261120
1760448832480 2.1502840009073574 266240
1760448876349 2.160178919861884 271360
1760448920717 2.1727180363887912 276480
1760448964719 2.1849544656807245 281600
1760449007810 2.1966283481751856 286720
1760449051502 2.2081443141074275 291840
1760449095127 2.217032363562211 296960
1760449138828 2.227074158031772 302080
1760449183208 2.236813840622534 307200
1760449226443 2.2439178847889814 312320
1760449270072 2.251763229210395 317440
1760449313555 2.256019169541311 322560
1760449357099 2.2616928004788983 327680
1760449400754 2.2702835029410338 332800
1760449444490 2.2793158868192114 337920
1760449487615 2.2863468679801495 343040
1760449530964 2.2941856763998354 348160
1760449574904 2.303703956668316 353280
1760449618118 2.309758871246318 358400
1760449661503 2.316579812659727 363520
1760449705332 2.3241934822566024 368640
1760449748394 2.3327268718542364 373760
1760449792357 2.339842477805535 378880
1760449835990 2.3464003576477737 384000
1760449879781 2.353711731371934 389120
1760449923250 2.3612095364757364 394240
1760449967139 2.367272459250964 399360
1760450010996 2.374874057826039 404480
1760450054306 2.380536330655517 409600
1760450098095 2.385585531779066 414720
1760450141323 2.390472235742693 419840
1760450184810 2.3976586838751253 424960
1760450229982 2.401964019047632 430080
1760450275868 2.406206466087994 435200
1760450319329 2.411259710550202 440320
1760450362304 2.4151456082729226 445440
1760450405946 2.4174634862798254 450560
1760450449828 2.42106953186651 455680
1760450493088 2.4253323489964767 460800
1760450536427 2.431402354329427 465920
1760450580294 2.4375476288164735 471040
1760450623653 2.440235518768458 476160
1760450667018 2.445291925186764 481280
1760450710897 2.450410940046337 486400
1760450754261 2.453884683404992 491520
1760450797468 2.4589277604800985 496640
1760450841844 2.4633553663536283 501760
1760450884840 2.4670371531149238 506880
1760450928131 2.470746566093854 512000
1760450971784 2.4752494321663625 517120
1760451016141 2.479637590826054 522240
1760451059153 2.483866618686417 527360
1760451102653 2.4855323393640743 532480
1760451146369 2.490349735672894 537600
1760451189644 2.494448630665666 542720
1760451233442 2.4973915412281347 547840
1760451277317 2.500443948726758 552960
1760451320561 2.5038840696507263 558080
1760451364508 2.5063794222167473 563200
1760451407751 2.509166652683299 568320
1760451451465 2.511100195236735 573440
1760451496391 2.5144266814590637 578560
1760451539971 2.5172357497344144 583680
1760451583333 2.520907496851296 588800
1760451626787 2.5249813066606173 593920
1760451671158 2.52879050485385 599040
1760451714499 2.5321365704605485 604160
1760451757591 2.535499843497962 609280
1760451801391 2.5381031194992225 614400
1760451845094 2.541148364774801 619520
1760451887854 2.5429523664772558 624640
1760451931808 2.546956535709576 629760
1760451975105 2.550556784554691 634880
1760452018378 2.5538593288395384 640000
1760452062857 2.5573254561966974 645120
1760452106069 2.5598792814872633 650240
1760452149496 2.562630276168324 655360
1760452193458 2.564069422904355 660480
1760452236949 2.5664588375727853 665600
1760452280484 2.5686209681736227 670720
1760452324372 2.5709579308853283 675840
1760452368538 2.5727045981622907 680960
1760452411687 2.5742740417373757 686080
1760452455126 2.5756724488442377 691200
1760452498379 2.578297037904198 696320
1760452541980 2.5804636076595004 701440
1760452585951 2.581914060926075 706560
1760452629471 2.5843959732179185 711680
1760452672761 2.58725417997244 716800
1760452716762 2.588973558496998 721920
1760452760001 2.5911096837090546 727040
1760452803470 2.593762391798009 732160
1760452847119 2.5972048759102866 737280
1760452890724 2.598378788315311 742400
1760452934101 2.60067836199541 747520
1760452978535 2.6042850779819173 752640
1760453023544 2.606006631825321 757760
1760453068279 2.608379236588149 762880
1760453111032 2.6094698774527565 768000
1760453154139 2.611969766162691 773120
1760453199297 2.614436634199735 778240
1760453244567 2.6165798411329506 783360
1760453290632 2.6197097990608973 788480
1760453334175 2.6229123208846947 793600
1760453378825 2.6257735153872197 798720
1760453422254 2.628225634948513 803840
1760453465670 2.631444628154546 808960
1760453509052 2.6344167367735905 814080
1760453552505 2.6375782633339075 819200
1760453595402 2.639868392026012 824320
1760453639094 2.6424475326185064 829440
1760453682095 2.6448887102719474 834560
1760453725201 2.648012630995199 839680
1760453771121 2.6505118792100966 844800
1760453815547 2.6531293528089046 849920
1760453858594 2.654971421614893 855040
1760453903225 2.6565887453185706 860160
1760453947018 2.659649949433509 865280
1760453990245 2.6614205888043414 870400
1760454034328 2.6633050321579104 875520
1760454077313 2.664810448769242 880640
1760454121023 2.666410252361703 885760
1760454165156 2.6687476367115526 890880
1760454210584 2.671061847245824 896000
1760454256361 2.673000207842645 901120
1760454302131 2.6753166116294826 906240
1760454346836 2.6768178379681107 911360
1760454390529 2.679317981670553 916480
1760454436520 2.6814054008586057 921600
1760454482932 2.6835943125915813 926720
1760454530304 2.685800977060454 931840
1760454574750 2.687966757282956 936960
1760454619652 2.6898364723293753 942080
1760454664550 2.6916384874319372 947200
1760454710327 2.692794024658943 952320
1760454757432 2.6950968580300034 957440
1760454804965 2.696743988509824 962560
1760454853074 2.6981735970453586 967680
1760454899276 2.700283426832211 972800
1760454945323 2.702439867988354 977920
1760454990188 2.704438257121781 983040
1760455036410 2.7066958238553416 988160
1760455083860 2.709025703712085 993280
1760455130561 2.710802048602616 998400
1760455176657 2.7121047296977916 1003520
1760455224727 2.714538660986486 1008640
1760455270422 2.7154928635967086 1013760
1760455317046 2.7173869888149293 1018880
1760455363037 2.7189061361528517 1024000
1760455408539 2.7202788125390476 1029120
1760455452237 2.7214334953619077 1034240
1760455496505 2.7238509110088045 1039360
1760455539693 2.725559492311158 1044480
1760455583680 2.7273304118488237 1049600
1760455628720 2.7284812066150192 1054720
1760455673457 2.729774215095866 1059840
1760455718376 2.732033151564008 1064960
1760455761558 2.7335737179057444 1070080
1760455805065 2.7350793657688373 1075200
1760455848938 2.7375306692931347 1080320
1760455892649 2.738740398463492 1085440
1760455935892 2.740330664045346 1090560
1760455979007 2.7417765524138877 1095680
1760456021853 2.74365999257284 1100800
1760456065816 2.7452986535593693 1105920
1760456111028 2.7466846041532764 1111040
1760456154902 2.7486574382093676 1116160
1760456199332 2.750498171317721 1121280
1760456243874 2.7522118437052026 1126400
1760456288062 2.7541789237374323 1131520
1760456331649 2.7556393681171603 1136640
1760456375621 2.757039423779076 1141760
1760456419105 2.7586831101621825 1146880
1760456463110 2.7605500195679493 1152000
1760456506642 2.7626100660056094 1157120
1760456549675 2.7638825915551073 1162240
1760456592680 2.764996128264964 1167360
1760456636257 2.767380718771181 1172480
1760456679277 2.7687670794768446 1177600
1760456722069 2.769909012796704 1182720
1760456765360 2.7716401256304977 1187840
1760456808182 2.773683758778323 1192960
1760456851477 2.7751384450757386 1198080
1760456895102 2.7767748630236064 1203200
1760456938380 2.7780822911870193 1208320
1760456983591 2.7797923017422494 1213440
1760457028647 2.7805050646982234 1218560
1760457073969 2.7825706930765364 1223680
1760457120158 2.7836516875254955 1228800
1760457164376 2.785290489964713 1233920
1760457209119 2.7870526858297375 1239040
1760457254011 2.7890116480243443 1244160
1760457298602 2.7905980035992264 1249280
1760457342921 2.7924936848172655 1254400
1760457386685 2.794523508682011 1259520
1760457431620 2.796522574743932 1264640
1760457476241 2.798574713232567 1269760
1760457520388 2.800530772744975 1274880
1760457565121 2.8015891217688766 1280000
1760457609768 2.8027553141150525 1285120
1760457653897 2.804142405644475 1290240
1760457698896 2.806968164233812 1295360
1760457744846 2.808819813220065 1300480
1760457789544 2.8102260969452937 1305600
1760457834742 2.8116969850444935 1310720
1760457879317 2.8140248675378863 1315840
1760457924280 2.8155274534564385 1320960
1760457969026 2.8171593035893103 1326080
1760458014814 2.818876620963889 1331200
1760458059582 2.8203887819115674 1336320
1760458104681 2.822340505605971 1341440
1760458152807 2.823805337133114 1346560
1760458200113 2.826071241442725 1351680
1760458247534 2.8286641712196348 1356800
1760458295006 2.8313151880220033 1361920
1760458341840 2.8335683562557965 1367040
1760458388527 2.8357109508769254 1372160
1760458434701 2.837699279638129 1377280
1760458480300 2.8401508027461597 1382400
1760458527590 2.842815205258494 1387520
1760458574855 2.8445374860785457 1392640
1760458622112 2.847569818451815 1397760
1760458669266 2.8503572972730455 1402880
1760458716056 2.85237892797593 1408000
1760458765090 2.853434470665474 1413120
1760458812079 2.8555000548539202 1418240
1760458858577 2.8575207811004364 1423360
1760458905008 2.8604909989044076 1428480
1760458952275 2.8632734855605553 1433600
1760458998613 2.8650320297217498 1438720
1760459045167 2.8675025263838254 1443840
1760459091267 2.8697742898037215 1448960
1760459135873 2.872044958007559 1454080
1760459181947 2.8746636530719525 1459200
1760459227167 2.8765413245620657 1464320
1760459270568 2.878286468395311 1469440
1760459314456 2.8799684344083767 1474560
1760459357573 2.8819841213931356 1479680
1760459400876 2.8838233296346583 1484800
1760459444256 2.8865967704878006 1489920
1760459489581 2.8887708657995166 1495040
1760459535018 2.890318719790073 1500160
1760459580903 2.891717582849946 1505280
1760459626687 2.8939038153410417 1510400
1760459670453 2.895568079929941 1515520
1760459714456 2.8973638053358832 1520640
1760459757747 2.899610066540728 1525760
1760459801145 2.90125849693135 1530880
1760459844365 2.90344433906365 1536000
1760459887824 2.9057668616548136 1541120
1760459931785 2.9077573183417513 1546240
1760459975221 2.910043448913021 1551360
1760460018357 2.9120838049857376 1556480
1760460061732 2.9136335984324737 1561600
1760460105404 2.9161333156498173 1566720
1760460148526 2.918073923816178 1571840
1760460192264 2.920505610192687 1576960
1760460235645 2.9225952964932977 1582080
1760460279369 2.9251701146614653 1587200
1760460322481 2.927778606053849 1592320
1760460366114 2.9296356855533605 1597440
1760460409572 2.931044471834813 1602560
1760460452571 2.933057684109792 1607680
1760460496627 2.935056226669671 1612800
1760460540563 2.9375814735473806 1617920
1760460583881 2.9398765997420764 1623040
1760460627626 2.9419102207329817 1628160
1760460670886 2.9433920583545343 1633280
1760460713867 2.945256026966792 1638400
1760460757950 2.9474261934942665 1643520
1760460801010 2.949088618183431 1648640
1760460843832 2.9504068401793626 1653760
1760460887353 2.952675354929561 1658880
1760460930684 2.954346256629002 1664000
1760460973904 2.956102075371113 1669120
1760461017637 2.9585226923497436 1674240
1760461060663 2.9601380611494963 1679360
1760461104031 2.962069970877769 1684480
1760461147509 2.9636154328308115 1689600
1760461190783 2.96519480122261 1694720
1760461233617 2.96705516273655 1699840
1760461277486 2.9684807992842646 1704960
1760461321119 2.9696249963207677 1710080
1760461364052 2.971798545627786 1715200
1760461407783 2.973481674056986 1720320
1760461450828 2.974611894856696 1725440
1760461494578 2.9762103902273105 1730560
1760461538361 2.9776997831243937 1735680
1760461581287 2.9798253919078546 1740800
1760461624535 2.9815466439224063 1745920
1760461668232 2.9835721940615016 1751040
1760461711324 2.984987649727178 1756160
1760461754698 2.9863945995125327 1761280
1760461798505 2.987984829620983 1766400
1760461841565 2.9902274454094377 1771520
1760461884959 2.9913255551294573 1776640
1760461929016 2.9926335045955215 1781760
1760461972250 2.99472076086876 1786880
1760462015520 2.9962552355720122 1792000
1760462059522 2.9979003793438013 1797120
1760462102927 2.9996934230169474 1802240
1760462148580 3.002185268674807 1807360
1760462193546 3.0039979561822907 1812480
1760462238541 3.005572205687231 1817600
1760462284593 3.0078936598058643 1822720
1760462329038 3.0096207147141283 1827840
1760462374451 3.011162997248793 1832960
1760462420047 3.0124515036755692 1838080
1760462463415 3.014153739244494 1843200
1760462506840 3.015735152363189 1848320
1760462550445 3.0177007477755438 1853440
1760462593805 3.019940336328283 1858560
1760462636932 3.021850025391764 1863680
1760462680365 3.0242717662516467 1868800
1760462723893 3.0262543643235102 1873920
1760462766789 3.0270449765527387 1879040
1760462810568 3.0285644297423344 1884160
1760462853631 3.030150740445159 1889280
1760462897200 3.032067481999769 1894400
1760462940800 3.0331201482245596 1899520
1760462983917 3.034764528381048 1904640
1760463027145 3.036312233896003 1909760
1760463070935 3.0378841701035952 1914880
1760463114025 3.0394120130023277 1920000
1760463157035 3.0410685584406343 1925120
1760463200739 3.0428942383765634 1930240
1760463244421 3.0446103292121376 1935360
1760463287696 3.0465795666112845 1940480
1760463330951 3.048270392264512 1945600
1760463374424 3.04992733297012 1950720
1760463417446 3.0513927664894718 1955840
1760463461316 3.0532253794631834 1960960
1760463504287 3.0549083461660085 1966080
1760463547339 3.0565076740155996 1971200
1760463591589 3.0572510607861356 1976320
1760463634257 3.0592346435938125 1981440
1760463677583 3.060950064264562 1986560
1760463721842 3.062744652595384 1991680
1760463764463 3.0641548553263425 1996800
1760463807481 3.065593405498417 2001920
1760463850808 3.066428712981059 2007040
1760463893789 3.067797709784224 2012160
1760463936866 3.0693061083435844 2017280
1760463980788 3.0700511000757285 2022400
1760464023534 3.0712005909903564 2027520
1760464066673 3.072413775199491 2032640
1760464109962 3.0741275126360716 2037760
1760464153022 3.075513162455794 2042880
1760464196497 3.077177954551884 2048000
1760464240003 3.0788513571226774 2053120
1760464283070 3.0799823057997426 2058240
1760464326029 3.081608204431356 2063360
1760464369977 3.083110080380291 2068480
1760464413261 3.084859345788632 2073600
1760464456674 3.085623344289611 2078720
1760464500442 3.0869526406557846 2083840
1760464544159 3.0875158708225356 2088960
1760464587199 3.088941702478043 2094080
1760464630765 3.0905391568799736 2099200
1760464673965 3.092120830431152 2104320
1760464717039 3.0934116470865596 2109440
1760464760622 3.094783837103923 2114560
1760464804024 3.095863934183233 2119680
1760464847046 3.0963694838888483 2124800
1760464890565 3.097001602637719 2129920
1760464934242 3.0979845486653415 2135040
1760464980852 3.099038371403561 2140160
1760465028518 3.1001935388191892 2145280
1760465075705 3.101290564902188 2150400
1760465122879 3.102298750121296 2155520
1760465169822 3.103467239412498 2160640
1760465215790 3.1044840594193506 2165760
1760465262694 3.1056743998031373 2170880
1760465309774 3.1066963390978275 2176000
1760465356898 3.1080957705516106 2181120
1760465403731 3.1090076020273902 2186240
1760465451569 3.1097123849943853 2191360
1760465498417 3.109940620011236 2196480
1760465544482 3.1107772660495088 2201600
1760465591816 3.111750500296905 2206720
1760465638716 3.1131655439471513 2211840
1760465685680 3.114201014698969 2216960
1760465733738 3.1151484866427617 2222080
1760465781480 3.1156074292517406 2227200
1760465827675 3.1164954780041807 2232320
1760465874673 3.117231931424588 2237440
1760465921019 3.1189009853266922 2242560
1760465965823 3.120087674870669 2247680
1760466011397 3.1212865860469012 2252800
1760466056723 3.12246787126722 2257920
1760466101775 3.123488032578166 2263040
1760466146843 3.1248016710369355 2268160
1760466189179 3.1261606091900784 2273280
1760466232138 3.1268599209547143 2278400
1760466277139 3.1283798128352975 2283520
1760466322617 3.129472294476818 2288640
1760466368190 3.1304028718323877 2293760
1760466414881 3.1317583042568833 2298880
1760466460653 3.1331726312322576 2304000
1760466507507 3.134433282351556 2309120
1760466554780 3.136228927229281 2314240
1760466602147 3.1367862227892918 2319360
1760466648688 3.1378145281786596 2324480
1760466695305 3.139198176109249 2329600
1760466741295 3.1404010789704353 2334720
1760466786688 3.141018262683073 2339840
1760466832553 3.141652389891425 2344960
1760466878166 3.1422603278329633 2350080
1760466924185 3.142576820407843 2355200
1760466969433 3.143244237155779 2360320
1760467014642 3.1435185010365028 2365440
1760467063151 3.1450659971642985 2370560
1760467107970 3.145983853520267 2375680
1760467153381 3.147017356611898 2380800
1760467198654 3.147573428967196 2385920
1760467244184 3.148734710847237 2391040
1760467289636 3.1496313864449186 2396160
1760467335645 3.150519622305123 2401280
1760467380019 3.1513593375218254 2406400
1760467423650 3.1514288446460355 2411520
1760467467885 3.151838940958823 2416640
1760467511703 3.152689527183425 2421760
1760467554770 3.1535307901686376 2426880
1760467598895 3.154957014785715 2432000
1760467642817 3.1559242152831715 2437120
1760467687657 3.156562829338702 2442240
1760467733285 3.1572322663689216 2447360
1760467778449 3.1578831172741344 2452480
1760467823109 3.158392011983385 2457600
1760467867390 3.159333323319061 2462720
1760467910994 3.160117006025299 2467840
1760467954859 3.160555073141124 2472960
1760467999820 3.1610293560570595 2478080
1760468044851 3.161738973501641 2483200
1760468089614 3.1620311154264766 2488320
1760468134645 3.162308632672104 2493440
1760468179127 3.1630358677959314 2498560
1760468223262 3.163546050063476 2503680
1760468267409 3.1645023225391453 2508800
1760468311221 3.1656851133072967 2513920
1760468355330 3.166883176861499 2519040
1760468399975 3.1681642531197327 2524160
1760468443721 3.1683975441454635 2529280
1760468487622 3.1685003821677453 2534400
1760468533260 3.1692707250954877 2539520
1760468579639 3.170146120584677 2544640
1760468624758 3.1712618203879392 2549760
1760468669635 3.172017076330955 2554880
1760468715177 3.1729986938145136 2560000
1760468759804 3.1737727155497506 2565120
1760468805065 3.174777324388296 2570240
1760468850542 3.1756673664646335 2575360
1760468895706 3.1765448806743226 2580480
1760468940330 3.1775456558032493 2585600
1760468985467 3.178486602285376 2590720
1760469028947 3.179319722817565 2595840
1760469074354 3.1801248123901313 2600960
1760469119903 3.1811853118544393 2606080
1760469164657 3.181743338942514 2611200
1760469209948 3.1828512513917073 2616320
1760469254984 3.183698526970903 2621440
1760469298656 3.184481543075874 2626560
1760469344633 3.1851699453801396 2631680
1760469388181 3.186082986447443 2636800
1760469432918 3.1869699641747133 2641920
1760469476331 3.1876101189887325 2647040
1760469519868 3.188566551710199 2652160
1760469564057 3.1894621669373406 2657280
1760469608295 3.1897897969596425 2662400
1760469652308 3.190881196547526 2667520
1760469697480 3.191615627927532 2672640
1760469741650 3.192274031682973 2677760
1760469784924 3.193274973273031 2682880
1760469829128 3.1940670922183547 2688000
1760469873008 3.1947549700137743 2693120
1760469917611 3.1952957465054936 2698240
1760469963459 3.19608037016232 2703360
1760470010555 3.1967334962472553 2708480
1760470057534 3.1976058689931803 2713600
1760470105695 3.198800934980315 2718720
1760470153185 3.1999158708946958 2723840
1760470199450 3.2008025809183156 2728960
1760470245613 3.201578523141083 2734080
1760470292543 3.2023332529615214 2739200
1760470340164 3.2030778046305426 2744320
1760470387193 3.2041953048177976 2749440
1760470433744 3.204999698507142 2754560
1760470481775 3.205966378029824 2759680
1760470529826 3.206360906881967 2764800
1760470576495 3.206987223309756 2769920
1760470624150 3.207891316191985 2775040
1760470671892 3.208530211596184 2780160
1760470719633 3.2090287220045166 2785280
1760470767146 3.210016324542472 2790400
1760470814535 3.211032373257598 2795520
1760470861285 3.2118026287328316 2800640
1760470908420 3.212486847547584 2805760
1760470955737 3.213192629070028 2810880
1760471002158 3.213721815167853 2816000
1760471048800 3.2148161684353047 2821120
1760471096768 3.215591543476204 2826240
1760471143980 3.216282074509913 2831360
1760471190616 3.2165931093159696 2836480
1760471237198 3.2169762312978154 2841600
1760471283726 3.2176410690501553 2846720
1760471330802 3.2182441513745164 2851840
1760471377317 3.218944385298304 2856960
1760471423653 3.219657279503533 2862080
1760471469561 3.220607591627242 2867200
1760471517752 3.2213853088039195 2872320
1760471564555 3.2220968495884654 2877440
1760471611896 3.2227834705494405 2882560
1760471658633 3.2235509657571675 2887680
1760471705279 3.2243554862047983 2892800
1760471752713 3.2251252054583435 2897920
1760471798536 3.2262409916167356 2903040
1760471842394 3.227343673318808 2908160
1760471886622 3.228666126179028 2913280
1760471931161 3.2294431948460027 2918400
1760471976622 3.2310685212973422 2923520
1760472021976 3.2319800655684086 2928640
1760472065588 3.2329680606115887 2933760
1760472110851 3.2344441669469175 2938880
1760472155439 3.2354826039662705 2944000
1760472202153 3.23625456674254 2949120
1760472247599 3.237084058680722 2954240
1760472292092 3.237738664709894 2959360
1760472336887 3.2383698823739566 2964480
1760472380956 3.239263580426868 2969600
1760472427087 3.24013169785648 2974720
1760472471948 3.241152325154053 2979840
1760472517171 3.241422964760286 2984960
1760472562217 3.2420101450775367 2990080
1760472607602 3.2428660620880017 2995200
1760472652965 3.243611683480242 3000320
1760472697877 3.244165532824771 3005440
1760472743613 3.245254916900719 3010560
1760472788668 3.24615285737642 3015680
1760472834381 3.2467863108320136 3020800
1760472879899 3.2474919881186124 3025920
1760472924914 3.2484586295515574 3031040
1760472970131 3.2493949430171214 3036160
1760473017244 3.2498563243562755 3041280
1760473062746 3.2506168658188925 3046400
1760473108334 3.2514355363658813 3051520
1760473153409 3.2519945376284927 3056640
1760473199436 3.2525439783183465 3061760
1760473244335 3.2532130000910167 3066880
1760473288350 3.2539424582617444 3072000
1760473332659 3.2547409903430986 3077120
1760473376209 3.255085579079822 3082240
1760473420634 3.2559521654766868 3087360
1760473466078 3.256711318294591 3092480
1760473511059 3.257884988100767 3097600
1760473555572 3.258720852354471 3102720
1760473601566 3.2594007178784725 3107840
1760473647023 3.260404739959111 3112960
1760473692615 3.2613300420133573 3118080
1760473738827 3.2620040616081583 3123200
1760473784250 3.262759662633892 3128320
1760473829771 3.2637345578634727 3133440
1760473875615 3.2647412291857587 3138560
1760473921131 3.2656837921902104 3143680
1760473966427 3.266720729193401 3148800
1760474012138 3.267587808892742 3153920
1760474057172 3.268301610777216 3159040
1760474102449 3.2692161591760898 3164160
1760474148282 3.2701509985577326 3169280
1760474193671 3.2713956727194184 3174400
1760474239144 3.2725217456422233 3179520
1760474286428 3.2731255404855473 3184640
1760474333198 3.274103358173043 3189760
1760474381533 3.2749774752821335 3194880
1760474429488 3.2755718878602207 3200000
1760474475073 3.2766700443804004 3205120
1760474520498 3.2779255305550623 3210240
1760474567761 3.2791334649547688 3215360
1760474612494 3.280021607959143 3220480
1760474656430 3.2810481121037047 3225600
1760474700253 3.2818241926308187 3230720
1760474744541 3.28291450244784 3235840
1760474790276 3.283740894361586 3240960
1760474835350 3.284527811791796 3246080
1760474879755 3.2854333898720958 3251200
1760474925670 3.2864060837088624 3256320
1760474970476 3.286989877029695 3261440
1760475015876 3.287708152859203 3266560
1760475061525 3.2884253562194683 3271680
1760475107212 3.289429093992673 3276800
1760475155086 3.2898409085367017 3281920
1760475200668 3.2907373164775615 3287040
1760475244823 3.291804531874775 3292160
1760475288201 3.2924872965159513 3297280
1760475331468 3.2930306666591003 3302400
1760475374442 3.2934695347462943 3307520
1760475418069 3.294319611256293 3312640
1760475461263 3.2952501601735467 3317760
1760475504439 3.296001668249249 3322880
1760475548169 3.2964008655140247 3328000
1760475590967 3.296622411820056 3333120
1760475634099 3.2973383624222135 3338240
1760475677657 3.297940474626094 3343360
1760475720679 3.298739294181505 3348480
1760475763696 3.2994376182694385 3353600
1760475807276 3.3001196468707565 3358720
1760475852406 3.300804965156056 3363840
1760475897658 3.3015049485381813 3368960
1760475943248 3.3021510485991254 3374080
1760475988428 3.302860437250984 3379200
1760476033870 3.303760663634941 3384320
1760476079723 3.3044021852911993 3389440
1760476125291 3.3054014002088103 3394560
1760476170365 3.3063205903521315 3399680
1760476216142 3.3065330971577094 3404800
1760476261699 3.307249983996668 3409920
1760476307527 3.3075647879300565 3415040
1760476352920 3.3082584524274874 3420160
1760476397762 3.308591466226338 3425280
1760476442905 3.3096546682847285 3430400
1760476488537 3.3102822971677694 3435520
1760476532958 3.310647368208113 3440640
1760476580934 3.311233996874452 3445760
1760476625684 3.311478068335436 3450880
1760476672855 3.3122596797019246 3456000
1760476717541 3.3123461438004984 3461120
1760476764201 3.31288084900129 3466240
1760476811146 3.3135049021383955 3471360
1760476858447 3.314093742754367 3476480
1760476905734 3.3143832860565356 3481600
1760476950934 3.314965924141352 3486720
1760476994776 3.3159509328867003 3491840
1760477038748 3.3166277471643326 3496960
1760477083181 3.3174239409139563 3502080
1760477127110 3.318359002418863 3507200
1760477172598 3.318987354956866 3512320
1760477219659 3.3195769099754338 3517440
1760477267117 3.320149199281843 3522560
1760477313547 3.3208541469019264 3527680
1760477357508 3.321767794782133 3532800
1760477401527 3.322295624391408 3537920
1760477445004 3.3229073398539692 3543040
1760477489307 3.323369610749938 3548160
1760477532864 3.3238468659263187 3553280
1760477576118 3.3243774312156766 3558400
1760477619535 3.324874036652063 3563520
1760477663092 3.3255750095738428 3568640
1760477706705 3.3262000310124775 3573760
1760477750148 3.3268186534859465 3578880
1760477794035 3.32705152150038 3584000
1760477837352 3.327518632281202 3589120
1760477881256 3.328053277237063 3594240
1760477924574 3.32862929515719 3599360
1760477967871 3.3291901860046695 3604480
1760478011208 3.3297894341467624 3609600
1760478056021 3.3299192867849663 3614720
1760478100800 3.330658697952456 3619840
1760478145752 3.3310366389644774 3624960
1760478191043 3.3314585137008104 3630080
1760478237735 3.3321474754830236 3635200
1760478284354 3.332857722442137 3640320
1760478331514 3.333749655070035 3645440
1760478377783 3.334450847988433 3650560
1760478423626 3.3349775365367607 3655680
1760478471001 3.335583561740764 3660800
1760478516743 3.336407385692145 3665920
1760478561937 3.3370232397990143 3671040
1760478609360 3.337572953428415 3676160
1760478657440 3.338219568031932 3681280
