1758735640084 0.0 100
1758735641305 0.0 200
1758735642557 0.0 300
1758735643775 0.0 400
1758735644990 0.0 500
1758735646199 0.0 600
1758735647410 0.0 700
1758735648728 0.0 800
1758735649906 0.0 900
1758735651108 0.0 1000
1758735652296 0.0 1100
1758735653712 0.0 1200
1758735655233 0.0 1300
1758735656625 0.0 1400
1758735657922 0.0 1500
1758735659175 0.0 1600
1758735660487 0.0 1700
1758735661722 0.0 1800
1758735663004 0.0 1900
1758735664237 0.0 2000
1758735665485 0.0 2100
1758735666710 0.0 2200
1758735667961 0.0 2300
1758735669174 0.0 2400
1758735670393 0.0 2500
1758735671636 0.0 2600
1758735672944 0.0 2700
1758735674209 0.0 2800
1758735675495 0.0 2900
1758735676776 0.0 3000
1758735678083 0.0 3100
1758735679327 0.0 3200
1758735680669 0.0 3300
1758735681990 0.0 3400
1758735683291 0.0 3500
1758735684547 0.0 3600
1758735685938 0.0 3700
1758735687262 0.0 3800
1758735688524 0.0 3900
1758735689782 0.0 4000
1758735691056 0.0 4100
1758735692320 0.0 4200
1758735693572 0.0 4300
1758735694847 0.0 4400
1758735696068 0.0 4500
1758735697317 0.0 4600
1758735698613 0.0 4700
1758735699859 0.0 4800
1758735701161 0.0 4900
1758735702439 0.0 5000
1758735703710 0.0 5100
1758735705061 0.0 5200
1758735706411 0.0 5300
1758735707756 0.0 5400
1758735709194 0.0 5500
1758735710542 0.0 5600
1758735711946 0.0 5700
1758735713394 0.0 5800
1758735714662 0.0 5900
1758735715949 0.0 6000
1758735717237 0.0 6100
1758735718671 0.0 6200
1758735720068 0.0 6300
1758735721527 0.0 6400
1758735722880 0.0 6500
1758735724635 0.0 6600
1758735726461 0.0 6700
1758735728319 0.0 6800
1758735729823 0.0 6900
1758735731089 0.0 7000
1758735732381 0.0 7100
1758735734098 0.0 7200
1758735735664 0.0 7300
1758735737000 0.0 7400
1758735738479 0.0 7500
1758735739956 0.0 7600
1758735741364 0.0 7700
1758735742823 0.0 7800
1758735744683 0.0 7900
1758735746031 0.0 8000
1758735747282 0.0 8100
1758735748515 0.0 8200
1758735749747 0.0 8300
1758735751022 0.0 8400
1758735752254 0.0 8500
1758735753505 0.0 8600
1758735754888 0.0 8700
1758735756175 0.0 8800
1758735757966 0.0 8900
1758735759783 0.0 9000
1758735761564 0.0 9100
1758735763422 0.0 9200
1758735765243 0.0 9300
1758735766655 0.0 9400
1758735768004 0.0 9500
1758735769296 0.0 9600
1758735770587 0.0 9700
1758735771964 0.0 9800
1758735773341 0.0 9900
1758735774822 0.0 10000
1758735776162 0.0 10100
1758735777523 0.0 10200
1758735778898 0.0 10300
1758735780240 0.0 10400
1758735781604 0.0 10500
1758735783119 0.0 10600
1758735784664 0.0 10700
1758735786237 0.0 10800
1758735787692 0.0 10900
1758735789156 0.0 11000
1758735790527 0.0 11100
1758735791858 0.0 11200
1758735793303 0.0 11300
1758735795198 0.0 11400
1758735796880 0.0 11500
1758735798237 0.0 11600
1758735799673 0.0 11700
1758735801442 0.0 11800
1758735803055 0.0 11900
1758735804737 0.0 12000
1758735806420 0.0 12100
1758735807897 0.0 12200
1758735809447 0.0 12300
1758735810850 0.0 12400
1758735812254 0.0 12500
1758735813551 0.0 12600
1758735814854 0.0 12700
1758735816237 0.0 12800
1758735817672 0.0 12900
1758735819004 0.0 13000
1758735820372 0.0 13100
1758735821879 0.0 13200
1758735823414 0.0 13300
1758735824991 0.0 13400
1758735826709 0.0 13500
1758735828283 0.0 13600
1758735829764 0.0 13700
1758735831197 0.0 13800
1758735832694 0.0 13900
1758735834510 0.0 14000
1758735835948 0.0 14100
1758735837564 0.0 14200
1758735839293 0.0 14300
1758735840624 0.0 14400
1758735842380 0.0 14500
1758735844057 0.0 14600
1758735845451 0.0 14700
1758735847177 0.0 14800
1758735848877 0.0 14900
1758735850549 0.0 15000
1758735852204 0.0 15100
1758735853845 0.0 15200
1758735855190 0.0 15300
1758735856807 0.0 15400
1758735858176 0.0 15500
1758735859567 0.0 15600
1758735861200 0.0 15700
1758735862520 0.0 15800
1758735863845 0.0 15900
1758735865288 0.0 16000
1758735866628 0.0 16100
1758735868251 0.0 16200
1758735869870 0.0 16300
1758735871178 0.0 16400
1758735872476 0.0 16500
1758735873828 0.0 16600
1758735875142 0.0 16700
1758735876463 0.0 16800
1758735877839 0.0 16900
1758735879259 0.0 17000
1758735880770 0.0 17100
1758735882221 0.0 17200
1758735883674 0.0 17300
1758735885137 0.0 17400
1758735886574 0.0 17500
1758735888000 0.0 17600
1758735889504 0.0 17700
1758735890980 0.0 17800
1758735892431 0.0 17900
1758735893867 0.0 18000
1758735895306 0.0 18100
1758735896803 0.0 18200
1758735898298 0.0 18300
1758735899756 0.0 18400
1758735901200 0.0 18500
1758735902651 0.0 18600
1758735904100 0.0 18700
1758735905576 0.0 18800
1758735906968 0.0 18900
1758735908315 0.0 19000
1758735909779 0.0 19100
1758735911357 0.0 19200
1758735912958 0.0 19300
1758735914430 0.0 19400
1758735915771 0.0 19500
1758735917098 0.0 19600
1758735918506 0.0 19700
1758735920062 0.0 19800
1758735921574 0.0 19900
1758735922946 0.0 20000
1758735924288 0.0 20100
1758735925659 0.0 20200
1758735926982 0.0 20300
1758735928264 0.0 20400
1758735929589 0.0 20500
1758735930957 0.0 20600
1758735932324 0.0 20700
1758735933615 0.0 20800
1758735934908 0.0 20900
1758735936240 0.0 21000
1758735937700 0.0 21100
1758735938996 0.0 21200
1758735940368 0.0 21300
1758735941681 0.0 21400
1758735943139 0.0 21500
1758735944486 0.0 21600
1758735945833 0.0 21700
1758735947174 0.0 21800
1758735948488 0.0 21900
1758735949849 0.0 22000
1758735951293 0.0 22100
1758735952604 0.0 22200
1758735954002 0.0 22300
1758735955405 0.0 22400
1758735956833 0.0 22500
1758735958158 0.0 22600
1758735959623 0.0 22700
1758735961101 0.0 22800
1758735962479 0.0 22900
1758735963927 0.0 23000
1758735965335 0.0 23100
1758735966857 0.0 23200
1758735968320 0.0 23300
1758735969662 0.0 23400
1758735971023 0.0 23500
1758735972678 0.0 23600
1758735974088 0.0 23700
1758735976005 0.0 23800
1758735978116 0.0 23900
1758735979949 0.0 24000
1758735981905 0.0 24100
1758735983886 0.0 24200
1758735985720 0.0 24300
1758735987140 0.0 24400
1758735988469 0.0 24500
1758735989898 0.0 24600
1758735991343 0.0 24700
1758735992851 0.0 24800
1758735994405 0.0 24900
1758735995787 0.0 25000
1758735997166 0.0 25100
1758735998646 0.0 25200
1758736000166 0.0 25300
1758736001596 0.0 25400
1758736003091 0.0 25500
1758736004621 0.0 25600
1758736006116 0.0 25700
1758736007591 0.0 25800
1758736009115 0.0 25900
1758736010606 0.0 26000
1758736012113 0.0 26100
1758736013702 0.0 26200
1758736015388 0.0 26300
1758736016944 0.0 26400
1758736018606 0.0 26500
1758736020149 0.0 26600
1758736021620 0.0 26700
1758736023001 0.0 26800
1758736024419 0.0 26900
1758736025943 0.0 27000
1758736027423 0.0 27100
1758736028931 0.0 27200
1758736030686 0.0 27300
1758736032158 0.0 27400
1758736033572 0.0 27500
1758736034960 0.0 27600
1758736036377 0.0 27700
1758736037749 0.0 27800
1758736039162 0.0 27900
1758736041005 0.0 28000
1758736042952 0.0 28100
1758736044665 0.0 28200
1758736046352 0.0 28300
1758736047938 0.0 28400
1758736049378 0.0 28500
1758736050863 0.0 28600
1758736052306 0.0 28700
1758736053716 0.0 28800
1758736055240 0.0 28900
1758736056632 0.0 29000
1758736058143 0.0 29100
1758736059619 0.0 29200
1758736061664 0.0 29300
1758736063174 0.0 29400
1758736064673 0.0 29500
1758736066265 0.0 29600
1758736068180 0.0 29700
1758736069662 0.0 29800
1758736071222 0.0 29900
1758736072947 0.0 30000
1758736074855 0.0 30100
1758736076777 0.0 30200
1758736078682 0.0 30300
1758736080645 0.0 30400
1758736082119 0.0 30500
1758736083921 0.0 30600
1758736085933 0.0 30700
1758736087464 0.0 30800
1758736088906 0.0 30900
1758736090292 0.0 31000
1758736091699 0.0 31100
1758736093055 0.0 31200
1758736094452 0.0 31300
1758736095854 0.0 31400
1758736097316 0.0 31500
1758736098915 0.0 31600
1758736100826 0.0 31700
1758736102226 0.0 31800
1758736103639 0.0 31900
1758736105168 0.0 32000
1758736106696 0.0 32100
1758736108220 0.0 32200
1758736109646 0.0 32300
1758736111182 0.0 32400
1758736112550 0.0 32500
1758736114219 0.0 32600
1758736115911 0.0 32700
1758736117484 0.0 32800
1758736119149 0.0 32900
1758736120690 0.0 33000
1758736122190 0.0 33100
1758736123677 0.0 33200
1758736125263 0.0 33300
1758736126782 0.0 33400
1758736128493 0.0 33500
1758736130138 0.0 33600
1758736132068 0.0 33700
1758736133837 0.0 33800
1758736135229 0.0 33900
1758736136556 0.0 34000
1758736138065 0.0 34100
1758736139756 0.0 34200
1758736141390 0.0 34300
1758736143240 0.0 34400
1758736144732 0.0 34500
1758736146426 0.0 34600
1758736148181 0.0 34700
1758736150127 0.0 34800
1758736151922 0.0 34900
1758736154112 0.0 35000
1758736155966 0.0 35100
1758736157679 0.0 35200
1758736159779 0.0 35300
1758736161965 0.0 35400
1758736163579 0.0 35500
1758736165059 0.0 35600
1758736166590 0.0 35700
1758736167950 0.0 35800
1758736169490 0.0 35900
1758736171142 0.0 36000
1758736172869 0.0 36100
1758736174633 0.0 36200
1758736176310 0.0 36300
1758736177946 0.0 36400
1758736179678 0.0 36500
1758736181472 0.0 36600
1758736182918 0.0 36700
1758736184664 0.0 36800
1758736186088 0.0 36900
1758736187518 0.0 37000
1758736188981 0.0 37100
1758736190476 0.0 37200
1758736192450 0.0 37300
1758736194403 0.0 37400
1758736196418 0.0 37500
1758736197951 0.0 37600
1758736199424 0.0 37700
1758736201283 0.0 37800
1758736203063 0.0 37900
1758736204998 0.0 38000
1758736206790 0.0 38100
1758736208719 0.0 38200
1758736210616 0.0 38300
1758736212608 0.0 38400
1758736214526 0.0 38500
1758736216521 0.0 38600
1758736218436 0.0 38700
1758736220403 0.0 38800
1758736221901 0.0 38900
1758736223822 0.0 39000
1758736225741 0.0 39100
1758736227667 0.0 39200
1758736229582 0.0 39300
1758736231555 0.0 39400
1758736233144 0.0 39500
1758736235311 0.0 39600
1758736237105 0.0 39700
1758736238728 0.0 39800
1758736240301 0.0 39900
1758736241947 0.0 40000
1758736243390 0.0 40100
1758736244857 0.0 40200
1758736246434 0.0 40300
1758736247963 0.0 40400
1758736249443 0.0 40500
1758736250964 0.0 40600
1758736252628 0.0 40700
1758736254287 0.0 40800
1758736255938 0.0 40900
1758736257510 0.0 41000
1758736259294 0.0 41100
1758736261117 0.0 41200
1758736262816 0.0 41300
1758736264703 0.0 41400
1758736266244 0.0 41500
1758736267740 0.0 41600
1758736269351 0.0 41700
1758736271358 0.0 41800
1758736273122 0.0 41900
1758736274710 0.0 42000
1758736276241 0.0 42100
1758736277710 0.0 42200
1758736279443 0.0 42300
1758736281095 0.0 42400
1758736283255 0.0 42500
1758736285111 0.0 42600
1758736287248 0.0 42700
1758736288856 0.0 42800
1758736290614 0.0 42900
1758736292313 0.0 43000
1758736293965 0.0 43100
1758736295568 0.0 43200
1758736297026 0.0 43300
1758736298671 0.0 43400
1758736300441 0.0 43500
1758736302208 0.0 43600
1758736303684 0.0 43700
1758736305277 0.0 43800
1758736306896 0.0 43900
1758736308365 0.0 44000
1758736309839 0.0 44100
1758736311310 0.0 44200
1758736313027 0.0 44300
1758736314898 0.0 44400
1758736316872 0.0 44500
1758736318510 0.0 44600
1758736320303 0.0 44700
1758736322046 0.0 44800
1758736324210 0.0 44900
1758736326295 0.0 45000
1758736328336 0.0 45100
1758736330456 0.0 45200
1758736333049 0.0 45300
1758736335107 0.0 45400
1758736337105 0.0 45500
1758736339079 0.0 45600
1758736341184 0.0 45700
1758736342863 0.0 45800
1758736344705 0.0 45900
1758736346761 0.0 46000
1758736348712 0.0 46100
1758736350595 0.0 46200
1758736352705 0.0 46300
1758736354728 0.0 46400
1758736356510 0.0 46500
1758736358276 0.0 46600
1758736360311 0.0 46700
1758736361832 0.0 46800
1758736363367 0.0 46900
1758736365096 0.0 47000
1758736367143 0.0 47100
1758736369250 0.0 47200
1758736371425 0.0 47300
1758736373736 0.0 47400
1758736375975 0.0 47500
1758736378053 0.0 47600
1758736379784 0.0 47700
1758736381475 0.0 47800
1758736383454 0.0 47900
1758736385200 0.0 48000
1758736387275 0.0 48100
1758736388963 0.0 48200
1758736390716 0.0 48300
1758736392816 0.0 48400
1758736394946 0.0 48500
1758736396574 0.0 48600
1758736398224 0.0 48700
1758736399911 0.0 48800
1758736401460 0.0 48900
1758736403157 0.0 49000
1758736404902 0.0 49100
1758736406630 0.0 49200
1758736408387 0.0 49300
1758736410253 0.0 49400
1758736412408 0.0 49500
1758736414637 0.0 49600
1758736416683 0.0 49700
1758736418609 0.0 49800
1758736420572 0.0 49900
1758736422664 0.0 50000
1758736424555 0.0 50100
1758736426179 0.0 50200
1758736427866 0.0 50300
1758736429823 0.0 50400
1758736431696 0.0 50500
1758736433465 0.0 50600
1758736435015 0.0 50700
1758736436547 0.0 50800
1758736438160 0.0 50900
1758736439824 0.0 51000
1758736441418 0.0 51100
1758736442912 0.0 51200
1758736444392 0.0 51300
1758736446215 0.0 51400
1758736448012 0.0 51500
1758736449648 0.0 51600
1758736451319 0.0 51700
1758736453077 0.0 51800
1758736454739 0.0 51900
1758736456263 0.0 52000
1758736457904 0.0 52100
1758736459511 0.0 52200
1758736461218 0.0 52300
1758736462783 0.0 52400
1758736464335 0.0 52500
1758736466061 0.0 52600
1758736467625 0.0 52700
1758736469253 0.0 52800
1758736470903 0.0 52900
1758736472512 0.0 53000
1758736474164 0.0 53100
1758736475788 0.0 53200
1758736477322 0.0 53300
1758736479301 0.0 53400
1758736481232 0.0 53500
1758736483167 0.0 53600
1758736484757 0.0 53700
1758736486682 0.0 53800
1758736488696 0.0 53900
1758736490540 0.0 54000
1758736492319 0.0 54100
1758736494142 0.0 54200
1758736496114 0.0 54300
1758736498065 0.0 54400
1758736500310 0.0 54500
1758736502132 0.0 54600
1758736504271 0.0 54700
1758736505980 0.0 54800
1758736507565 0.0 54900
1758736509285 0.0 55000
1758736511003 0.0 55100
1758736512801 0.0 55200
1758736514626 0.0 55300
1758736516740 0.0 55400
1758736518436 0.0 55500
1758736520111 0.0 55600
1758736522345 0.0 55700
1758736524604 0.0 55800
1758736526422 0.0 55900
1758736528206 0.0 56000
1758736529900 0.0 56100
1758736531862 0.0 56200
1758736533576 0.0 56300
1758736535371 0.0 56400
1758736536988 0.0 56500
1758736538685 0.0 56600
1758736540338 0.0 56700
1758736542122 0.0 56800
1758736543759 0.0 56900
1758736545559 0.0 57000
1758736547264 0.0 57100
1758736548921 0.0 57200
1758736550557 0.0 57300
1758736552151 0.0 57400
1758736553750 0.0 57500
1758736555373 0.0 57600
1758736557087 0.0 57700
1758736558808 0.0 57800
1758736560631 0.0 57900
1758736562248 0.0 58000
1758736563931 0.0 58100
1758736565627 0.0 58200
1758736567298 0.0 58300
1758736568935 0.0 58400
1758736570800 0.0 58500
1758736572716 0.0 58600
1758736574297 0.0 58700
1758736576681 0.0 58800
1758736579171 0.0 58900
1758736581088 0.0 59000
1758736582924 0.0 59100
1758736584859 0.0 59200
1758736587017 0.0 59300
1758736589230 0.0 59400
1758736591136 0.0 59500
1758736592957 0.0 59600
1758736594994 0.0 59700
1758736597326 0.0 59800
1758736599295 0.0 59900
1758736601158 0.0 60000
1758736603113 0.0 60100
1758736605158 0.0 60200
1758736606983 0.0 60300
1758736608957 0.0 60400
1758736610774 0.0 60500
1758736612488 0.0 60600
1758736614629 0.0 60700
1758736616499 0.0 60800
1758736618064 0.0 60900
1758736619747 0.0 61000
1758736621513 0.0 61100
1758736623321 0.0 61200
1758736625219 0.0 61300
1758736626914 0.0 61400
1758736628606 0.0 61500
1758736631014 0.0 61600
1758736633331 0.0 61700
1758736635196 0.0 61800
1758736636965 0.0 61900
1758736638982 0.0 62000
1758736641090 0.0 62100
1758736642946 0.0 62200
1758736644665 0.0 62300
1758736646591 0.0 62400
1758736648420 0.0 62500
1758736650163 0.0 62600
1758736651905 0.0 62700
1758736653579 0.0 62800
1758736655288 0.0 62900
1758736656939 0.0 63000
1758736658504 0.0 63100
1758736660061 0.0 63200
1758736661657 0.0 63300
1758736663320 0.0 63400
1758736664965 0.0 63500
1758736666570 0.0 63600
1758736668223 0.0 63700
1758736669798 0.0 63800
1758736671399 0.0 63900
1758736673058 0.0 64000
1758736674652 0.0 64100
1758736676238 0.0 64200
1758736677876 0.0 64300
1758736679407 0.0 64400
1758736681039 0.0 64500
1758736682646 0.0 64600
1758736684261 0.0 64700
1758736686281 0.0 64800
1758736688627 0.0 64900
1758736690952 0.0 65000
1758736692735 0.0 65100
1758736694814 0.0 65200
1758736696902 0.0 65300
1758736698711 0.0 65400
1758736700549 0.0 65500
1758736702453 0.0 65600
1758736704263 0.0 65700
1758736706156 0.0 65800
1758736708015 0.0 65900
1758736709783 0.0 66000
1758736711561 0.0 66100
1758736713189 0.0 66200
1758736714932 0.0 66300
1758736716756 0.0 66400
1758736718444 0.0 66500
1758736720347 0.0 66600
1758736721963 0.0 66700
1758736723555 0.0 66800
1758736725238 0.0 66900
1758736727127 0.0 67000
1758736728820 0.0 67100
1758736730781 0.0 67200
1758736732701 0.0 67300
1758736734469 0.0 67400
1758736736210 0.0 67500
1758736738130 0.0 67600
1758736740157 0.0 67700
1758736741852 0.0 67800
1758736743674 0.0 67900
1758736745450 0.0 68000
1758736747305 0.0 68100
1758736749367 0.0 68200
1758736751525 0.0 68300
1758736753579 0.0 68400
1758736755475 0.0 68500
1758736757144 0.0 68600
1758736758966 0.0 68700
1758736760578 0.0 68800
1758736762209 0.0 68900
1758736763835 0.0 69000
1758736765631 0.0 69100
1758736767324 0.0 69200
1758736769064 0.0 69300
1758736770754 0.0 69400
1758736772370 0.0 69500
1758736773996 0.0 69600
1758736775642 0.0 69700
1758736777241 0.0 69800
1758736778874 0.0 69900
1758736780506 0.0 70000
1758736782341 0.0 70100
1758736783965 0.0 70200
1758736785655 0.0 70300
1758736787420 0.0 70400
1758736789394 0.0 70500
1758736791634 0.0 70600
1758736793460 0.0 70700
1758736795400 0.0 70800
1758736797608 0.0 70900
1758736799417 0.0 71000
1758736801529 0.0 71100
1758736803259 0.0 71200
1758736804936 0.0 71300
1758736806774 0.0 71400
1758736808481 0.0 71500
1758736810319 0.0 71600
1758736812127 0.0 71700
1758736814028 0.0 71800
1758736815964 0.0 71900
1758736817986 0.0 72000
1758736819881 0.0 72100
1758736821730 0.0 72200
1758736823587 0.0 72300
1758736825229 0.0 72400
1758736826983 0.0 72500
1758736828780 0.0 72600
1758736830492 0.0 72700
1758736832283 0.0 72800
1758736834314 0.0 72900
1758736836245 0.0 73000
1758736838156 0.0 73100
1758736839856 0.0 73200
1758736841576 0.0 73300
1758736843503 0.0 73400
1758736845360 0.0 73500
1758736847247 0.0 73600
1758736848990 0.0 73700
1758736850914 0.0 73800
1758736852709 0.0 73900
1758736854568 0.0 74000
1758736856282 0.0 74100
1758736857938 0.0 74200
1758736859692 0.0 74300
1758736861434 0.0 74400
1758736863129 0.0 74500
1758736864976 0.0 74600
1758736866765 0.0 74700
1758736868570 0.0 74800
1758736870368 0.0 74900
1758736872191 0.0 75000
1758736873997 0.0 75100
1758736875935 0.0 75200
1758736877796 0.0 75300
1758736879715 0.0 75400
1758736881757 0.0 75500
1758736883751 0.0 75600
1758736885898 0.0 75700
1758736887799 0.0 75800
1758736889781 0.0 75900
1758736891884 0.0 76000
1758736894275 0.0 76100
1758736896195 0.0 76200
1758736898169 0.0 76300
1758736900007 0.0 76400
1758736901907 0.0 76500
1758736903746 0.0 76600
1758736905609 0.0 76700
1758736907382 0.0 76800
1758736909264 0.0 76900
1758736911122 0.0 77000
1758736912932 0.0 77100
1758736914983 0.0 77200
1758736916822 0.0 77300
1758736918881 0.0 77400
1758736920767 0.0 77500
1758736922734 0.0 77600
1758736924929 0.0 77700
1758736927089 0.0 77800
1758736929005 0.0 77900
1758736930822 0.0 78000
1758736932779 0.0 78100
1758736934740 0.0 78200
1758736936808 0.0 78300
1758736938925 0.0 78400
1758736941120 0.0 78500
1758736943180 0.0 78600
1758736945840 0.0 78700
1758736947941 0.0 78800
1758736950058 0.0 78900
1758736952318 0.0 79000
1758736954475 0.0 79100
1758736956563 0.0 79200
1758736958577 0.0 79300
1758736960603 0.0 79400
1758736962676 0.0 79500
1758736964867 0.0 79600
1758736967106 0.0 79700
1758736969206 0.0 79800
1758736971256 0.0 79900
1758736972980 0.0 80000
1758736974708 0.0 80100
1758736976456 0.0 80200
1758736978307 0.0 80300
1758736980156 0.0 80400
1758736982270 0.0 80500
1758736983935 0.0 80600
1758736985723 0.0 80700
1758736987492 0.0 80800
1758736989203 0.0 80900
1758736990915 0.0 81000
1758736992609 0.0 81100
1758736994267 0.0 81200
1758736996076 0.0 81300
1758736997866 0.0 81400
1758736999567 0.0 81500
1758737001305 0.0 81600
1758737003021 0.0 81700
1758737004784 0.0 81800
1758737006451 0.0 81900
1758737008255 0.0 82000
1758737010052 0.0 82100
1758737012008 0.0 82200
1758737014035 0.0 82300
1758737015727 0.0 82400
1758737017441 0.0 82500
1758737019138 0.0 82600
1758737020880 0.0 82700
1758737022613 0.0 82800
1758737024339 0.0 82900
1758737025981 0.0 83000
1758737027617 0.0 83100
1758737029385 0.0 83200
1758737031272 0.0 83300
1758737033041 0.0 83400
1758737034856 0.0 83500
1758737036577 0.0 83600
1758737038234 0.0 83700
1758737039888 0.0 83800
1758737041672 0.0 83900
1758737043394 0.0 84000
1758737045107 0.0 84100
1758737046779 0.0 84200
1758737048460 0.0 84300
1758737050175 0.0 84400
1758737051850 0.0 84500
1758737053586 0.0 84600
1758737055286 0.0 84700
1758737057026 0.0 84800
1758737058806 0.0 84900
1758737060561 0.0 85000
1758737062315 0.0 85100
1758737064083 0.0 85200
1758737065853 0.0 85300
1758737067673 0.0 85400
1758737069573 0.0 85500
1758737071364 0.0 85600
1758737073282 0.0 85700
1758737075155 0.0 85800
1758737077260 0.0 85900
1758737079074 0.0 86000
1758737080821 0.0 86100
1758737082631 0.0 86200
1758737084385 0.0 86300
1758737086094 0.0 86400
1758737087823 0.0 86500
1758737089575 0.0 86600
1758737091281 0.0 86700
1758737093098 0.0 86800
1758737094869 0.0 86900
1758737096632 0.0 87000
1758737098438 0.0 87100
1758737100303 0.0 87200
1758737102101 0.0 87300
1758737103841 0.0 87400
1758737105545 0.0 87500
1758737107218 0.0 87600
1758737108974 0.0 87700
1758737110665 0.0 87800
1758737112367 0.0 87900
1758737114082 0.0 88000
1758737115777 0.0 88100
1758737117447 0.0 88200
1758737119186 0.0 88300
1758737121016 0.0 88400
1758737122728 0.0 88500
1758737124499 0.0 88600
1758737126311 0.0 88700
1758737128024 0.0 88800
1758737129816 0.0 88900
1758737131508 0.0 89000
1758737133379 0.0 89100
1758737135039 0.0 89200
1758737136705 0.0 89300
1758737138535 0.0 89400
1758737140490 0.0 89500
1758737142402 0.0 89600
1758737144150 0.0 89700
1758737145827 0.0 89800
1758737147635 0.0 89900
1758737149578 0.0 90000
1758737151624 0.0 90100
1758737153963 0.0 90200
1758737156326 0.0 90300
1758737158683 0.0 90400
1758737160841 0.0 90500
1758737162666 0.0 90600
1758737164453 0.0 90700
1758737166259 0.0 90800
1758737168693 0.0 90900
1758737171158 0.0 91000
1758737173557 0.0 91100
1758737175315 0.0 91200
1758737177172 0.0 91300
1758737178911 0.0 91400
1758737180685 0.0 91500
1758737182500 0.0 91600
1758737184362 0.0 91700
1758737186809 0.0 91800
1758737189205 0.0 91900
1758737191570 0.0 92000
1758737194036 0.0 92100
1758737196391 0.0 92200
1758737198407 0.0 92300
1758737200673 0.0 92400
1758737202603 0.0 92500
1758737204736 0.0 92600
1758737207260 0.0 92700
1758737209719 0.0 92800
1758737212081 0.0 92900
1758737214535 0.0 93000
1758737216510 0.0 93100
1758737218531 0.0 93200
1758737220632 0.0 93300
1758737222674 0.0 93400
1758737224434 0.0 93500
1758737226491 0.0 93600
1758737228173 0.0 93700
1758737229865 0.0 93800
1758737231556 0.0 93900
1758737233254 0.0 94000
1758737234933 0.0 94100
1758737236938 0.0 94200
1758737238663 0.0 94300
1758737240433 0.0 94400
1758737242183 0.0 94500
1758737244062 0.0 94600
1758737245876 0.0 94700
1758737247668 0.0 94800
1758737249439 0.0 94900
1758737251190 0.0 95000
1758737252952 0.0 95100
1758737254714 0.0 95200
1758737256517 0.0 95300
1758737258507 0.0 95400
1758737260278 0.0 95500
1758737262043 0.0 95600
1758737264194 0.0 95700
1758737266067 0.0 95800
1758737268577 0.0 95900
1758737271203 0.0 96000
1758737273524 0.0 96100
1758737275945 0.0 96200
1758737278409 0.0 96300
1758737280547 0.0 96400
1758737282398 0.0 96500
1758737284297 0.0 96600
1758737286324 0.0 96700
1758737288323 0.0 96800
1758737290209 0.0 96900
1758737292114 0.0 97000
1758737293975 0.0 97100
1758737295842 0.0 97200
1758737297718 0.0 97300
1758737299747 0.0 97400
1758737301715 0.0 97500
1758737303965 0.0 97600
1758737305998 0.0 97700
1758737307875 0.0 97800
1758737309789 0.0 97900
1758737311641 0.0 98000
1758737313442 0.0 98100
1758737315333 0.0 98200
1758737317127 0.0 98300
1758737318969 0.0 98400
1758737320907 0.0 98500
1758737322664 0.0 98600
1758737324507 0.0 98700
1758737326370 0.0 98800
1758737328256 0.0 98900
1758737330143 0.0 99000
1758737332053 0.0 99100
1758737334083 0.0 99200
1758737336216 0.0 99300
1758737338622 0.0 99400
1758737340989 0.0 99500
1758737342857 0.0 99600
1758737345134 0.0 99700
1758737347570 0.0 99800
1758737349978 0.0 99900
1758737351946 0.0 100000
1758737353790 0.0 100100
1758737356281 0.0 100200
1758737358674 0.0 100300
1758737361162 0.0 100400
1758737363565 0.0 100500
1758737366018 0.0 100600
1758737368466 0.0 100700
1758737370450 0.0 100800
1758737372445 0.0 100900
1758737374842 0.0 101000
1758737376717 0.0 101100
1758737378514 0.0 101200
1758737380329 0.0 101300
1758737382101 0.0 101400
1758737383904 0.0 101500
1758737385648 0.0 101600
1758737387409 0.0 101700
1758737389141 0.0 101800
1758737390912 0.0 101900
1758737392653 0.0 102000
1758737394434 0.0 102100
1758737396306 0.0 102200
1758737398431 0.0 102300
1758737400364 0.0 102400
1758737402205 0.0 102500
1758737404060 0.0 102600
1758737405938 0.0 102700
1758737407716 0.0 102800
1758737409480 0.0 102900
1758737411260 0.0 103000
1758737413053 0.0 103100
1758737414836 0.0 103200
1758737416637 0.0 103300
1758737418451 0.0 103400
1758737420248 0.0 103500
1758737422024 0.0 103600
1758737423782 0.0 103700
1758737425582 0.0 103800
1758737427451 0.0 103900
1758737429263 0.0 104000
1758737431007 0.0 104100
1758737432757 0.0 104200
1758737434515 0.0 104300
1758737436424 0.0 104400
1758737438168 0.0 104500
1758737439902 0.0 104600
1758737441633 0.0 104700
1758737443354 0.0 104800
1758737445086 0.0 104900
1758737446896 0.0 105000
1758737448736 0.0 105100
1758737450785 0.0 105200
1758737452882 0.0 105300
1758737454725 0.0 105400
1758737456456 0.0 105500
1758737458306 0.0 105600
1758737460098 0.0 105700
1758737462060 0.0 105800
1758737463937 0.0 105900
1758737465699 0.0 106000
1758737467438 0.0 106100
1758737469235 0.0 106200
1758737470992 0.0 106300
1758737472760 0.0 106400
1758737474492 0.0 106500
1758737476250 0.0 106600
1758737478007 0.0 106700
1758737479765 0.0 106800
1758737481574 0.0 106900
1758737483314 0.0 107000
1758737485059 0.0 107100
1758737486797 0.0 107200
1758737488731 0.0 107300
1758737490968 0.0 107400
1758737493470 0.0 107500
1758737495944 0.0 107600
1758737498367 0.0 107700
1758737500790 0.0 107800
1758737503191 0.0 107900
1758737505631 0.0 108000
1758737508096 0.0 108100
1758737510502 0.0 108200
1758737512933 0.0 108300
1758737515339 0.0 108400
1758737517745 0.0 108500
1758737520248 0.0 108600
1758737522638 0.0 108700
1758737525120 0.0 108800
1758737527518 0.0 108900
1758737529558 0.0 109000
1758737531437 0.0 109100
1758737533354 0.0 109200
1758737535821 0.0 109300
1758737538324 0.0 109400
1758737540768 0.0 109500
1758737542563 0.0 109600
1758737544302 0.0 109700
1758737546158 0.0 109800
1758737547958 0.0 109900
1758737549862 0.0 110000
1758737551865 0.0 110100
1758737553983 0.0 110200
1758737556086 0.0 110300
1758737558161 0.0 110400
1758737560247 0.0 110500
1758737562359 0.0 110600
1758737564207 0.0 110700
1758737565939 0.0 110800
1758737567673 0.0 110900
1758737569555 0.0 111000
1758737571655 0.0 111100
1758737573761 0.0 111200
1758737575538 0.0 111300
1758737577279 0.0 111400
1758737579016 0.0 111500
1758737581059 0.0 111600
1758737583171 0.0 111700
1758737585286 0.0 111800
1758737587383 0.0 111900
1758737589600 0.0 112000
1758737591794 0.0 112100
1758737593910 0.0 112200
1758737595641 0.0 112300
1758737597371 0.0 112400
1758737599450 0.0 112500
1758737601572 0.0 112600
1758737603677 0.0 112700
1758737605796 0.0 112800
1758737607894 0.0 112900
1758737609889 0.0 113000
1758737611774 0.0 113100
1758737613885 0.0 113200
1758737616004 0.0 113300
1758737618114 0.0 113400
1758737620204 0.0 113500
1758737622310 0.0 113600
1758737624431 0.0 113700
1758737626316 0.0 113800
1758737628076 0.0 113900
1758737629835 0.0 114000
1758737631608 0.0 114100
1758737633367 0.0 114200
1758737635163 0.0 114300
1758737636999 0.0 114400
1758737638777 0.0 114500
1758737640553 0.0 114600
1758737642356 0.0 114700
1758737644117 0.0 114800
1758737645930 0.0 114900
1758737647717 0.0 115000
1758737649471 0.0 115100
1758737651247 0.0 115200
1758737653127 0.0 115300
1758737655069 0.0 115400
1758737656906 0.0 115500
1758737658795 0.0 115600
1758737660619 0.0 115700
1758737662398 0.0 115800
1758737664152 0.0 115900
1758737665956 0.0 116000
1758737667859 0.0 116100
1758737669699 0.0 116200
1758737671621 0.0 116300
1758737673556 0.0 116400
1758737675548 0.0 116500
1758737677443 0.0 116600
1758737679879 0.0 116700
1758737682282 0.0 116800
1758737684704 0.0 116900
1758737687178 0.0 117000
1758737689654 0.0 117100
1758737692136 0.0 117200
1758737694130 0.0 117300
1758737695995 0.0 117400
1758737697843 0.0 117500
1758737699748 0.0 117600
1758737701672 0.0 117700
1758737703632 0.0 117800
1758737705588 0.0 117900
1758737707681 0.0 118000
1758737709714 0.0 118100
1758737711871 0.0 118200
1758737713950 0.0 118300
1758737716103 0.0 118400
1758737718287 0.0 118500
1758737720492 0.0 118600
1758737722625 0.0 118700
1758737724789 0.0 118800
1758737726757 0.0 118900
1758737729151 0.0 119000
1758737731103 0.0 119100
1758737733062 0.0 119200
1758737734894 0.0 119300
1758737736740 0.0 119400
1758737738669 0.0 119500
1758737740640 0.0 119600
1758737742533 0.0 119700
1758737744440 0.0 119800
1758737746296 0.0 119900
1758737748166 0.0 120000
1758737750115 0.0 120100
1758737752194 0.0 120200
1758737754279 0.0 120300
1758737756165 0.0 120400
1758737758060 0.0 120500
1758737759905 0.0 120600
1758737761820 0.0 120700
1758737763703 0.0 120800
1758737765493 0.0 120900
1758737767351 0.0 121000
1758737769233 0.0 121100
1758737771100 0.0 121200
1758737772968 0.0 121300
1758737774800 0.0 121400
1758737776629 0.0 121500
1758737778416 0.0 121600
1758737780166 0.0 121700
1758737782140 0.0 121800
1758737784065 0.0 121900
1758737785888 0.0 122000
1758737787714 0.0 122100
1758737789393 0.0 122200
1758737791091 0.0 122300
1758737792799 0.0 122400
1758737794551 0.0 122500
1758737796238 0.0 122600
1758737797934 0.0 122700
1758737799680 0.0 122800
1758737801433 0.0 122900
1758737803123 0.0 123000
1758737805276 0.0 123100
1758737807098 0.0 123200
1758737808868 0.0 123300
1758737810661 0.0 123400
1758737812441 0.0 123500
1758737814261 0.0 123600
1758737816065 0.0 123700
1758737817843 0.0 123800
1758737819621 0.0 123900
1758737821422 0.0 124000
1758737823220 0.0 124100
1758737825060 0.0 124200
1758737826911 0.0 124300
1758737828700 0.0 124400
1758737830494 0.0 124500
1758737832389 0.0 124600
1758737834623 0.0 124700
1758737837096 0.0 124800
1758737839029 0.0 124900
1758737840986 0.0 125000
1758737842955 0.0 125100
1758737845113 0.0 125200
1758737847371 0.0 125300
1758737849482 0.0 125400
1758737851653 0.0 125500
1758737853533 0.0 125600
1758737855409 0.0 125700
1758737857347 0.0 125800
1758737859181 0.0 125900
1758737861026 0.0 126000
1758737862856 0.0 126100
1758737864783 0.0 126200
1758737866718 0.0 126300
1758737868698 0.0 126400
1758737870763 0.0 126500
1758737872704 0.0 126600
1758737874669 0.0 126700
1758737876646 0.0 126800
1758737878604 0.0 126900
1758737880546 0.0 127000
1758737882509 0.0 127100
1758737884439 0.0 127200
1758737886334 0.0 127300
1758737888415 0.0 127400
1758737890408 0.0 127500
1758737892379 0.0 127600
1758737894331 0.0 127700
1758737896261 0.0 127800
1758737898205 0.0 127900
1758737900199 0.0 128000
1758737902132 0.0 128100
1758737904120 0.0 128200
1758737906066 0.0 128300
1758737908093 0.0 128400
1758737910157 0.0 128500
1758737912366 0.0 128600
1758737914247 0.0 128700
1758737916172 0.0 128800
1758737918137 0.0 128900
1758737920084 0.0 129000
1758737921996 0.0 129100
1758737924156 0.0 129200
1758737926169 0.0 129300
1758737928092 0.0 129400
1758737930005 0.0 129500
1758737931940 0.0 129600
1758737933868 0.0 129700
1758737935869 0.0 129800
1758737937836 0.0 129900
1758737939832 0.0 130000
1758737941809 0.0 130100
1758737943898 0.0 130200
1758737945849 0.0 130300
1758737947862 0.0 130400
1758737949885 0.0 130500
1758737951919 0.0 130600
1758737953889 0.0 130700
1758737955828 0.0 130800
1758737957766 0.0 130900
1758737959677 0.0 131000
1758737961608 0.0 131100
1758737963598 0.0 131200
1758737965587 0.0 131300
1758737967522 0.0 131400
1758737969439 0.0 131500
1758737971397 0.0 131600
1758737973506 0.0 131700
1758737975632 0.0 131800
1758737977532 0.0 131900
1758737979585 0.0 132000
1758737981578 0.0 132100
1758737983519 0.0 132200
1758737985410 0.0 132300
1758737987275 0.0 132400
1758737989149 0.0 132500
1758737991048 0.0 132600
1758737992942 0.0 132700
1758737994896 0.0 132800
1758737996899 0.0 132900
1758737998817 0.0 133000
1758738000721 0.0 133100
1758738002710 0.0 133200
1758738004690 0.0 133300
1758738006638 0.0 133400
1758738008509 0.0 133500
1758738010451 0.0 133600
1758738012374 0.0 133700
1758738014247 0.0 133800
1758738016235 0.0 133900
1758738018344 0.0 134000
1758738020229 0.0 134100
1758738022090 0.0 134200
1758738023961 0.0 134300
1758738025898 0.0 134400
1758738027796 0.0 134500
1758738030191 0.0 134600
1758738032039 0.0 134700
1758738033917 0.0 134800
1758738035948 0.0 134900
1758738037961 0.0 135000
1758738040017 0.0 135100
1758738041991 0.0 135200
1758738043873 0.0 135300
1758738045720 0.0 135400
1758738047606 0.0 135500
1758738049386 0.0 135600
1758738051286 0.0 135700
1758738053210 0.0 135800
1758738055008 0.0 135900
1758738056834 0.0 136000
1758738058684 0.0 136100
1758738060519 0.0 136200
1758738062315 0.0 136300
1758738064105 0.0 136400
1758738065909 0.0 136500
1758738067706 0.0 136600
1758738069480 0.0 136700
1758738071322 0.0 136800
1758738073127 0.0 136900
1758738074888 0.0 137000
1758738076685 0.0 137100
1758738078496 0.0 137200
1758738080289 0.0 137300
1758738082086 0.0 137400
1758738083924 0.0 137500
1758738085861 0.0 137600
1758738087744 0.0 137700
1758738089613 0.0 137800
1758738091489 0.0 137900
1758738093364 0.0 138000
1758738095301 0.0 138100
1758738097230 0.0 138200
1758738099025 0.0 138300
1758738100969 0.0 138400
1758738103180 0.0 138500
1758738105326 0.0 138600
1758738107469 0.0 138700
1758738109638 0.0 138800
1758738111774 0.0 138900
1758738113846 0.0 139000
1758738115722 0.0 139100
1758738117600 0.0 139200
1758738119464 0.0 139300
1758738121409 0.0 139400
1758738123297 0.0 139500
1758738125228 0.0 139600
1758738127135 0.0 139700
1758738129018 0.0 139800
1758738130923 0.0 139900
1758738132832 0.0 140000
1758738134685 0.0 140100
1758738136523 0.0 140200
1758738138365 0.0 140300
1758738140151 0.0 140400
1758738141969 0.0 140500
1758738143758 0.0 140600
1758738145604 0.0 140700
1758738147430 0.0 140800
1758738149243 0.0 140900
1758738151158 0.0 141000
1758738152987 0.0 141100
1758738154947 0.0 141200
1758738156845 0.0 141300
1758738158690 0.0 141400
1758738160543 0.0 141500
1758738162477 0.0 141600
1758738164361 0.0 141700
1758738166350 0.0 141800
1758738168197 0.0 141900
1758738170009 0.0 142000
1758738171795 0.0 142100
1758738173833 0.0 142200
1758738175773 0.0 142300
1758738177581 0.0 142400
1758738179393 0.0 142500
1758738181265 0.0 142600
1758738183128 0.0 142700
1758738185162 0.0 142800
1758738187363 0.0 142900
1758738189200 0.0 143000
1758738191028 0.0 143100
1758738193045 0.0 143200
1758738195208 0.0 143300
1758738197356 0.0 143400
1758738199608 0.0 143500
1758738201465 0.0 143600
1758738203280 0.0 143700
1758738205119 0.0 143800
1758738206965 0.0 143900
1758738208859 0.0 144000
1758738210733 0.0 144100
1758738212616 0.0 144200
1758738214605 0.0 144300
1758738216607 0.0 144400
1758738218597 0.0 144500
1758738220553 0.0 144600
1758738222508 0.0 144700
1758738224487 0.0 144800
1758738226348 0.0 144900
1758738228338 0.0 145000
1758738230357 0.0 145100
1758738232254 0.0 145200
1758738234142 0.0 145300
1758738236051 0.0 145400
1758738237909 0.0 145500
1758738239740 0.0 145600
1758738241568 0.0 145700
1758738243412 0.0 145800
1758738245274 0.0 145900
1758738247148 0.0 146000
1758738248988 0.0 146100
1758738250849 0.0 146200
1758738252702 0.0 146300
1758738254624 0.0 146400
1758738256506 0.0 146500
1758738258379 0.0 146600
1758738260267 0.0 146700
1758738262128 0.0 146800
1758738264021 0.0 146900
1758738265899 0.0 147000
1758738267796 0.0 147100
1758738269662 0.0 147200
1758738271541 0.0 147300
1758738273550 0.0 147400
1758738275408 0.0 147500
1758738277282 0.0 147600
1758738279144 0.0 147700
1758738281025 0.0 147800
1758738282876 0.0 147900
1758738284836 0.0 148000
1758738286722 0.0 148100
1758738288675 0.0 148200
1758738290556 0.0 148300
1758738292605 0.0 148400
1758738294698 0.0 148500
1758738296609 0.0 148600
1758738298536 0.0 148700
1758738300394 0.0 148800
1758738302287 0.0 148900
1758738304138 0.0 149000
1758738306003 0.0 149100
1758738307874 0.0 149200
1758738309747 0.0 149300
1758738311621 0.0 149400
1758738313484 0.0 149500
1758738315454 0.0 149600
1758738317307 0.0 149700
1758738319180 0.0 149800
1758738321082 0.0 149900
1758738322966 0.0 150000
1758738324807 0.0 150100
1758738326691 0.0 150200
1758738328548 0.0 150300
1758738330428 0.0 150400
1758738332350 0.0 150500
1758738334190 0.0 150600
1758738336026 0.0 150700
1758738337883 0.0 150800
1758738339742 0.0 150900
1758738341616 0.0 151000
1758738343483 0.0 151100
1758738345340 0.0 151200
1758738347307 0.0 151300
1758738349190 0.0 151400
1758738351177 0.0 151500
1758738353336 0.0 151600
1758738355359 0.0 151700
1758738357526 0.0 151800
1758738359582 0.0 151900
1758738361557 0.0 152000
1758738363520 0.0 152100
1758738365456 0.0 152200
1758738367563 0.0 152300
1758738369508 0.0 152400
1758738371397 0.0 152500
1758738373261 0.0 152600
1758738375107 0.0 152700
1758738376970 0.0 152800
1758738379052 0.0 152900
1758738380946 0.0 153000
1758738382824 0.0 153100
1758738384681 0.0 153200
1758738386556 0.0 153300
1758738388434 0.0 153400
1758738390323 0.0 153500
1758738392194 0.0 153600
1758738394230 0.0 153700
1758738396111 0.0 153800
1758738397993 0.0 153900
1758738399848 0.0 154000
1758738401738 0.0 154100
1758738403636 0.0 154200
1758738405552 0.0 154300
1758738407474 0.0 154400
1758738409314 0.0 154500
1758738411189 0.0 154600
1758738413021 0.0 154700
1758738414887 0.0 154800
1758738416760 0.0 154900
1758738418638 0.0 155000
1758738420666 0.0 155100
1758738422661 0.0 155200
1758738424559 0.0 155300
1758738426448 0.0 155400
1758738428304 0.0 155500
1758738430202 0.0 155600
1758738432057 0.0 155700
1758738433904 0.0 155800
1758738435893 0.0 155900
1758738437841 0.0 156000
1758738439730 0.0 156100
1758738441601 0.0 156200
1758738443478 0.0 156300
1758738445385 0.0 156400
1758738447279 0.0 156500
1758738449159 0.0 156600
1758738451045 0.0 156700
1758738452967 0.0 156800
1758738454860 0.0 156900
1758738456809 0.0 157000
1758738458745 0.0 157100
1758738460646 0.0 157200
1758738462528 0.0 157300
1758738464416 0.0 157400
1758738466328 0.0 157500
1758738468299 0.0 157600
1758738470695 0.0 157700
1758738472707 0.0 157800
1758738474702 0.0 157900
1758738477230 0.0 158000
1758738479840 0.0 158100
1758738481905 0.0 158200
1758738484498 0.0 158300
1758738487119 0.0 158400
1758738489261 0.0 158500
1758738491251 0.0 158600
1758738493223 0.0 158700
1758738495594 0.0 158800
1758738498104 0.0 158900
1758738500375 0.0 159000
1758738502534 0.0 159100
1758738505041 0.0 159200
1758738507630 0.0 159300
1758738510199 0.0 159400
1758738512734 0.0 159500
1758738515242 0.0 159600
1758738517774 0.0 159700
1758738520339 0.0 159800
1758738522926 0.0 159900
1758738525413 0.0 160000
1758738527841 0.0 160100
1758738530289 0.0 160200
1758738532743 0.0 160300
1758738535275 0.0 160400
1758738537801 0.0 160500
1758738540234 0.0 160600
1758738542707 0.0 160700
1758738545119 0.0 160800
1758738547224 0.0 160900
1758738549325 0.0 161000
1758738551320 0.0 161100
1758738553349 0.0 161200
1758738555258 0.0 161300
1758738557192 0.0 161400
1758738559144 0.0 161500
1758738561280 0.0 161600
1758738563250 0.0 161700
1758738565165 0.0 161800
1758738567061 0.0 161900
1758738568942 0.0 162000
1758738570803 0.0 162100
1758738572714 0.0 162200
1758738574635 0.0 162300
1758738576522 0.0 162400
1758738578408 0.0 162500
1758738580313 0.0 162600
1758738582260 0.0 162700
1758738584173 0.0 162800
1758738586072 0.0 162900
1758738588013 0.0 163000
1758738589924 0.0 163100
1758738591836 0.0 163200
1758738593805 0.0 163300
1758738595786 0.0 163400
1758738597771 0.0 163500
1758738599722 0.0 163600
1758738601778 0.0 163700
1758738603766 0.0 163800
1758738605663 0.0 163900
1758738607608 0.0 164000
1758738609564 0.0 164100
1758738611692 0.0 164200
1758738613805 0.0 164300
1758738615710 0.0 164400
1758738617674 0.0 164500
1758738619606 0.0 164600
1758738621653 0.0 164700
1758738623579 0.0 164800
1758738625504 0.0 164900
1758738627433 0.0 165000
1758738629359 0.0 165100
1758738631298 0.0 165200
1758738633239 0.0 165300
1758738635210 0.0 165400
1758738637138 0.0 165500
1758738639108 0.0 165600
1758738641054 0.0 165700
1758738643019 0.0 165800
1758738645061 0.0 165900
1758738647043 0.0 166000
1758738649035 0.0 166100
1758738651045 0.0 166200
1758738653010 0.0 166300
1758738654963 0.0 166400
1758738656920 0.0 166500
1758738658848 0.0 166600
1758738660796 0.0 166700
1758738662757 0.0 166800
1758738664720 0.0 166900
1758738666657 0.0 167000
1758738668590 0.0 167100
1758738670548 0.0 167200
1758738672494 0.0 167300
1758738674537 0.0 167400
1758738676646 0.0 167500
1758738678642 0.0 167600
1758738680545 0.0 167700
1758738682520 0.0 167800
1758738684545 0.0 167900
1758738686555 0.0 168000
1758738688489 0.0 168100
1758738690429 0.0 168200
1758738692378 0.0 168300
1758738694308 0.0 168400
1758738696243 0.0 168500
1758738698209 0.0 168600
1758738700151 0.0 168700
1758738702149 0.0 168800
1758738704123 0.0 168900
1758738706041 0.0 169000
1758738707997 0.0 169100
1758738709997 0.0 169200
1758738711952 0.0 169300
1758738713968 0.0 169400
1758738715922 0.0 169500
1758738717848 0.0 169600
1758738719796 0.0 169700
1758738721769 0.0 169800
1758738723764 0.0 169900
1758738725719 0.0 170000
1758738727645 0.0 170100
1758738729628 0.0 170200
1758738731558 0.0 170300
1758738733572 0.0 170400
1758738735514 0.0 170500
1758738737453 0.0 170600
1758738739560 0.0 170700
1758738741898 0.0 170800
1758738743993 0.0 170900
1758738746016 0.0 171000
1758738747954 0.0 171100
1758738749900 0.0 171200
1758738751889 0.0 171300
1758738753858 0.0 171400
1758738755834 0.0 171500
1758738757761 0.0 171600
1758738759716 0.0 171700
1758738761675 0.0 171800
1758738763607 0.0 171900
1758738765570 0.0 172000
1758738767495 0.0 172100
1758738769435 0.0 172200
1758738771419 0.0 172300
1758738773399 0.0 172400
1758738775412 0.0 172500
1758738777371 0.0 172600
1758738779336 0.0 172700
1758738781317 0.0 172800
1758738783307 0.0 172900
1758738785290 0.0 173000
1758738787212 0.0 173100
1758738789158 0.0 173200
1758738791078 0.0 173300
1758738793027 0.0 173400
1758738794998 0.0 173500
1758738796924 0.0 173600
1758738798871 0.0 173700
1758738800808 0.0 173800
1758738802931 0.0 173900
1758738805071 0.0 174000
1758738807033 0.0 174100
1758738809033 0.0 174200
1758738811037 0.0 174300
1758738813045 0.0 174400
1758738815029 0.0 174500
1758738817021 0.0 174600
1758738818999 0.0 174700
1758738820985 0.0 174800
1758738822989 0.0 174900
1758738824988 0.0 175000
1758738826972 0.0 175100
1758738828998 0.0 175200
1758738830972 0.0 175300
1758738832933 0.0 175400
1758738835067 0.0 175500
1758738837078 0.0 175600
1758738839087 0.0 175700
1758738841107 0.0 175800
1758738843092 0.0 175900
1758738845143 0.0 176000
1758738847139 0.0 176100
1758738849108 0.0 176200
1758738851090 0.0 176300
1758738853150 0.0 176400
1758738855418 0.0 176500
1758738857459 0.0 176600
1758738859440 0.0 176700
1758738861418 0.0 176800
1758738863414 0.0 176900
1758738865491 0.0 177000
1758738867717 0.0 177100
1758738869858 0.0 177200
1758738872007 0.0 177300
1758738874127 0.0 177400
1758738876658 0.0 177500
1758738879347 0.0 177600
1758738881903 0.0 177700
1758738884558 0.0 177800
1758738887249 0.0 177900
1758738889613 0.0 178000
1758738891597 0.0 178100
1758738893574 0.0 178200
1758738895545 0.0 178300
1758738897573 0.0 178400
1758738899561 0.0 178500
1758738901571 0.0 178600
1758738903620 0.0 178700
1758738905671 0.0 178800
1758738907746 0.0 178900
1758738909802 0.0 179000
1758738911837 0.0 179100
1758738913852 0.0 179200
1758738915843 0.0 179300
1758738917880 0.0 179400
1758738919886 0.0 179500
1758738922170 0.0 179600
1758738924156 0.0 179700
1758738926211 0.0 179800
1758738928210 0.0 179900
1758738930347 0.0 180000
1758738932535 0.0 180100
1758738934529 0.0 180200
1758738936505 0.0 180300
1758738938492 0.0 180400
1758738940529 0.0 180500
1758738942534 0.0 180600
1758738944557 0.0 180700
1758738946727 0.0 180800
1758738948709 0.0 180900
1758738950741 0.0 181000
1758738952753 0.0 181100
1758738954747 0.0 181200
1758738956756 0.0 181300
1758738958787 0.0 181400
1758738960927 0.0 181500
1758738962923 0.0 181600
1758738964913 0.0 181700
1758738966910 0.0 181800
1758738968901 0.0 181900
1758738970932 0.0 182000
1758738972925 0.0 182100
1758738974941 0.0 182200
1758738976955 0.0 182300
1758738979133 0.0 182400
1758738981300 0.0 182500
1758738983381 0.0 182600
1758738985659 0.0 182700
1758738987848 0.0 182800
1758738989941 0.0 182900
1758738992047 0.0 183000
1758738994430 0.0 183100
1758738996625 0.0 183200
1758738998698 0.0 183300
1758739000748 0.0 183400
1758739002832 0.0 183500
1758739004882 0.0 183600
1758739006996 0.0 183700
1758739009047 0.0 183800
1758739011120 0.0 183900
1758739013229 0.0 184000
1758739015321 0.0 184100
1758739017445 0.0 184200
1758739019573 0.0 184300
1758739021642 0.0 184400
1758739023758 0.0 184500
1758739025825 0.0 184600
1758739027892 0.0 184700
1758739029920 0.0 184800
1758739031984 0.0 184900
1758739034127 0.0 185000
1758739036255 0.0 185100
1758739038363 0.0 185200
1758739040382 0.0 185300
1758739042444 0.0 185400
1758739044566 0.0 185500
1758739046648 0.0 185600
1758739048702 0.0 185700
1758739050757 0.0 185800
1758739052853 0.0 185900
1758739055057 0.0 186000
1758739057265 0.0 186100
1758739059569 0.0 186200
1758739061771 0.0 186300
1758739063907 0.0 186400
1758739066219 0.0 186500
1758739068503 0.0 186600
1758739070734 0.0 186700
1758739072925 0.0 186800
1758739075203 0.0 186900
1758739077372 0.0 187000
1758739079587 0.0 187100
1758739081720 0.0 187200
1758739083809 0.0 187300
1758739085938 0.0 187400
1758739088102 0.0 187500
1758739090314 0.0 187600
1758739092503 0.0 187700
1758739094681 0.0 187800
1758739096890 0.0 187900
1758739099169 0.0 188000
1758739101345 0.0 188100
1758739103839 0.0 188200
1758739105917 0.0 188300
1758739107993 0.0 188400
1758739110087 0.0 188500
1758739112141 0.0 188600
1758739114188 0.0 188700
1758739116307 0.0 188800
1758739118387 0.0 188900
1758739120505 0.0 189000
1758739122890 0.0 189100
1758739125224 0.0 189200
1758739127548 0.0 189300
1758739129823 0.0 189400
1758739132065 0.0 189500
1758739134161 0.0 189600
1758739136248 0.0 189700
1758739138332 0.0 189800
1758739140474 0.0 189900
1758739142590 0.0 190000
1758739144697 0.0 190100
1758739146833 0.0 190200
1758739148887 0.0 190300
1758739150927 0.0 190400
1758739152999 0.0 190500
1758739155054 0.0 190600
1758739157105 0.0 190700
1758739159145 0.0 190800
1758739161229 0.0 190900
1758739163263 0.0 191000
1758739165316 0.0 191100
1758739167376 0.0 191200
1758739169427 0.0 191300
1758739171579 0.0 191400
1758739173634 0.0 191500
1758739175712 0.0 191600
1758739177809 0.0 191700
1758739179896 0.0 191800
1758739181972 0.0 191900
1758739184002 0.0 192000
1758739186251 0.0 192100
1758739188458 0.0 192200
1758739190522 0.0 192300
1758739192591 0.0 192400
1758739194658 0.0 192500
1758739196730 0.0 192600
1758739198931 0.0 192700
1758739201000 0.0 192800
1758739203097 0.0 192900
1758739205151 0.0 193000
1758739207199 0.0 193100
1758739209250 0.0 193200
1758739211330 0.0 193300
1758739213420 0.0 193400
1758739215476 0.0 193500
1758739217553 0.0 193600
1758739219640 0.0 193700
1758739221702 0.0 193800
1758739223817 0.0 193900
1758739225871 0.0 194000
1758739227947 0.0 194100
1758739230001 0.0 194200
1758739232107 0.0 194300
1758739234177 0.0 194400
1758739236228 0.0 194500
1758739238295 0.0 194600
1758739240365 0.0 194700
1758739242409 0.0 194800
1758739244494 0.0 194900
1758739246558 0.0 195000
1758739248658 0.0 195100
1758739250843 0.0 195200
1758739252929 0.0 195300
1758739255039 0.0 195400
1758739257099 0.0 195500
1758739259150 0.0 195600
1758739261224 0.0 195700
1758739263340 0.0 195800
1758739265412 0.0 195900
1758739267479 0.0 196000
1758739269536 0.0 196100
1758739271628 0.0 196200
1758739273675 0.0 196300
1758739275880 0.0 196400
1758739277950 0.0 196500
1758739279996 0.0 196600
1758739282065 0.0 196700
1758739284520 0.0 196800
1758739286693 0.0 196900
1758739288984 0.0 197000
1758739291407 0.0 197100
1758739293885 0.0 197200
1758739296335 0.0 197300
1758739298448 0.0 197400
1758739300525 0.0 197500
1758739302627 0.0 197600
1758739304706 0.0 197700
1758739306786 0.0 197800
1758739309198 0.0 197900
1758739311596 0.0 198000
1758739314022 0.0 198100
1758739316196 0.0 198200
1758739318283 0.0 198300
1758739320398 0.0 198400
1758739322467 0.0 198500
1758739324609 0.0 198600
1758739326709 0.0 198700
1758739328803 0.0 198800
1758739330887 0.0 198900
1758739332948 0.0 199000
1758739335182 0.0 199100
1758739337248 0.0 199200
1758739339350 0.0 199300
1758739341427 0.0 199400
1758739343528 0.0 199500
1758739345670 0.0 199600
1758739347908 0.0 199700
1758739350030 0.0 199800
1758739352194 0.0 199900
1758739354505 0.0 200000
1758739356841 0.0 200100
1758739359134 0.0 200200
1758739361306 0.0 200300
1758739363574 0.0 200400
1758739365840 0.0 200500
1758739368113 0.0 200600
1758739370253 0.0 200700
1758739372545 0.0 200800
1758739374860 0.0 200900
1758739377192 0.0 201000
1758739379599 0.0 201100
1758739381920 0.0 201200
1758739384220 0.0 201300
1758739386373 0.0 201400
1758739388667 0.0 201500
1758739390924 0.0 201600
1758739393158 0.0 201700
1758739395299 0.0 201800
1758739397558 0.0 201900
1758739399827 0.0 202000
1758739402154 0.0 202100
1758739404305 0.0 202200
1758739406623 0.0 202300
1758739408897 0.0 202400
1758739411166 0.0 202500
1758739413323 0.0 202600
1758739415637 0.0 202700
1758739417897 0.0 202800
1758739420221 0.0 202900
1758739422419 0.0 203000
1758739424708 0.0 203100
1758739427001 0.0 203200
1758739429279 0.0 203300
1758739431429 0.0 203400
1758739433710 0.0 203500
1758739435993 0.0 203600
1758739438270 0.0 203700
1758739440552 0.0 203800
1758739442941 0.0 203900
1758739445229 0.0 204000
1758739447494 0.0 204100
1758739449610 0.0 204200
1758739451891 0.0 204300
1758739454246 0.0 204400
1758739456561 0.0 204500
1758739458695 0.0 204600
1758739461014 0.0 204700
1758739463339 0.0 204800
1758739465828 0.0 204900
1758739468139 0.0 205000
1758739470401 0.0 205100
1758739472719 0.0 205200
1758739474958 0.0 205300
1758739477400 0.0 205400
1758739479734 0.0 205500
1758739482064 0.0 205600
1758739484267 0.0 205700
1758739486598 0.0 205800
1758739488909 0.0 205900
1758739491280 0.0 206000
1758739493495 0.0 206100
1758739495815 0.0 206200
1758739498105 0.0 206300
1758739500419 0.0 206400
1758739502583 0.0 206500
1758739505068 0.0 206600
1758739507474 0.0 206700
1758739509772 0.0 206800
1758739511938 0.0 206900
1758739514283 0.0 207000
1758739516634 0.0 207100
1758739518973 0.0 207200
1758739521207 0.0 207300
1758739523562 0.0 207400
1758739525896 0.0 207500
1758739528232 0.0 207600
1758739530426 0.0 207700
1758739532703 0.0 207800
1758739535027 0.0 207900
1758739537373 0.0 208000
1758739539631 0.0 208100
1758739541964 0.0 208200
1758739544278 0.0 208300
1758739546480 0.0 208400
1758739548849 0.0 208500
1758739551167 0.0 208600
1758739553497 0.0 208700
1758739555701 0.0 208800
1758739558099 0.0 208900
1758739560472 0.0 209000
1758739562792 0.0 209100
1758739564946 0.0 209200
1758739567342 0.0 209300
1758739569878 0.0 209400
1758739572205 0.0 209500
1758739574417 0.0 209600
1758739576702 0.0 209700
1758739579028 0.0 209800
1758739581364 0.0 209900
1758739583524 0.0 210000
1758739585821 0.0 210100
1758739588148 0.0 210200
1758739590471 0.0 210300
1758739592632 0.0 210400
1758739594955 0.0 210500
1758739597267 0.0 210600
1758739599624 0.0 210700
1758739601792 0.0 210800
1758739604109 0.0 210900
1758739606418 0.0 211000
1758739608728 0.0 211100
1758739610920 0.0 211200
1758739613234 0.0 211300
1758739615548 0.0 211400
1758739617726 0.0 211500
1758739620072 0.0 211600
1758739622401 0.0 211700
1758739624731 0.0 211800
1758739626953 0.0 211900
1758739629383 0.0 212000
1758739631862 0.0 212100
1758739634353 0.0 212200
1758739636520 0.0 212300
1758739638836 0.0 212400
1758739641171 0.0 212500
1758739643498 0.0 212600
1758739645940 0.0 212700
1758739648796 0.0 212800
1758739651802 0.0 212900
1758739654490 0.0 213000
1758739657378 0.0 213100
1758739660464 0.0 213200
1758739663470 0.0 213300
1758739666530 0.0 213400
1758739669277 0.0 213500
1758739672242 0.0 213600
1758739675056 0.0 213700
1758739677487 0.0 213800
1758739679692 0.0 213900
1758739682002 0.0 214000
1758739684334 0.0 214100
1758739686650 0.0 214200
1758739689092 0.0 214300
1758739691772 0.0 214400
1758739694514 0.0 214500
1758739697305 0.0 214600
1758739699776 0.0 214700
1758739702351 0.0 214800
1758739704805 0.0 214900
1758739707614 0.0 215000
1758739710480 0.0 215100
1758739713525 0.0 215200
1758739716520 0.0 215300
1758739719146 0.0 215400
1758739721723 0.0 215500
1758739724387 0.0 215600
1758739727059 0.0 215700
1758739729588 0.0 215800
1758739732211 0.0 215900
1758739734821 0.0 216000
1758739737503 0.0 216100
1758739739727 0.0 216200
1758739742012 0.0 216300
1758739744346 0.0 216400
1758739746760 0.0 216500
1758739749051 0.0 216600
1758739751819 0.0 216700
1758739754808 0.0 216800
1758739757476 0.0 216900
1758739759947 0.0 217000
1758739762330 0.0 217100
1758739764650 0.0 217200
1758739767005 0.0 217300
1758739769214 0.0 217400
1758739771758 0.0 217500
1758739774066 0.0 217600
1758739776410 0.0 217700
1758739778632 0.0 217800
1758739781004 0.0 217900
1758739783414 0.0 218000
1758739785738 0.0 218100
1758739787928 0.0 218200
1758739790281 0.0 218300
1758739792592 0.0 218400
1758739794916 0.0 218500
1758739797113 0.0 218600
1758739799447 0.0 218700
1758739801798 0.0 218800
1758739803998 0.0 218900
1758739806325 0.0 219000
1758739808670 0.0 219100
1758739811030 0.0 219200
1758739813318 0.0 219300
1758739815722 0.0 219400
1758739818067 0.0 219500
1758739820418 0.0 219600
1758739822754 0.0 219700
1758739825207 0.0 219800
1758739827891 0.0 219900
1758739830466 0.0 220000
1758739832779 0.0 220100
1758739835216 0.0 220200
1758739837696 0.0 220300
1758739840174 0.0 220400
1758739842420 0.0 220500
1758739844807 0.0 220600
1758739847159 0.0 220700
1758739849511 0.0 220800
1758739851749 0.0 220900
1758739854118 0.0 221000
1758739856516 0.0 221100
1758739858891 0.0 221200
1758739861123 0.0 221300
1758739863498 0.0 221400
1758739865838 0.0 221500
1758739868031 0.0 221600
1758739870380 0.0 221700
1758739872767 0.0 221800
1758739875257 0.0 221900
1758739877488 0.0 222000
1758739879867 0.0 222100
1758739882237 0.0 222200
1758739884651 0.0 222300
1758739887051 0.0 222400
1758739889517 0.0 222500
1758739891897 0.0 222600
1758739894272 0.0 222700
1758739896531 0.0 222800
1758739898893 0.0 222900
1758739901293 0.0 223000
1758739903635 0.0 223100
1758739905935 0.0 223200
1758739908284 0.0 223300
1758739910665 0.0 223400
1758739913007 0.0 223500
1758739915238 0.0 223600
1758739917626 0.0 223700
1758739919980 0.0 223800
1758739922331 0.0 223900
1758739924574 0.0 224000
1758739926957 0.0 224100
1758739929326 0.0 224200
1758739931711 0.0 224300
1758739933921 0.0 224400
1758739936353 0.0 224500
1758739938731 0.0 224600
1758739941117 0.0 224700
1758739943346 0.0 224800
1758739945800 0.0 224900
1758739948235 0.0 225000
1758739950855 0.0 225100
1758739953301 0.0 225200
1758739955723 0.0 225300
1758739958127 0.0 225400
1758739960391 0.0 225500
1758739962782 0.0 225600
1758739965164 0.0 225700
1758739967608 0.0 225800
1758739969902 0.0 225900
1758739972312 0.0 226000
1758739974733 0.0 226100
1758739977219 0.0 226200
1758739979557 0.0 226300
1758739981992 0.0 226400
1758739984336 0.0 226500
1758739986716 0.0 226600
1758739988963 0.0 226700
1758739991357 0.0 226800
1758739993709 0.0 226900
1758739996825 0.0 227000
1758739999289 0.0 227100
1758740002236 0.0 227200
1758740005006 0.0 227300
1758740008003 0.0 227400
1758740010467 0.0 227500
1758740013098 0.0 227600
1758740015803 0.0 227700
1758740018293 0.0 227800
1758740021129 0.0 227900
1758740023981 0.0 228000
1758740026710 0.0 228100
1758740029152 0.0 228200
1758740032045 0.0 228300
1758740034682 0.0 228400
1758740037689 0.0 228500
1758740040471 0.0 228600
1758740043240 0.0 228700
1758740045918 0.0 228800
1758740048529 0.0 228900
1758740050956 0.0 229000
