1758735640090 0.0 100
1758735641312 0.0 200
1758735642564 0.0 300
1758735643782 0.0 400
1758735644998 0.0 500
1758735646206 0.0 600
1758735647417 0.0 700
1758735648735 0.0 800
1758735649913 0.0 900
1758735651115 0.0 1000
1758735652303 0.0 1100
1758735653720 0.0 1200
1758735655241 0.0 1300
1758735656634 0.0 1400
1758735657931 0.0 1500
1758735659182 0.0 1600
1758735660496 0.0 1700
1758735661731 0.0 1800
1758735663012 0.0 1900
1758735664246 0.0 2000
1758735665494 0.0 2100
1758735666718 0.0 2200
1758735667970 0.0 2300
1758735669183 0.0 2400
1758735670402 0.0 2500
1758735671645 0.0 2600
1758735672954 0.0 2700
1758735674218 0.0 2800
1758735675505 0.0 2900
1758735676786 0.0 3000
1758735678095 0.0 3100
1758735679337 0.0 3200
1758735680679 0.0 3300
1758735682001 0.0 3400
1758735683301 0.0 3500
1758735684557 0.0 3600
1758735685948 0.0 3700
1758735687273 0.0 3800
1758735688534 0.0 3900
1758735689793 0.0 4000
1758735691066 0.0 4100
1758735692332 0.0 4200
1758735693583 0.0 4300
1758735694858 0.0 4400
1758735696080 0.0 4500
1758735697329 0.0 4600
1758735698624 0.0 4700
1758735699871 0.0 4800
1758735701173 0.0 4900
1758735702451 0.0 5000
1758735703722 0.0 5100
1758735705073 0.0 5200
1758735706423 0.0 5300
1758735707768 0.0 5400
1758735709206 0.0 5500
1758735710555 0.0 5600
1758735711961 0.0 5700
1758735713407 0.0 5800
1758735714676 0.0 5900
1758735715961 0.0 6000
1758735717251 0.0 6100
1758735718685 0.0 6200
1758735720082 0.0 6300
1758735721542 0.0 6400
1758735722894 0.0 6500
1758735724649 0.0 6600
1758735726476 0.0 6700
1758735728334 0.0 6800
1758735729838 0.0 6900
1758735731104 0.0 7000
1758735732395 0.0 7100
1758735734112 0.0 7200
1758735735678 0.0 7300
1758735737015 0.0 7400
1758735738494 0.0 7500
1758735739971 0.0 7600
1758735741379 0.0 7700
1758735742840 0.0 7800
1758735744699 0.0 7900
1758735746046 0.0 8000
1758735747297 0.0 8100
1758735748531 0.0 8200
1758735749761 0.0 8300
1758735751037 0.0 8400
1758735752270 0.0 8500
1758735753521 0.0 8600
1758735754904 0.0 8700
1758735756190 0.0 8800
1758735757982 0.0 8900
1758735759801 0.0 9000
1758735761579 0.0 9100
1758735763442 0.0 9200
1758735765259 0.0 9300
1758735766677 0.0 9400
1758735768020 0.0 9500
1758735769312 0.0 9600
1758735770603 0.0 9700
1758735771979 0.0 9800
1758735773360 0.0 9900
1758735774840 0.0 10000
1758735776179 0.0 10100
1758735777541 0.0 10200
1758735778915 0.0 10300
1758735780258 0.0 10400
1758735781624 0.0 10500
1758735783141 0.0 10600
1758735784683 0.0 10700
1758735786254 0.0 10800
1758735787712 0.0 10900
1758735789175 0.0 11000
1758735790546 0.0 11100
1758735791877 0.0 11200
1758735793323 0.0 11300
1758735795221 0.0 11400
1758735796899 0.0 11500
1758735798256 0.0 11600
1758735799694 0.0 11700
1758735801463 0.0 11800
1758735803078 0.0 11900
1758735804757 0.0 12000
1758735806442 0.0 12100
1758735807917 0.0 12200
1758735809468 0.0 12300
1758735810872 0.0 12400
1758735812274 0.0 12500
1758735813572 0.0 12600
1758735814874 0.0 12700
1758735816260 0.0 12800
1758735817692 0.0 12900
1758735819023 0.0 13000
1758735820392 0.0 13100
1758735821910 0.0 13200
1758735823436 0.0 13300
1758735825016 0.0 13400
1758735826736 0.0 13500
1758735828304 0.0 13600
1758735829786 0.0 13700
1758735831220 0.0 13800
1758735832715 0.0 13900
1758735834533 0.0 14000
1758735835975 0.0 14100
1758735837585 0.0 14200
1758735839315 0.0 14300
1758735840645 0.0 14400
1758735842407 0.0 14500
1758735844082 0.0 14600
1758735845476 0.0 14700
1758735847202 0.0 14800
1758735848902 0.0 14900
1758735850571 0.0 15000
1758735852229 0.0 15100
1758735853868 0.0 15200
1758735855214 0.0 15300
1758735856831 0.0 15400
1758735858199 0.0 15500
1758735859593 0.0 15600
1758735861222 0.0 15700
1758735862544 0.0 15800
1758735863869 0.0 15900
1758735865313 0.0 16000
1758735866653 0.0 16100
1758735868276 0.0 16200
1758735869893 0.0 16300
1758735871202 0.0 16400
1758735872500 0.0 16500
1758735873854 0.0 16600
1758735875165 0.0 16700
1758735876487 0.0 16800
1758735877863 0.0 16900
1758735879286 0.0 17000
1758735880794 0.0 17100
1758735882250 0.0 17200
1758735883699 0.0 17300
1758735885163 0.0 17400
1758735886599 0.0 17500
1758735888026 0.0 17600
1758735889540 0.0 17700
1758735891009 0.0 17800
1758735892457 0.0 17900
1758735893896 0.0 18000
1758735895333 0.0 18100
1758735896830 0.0 18200
1758735898325 0.0 18300
1758735899782 0.0 18400
1758735901226 0.0 18500
1758735902677 0.0 18600
1758735904130 0.0 18700
1758735905603 0.0 18800
1758735906995 0.0 18900
1758735908343 0.0 19000
1758735909806 0.0 19100
1758735911389 0.0 19200
1758735912986 0.0 19300
1758735914459 0.0 19400
1758735915798 0.0 19500
1758735917125 0.0 19600
1758735918537 0.0 19700
1758735920089 0.0 19800
1758735921605 0.0 19900
1758735922974 0.0 20000
1758735924316 0.0 20100
1758735925687 0.0 20200
1758735927010 0.0 20300
1758735928294 0.0 20400
1758735929620 0.0 20500
1758735930986 0.0 20600
1758735932353 0.0 20700
1758735933644 0.0 20800
1758735934938 0.0 20900
1758735936270 0.0 21000
1758735937733 0.0 21100
1758735939026 0.0 21200
1758735940397 0.0 21300
1758735941711 0.0 21400
1758735943168 0.0 21500
1758735944516 0.0 21600
1758735945866 0.0 21700
1758735947205 0.0 21800
1758735948519 0.0 21900
1758735949879 0.0 22000
1758735951324 0.0 22100
1758735952634 0.0 22200
1758735954035 0.0 22300
1758735955434 0.0 22400
1758735956864 0.0 22500
1758735958187 0.0 22600
1758735959655 0.0 22700
1758735961139 0.0 22800
1758735962510 0.0 22900
1758735963960 0.0 23000
1758735965379 0.0 23100
1758735966891 0.0 23200
1758735968355 0.0 23300
1758735969697 0.0 23400
1758735971055 0.0 23500
1758735972713 0.0 23600
1758735974124 0.0 23700
1758735976038 0.0 23800
1758735978151 0.0 23900
1758735979982 0.0 24000
1758735981936 0.0 24100
1758735983920 0.0 24200
1758735985753 0.0 24300
1758735987173 0.0 24400
1758735988500 0.0 24500
1758735989934 0.0 24600
1758735991377 0.0 24700
1758735992886 0.0 24800
1758735994440 0.0 24900
1758735995820 0.0 25000
1758735997198 0.0 25100
1758735998680 0.0 25200
1758736000203 0.0 25300
1758736001628 0.0 25400
1758736003124 0.0 25500
1758736004654 0.0 25600
1758736006151 0.0 25700
1758736007627 0.0 25800
1758736009148 0.0 25900
1758736010639 0.0 26000
1758736012149 0.0 26100
1758736013739 0.0 26200
1758736015423 0.0 26300
1758736016978 0.0 26400
1758736018641 0.0 26500
1758736020184 0.0 26600
1758736021654 0.0 26700
1758736023036 0.0 26800
1758736024453 0.0 26900
1758736025979 0.0 27000
1758736027459 0.0 27100
1758736028968 0.0 27200
1758736030720 0.0 27300
1758736032193 0.0 27400
1758736033607 0.0 27500
1758736034996 0.0 27600
1758736036413 0.0 27700
1758736037786 0.0 27800
1758736039202 0.0 27900
1758736041045 0.0 28000
1758736042993 0.0 28100
1758736044705 0.0 28200
1758736046391 0.0 28300
1758736047976 0.0 28400
1758736049414 0.0 28500
1758736050902 0.0 28600
1758736052344 0.0 28700
1758736053753 0.0 28800
1758736055277 0.0 28900
1758736056668 0.0 29000
1758736058182 0.0 29100
1758736059659 0.0 29200
1758736061705 0.0 29300
1758736063213 0.0 29400
1758736064711 0.0 29500
1758736066305 0.0 29600
1758736068217 0.0 29700
1758736069701 0.0 29800
1758736071261 0.0 29900
1758736072985 0.0 30000
1758736074895 0.0 30100
1758736076817 0.0 30200
1758736078722 0.0 30300
1758736080683 0.0 30400
1758736082159 0.0 30500
1758736083961 0.0 30600
1758736085971 0.0 30700
1758736087505 0.0 30800
1758736088945 0.0 30900
1758736090333 0.0 31000
1758736091743 0.0 31100
1758736093097 0.0 31200
1758736094492 0.0 31300
1758736095893 0.0 31400
1758736097363 0.0 31500
1758736098964 0.0 31600
1758736100867 0.0 31700
1758736102268 0.0 31800
1758736103681 0.0 31900
1758736105210 0.0 32000
1758736106743 0.0 32100
1758736108261 0.0 32200
1758736109687 0.0 32300
1758736111222 0.0 32400
1758736112591 0.0 32500
1758736114262 0.0 32600
1758736115954 0.0 32700
1758736117526 0.0 32800
1758736119192 0.0 32900
1758736120733 0.0 33000
1758736122231 0.0 33100
1758736123718 0.0 33200
1758736125308 0.0 33300
1758736126824 0.0 33400
1758736128536 0.0 33500
1758736130180 0.0 33600
1758736132135 0.0 33700
1758736133878 0.0 33800
1758736135272 0.0 33900
1758736136597 0.0 34000
1758736138120 0.0 34100
1758736139800 0.0 34200
1758736141437 0.0 34300
1758736143284 0.0 34400
1758736144775 0.0 34500
1758736146471 0.0 34600
1758736148232 0.0 34700
1758736150172 0.0 34800
1758736151971 0.0 34900
1758736154165 0.0 35000
1758736156009 0.0 35100
1758736157728 0.0 35200
1758736159838 0.0 35300
1758736162012 0.0 35400
1758736163623 0.0 35500
1758736165100 0.0 35600
1758736166637 0.0 35700
1758736167994 0.0 35800
1758736169535 0.0 35900
1758736171189 0.0 36000
1758736172916 0.0 36100
1758736174681 0.0 36200
1758736176356 0.0 36300
1758736177994 0.0 36400
1758736179730 0.0 36500
1758736181517 0.0 36600
1758736182966 0.0 36700
1758736184712 0.0 36800
1758736186135 0.0 36900
1758736187562 0.0 37000
1758736189028 0.0 37100
1758736190523 0.0 37200
1758736192493 0.0 37300
1758736194451 0.0 37400
1758736196461 0.0 37500
1758736197995 0.0 37600
1758736199470 0.0 37700
1758736201328 0.0 37800
1758736203108 0.0 37900
1758736205045 0.0 38000
1758736206835 0.0 38100
1758736208763 0.0 38200
1758736210660 0.0 38300
1758736212653 0.0 38400
1758736214571 0.0 38500
1758736216566 0.0 38600
1758736218480 0.0 38700
1758736220452 0.0 38800
1758736221950 0.0 38900
1758736223867 0.0 39000
1758736225790 0.0 39100
1758736227714 0.0 39200
1758736229627 0.0 39300
1758736231606 0.0 39400
1758736233194 0.0 39500
1758736235366 0.0 39600
1758736237156 0.0 39700
1758736238777 0.0 39800
1758736240353 0.0 39900
1758736241998 0.0 40000
1758736243439 0.0 40100
1758736244911 0.0 40200
1758736246487 0.0 40300
1758736248012 0.0 40400
1758736249490 0.0 40500
1758736251017 0.0 40600
1758736252676 0.0 40700
1758736254342 0.0 40800
1758736255989 0.0 40900
1758736257559 0.0 41000
1758736259350 0.0 41100
1758736261169 0.0 41200
1758736262868 0.0 41300
1758736264757 0.0 41400
1758736266293 0.0 41500
1758736267791 0.0 41600
1758736269408 0.0 41700
1758736271422 0.0 41800
1758736273173 0.0 41900
1758736274763 0.0 42000
1758736276290 0.0 42100
1758736277761 0.0 42200
1758736279496 0.0 42300
1758736281151 0.0 42400
1758736283319 0.0 42500
1758736285169 0.0 42600
1758736287302 0.0 42700
1758736288913 0.0 42800
1758736290669 0.0 42900
1758736292367 0.0 43000
1758736294022 0.0 43100
1758736295621 0.0 43200
1758736297078 0.0 43300
1758736298731 0.0 43400
1758736300495 0.0 43500
1758736302262 0.0 43600
1758736303735 0.0 43700
1758736305330 0.0 43800
1758736306953 0.0 43900
1758736308418 0.0 44000
1758736309893 0.0 44100
1758736311363 0.0 44200
1758736313095 0.0 44300
1758736314971 0.0 44400
1758736316928 0.0 44500
1758736318569 0.0 44600
1758736320359 0.0 44700
1758736322108 0.0 44800
1758736324268 0.0 44900
1758736326350 0.0 45000
1758736328393 0.0 45100
1758736330530 0.0 45200
1758736333106 0.0 45300
1758736335166 0.0 45400
1758736337162 0.0 45500
1758736339135 0.0 45600
1758736341250 0.0 45700
1758736342917 0.0 45800
1758736344763 0.0 45900
1758736346822 0.0 46000
1758736348771 0.0 46100
1758736350654 0.0 46200
1758736352764 0.0 46300
1758736354782 0.0 46400
1758736356568 0.0 46500
1758736358332 0.0 46600
1758736360368 0.0 46700
1758736361888 0.0 46800
1758736363425 0.0 46900
1758736365154 0.0 47000
1758736367202 0.0 47100
1758736369306 0.0 47200
1758736371485 0.0 47300
1758736373797 0.0 47400
1758736376033 0.0 47500
1758736378109 0.0 47600
1758736379844 0.0 47700
1758736381531 0.0 47800
1758736383513 0.0 47900
1758736385257 0.0 48000
1758736387339 0.0 48100
1758736389024 0.0 48200
1758736390776 0.0 48300
1758736392875 0.0 48400
1758736395006 0.0 48500
1758736396635 0.0 48600
1758736398292 0.0 48700
1758736399969 0.0 48800
1758736401519 0.0 48900
1758736403216 0.0 49000
1758736404968 0.0 49100
1758736406691 0.0 49200
1758736408449 0.0 49300
1758736410316 0.0 49400
1758736412490 0.0 49500
1758736414713 0.0 49600
1758736416742 0.0 49700
1758736418682 0.0 49800
1758736420637 0.0 49900
1758736422723 0.0 50000
1758736424616 0.0 50100
1758736426238 0.0 50200
1758736427930 0.0 50300
1758736429884 0.0 50400
1758736431756 0.0 50500
1758736433524 0.0 50600
1758736435081 0.0 50700
1758736436609 0.0 50800
1758736438227 0.0 50900
1758736439886 0.0 51000
1758736441486 0.0 51100
1758736442972 0.0 51200
1758736444456 0.0 51300
1758736446275 0.0 51400
1758736448073 0.0 51500
1758736449711 0.0 51600
1758736451380 0.0 51700
1758736453144 0.0 51800
1758736454799 0.0 51900
1758736456326 0.0 52000
1758736457966 0.0 52100
1758736459572 0.0 52200
1758736461281 0.0 52300
1758736462845 0.0 52400
1758736464399 0.0 52500
1758736466125 0.0 52600
1758736467685 0.0 52700
1758736469318 0.0 52800
1758736470965 0.0 52900
1758736472574 0.0 53000
1758736474227 0.0 53100
1758736475849 0.0 53200
1758736477389 0.0 53300
1758736479380 0.0 53400
1758736481304 0.0 53500
1758736483232 0.0 53600
1758736484821 0.0 53700
1758736486752 0.0 53800
1758736488759 0.0 53900
1758736490608 0.0 54000
1758736492386 0.0 54100
1758736494209 0.0 54200
1758736496182 0.0 54300
1758736498137 0.0 54400
1758736500381 0.0 54500
1758736502200 0.0 54600
1758736504339 0.0 54700
1758736506048 0.0 54800
1758736507629 0.0 54900
1758736509349 0.0 55000
1758736511067 0.0 55100
1758736512872 0.0 55200
1758736514697 0.0 55300
1758736516806 0.0 55400
1758736518508 0.0 55500
1758736520178 0.0 55600
1758736522431 0.0 55700
1758736524680 0.0 55800
1758736526492 0.0 55900
1758736528274 0.0 56000
1758736529975 0.0 56100
1758736531930 0.0 56200
1758736533651 0.0 56300
1758736535439 0.0 56400
1758736537052 0.0 56500
1758736538750 0.0 56600
1758736540410 0.0 56700
1758736542195 0.0 56800
1758736543829 0.0 56900
1758736545627 0.0 57000
1758736547333 0.0 57100
1758736548991 0.0 57200
1758736550627 0.0 57300
1758736552216 0.0 57400
1758736553818 0.0 57500
1758736555442 0.0 57600
1758736557157 0.0 57700
1758736558881 0.0 57800
1758736560701 0.0 57900
1758736562314 0.0 58000
1758736563998 0.0 58100
1758736565701 0.0 58200
1758736567368 0.0 58300
1758736569005 0.0 58400
1758736570871 0.0 58500
1758736572785 0.0 58600
1758736574393 0.0 58700
1758736576763 0.0 58800
1758736579247 0.0 58900
1758736581163 0.0 59000
1758736583006 0.0 59100
1758736584932 0.0 59200
1758736587093 0.0 59300
1758736589305 0.0 59400
1758736591208 0.0 59500
1758736593029 0.0 59600
1758736595103 0.0 59700
1758736597397 0.0 59800
1758736599370 0.0 59900
1758736601229 0.0 60000
1758736603193 0.0 60100
1758736605232 0.0 60200
1758736607058 0.0 60300
1758736609042 0.0 60400
1758736610848 0.0 60500
1758736612565 0.0 60600
1758736614704 0.0 60700
1758736616580 0.0 60800
1758736618135 0.0 60900
1758736619821 0.0 61000
1758736621587 0.0 61100
1758736623397 0.0 61200
1758736625294 0.0 61300
1758736626985 0.0 61400
1758736628686 0.0 61500
1758736631121 0.0 61600
1758736633403 0.0 61700
1758736635269 0.0 61800
1758736637041 0.0 61900
1758736639057 0.0 62000
1758736641181 0.0 62100
1758736643021 0.0 62200
1758736644739 0.0 62300
1758736646677 0.0 62400
1758736648497 0.0 62500
1758736650236 0.0 62600
1758736651981 0.0 62700
1758736653654 0.0 62800
1758736655363 0.0 62900
1758736657011 0.0 63000
1758736658576 0.0 63100
1758736660134 0.0 63200
1758736661729 0.0 63300
1758736663403 0.0 63400
1758736665039 0.0 63500
1758736666648 0.0 63600
1758736668300 0.0 63700
1758736669882 0.0 63800
1758736671476 0.0 63900
1758736673134 0.0 64000
1758736674727 0.0 64100
1758736676318 0.0 64200
1758736677948 0.0 64300
1758736679483 0.0 64400
1758736681112 0.0 64500
1758736682719 0.0 64600
1758736684334 0.0 64700
1758736686400 0.0 64800
1758736688715 0.0 64900
1758736691030 0.0 65000
1758736692815 0.0 65100
1758736694897 0.0 65200
1758736696982 0.0 65300
1758736698796 0.0 65400
1758736700647 0.0 65500
1758736702532 0.0 65600
1758736704349 0.0 65700
1758736706233 0.0 65800
1758736708089 0.0 65900
1758736709859 0.0 66000
1758736711637 0.0 66100
1758736713266 0.0 66200
1758736715017 0.0 66300
1758736716830 0.0 66400
1758736718527 0.0 66500
1758736720431 0.0 66600
1758736722038 0.0 66700
1758736723634 0.0 66800
1758736725320 0.0 66900
1758736727205 0.0 67000
1758736728902 0.0 67100
1758736730861 0.0 67200
1758736732781 0.0 67300
1758736734547 0.0 67400
1758736736291 0.0 67500
1758736738216 0.0 67600
1758736740239 0.0 67700
1758736741929 0.0 67800
1758736743753 0.0 67900
1758736745534 0.0 68000
1758736747386 0.0 68100
1758736749445 0.0 68200
1758736751624 0.0 68300
1758736753664 0.0 68400
1758736755554 0.0 68500
1758736757225 0.0 68600
1758736759043 0.0 68700
1758736760663 0.0 68800
1758736762287 0.0 68900
1758736763915 0.0 69000
1758736765720 0.0 69100
1758736767403 0.0 69200
1758736769141 0.0 69300
1758736770836 0.0 69400
1758736772451 0.0 69500
1758736774075 0.0 69600
1758736775721 0.0 69700
1758736777321 0.0 69800
1758736778963 0.0 69900
1758736780590 0.0 70000
1758736782421 0.0 70100
1758736784046 0.0 70200
1758736785740 0.0 70300
1758736787504 0.0 70400
1758736789532 0.0 70500
1758736791721 0.0 70600
1758736793544 0.0 70700
1758736795507 0.0 70800
1758736797707 0.0 70900
1758736799503 0.0 71000
1758736801613 0.0 71100
1758736803340 0.0 71200
1758736805017 0.0 71300
1758736806854 0.0 71400
1758736808581 0.0 71500
1758736810401 0.0 71600
1758736812209 0.0 71700
1758736814114 0.0 71800
1758736816050 0.0 71900
1758736818071 0.0 72000
1758736819969 0.0 72100
1758736821818 0.0 72200
1758736823672 0.0 72300
1758736825312 0.0 72400
1758736827069 0.0 72500
1758736828867 0.0 72600
1758736830577 0.0 72700
1758736832370 0.0 72800
1758736834405 0.0 72900
1758736836329 0.0 73000
1758736838239 0.0 73100
1758736839939 0.0 73200
1758736841662 0.0 73300
1758736843591 0.0 73400
1758736845448 0.0 73500
1758736847334 0.0 73600
1758736849078 0.0 73700
1758736851000 0.0 73800
1758736852794 0.0 73900
1758736854652 0.0 74000
1758736856370 0.0 74100
1758736858027 0.0 74200
1758736859785 0.0 74300
1758736861524 0.0 74400
1758736863216 0.0 74500
1758736865062 0.0 74600
1758736866851 0.0 74700
1758736868662 0.0 74800
1758736870453 0.0 74900
1758736872279 0.0 75000
1758736874088 0.0 75100
1758736876024 0.0 75200
1758736877886 0.0 75300
1758736879803 0.0 75400
1758736881851 0.0 75500
1758736883846 0.0 75600
1758736885987 0.0 75700
1758736887891 0.0 75800
1758736889965 0.0 75900
1758736891987 0.0 76000
1758736894366 0.0 76100
1758736896297 0.0 76200
1758736898260 0.0 76300
1758736900111 0.0 76400
1758736901998 0.0 76500
1758736903836 0.0 76600
1758736905703 0.0 76700
1758736907468 0.0 76800
1758736909354 0.0 76900
1758736911212 0.0 77000
1758736913039 0.0 77100
1758736915070 0.0 77200
1758736916912 0.0 77300
1758736918970 0.0 77400
1758736920856 0.0 77500
1758736922836 0.0 77600
1758736925022 0.0 77700
1758736927181 0.0 77800
1758736929098 0.0 77900
1758736930917 0.0 78000
1758736932867 0.0 78100
1758736934832 0.0 78200
1758736936912 0.0 78300
1758736939048 0.0 78400
1758736941216 0.0 78500
1758736943284 0.0 78600
1758736945933 0.0 78700
1758736948031 0.0 78800
1758736950173 0.0 78900
1758736952410 0.0 79000
1758736954583 0.0 79100
1758736956654 0.0 79200
1758736958676 0.0 79300
1758736960703 0.0 79400
1758736962779 0.0 79500
1758736964976 0.0 79600
1758736967232 0.0 79700
1758736969304 0.0 79800
1758736971347 0.0 79900
1758736973069 0.0 80000
1758736974798 0.0 80100
1758736976561 0.0 80200
1758736978398 0.0 80300
1758736980276 0.0 80400
1758736982360 0.0 80500
1758736984030 0.0 80600
1758736985815 0.0 80700
1758736987590 0.0 80800
1758736989301 0.0 80900
1758736991010 0.0 81000
1758736992705 0.0 81100
1758736994370 0.0 81200
1758736996168 0.0 81300
1758736997962 0.0 81400
1758736999668 0.0 81500
1758737001401 0.0 81600
1758737003120 0.0 81700
1758737004877 0.0 81800
1758737006543 0.0 81900
1758737008364 0.0 82000
1758737010148 0.0 82100
1758737012103 0.0 82200
1758737014128 0.0 82300
1758737015828 0.0 82400
1758737017534 0.0 82500
1758737019230 0.0 82600
1758737020975 0.0 82700
1758737022711 0.0 82800
1758737024430 0.0 82900
1758737026078 0.0 83000
1758737027710 0.0 83100
1758737029483 0.0 83200
1758737031375 0.0 83300
1758737033140 0.0 83400
1758737034952 0.0 83500
1758737036674 0.0 83600
1758737038328 0.0 83700
1758737039983 0.0 83800
1758737041768 0.0 83900
1758737043486 0.0 84000
1758737045210 0.0 84100
1758737046879 0.0 84200
1758737048559 0.0 84300
1758737050270 0.0 84400
1758737051952 0.0 84500
1758737053679 0.0 84600
1758737055382 0.0 84700
1758737057124 0.0 84800
1758737058907 0.0 84900
1758737060658 0.0 85000
1758737062412 0.0 85100
1758737064180 0.0 85200
1758737065953 0.0 85300
1758737067778 0.0 85400
1758737069668 0.0 85500
1758737071487 0.0 85600
1758737073382 0.0 85700
1758737075265 0.0 85800
1758737077368 0.0 85900
1758737079171 0.0 86000
1758737080922 0.0 86100
1758737082726 0.0 86200
1758737084482 0.0 86300
1758737086202 0.0 86400
1758737087923 0.0 86500
1758737089683 0.0 86600
1758737091378 0.0 86700
1758737093204 0.0 86800
1758737094972 0.0 86900
1758737096730 0.0 87000
1758737098550 0.0 87100
1758737100405 0.0 87200
1758737102200 0.0 87300
1758737103939 0.0 87400
1758737105648 0.0 87500
1758737107320 0.0 87600
1758737109071 0.0 87700
1758737110763 0.0 87800
1758737112463 0.0 87900
1758737114179 0.0 88000
1758737115879 0.0 88100
1758737117542 0.0 88200
1758737119293 0.0 88300
1758737121117 0.0 88400
1758737122838 0.0 88500
1758737124606 0.0 88600
1758737126417 0.0 88700
1758737128125 0.0 88800
1758737129923 0.0 88900
1758737131615 0.0 89000
1758737133477 0.0 89100
1758737135144 0.0 89200
1758737136807 0.0 89300
1758737138650 0.0 89400
1758737140608 0.0 89500
1758737142517 0.0 89600
1758737144255 0.0 89700
1758737145927 0.0 89800
1758737147746 0.0 89900
1758737149680 0.0 90000
1758737151724 0.0 90100
1758737154061 0.0 90200
1758737156425 0.0 90300
1758737158783 0.0 90400
1758737160939 0.0 90500
1758737162766 0.0 90600
1758737164553 0.0 90700
1758737166367 0.0 90800
1758737168799 0.0 90900
1758737171258 0.0 91000
1758737173659 0.0 91100
1758737175424 0.0 91200
1758737177275 0.0 91300
1758737179014 0.0 91400
1758737180788 0.0 91500
1758737182612 0.0 91600
1758737184475 0.0 91700
1758737186916 0.0 91800
1758737189310 0.0 91900
1758737191670 0.0 92000
1758737194144 0.0 92100
1758737196498 0.0 92200
1758737198509 0.0 92300
1758737200789 0.0 92400
1758737202716 0.0 92500
1758737204853 0.0 92600
1758737207366 0.0 92700
1758737209830 0.0 92800
1758737212213 0.0 92900
1758737214647 0.0 93000
1758737216617 0.0 93100
1758737218635 0.0 93200
1758737220750 0.0 93300
1758737222782 0.0 93400
1758737224542 0.0 93500
1758737226594 0.0 93600
1758737228285 0.0 93700
1758737229968 0.0 93800
1758737231664 0.0 93900
1758737233359 0.0 94000
1758737235044 0.0 94100
1758737237040 0.0 94200
1758737238771 0.0 94300
1758737240538 0.0 94400
1758737242287 0.0 94500
1758737244165 0.0 94600
1758737245984 0.0 94700
1758737247775 0.0 94800
1758737249551 0.0 94900
1758737251296 0.0 95000
1758737253060 0.0 95100
1758737254818 0.0 95200
1758737256630 0.0 95300
1758737258615 0.0 95400
1758737260385 0.0 95500
1758737262152 0.0 95600
1758737264302 0.0 95700
1758737266184 0.0 95800
1758737268700 0.0 95900
1758737271307 0.0 96000
1758737273647 0.0 96100
1758737276059 0.0 96200
1758737278522 0.0 96300
1758737280658 0.0 96400
1758737282505 0.0 96500
1758737284404 0.0 96600
1758737286436 0.0 96700
1758737288432 0.0 96800
1758737290317 0.0 96900
1758737292220 0.0 97000
1758737294084 0.0 97100
1758737295950 0.0 97200
1758737297836 0.0 97300
1758737299857 0.0 97400
1758737301835 0.0 97500
1758737304086 0.0 97600
1758737306113 0.0 97700
1758737307988 0.0 97800
1758737309900 0.0 97900
1758737311748 0.0 98000
1758737313552 0.0 98100
1758737315445 0.0 98200
1758737317238 0.0 98300
1758737319083 0.0 98400
1758737321021 0.0 98500
1758737322779 0.0 98600
1758737324617 0.0 98700
1758737326483 0.0 98800
1758737328368 0.0 98900
1758737330264 0.0 99000
1758737332171 0.0 99100
1758737334200 0.0 99200
1758737336329 0.0 99300
1758737338731 0.0 99400
1758737341100 0.0 99500
1758737342966 0.0 99600
1758737345247 0.0 99700
1758737347686 0.0 99800
1758737350086 0.0 99900
1758737352056 0.0 100000
1758737353911 0.0 100100
1758737356400 0.0 100200
1758737358790 0.0 100300
1758737361271 0.0 100400
1758737363676 0.0 100500
1758737366128 0.0 100600
1758737368579 0.0 100700
1758737370560 0.0 100800
1758737372560 0.0 100900
1758737374960 0.0 101000
1758737376828 0.0 101100
1758737378627 0.0 101200
1758737380443 0.0 101300
1758737382215 0.0 101400
1758737384015 0.0 101500
1758737385761 0.0 101600
1758737387514 0.0 101700
1758737389258 0.0 101800
1758737391023 0.0 101900
1758737392764 0.0 102000
1758737394551 0.0 102100
1758737396426 0.0 102200
1758737398545 0.0 102300
1758737400476 0.0 102400
1758737402315 0.0 102500
1758737404188 0.0 102600
1758737406052 0.0 102700
1758737407836 0.0 102800
1758737409604 0.0 102900
1758737411373 0.0 103000
1758737413165 0.0 103100
1758737414959 0.0 103200
1758737416748 0.0 103300
1758737418568 0.0 103400
1758737420375 0.0 103500
1758737422136 0.0 103600
1758737423898 0.0 103700
1758737425694 0.0 103800
1758737427570 0.0 103900
1758737429379 0.0 104000
1758737431123 0.0 104100
1758737432879 0.0 104200
1758737434642 0.0 104300
1758737436544 0.0 104400
1758737438286 0.0 104500
1758737440016 0.0 104600
1758737441752 0.0 104700
1758737443463 0.0 104800
1758737445202 0.0 104900
1758737447011 0.0 105000
1758737448854 0.0 105100
1758737450917 0.0 105200
1758737453011 0.0 105300
1758737454841 0.0 105400
1758737456571 0.0 105500
1758737458422 0.0 105600
1758737460220 0.0 105700
1758737462176 0.0 105800
1758737464059 0.0 105900
1758737465820 0.0 106000
1758737467563 0.0 106100
1758737469349 0.0 106200
1758737471113 0.0 106300
1758737472878 0.0 106400
1758737474606 0.0 106500
1758737476366 0.0 106600
1758737478130 0.0 106700
1758737479891 0.0 106800
1758737481692 0.0 106900
1758737483429 0.0 107000
1758737485174 0.0 107100
1758737486920 0.0 107200
1758737488860 0.0 107300
1758737491090 0.0 107400
1758737493587 0.0 107500
1758737496060 0.0 107600
1758737498487 0.0 107700
1758737500909 0.0 107800
1758737503307 0.0 107900
1758737505749 0.0 108000
1758737508211 0.0 108100
1758737510617 0.0 108200
1758737513048 0.0 108300
1758737515455 0.0 108400
1758737517860 0.0 108500
1758737520366 0.0 108600
1758737522750 0.0 108700
1758737525250 0.0 108800
1758737527643 0.0 108900
1758737529674 0.0 109000
1758737531553 0.0 109100
1758737533470 0.0 109200
1758737535941 0.0 109300
1758737538441 0.0 109400
1758737540892 0.0 109500
1758737542680 0.0 109600
1758737544429 0.0 109700
1758737546273 0.0 109800
1758737548078 0.0 109900
1758737549989 0.0 110000
1758737551982 0.0 110100
1758737554106 0.0 110200
1758737556201 0.0 110300
1758737558277 0.0 110400
1758737560367 0.0 110500
1758737562475 0.0 110600
1758737564323 0.0 110700
1758737566064 0.0 110800
1758737567792 0.0 110900
1758737569674 0.0 111000
1758737571770 0.0 111100
1758737573879 0.0 111200
1758737575659 0.0 111300
1758737577398 0.0 111400
1758737579135 0.0 111500
1758737581177 0.0 111600
1758737583297 0.0 111700
1758737585408 0.0 111800
1758737587500 0.0 111900
1758737589724 0.0 112000
1758737591915 0.0 112100
1758737594033 0.0 112200
1758737595767 0.0 112300
1758737597491 0.0 112400
1758737599569 0.0 112500
1758737601691 0.0 112600
1758737603799 0.0 112700
1758737605919 0.0 112800
1758737608011 0.0 112900
1758737610017 0.0 113000
1758737611892 0.0 113100
1758737614018 0.0 113200
1758737616128 0.0 113300
1758737618233 0.0 113400
1758737620323 0.0 113500
1758737622430 0.0 113600
1758737624551 0.0 113700
1758737626434 0.0 113800
1758737628198 0.0 113900
1758737629966 0.0 114000
1758737631726 0.0 114100
1758737633489 0.0 114200
1758737635287 0.0 114300
1758737637125 0.0 114400
1758737638898 0.0 114500
1758737640686 0.0 114600
1758737642474 0.0 114700
1758737644247 0.0 114800
1758737646059 0.0 114900
1758737647840 0.0 115000
1758737649594 0.0 115100
1758737651374 0.0 115200
1758737653264 0.0 115300
1758737655200 0.0 115400
1758737657032 0.0 115500
1758737658920 0.0 115600
1758737660748 0.0 115700
1758737662520 0.0 115800
1758737664283 0.0 115900
1758737666079 0.0 116000
1758737667982 0.0 116100
1758737669820 0.0 116200
1758737671743 0.0 116300
1758737673680 0.0 116400
1758737675680 0.0 116500
1758737677577 0.0 116600
1758737680001 0.0 116700
1758737682407 0.0 116800
1758737684828 0.0 116900
1758737687303 0.0 117000
1758737689780 0.0 117100
1758737692260 0.0 117200
1758737694254 0.0 117300
1758737696121 0.0 117400
1758737697968 0.0 117500
1758737699877 0.0 117600
1758737701815 0.0 117700
1758737703758 0.0 117800
1758737705712 0.0 117900
1758737707815 0.0 118000
1758737709847 0.0 118100
1758737711996 0.0 118200
1758737714075 0.0 118300
1758737716236 0.0 118400
1758737718418 0.0 118500
1758737720618 0.0 118600
1758737722751 0.0 118700
1758737724915 0.0 118800
1758737726889 0.0 118900
1758737729281 0.0 119000
1758737731230 0.0 119100
1758737733192 0.0 119200
1758737735019 0.0 119300
1758737736863 0.0 119400
1758737738797 0.0 119500
1758737740774 0.0 119600
1758737742663 0.0 119700
1758737744563 0.0 119800
1758737746417 0.0 119900
1758737748289 0.0 120000
1758737750241 0.0 120100
1758737752324 0.0 120200
1758737754404 0.0 120300
1758737756288 0.0 120400
1758737758185 0.0 120500
1758737760034 0.0 120600
1758737761951 0.0 120700
1758737763826 0.0 120800
1758737765618 0.0 120900
1758737767475 0.0 121000
1758737769359 0.0 121100
1758737771221 0.0 121200
1758737773091 0.0 121300
1758737774924 0.0 121400
1758737776754 0.0 121500
1758737778542 0.0 121600
1758737780302 0.0 121700
1758737782272 0.0 121800
1758737784189 0.0 121900
1758737786020 0.0 122000
1758737787837 0.0 122100
1758737789515 0.0 122200
1758737791218 0.0 122300
1758737792924 0.0 122400
1758737794678 0.0 122500
1758737796361 0.0 122600
1758737798060 0.0 122700
1758737799811 0.0 122800
1758737801556 0.0 122900
1758737803248 0.0 123000
1758737805412 0.0 123100
1758737807227 0.0 123200
1758737808999 0.0 123300
1758737810792 0.0 123400
1758737812573 0.0 123500
1758737814403 0.0 123600
1758737816194 0.0 123700
1758737817979 0.0 123800
1758737819752 0.0 123900
1758737821552 0.0 124000
1758737823350 0.0 124100
1758737825201 0.0 124200
1758737827043 0.0 124300
1758737828835 0.0 124400
1758737830624 0.0 124500
1758737832538 0.0 124600
1758737834758 0.0 124700
1758737837233 0.0 124800
1758737839167 0.0 124900
1758737841133 0.0 125000
1758737843096 0.0 125100
1758737845255 0.0 125200
1758737847512 0.0 125300
1758737849625 0.0 125400
1758737851789 0.0 125500
1758737853666 0.0 125600
1758737855544 0.0 125700
1758737857482 0.0 125800
1758737859328 0.0 125900
1758737861157 0.0 126000
1758737862994 0.0 126100
1758737864923 0.0 126200
1758737866858 0.0 126300
1758737868832 0.0 126400
1758737870898 0.0 126500
1758737872842 0.0 126600
1758737874804 0.0 126700
1758737876780 0.0 126800
1758737878738 0.0 126900
1758737880679 0.0 127000
1758737882644 0.0 127100
1758737884578 0.0 127200
1758737886473 0.0 127300
1758737888555 0.0 127400
1758737890544 0.0 127500
1758737892513 0.0 127600
1758737894469 0.0 127700
1758737896398 0.0 127800
1758737898337 0.0 127900
1758737900334 0.0 128000
1758737902263 0.0 128100
1758737904256 0.0 128200
1758737906203 0.0 128300
1758737908230 0.0 128400
1758737910302 0.0 128500
1758737912507 0.0 128600
1758737914394 0.0 128700
1758737916311 0.0 128800
1758737918276 0.0 128900
1758737920254 0.0 129000
1758737922133 0.0 129100
1758737924297 0.0 129200
1758737926311 0.0 129300
1758737928237 0.0 129400
1758737930140 0.0 129500
1758737932078 0.0 129600
1758737934005 0.0 129700
1758737936004 0.0 129800
1758737937975 0.0 129900
1758737939983 0.0 130000
1758737941944 0.0 130100
1758737944032 0.0 130200
1758737945993 0.0 130300
1758737948009 0.0 130400
1758737950030 0.0 130500
1758737952072 0.0 130600
1758737954034 0.0 130700
1758737955968 0.0 130800
1758737957903 0.0 130900
1758737959816 0.0 131000
1758737961750 0.0 131100
1758737963736 0.0 131200
1758737965737 0.0 131300
1758737967660 0.0 131400
1758737969588 0.0 131500
1758737971540 0.0 131600
1758737973657 0.0 131700
1758737975774 0.0 131800
1758737977672 0.0 131900
1758737979728 0.0 132000
1758737981719 0.0 132100
1758737983661 0.0 132200
1758737985553 0.0 132300
1758737987412 0.0 132400
1758737989292 0.0 132500
1758737991192 0.0 132600
1758737993084 0.0 132700
1758737995060 0.0 132800
1758737997038 0.0 132900
1758737998959 0.0 133000
1758738000865 0.0 133100
1758738002856 0.0 133200
1758738004865 0.0 133300
1758738006781 0.0 133400
1758738008663 0.0 133500
1758738010597 0.0 133600
1758738012515 0.0 133700
1758738014396 0.0 133800
1758738016420 0.0 133900
1758738018495 0.0 134000
1758738020384 0.0 134100
1758738022239 0.0 134200
1758738024104 0.0 134300
1758738026045 0.0 134400
1758738027936 0.0 134500
1758738030330 0.0 134600
1758738032190 0.0 134700
1758738034059 0.0 134800
1758738036103 0.0 134900
1758738038103 0.0 135000
1758738040156 0.0 135100
1758738042130 0.0 135200
1758738044012 0.0 135300
1758738045872 0.0 135400
1758738047746 0.0 135500
1758738049533 0.0 135600
1758738051441 0.0 135700
1758738053359 0.0 135800
1758738055147 0.0 135900
1758738056979 0.0 136000
1758738058824 0.0 136100
1758738060661 0.0 136200
1758738062453 0.0 136300
1758738064258 0.0 136400
1758738066047 0.0 136500
1758738067846 0.0 136600
1758738069624 0.0 136700
1758738071481 0.0 136800
1758738073265 0.0 136900
1758738075030 0.0 137000
1758738076828 0.0 137100
1758738078637 0.0 137200
1758738080430 0.0 137300
1758738082237 0.0 137400
1758738084073 0.0 137500
1758738086008 0.0 137600
1758738087886 0.0 137700
1758738089754 0.0 137800
1758738091636 0.0 137900
1758738093508 0.0 138000
1758738095443 0.0 138100
1758738097372 0.0 138200
1758738099167 0.0 138300
1758738101122 0.0 138400
1758738103330 0.0 138500
1758738105467 0.0 138600
1758738107609 0.0 138700
1758738109783 0.0 138800
1758738111914 0.0 138900
1758738113987 0.0 139000
1758738115869 0.0 139100
1758738117745 0.0 139200
1758738119615 0.0 139300
1758738121556 0.0 139400
1758738123442 0.0 139500
1758738125369 0.0 139600
1758738127281 0.0 139700
1758738129163 0.0 139800
1758738131065 0.0 139900
1758738132980 0.0 140000
1758738134826 0.0 140100
1758738136663 0.0 140200
1758738138508 0.0 140300
1758738140298 0.0 140400
1758738142118 0.0 140500
1758738143907 0.0 140600
1758738145757 0.0 140700
1758738147575 0.0 140800
1758738149391 0.0 140900
1758738151313 0.0 141000
1758738153132 0.0 141100
1758738155098 0.0 141200
1758738156991 0.0 141300
1758738158836 0.0 141400
1758738160694 0.0 141500
1758738162633 0.0 141600
1758738164514 0.0 141700
1758738166501 0.0 141800
1758738168347 0.0 141900
1758738170153 0.0 142000
1758738171944 0.0 142100
1758738173986 0.0 142200
1758738175921 0.0 142300
1758738177730 0.0 142400
1758738179542 0.0 142500
1758738181410 0.0 142600
1758738183275 0.0 142700
1758738185311 0.0 142800
1758738187507 0.0 142900
1758738189347 0.0 143000
1758738191179 0.0 143100
1758738193205 0.0 143200
1758738195358 0.0 143300
1758738197560 0.0 143400
1758738199769 0.0 143500
1758738201611 0.0 143600
1758738203427 0.0 143700
1758738205265 0.0 143800
1758738207112 0.0 143900
1758738209009 0.0 144000
1758738210882 0.0 144100
1758738212761 0.0 144200
1758738214758 0.0 144300
1758738216777 0.0 144400
1758738218752 0.0 144500
1758738220708 0.0 144600
1758738222665 0.0 144700
1758738224640 0.0 144800
1758738226504 0.0 144900
1758738228500 0.0 145000
1758738230528 0.0 145100
1758738232415 0.0 145200
1758738234290 0.0 145300
1758738236202 0.0 145400
1758738238056 0.0 145500
1758738239888 0.0 145600
1758738241716 0.0 145700
1758738243563 0.0 145800
1758738245421 0.0 145900
1758738247294 0.0 146000
1758738249135 0.0 146100
1758738251005 0.0 146200
1758738252857 0.0 146300
1758738254779 0.0 146400
1758738256664 0.0 146500
1758738258530 0.0 146600
1758738260420 0.0 146700
1758738262282 0.0 146800
1758738264173 0.0 146900
1758738266052 0.0 147000
1758738267948 0.0 147100
1758738269815 0.0 147200
1758738271696 0.0 147300
1758738273701 0.0 147400
1758738275558 0.0 147500
1758738277436 0.0 147600
1758738279293 0.0 147700
1758738281182 0.0 147800
1758738283029 0.0 147900
1758738284984 0.0 148000
1758738286873 0.0 148100
1758738288826 0.0 148200
1758738290715 0.0 148300
1758738292762 0.0 148400
1758738294865 0.0 148500
1758738296765 0.0 148600
1758738298691 0.0 148700
1758738300549 0.0 148800
1758738302444 0.0 148900
1758738304292 0.0 149000
1758738306156 0.0 149100
1758738308023 0.0 149200
1758738309895 0.0 149300
1758738311774 0.0 149400
1758738313633 0.0 149500
1758738315616 0.0 149600
1758738317457 0.0 149700
1758738319350 0.0 149800
1758738321231 0.0 149900
1758738323124 0.0 150000
1758738324960 0.0 150100
1758738326842 0.0 150200
1758738328699 0.0 150300
1758738330581 0.0 150400
1758738332508 0.0 150500
1758738334347 0.0 150600
1758738336183 0.0 150700
1758738338035 0.0 150800
1758738339894 0.0 150900
1758738341772 0.0 151000
1758738343646 0.0 151100
1758738345496 0.0 151200
1758738347463 0.0 151300
1758738349348 0.0 151400
1758738351337 0.0 151500
1758738353502 0.0 151600
1758738355524 0.0 151700
1758738357688 0.0 151800
1758738359744 0.0 151900
1758738361715 0.0 152000
1758738363676 0.0 152100
1758738365607 0.0 152200
1758738367721 0.0 152300
1758738369660 0.0 152400
1758738371562 0.0 152500
1758738373416 0.0 152600
1758738375261 0.0 152700
1758738377135 0.0 152800
1758738379222 0.0 152900
1758738381099 0.0 153000
1758738382978 0.0 153100
1758738384835 0.0 153200
1758738386719 0.0 153300
1758738388590 0.0 153400
1758738390479 0.0 153500
1758738392531 0.0 153600
1758738394392 0.0 153700
1758738396270 0.0 153800
1758738398149 0.0 153900
1758738400023 0.0 154000
1758738401904 0.0 154100
1758738403791 0.0 154200
1758738405706 0.0 154300
1758738407637 0.0 154400
1758738409470 0.0 154500
1758738411348 0.0 154600
1758738413174 0.0 154700
1758738415044 0.0 154800
1758738416925 0.0 154900
1758738418797 0.0 155000
1758738420836 0.0 155100
1758738422821 0.0 155200
1758738424723 0.0 155300
1758738426611 0.0 155400
1758738428468 0.0 155500
1758738430358 0.0 155600
1758738432214 0.0 155700
1758738434060 0.0 155800
1758738436061 0.0 155900
1758738438009 0.0 156000
1758738439890 0.0 156100
1758738441761 0.0 156200
1758738443640 0.0 156300
1758738445559 0.0 156400
1758738447439 0.0 156500
1758738449315 0.0 156600
1758738451206 0.0 156700
1758738453126 0.0 156800
1758738455020 0.0 156900
1758738456974 0.0 157000
1758738458906 0.0 157100
1758738460803 0.0 157200
1758738462687 0.0 157300
1758738464574 0.0 157400
1758738466500 0.0 157500
1758738468457 0.0 157600
1758738470864 0.0 157700
1758738472878 0.0 157800
1758738474865 0.0 157900
1758738477392 0.0 158000
1758738480001 0.0 158100
1758738482073 0.0 158200
1758738484667 0.0 158300
1758738487286 0.0 158400
1758738489418 0.0 158500
1758738491415 0.0 158600
1758738493385 0.0 158700
1758738495755 0.0 158800
1758738498270 0.0 158900
1758738500552 0.0 159000
1758738502701 0.0 159100
1758738505212 0.0 159200
1758738507792 0.0 159300
1758738510362 0.0 159400
1758738512895 0.0 159500
1758738515402 0.0 159600
1758738517934 0.0 159700
1758738520498 0.0 159800
1758738523085 0.0 159900
1758738525572 0.0 160000
1758738528002 0.0 160100
1758738530459 0.0 160200
1758738532903 0.0 160300
1758738535442 0.0 160400
1758738537959 0.0 160500
1758738540396 0.0 160600
1758738542866 0.0 160700
1758738545278 0.0 160800
1758738547393 0.0 160900
1758738549489 0.0 161000
1758738551487 0.0 161100
1758738553506 0.0 161200
1758738555423 0.0 161300
1758738557357 0.0 161400
1758738559372 0.0 161500
1758738561447 0.0 161600
1758738563411 0.0 161700
1758738565330 0.0 161800
1758738567226 0.0 161900
1758738569103 0.0 162000
1758738570967 0.0 162100
1758738572875 0.0 162200
1758738574802 0.0 162300
1758738576683 0.0 162400
1758738578579 0.0 162500
1758738580477 0.0 162600
1758738582422 0.0 162700
1758738584338 0.0 162800
1758738586238 0.0 162900
1758738588173 0.0 163000
1758738590099 0.0 163100
1758738592006 0.0 163200
1758738593970 0.0 163300
1758738595959 0.0 163400
1758738597941 0.0 163500
1758738599892 0.0 163600
1758738601956 0.0 163700
1758738603930 0.0 163800
1758738605838 0.0 163900
1758738607778 0.0 164000
1758738609736 0.0 164100
1758738611873 0.0 164200
1758738613971 0.0 164300
1758738615876 0.0 164400
1758738617848 0.0 164500
1758738619770 0.0 164600
1758738621820 0.0 164700
1758738623757 0.0 164800
1758738625681 0.0 164900
1758738627607 0.0 165000
1758738629532 0.0 165100
1758738631465 0.0 165200
1758738633409 0.0 165300
1758738635378 0.0 165400
1758738637305 0.0 165500
1758738639283 0.0 165600
1758738641226 0.0 165700
1758738643191 0.0 165800
1758738645238 0.0 165900
1758738647244 0.0 166000
1758738649212 0.0 166100
1758738651222 0.0 166200
1758738653184 0.0 166300
1758738655139 0.0 166400
1758738657085 0.0 166500
1758738659021 0.0 166600
1758738660970 0.0 166700
1758738662934 0.0 166800
1758738664890 0.0 166900
1758738666827 0.0 167000
1758738668759 0.0 167100
1758738670717 0.0 167200
1758738672683 0.0 167300
1758738674712 0.0 167400
1758738676823 0.0 167500
1758738678811 0.0 167600
1758738680713 0.0 167700
1758738682701 0.0 167800
1758738684720 0.0 167900
1758738686733 0.0 168000
1758738688672 0.0 168100
1758738690606 0.0 168200
1758738692544 0.0 168300
1758738694480 0.0 168400
1758738696418 0.0 168500
1758738698378 0.0 168600
1758738700323 0.0 168700
1758738702345 0.0 168800
1758738704295 0.0 168900
1758738706209 0.0 169000
1758738708180 0.0 169100
1758738710180 0.0 169200
1758738712126 0.0 169300
1758738714141 0.0 169400
1758738716102 0.0 169500
1758738718026 0.0 169600
1758738719966 0.0 169700
1758738721943 0.0 169800
1758738723939 0.0 169900
1758738725893 0.0 170000
1758738727818 0.0 170100
1758738729795 0.0 170200
1758738731729 0.0 170300
1758738733748 0.0 170400
1758738735686 0.0 170500
1758738737632 0.0 170600
1758738739747 0.0 170700
1758738742071 0.0 170800
1758738744163 0.0 170900
1758738746189 0.0 171000
1758738748124 0.0 171100
1758738750090 0.0 171200
1758738752062 0.0 171300
1758738754035 0.0 171400
1758738756008 0.0 171500
1758738757932 0.0 171600
1758738759893 0.0 171700
1758738761845 0.0 171800
1758738763788 0.0 171900
1758738765744 0.0 172000
1758738767668 0.0 172100
1758738769615 0.0 172200
1758738771601 0.0 172300
1758738773580 0.0 172400
1758738775590 0.0 172500
1758738777547 0.0 172600
1758738779511 0.0 172700
1758738781497 0.0 172800
1758738783486 0.0 172900
1758738785466 0.0 173000
1758738787386 0.0 173100
1758738789332 0.0 173200
1758738791256 0.0 173300
1758738793207 0.0 173400
1758738795171 0.0 173500
1758738797099 0.0 173600
1758738799049 0.0 173700
1758738800995 0.0 173800
1758738803112 0.0 173900
1758738805249 0.0 174000
1758738807210 0.0 174100
1758738809215 0.0 174200
1758738811210 0.0 174300
1758738813225 0.0 174400
1758738815206 0.0 174500
1758738817197 0.0 174600
1758738819187 0.0 174700
1758738821169 0.0 174800
1758738823178 0.0 174900
1758738825167 0.0 175000
1758738827148 0.0 175100
1758738829174 0.0 175200
1758738831144 0.0 175300
1758738833109 0.0 175400
1758738835247 0.0 175500
1758738837252 0.0 175600
1758738839265 0.0 175700
1758738841283 0.0 175800
1758738843273 0.0 175900
1758738845319 0.0 176000
1758738847315 0.0 176100
1758738849293 0.0 176200
1758738851269 0.0 176300
1758738853336 0.0 176400
1758738855593 0.0 176500
1758738857634 0.0 176600
1758738859623 0.0 176700
1758738861602 0.0 176800
1758738863597 0.0 176900
1758738865692 0.0 177000
1758738867904 0.0 177100
1758738870041 0.0 177200
1758738872184 0.0 177300
1758738874317 0.0 177400
1758738876837 0.0 177500
1758738879525 0.0 177600
1758738882083 0.0 177700
1758738884741 0.0 177800
1758738887435 0.0 177900
1758738889799 0.0 178000
1758738891773 0.0 178100
1758738893756 0.0 178200
1758738895737 0.0 178300
1758738897758 0.0 178400
1758738899745 0.0 178500
1758738901753 0.0 178600
1758738903803 0.0 178700
1758738905854 0.0 178800
1758738907931 0.0 178900
1758738909986 0.0 179000
1758738912020 0.0 179100
1758738914028 0.0 179200
1758738916037 0.0 179300
1758738918067 0.0 179400
1758738920069 0.0 179500
1758738922355 0.0 179600
1758738924343 0.0 179700
1758738926403 0.0 179800
1758738928399 0.0 179900
1758738930537 0.0 180000
1758738932720 0.0 180100
1758738934717 0.0 180200
1758738936685 0.0 180300
1758738938687 0.0 180400
1758738940723 0.0 180500
1758738942716 0.0 180600
1758738944748 0.0 180700
1758738946914 0.0 180800
1758738948894 0.0 180900
1758738950923 0.0 181000
1758738952934 0.0 181100
1758738954932 0.0 181200
1758738956947 0.0 181300
1758738958966 0.0 181400
1758738961107 0.0 181500
1758738963101 0.0 181600
1758738965099 0.0 181700
1758738967092 0.0 181800
1758738969079 0.0 181900
1758738971115 0.0 182000
1758738973113 0.0 182100
1758738975133 0.0 182200
1758738977139 0.0 182300
1758738979317 0.0 182400
1758738981492 0.0 182500
1758738983573 0.0 182600
1758738985840 0.0 182700
1758738988034 0.0 182800
1758738990131 0.0 182900
1758738992232 0.0 183000
1758738994620 0.0 183100
1758738996803 0.0 183200
1758738998883 0.0 183300
1758739000929 0.0 183400
1758739003016 0.0 183500
1758739005079 0.0 183600
1758739007179 0.0 183700
1758739009231 0.0 183800
1758739011311 0.0 183900
1758739013428 0.0 184000
1758739015507 0.0 184100
1758739017641 0.0 184200
1758739019765 0.0 184300
1758739021835 0.0 184400
1758739023945 0.0 184500
1758739026018 0.0 184600
1758739028078 0.0 184700
1758739030113 0.0 184800
1758739032168 0.0 184900
1758739034312 0.0 185000
1758739036441 0.0 185100
1758739038544 0.0 185200
1758739040564 0.0 185300
1758739042630 0.0 185400
1758739044755 0.0 185500
1758739046845 0.0 185600
1758739048891 0.0 185700
1758739050946 0.0 185800
1758739053039 0.0 185900
1758739055247 0.0 186000
1758739057468 0.0 186100
1758739059763 0.0 186200
1758739061958 0.0 186300
1758739064097 0.0 186400
1758739066403 0.0 186500
1758739068695 0.0 186600
1758739070922 0.0 186700
1758739073114 0.0 186800
1758739075400 0.0 186900
1758739077561 0.0 187000
1758739079770 0.0 187100
1758739081907 0.0 187200
1758739083994 0.0 187300
1758739086127 0.0 187400
1758739088287 0.0 187500
1758739090502 0.0 187600
1758739092692 0.0 187700
1758739094870 0.0 187800
1758739097074 0.0 187900
1758739099355 0.0 188000
1758739101533 0.0 188100
1758739104023 0.0 188200
1758739106102 0.0 188300
1758739108189 0.0 188400
1758739110275 0.0 188500
1758739112329 0.0 188600
1758739114391 0.0 188700
1758739116493 0.0 188800
1758739118585 0.0 188900
1758739120712 0.0 189000
1758739123121 0.0 189100
1758739125434 0.0 189200
1758739127772 0.0 189300
1758739130021 0.0 189400
1758739132264 0.0 189500
1758739134362 0.0 189600
1758739136445 0.0 189700
1758739138531 0.0 189800
1758739140686 0.0 189900
1758739142785 0.0 190000
1758739144898 0.0 190100
1758739147026 0.0 190200
1758739149081 0.0 190300
1758739151120 0.0 190400
1758739153196 0.0 190500
1758739155248 0.0 190600
1758739157299 0.0 190700
1758739159345 0.0 190800
1758739161420 0.0 190900
1758739163452 0.0 191000
1758739165508 0.0 191100
1758739167575 0.0 191200
1758739169627 0.0 191300
1758739171769 0.0 191400
1758739173830 0.0 191500
1758739175912 0.0 191600
1758739178013 0.0 191700
1758739180102 0.0 191800
1758739182164 0.0 191900
1758739184207 0.0 192000
1758739186460 0.0 192100
1758739188652 0.0 192200
1758739190728 0.0 192300
1758739192786 0.0 192400
1758739194848 0.0 192500
1758739196925 0.0 192600
1758739199125 0.0 192700
1758739201213 0.0 192800
1758739203292 0.0 192900
1758739205345 0.0 193000
1758739207389 0.0 193100
1758739209440 0.0 193200
1758739211540 0.0 193300
1758739213612 0.0 193400
1758739215675 0.0 193500
1758739217747 0.0 193600
1758739219847 0.0 193700
1758739221894 0.0 193800
1758739224007 0.0 193900
1758739226076 0.0 194000
1758739228149 0.0 194100
1758739230205 0.0 194200
1758739232302 0.0 194300
1758739234375 0.0 194400
1758739236423 0.0 194500
1758739238490 0.0 194600
1758739240556 0.0 194700
1758739242602 0.0 194800
1758739244692 0.0 194900
1758739246756 0.0 195000
1758739248864 0.0 195100
1758739251051 0.0 195200
1758739253137 0.0 195300
1758739255239 0.0 195400
1758739257295 0.0 195500
1758739259350 0.0 195600
1758739261438 0.0 195700
1758739263543 0.0 195800
1758739265618 0.0 195900
1758739267680 0.0 196000
1758739269741 0.0 196100
1758739271826 0.0 196200
1758739273999 0.0 196300
1758739276079 0.0 196400
1758739278157 0.0 196500
1758739280193 0.0 196600
1758739282262 0.0 196700
1758739284722 0.0 196800
1758739286900 0.0 196900
1758739289189 0.0 197000
1758739291600 0.0 197100
1758739294083 0.0 197200
1758739296532 0.0 197300
1758739298645 0.0 197400
1758739300728 0.0 197500
1758739302830 0.0 197600
1758739304905 0.0 197700
1758739306985 0.0 197800
1758739309395 0.0 197900
1758739311799 0.0 198000
1758739314231 0.0 198100
1758739316393 0.0 198200
1758739318488 0.0 198300
1758739320594 0.0 198400
1758739322667 0.0 198500
1758739324808 0.0 198600
1758739326912 0.0 198700
1758739329001 0.0 198800
1758739331092 0.0 198900
1758739333152 0.0 199000
1758739335385 0.0 199100
1758739337446 0.0 199200
1758739339550 0.0 199300
1758739341625 0.0 199400
1758739343727 0.0 199500
1758739345875 0.0 199600
1758739348108 0.0 199700
1758739350237 0.0 199800
1758739352406 0.0 199900
1758739354736 0.0 200000
1758739357053 0.0 200100
1758739359348 0.0 200200
1758739361523 0.0 200300
1758739363789 0.0 200400
1758739366057 0.0 200500
1758739368320 0.0 200600
1758739370466 0.0 200700
1758739372763 0.0 200800
1758739375069 0.0 200900
1758739377557 0.0 201000
1758739379822 0.0 201100
1758739382136 0.0 201200
1758739384443 0.0 201300
1758739386717 0.0 201400
1758739388873 0.0 201500
1758739391138 0.0 201600
1758739393368 0.0 201700
1758739395648 0.0 201800
1758739397765 0.0 201900
1758739400042 0.0 202000
1758739402369 0.0 202100
1758739404648 0.0 202200
1758739406844 0.0 202300
1758739409110 0.0 202400
1758739411386 0.0 202500
1758739413531 0.0 202600
1758739415845 0.0 202700
1758739418109 0.0 202800
1758739420436 0.0 202900
1758739422631 0.0 203000
1758739424922 0.0 203100
1758739427217 0.0 203200
1758739429497 0.0 203300
1758739431643 0.0 203400
1758739433923 0.0 203500
1758739436215 0.0 203600
1758739438488 0.0 203700
1758739440771 0.0 203800
1758739443154 0.0 203900
1758739445453 0.0 204000
1758739447707 0.0 204100
1758739449822 0.0 204200
1758739452107 0.0 204300
1758739454460 0.0 204400
1758739456783 0.0 204500
1758739458903 0.0 204600
1758739461238 0.0 204700
1758739463552 0.0 204800
1758739466172 0.0 204900
1758739468355 0.0 205000
1758739470623 0.0 205100
1758739472931 0.0 205200
1758739475316 0.0 205300
1758739477622 0.0 205400
1758739479955 0.0 205500
1758739482288 0.0 205600
1758739484612 0.0 205700
1758739486813 0.0 205800
1758739489129 0.0 205900
1758739491497 0.0 206000
1758739493842 0.0 206100
1758739496032 0.0 206200
1758739498322 0.0 206300
1758739500637 0.0 206400
1758739502941 0.0 206500
1758739505288 0.0 206600
1758739507694 0.0 206700
1758739509988 0.0 206800
1758739512155 0.0 206900
1758739514496 0.0 207000
1758739516855 0.0 207100
1758739519191 0.0 207200
1758739521418 0.0 207300
1758739523781 0.0 207400
1758739526120 0.0 207500
1758739528453 0.0 207600
1758739530639 0.0 207700
1758739532932 0.0 207800
1758739535243 0.0 207900
1758739537607 0.0 208000
1758739539844 0.0 208100
1758739542190 0.0 208200
1758739544497 0.0 208300
1758739546822 0.0 208400
1758739549072 0.0 208500
1758739551392 0.0 208600
1758739553720 0.0 208700
1758739556053 0.0 208800
1758739558319 0.0 208900
1758739560693 0.0 209000
1758739563016 0.0 209100
1758739565299 0.0 209200
1758739567572 0.0 209300
1758739570100 0.0 209400
1758739572435 0.0 209500
1758739574632 0.0 209600
1758739576919 0.0 209700
1758739579250 0.0 209800
1758739581594 0.0 209900
1758739583874 0.0 210000
1758739586054 0.0 210100
1758739588369 0.0 210200
1758739590692 0.0 210300
1758739592874 0.0 210400
1758739595171 0.0 210500
1758739597485 0.0 210600
1758739599845 0.0 210700
1758739602017 0.0 210800
1758739604325 0.0 210900
1758739606644 0.0 211000
1758739608944 0.0 211100
1758739611138 0.0 211200
1758739613456 0.0 211300
1758739615766 0.0 211400
1758739618081 0.0 211500
1758739620294 0.0 211600
1758739622619 0.0 211700
1758739624952 0.0 211800
1758739627310 0.0 211900
1758739629612 0.0 212000
1758739632096 0.0 212100
1758739634570 0.0 212200
1758739636871 0.0 212300
1758739639055 0.0 212400
1758739641391 0.0 212500
1758739643724 0.0 212600
1758739646293 0.0 212700
1758739649013 0.0 212800
1758739652024 0.0 212900
1758739654718 0.0 213000
1758739657748 0.0 213100
1758739660684 0.0 213200
1758739663712 0.0 213300
1758739666754 0.0 213400
1758739669631 0.0 213500
1758739672470 0.0 213600
1758739675280 0.0 213700
1758739677711 0.0 213800
1758739680057 0.0 213900
1758739682226 0.0 214000
1758739684564 0.0 214100
1758739686877 0.0 214200
1758739689322 0.0 214300
1758739692002 0.0 214400
1758739694748 0.0 214500
1758739697529 0.0 214600
1758739699998 0.0 214700
1758739702569 0.0 214800
1758739705035 0.0 214900
1758739707845 0.0 215000
1758739710703 0.0 215100
1758739713744 0.0 215200
1758739716741 0.0 215300
1758739719376 0.0 215400
1758739721941 0.0 215500
1758739724607 0.0 215600
1758739727281 0.0 215700
1758739729941 0.0 215800
1758739732432 0.0 215900
1758739735043 0.0 216000
1758739737726 0.0 216100
1758739740079 0.0 216200
1758739742236 0.0 216300
1758739744572 0.0 216400
1758739746987 0.0 216500
1758739749398 0.0 216600
1758739752042 0.0 216700
1758739755034 0.0 216800
1758739757712 0.0 216900
1758739760186 0.0 217000
1758739762551 0.0 217100
1758739764875 0.0 217200
1758739767231 0.0 217300
1758739769440 0.0 217400
1758739771985 0.0 217500
1758739774289 0.0 217600
1758739776641 0.0 217700
1758739778854 0.0 217800
1758739781244 0.0 217900
1758739783651 0.0 218000
1758739785964 0.0 218100
1758739788155 0.0 218200
1758739790518 0.0 218300
1758739792825 0.0 218400
1758739795143 0.0 218500
1758739797344 0.0 218600
1758739799668 0.0 218700
1758739802023 0.0 218800
1758739804353 0.0 218900
1758739806545 0.0 219000
1758739808897 0.0 219100
1758739811261 0.0 219200
1758739813677 0.0 219300
1758739815944 0.0 219400
1758739818296 0.0 219500
1758739820647 0.0 219600
1758739823124 0.0 219700
1758739825434 0.0 219800
1758739828118 0.0 219900
1758739830696 0.0 220000
1758739833001 0.0 220100
1758739835445 0.0 220200
1758739837927 0.0 220300
1758739840407 0.0 220400
1758739842656 0.0 220500
1758739845035 0.0 220600
1758739847390 0.0 220700
1758739849742 0.0 220800
1758739851978 0.0 220900
1758739854348 0.0 221000
1758739856746 0.0 221100
1758739859129 0.0 221200
1758739861357 0.0 221300
1758739863723 0.0 221400
1758739866066 0.0 221500
1758739868386 0.0 221600
1758739870618 0.0 221700
1758739873003 0.0 221800
1758739875493 0.0 221900
1758739877847 0.0 222000
1758739880093 0.0 222100
1758739882477 0.0 222200
1758739884890 0.0 222300
1758739887438 0.0 222400
1758739889749 0.0 222500
1758739892135 0.0 222600
1758739894504 0.0 222700
1758739896894 0.0 222800
1758739899128 0.0 222900
1758739901533 0.0 223000
1758739903887 0.0 223100
1758739906295 0.0 223200
1758739908524 0.0 223300
1758739910902 0.0 223400
1758739913241 0.0 223500
1758739915464 0.0 223600
1758739917852 0.0 223700
1758739920222 0.0 223800
1758739922563 0.0 223900
1758739924816 0.0 224000
1758739927189 0.0 224100
1758739929562 0.0 224200
1758739931941 0.0 224300
1758739934155 0.0 224400
1758739936590 0.0 224500
1758739938967 0.0 224600
1758739941348 0.0 224700
1758739943576 0.0 224800
1758739946038 0.0 224900
1758739948479 0.0 225000
1758739951237 0.0 225100
1758739953542 0.0 225200
1758739955951 0.0 225300
1758739958359 0.0 225400
1758739960748 0.0 225500
1758739963011 0.0 225600
1758739965405 0.0 225700
1758739967846 0.0 225800
1758739970266 0.0 225900
1758739972546 0.0 226000
1758739974969 0.0 226100
1758739977457 0.0 226200
1758739979928 0.0 226300
1758739982225 0.0 226400
1758739984574 0.0 226500
1758739986952 0.0 226600
1758739989213 0.0 226700
1758739991596 0.0 226800
1758739993944 0.0 226900
1758739997077 0.0 227000
1758739999555 0.0 227100
1758740002499 0.0 227200
1758740005344 0.0 227300
1758740008253 0.0 227400
1758740010739 0.0 227500
1758740013365 0.0 227600
1758740016063 0.0 227700
1758740018740 0.0 227800
1758740021390 0.0 227900
1758740024251 0.0 228000
1758740026956 0.0 228100
1758740029556 0.0 228200
1758740032303 0.0 228300
1758740034953 0.0 228400
1758740037965 0.0 228500
1758740040884 0.0 228600
1758740043495 0.0 228700
1758740046163 0.0 228800
1758740048784 0.0 228900
