1758735640088 0.0 100
1758735641310 0.0 200
1758735642561 0.0 300
1758735643780 0.0 400
1758735644996 0.0 500
1758735646204 0.0 600
1758735647415 0.0 700
1758735648733 0.0 800
1758735649911 0.0 900
1758735651113 0.0 1000
1758735652301 0.0 1100
1758735653717 0.0 1200
1758735655239 0.0 1300
1758735656631 0.0 1400
1758735657927 0.0 1500
1758735659180 0.0 1600
1758735660493 0.0 1700
1758735661728 0.0 1800
1758735663009 0.0 1900
1758735664243 0.0 2000
1758735665491 0.0 2100
1758735666715 0.0 2200
1758735667967 0.0 2300
1758735669180 0.0 2400
1758735670399 0.0 2500
1758735671642 0.0 2600
1758735672950 0.0 2700
1758735674215 0.0 2800
1758735675501 0.0 2900
1758735676783 0.0 3000
1758735678090 0.0 3100
1758735679334 0.0 3200
1758735680676 0.0 3300
1758735681997 0.0 3400
1758735683298 0.0 3500
1758735684554 0.0 3600
1758735685944 0.0 3700
1758735687269 0.0 3800
1758735688531 0.0 3900
1758735689789 0.0 4000
1758735691063 0.0 4100
1758735692328 0.0 4200
1758735693579 0.0 4300
1758735694854 0.0 4400
1758735696076 0.0 4500
1758735697325 0.0 4600
1758735698621 0.0 4700
1758735699867 0.0 4800
1758735701169 0.0 4900
1758735702447 0.0 5000
1758735703718 0.0 5100
1758735705069 0.0 5200
1758735706419 0.0 5300
1758735707764 0.0 5400
1758735709202 0.0 5500
1758735710550 0.0 5600
1758735711956 0.0 5700
1758735713403 0.0 5800
1758735714672 0.0 5900
1758735715957 0.0 6000
1758735717246 0.0 6100
1758735718680 0.0 6200
1758735720077 0.0 6300
1758735721537 0.0 6400
1758735722890 0.0 6500
1758735724644 0.0 6600
1758735726472 0.0 6700
1758735728329 0.0 6800
1758735729834 0.0 6900
1758735731099 0.0 7000
1758735732390 0.0 7100
1758735734107 0.0 7200
1758735735674 0.0 7300
1758735737010 0.0 7400
1758735738489 0.0 7500
1758735739966 0.0 7600
1758735741374 0.0 7700
1758735742834 0.0 7800
1758735744694 0.0 7900
1758735746041 0.0 8000
1758735747292 0.0 8100
1758735748526 0.0 8200
1758735749756 0.0 8300
1758735751032 0.0 8400
1758735752264 0.0 8500
1758735753515 0.0 8600
1758735754898 0.0 8700
1758735756185 0.0 8800
1758735757977 0.0 8900
1758735759795 0.0 9000
1758735761574 0.0 9100
1758735763437 0.0 9200
1758735765253 0.0 9300
1758735766671 0.0 9400
1758735768015 0.0 9500
1758735769307 0.0 9600
1758735770597 0.0 9700
1758735771975 0.0 9800
1758735773354 0.0 9900
1758735774834 0.0 10000
1758735776173 0.0 10100
1758735777535 0.0 10200
1758735778909 0.0 10300
1758735780252 0.0 10400
1758735781617 0.0 10500
1758735783134 0.0 10600
1758735784677 0.0 10700
1758735786248 0.0 10800
1758735787706 0.0 10900
1758735789169 0.0 11000
1758735790539 0.0 11100
1758735791871 0.0 11200
1758735793317 0.0 11300
1758735795213 0.0 11400
1758735796893 0.0 11500
1758735798250 0.0 11600
1758735799688 0.0 11700
1758735801456 0.0 11800
1758735803071 0.0 11900
1758735804751 0.0 12000
1758735806435 0.0 12100
1758735807911 0.0 12200
1758735809461 0.0 12300
1758735810865 0.0 12400
1758735812267 0.0 12500
1758735813565 0.0 12600
1758735814867 0.0 12700
1758735816253 0.0 12800
1758735817685 0.0 12900
1758735819017 0.0 13000
1758735820385 0.0 13100
1758735821900 0.0 13200
1758735823429 0.0 13300
1758735825007 0.0 13400
1758735826728 0.0 13500
1758735828297 0.0 13600
1758735829779 0.0 13700
1758735831212 0.0 13800
1758735832709 0.0 13900
1758735834525 0.0 14000
1758735835966 0.0 14100
1758735837578 0.0 14200
1758735839308 0.0 14300
1758735840638 0.0 14400
1758735842398 0.0 14500
1758735844074 0.0 14600
1758735845468 0.0 14700
1758735847193 0.0 14800
1758735848894 0.0 14900
1758735850564 0.0 15000
1758735852221 0.0 15100
1758735853861 0.0 15200
1758735855206 0.0 15300
1758735856824 0.0 15400
1758735858191 0.0 15500
1758735859584 0.0 15600
1758735861215 0.0 15700
1758735862536 0.0 15800
1758735863861 0.0 15900
1758735865305 0.0 16000
1758735866644 0.0 16100
1758735868268 0.0 16200
1758735869885 0.0 16300
1758735871194 0.0 16400
1758735872492 0.0 16500
1758735873846 0.0 16600
1758735875158 0.0 16700
1758735876479 0.0 16800
1758735877854 0.0 16900
1758735879277 0.0 17000
1758735880786 0.0 17100
1758735882239 0.0 17200
1758735883691 0.0 17300
1758735885154 0.0 17400
1758735886591 0.0 17500
1758735888018 0.0 17600
1758735889530 0.0 17700
1758735890997 0.0 17800
1758735892448 0.0 17900
1758735893887 0.0 18000
1758735895324 0.0 18100
1758735896820 0.0 18200
1758735898316 0.0 18300
1758735899774 0.0 18400
1758735901217 0.0 18500
1758735902669 0.0 18600
1758735904121 0.0 18700
1758735905594 0.0 18800
1758735906986 0.0 18900
1758735908333 0.0 19000
1758735909797 0.0 19100
1758735911378 0.0 19200
1758735912977 0.0 19300
1758735914450 0.0 19400
1758735915789 0.0 19500
1758735917116 0.0 19600
1758735918526 0.0 19700
1758735920081 0.0 19800
1758735921595 0.0 19900
1758735922965 0.0 20000
1758735924307 0.0 20100
1758735925678 0.0 20200
1758735927000 0.0 20300
1758735928285 0.0 20400
1758735929610 0.0 20500
1758735930977 0.0 20600
1758735932344 0.0 20700
1758735933634 0.0 20800
1758735934928 0.0 20900
1758735936259 0.0 21000
1758735937722 0.0 21100
1758735939016 0.0 21200
1758735940387 0.0 21300
1758735941701 0.0 21400
1758735943158 0.0 21500
1758735944506 0.0 21600
1758735945853 0.0 21700
1758735947194 0.0 21800
1758735948510 0.0 21900
1758735949869 0.0 22000
1758735951314 0.0 22100
1758735952624 0.0 22200
1758735954021 0.0 22300
1758735955424 0.0 22400
1758735956853 0.0 22500
1758735958177 0.0 22600
1758735959645 0.0 22700
1758735961126 0.0 22800
1758735962499 0.0 22900
1758735963950 0.0 23000
1758735965363 0.0 23100
1758735966880 0.0 23200
1758735968344 0.0 23300
1758735969687 0.0 23400
1758735971044 0.0 23500
1758735972701 0.0 23600
1758735974112 0.0 23700
1758735976027 0.0 23800
1758735978139 0.0 23900
1758735979971 0.0 24000
1758735981925 0.0 24100
1758735983908 0.0 24200
1758735985742 0.0 24300
1758735987162 0.0 24400
1758735988489 0.0 24500
1758735989921 0.0 24600
1758735991366 0.0 24700
1758735992875 0.0 24800
1758735994429 0.0 24900
1758735995810 0.0 25000
1758735997187 0.0 25100
1758735998668 0.0 25200
1758736000188 0.0 25300
1758736001618 0.0 25400
1758736003113 0.0 25500
1758736004643 0.0 25600
1758736006140 0.0 25700
1758736007616 0.0 25800
1758736009137 0.0 25900
1758736010628 0.0 26000
1758736012137 0.0 26100
1758736013728 0.0 26200
1758736015412 0.0 26300
1758736016967 0.0 26400
1758736018629 0.0 26500
1758736020173 0.0 26600
1758736021644 0.0 26700
1758736023024 0.0 26800
1758736024442 0.0 26900
1758736025967 0.0 27000
1758736027448 0.0 27100
1758736028956 0.0 27200
1758736030708 0.0 27300
1758736032181 0.0 27400
1758736033596 0.0 27500
1758736034984 0.0 27600
1758736036400 0.0 27700
1758736037773 0.0 27800
1758736039189 0.0 27900
1758736041032 0.0 28000
1758736042979 0.0 28100
1758736044693 0.0 28200
1758736046378 0.0 28300
1758736047963 0.0 28400
1758736049402 0.0 28500
1758736050889 0.0 28600
1758736052331 0.0 28700
1758736053741 0.0 28800
1758736055264 0.0 28900
1758736056656 0.0 29000
1758736058170 0.0 29100
1758736059646 0.0 29200
1758736061691 0.0 29300
1758736063201 0.0 29400
1758736064698 0.0 29500
1758736066292 0.0 29600
1758736068204 0.0 29700
1758736069687 0.0 29800
1758736071248 0.0 29900
1758736072972 0.0 30000
1758736074882 0.0 30100
1758736076804 0.0 30200
1758736078709 0.0 30300
1758736080670 0.0 30400
1758736082145 0.0 30500
1758736083948 0.0 30600
1758736085959 0.0 30700
1758736087492 0.0 30800
1758736088932 0.0 30900
1758736090320 0.0 31000
1758736091728 0.0 31100
1758736093084 0.0 31200
1758736094478 0.0 31300
1758736095880 0.0 31400
1758736097345 0.0 31500
1758736098945 0.0 31600
1758736100854 0.0 31700
1758736102254 0.0 31800
1758736103667 0.0 31900
1758736105196 0.0 32000
1758736106728 0.0 32100
1758736108246 0.0 32200
1758736109674 0.0 32300
1758736111209 0.0 32400
1758736112577 0.0 32500
1758736114247 0.0 32600
1758736115940 0.0 32700
1758736117512 0.0 32800
1758736119178 0.0 32900
1758736120718 0.0 33000
1758736122218 0.0 33100
1758736123704 0.0 33200
1758736125294 0.0 33300
1758736126811 0.0 33400
1758736128523 0.0 33500
1758736130166 0.0 33600
1758736132113 0.0 33700
1758736133865 0.0 33800
1758736135259 0.0 33900
1758736136583 0.0 34000
1758736138095 0.0 34100
1758736139786 0.0 34200
1758736141422 0.0 34300
1758736143270 0.0 34400
1758736144761 0.0 34500
1758736146456 0.0 34600
1758736148216 0.0 34700
1758736150157 0.0 34800
1758736151954 0.0 34900
1758736154148 0.0 35000
1758736155995 0.0 35100
1758736157710 0.0 35200
1758736159820 0.0 35300
1758736161996 0.0 35400
1758736163608 0.0 35500
1758736165086 0.0 35600
1758736166622 0.0 35700
1758736167979 0.0 35800
1758736169520 0.0 35900
1758736171173 0.0 36000
1758736172900 0.0 36100
1758736174665 0.0 36200
1758736176341 0.0 36300
1758736177978 0.0 36400
1758736179713 0.0 36500
1758736181502 0.0 36600
1758736182950 0.0 36700
1758736184695 0.0 36800
1758736186119 0.0 36900
1758736187547 0.0 37000
1758736189013 0.0 37100
1758736190509 0.0 37200
1758736192478 0.0 37300
1758736194435 0.0 37400
1758736196446 0.0 37500
1758736197980 0.0 37600
1758736199455 0.0 37700
1758736201313 0.0 37800
1758736203093 0.0 37900
1758736205030 0.0 38000
1758736206820 0.0 38100
1758736208749 0.0 38200
1758736210646 0.0 38300
1758736212638 0.0 38400
1758736214556 0.0 38500
1758736216551 0.0 38600
1758736218465 0.0 38700
1758736220437 0.0 38800
1758736221934 0.0 38900
1758736223852 0.0 39000
1758736225774 0.0 39100
1758736227698 0.0 39200
1758736229612 0.0 39300
1758736231589 0.0 39400
1758736233178 0.0 39500
1758736235346 0.0 39600
1758736237139 0.0 39700
1758736238760 0.0 39800
1758736240335 0.0 39900
1758736241982 0.0 40000
1758736243423 0.0 40100
1758736244893 0.0 40200
1758736246470 0.0 40300
1758736247996 0.0 40400
1758736249474 0.0 40500
1758736251000 0.0 40600
1758736252661 0.0 40700
1758736254323 0.0 40800
1758736255972 0.0 40900
1758736257543 0.0 41000
1758736259331 0.0 41100
1758736261152 0.0 41200
1758736262850 0.0 41300
1758736264738 0.0 41400
1758736266276 0.0 41500
1758736267774 0.0 41600
1758736269388 0.0 41700
1758736271397 0.0 41800
1758736273156 0.0 41900
1758736274746 0.0 42000
1758736276274 0.0 42100
1758736277744 0.0 42200
1758736279478 0.0 42300
1758736281132 0.0 42400
1758736283297 0.0 42500
1758736285150 0.0 42600
1758736287284 0.0 42700
1758736288893 0.0 42800
1758736290650 0.0 42900
1758736292349 0.0 43000
1758736294004 0.0 43100
1758736295603 0.0 43200
1758736297062 0.0 43300
1758736298710 0.0 43400
1758736300477 0.0 43500
1758736302244 0.0 43600
1758736303717 0.0 43700
1758736305312 0.0 43800
1758736306934 0.0 43900
1758736308401 0.0 44000
1758736309875 0.0 44100
1758736311345 0.0 44200
1758736313075 0.0 44300
1758736314947 0.0 44400
1758736316908 0.0 44500
1758736318550 0.0 44600
1758736320340 0.0 44700
1758736322087 0.0 44800
1758736324248 0.0 44900
1758736326332 0.0 45000
1758736328374 0.0 45100
1758736330502 0.0 45200
1758736333087 0.0 45300
1758736335145 0.0 45400
1758736337144 0.0 45500
1758736339116 0.0 45600
1758736341231 0.0 45700
1758736342899 0.0 45800
1758736344743 0.0 45900
1758736346802 0.0 46000
1758736348750 0.0 46100
1758736350635 0.0 46200
1758736352745 0.0 46300
1758736354764 0.0 46400
1758736356549 0.0 46500
1758736358314 0.0 46600
1758736360350 0.0 46700
1758736361869 0.0 46800
1758736363406 0.0 46900
1758736365135 0.0 47000
1758736367182 0.0 47100
1758736369288 0.0 47200
1758736371465 0.0 47300
1758736373778 0.0 47400
1758736376014 0.0 47500
1758736378091 0.0 47600
1758736379825 0.0 47700
1758736381512 0.0 47800
1758736383493 0.0 47900
1758736385239 0.0 48000
1758736387317 0.0 48100
1758736389004 0.0 48200
1758736390755 0.0 48300
1758736392854 0.0 48400
1758736394985 0.0 48500
1758736396615 0.0 48600
1758736398270 0.0 48700
1758736399950 0.0 48800
1758736401499 0.0 48900
1758736403196 0.0 49000
1758736404946 0.0 49100
1758736406671 0.0 49200
1758736408427 0.0 49300
1758736410294 0.0 49400
1758736412467 0.0 49500
1758736414689 0.0 49600
1758736416722 0.0 49700
1758736418659 0.0 49800
1758736420616 0.0 49900
1758736422703 0.0 50000
1758736424595 0.0 50100
1758736426219 0.0 50200
1758736427910 0.0 50300
1758736429864 0.0 50400
1758736431735 0.0 50500
1758736433504 0.0 50600
1758736435059 0.0 50700
1758736436588 0.0 50800
1758736438205 0.0 50900
1758736439866 0.0 51000
1758736441464 0.0 51100
1758736442952 0.0 51200
1758736444434 0.0 51300
1758736446255 0.0 51400
1758736448053 0.0 51500
1758736449690 0.0 51600
1758736451360 0.0 51700
1758736453123 0.0 51800
1758736454779 0.0 51900
1758736456305 0.0 52000
1758736457946 0.0 52100
1758736459553 0.0 52200
1758736461261 0.0 52300
1758736462825 0.0 52400
1758736464377 0.0 52500
1758736466103 0.0 52600
1758736467665 0.0 52700
1758736469296 0.0 52800
1758736470945 0.0 52900
1758736472553 0.0 53000
1758736474206 0.0 53100
1758736475829 0.0 53200
1758736477367 0.0 53300
1758736479356 0.0 53400
1758736481280 0.0 53500
1758736483211 0.0 53600
1758736484798 0.0 53700
1758736486729 0.0 53800
1758736488738 0.0 53900
1758736490585 0.0 54000
1758736492364 0.0 54100
1758736494187 0.0 54200
1758736496160 0.0 54300
1758736498113 0.0 54400
1758736500359 0.0 54500
1758736502177 0.0 54600
1758736504315 0.0 54700
1758736506026 0.0 54800
1758736507608 0.0 54900
1758736509327 0.0 55000
1758736511046 0.0 55100
1758736512848 0.0 55200
1758736514672 0.0 55300
1758736516786 0.0 55400
1758736518483 0.0 55500
1758736520155 0.0 55600
1758736522402 0.0 55700
1758736524655 0.0 55800
1758736526468 0.0 55900
1758736528252 0.0 56000
1758736529952 0.0 56100
1758736531908 0.0 56200
1758736533624 0.0 56300
1758736535417 0.0 56400
1758736537031 0.0 56500
1758736538727 0.0 56600
1758736540384 0.0 56700
1758736542170 0.0 56800
1758736543805 0.0 56900
1758736545604 0.0 57000
1758736547310 0.0 57100
1758736548969 0.0 57200
1758736550604 0.0 57300
1758736552194 0.0 57400
1758736553795 0.0 57500
1758736555420 0.0 57600
1758736557134 0.0 57700
1758736558857 0.0 57800
1758736560677 0.0 57900
1758736562292 0.0 58000
1758736563975 0.0 58100
1758736565676 0.0 58200
1758736567346 0.0 58300
1758736568981 0.0 58400
1758736570848 0.0 58500
1758736572762 0.0 58600
1758736574358 0.0 58700
1758736576736 0.0 58800
1758736579222 0.0 58900
1758736581140 0.0 59000
1758736582982 0.0 59100
1758736584908 0.0 59200
1758736587066 0.0 59300
1758736589280 0.0 59400
1758736591184 0.0 59500
1758736593005 0.0 59600
1758736595068 0.0 59700
1758736597373 0.0 59800
1758736599345 0.0 59900
1758736601206 0.0 60000
1758736603166 0.0 60100
1758736605208 0.0 60200
1758736607035 0.0 60300
1758736609014 0.0 60400
1758736610823 0.0 60500
1758736612540 0.0 60600
1758736614678 0.0 60700
1758736616554 0.0 60800
1758736618112 0.0 60900
1758736619796 0.0 61000
1758736621562 0.0 61100
1758736623371 0.0 61200
1758736625268 0.0 61300
1758736626961 0.0 61400
1758736628660 0.0 61500
1758736631083 0.0 61600
1758736633378 0.0 61700
1758736635244 0.0 61800
1758736637016 0.0 61900
1758736639033 0.0 62000
1758736641150 0.0 62100
1758736642996 0.0 62200
1758736644713 0.0 62300
1758736646644 0.0 62400
1758736648468 0.0 62500
1758736650212 0.0 62600
1758736651954 0.0 62700
1758736653630 0.0 62800
1758736655336 0.0 62900
1758736656986 0.0 63000
1758736658552 0.0 63100
1758736660110 0.0 63200
1758736661705 0.0 63300
1758736663377 0.0 63400
1758736665013 0.0 63500
1758736666620 0.0 63600
1758736668276 0.0 63700
1758736669855 0.0 63800
1758736671451 0.0 63900
1758736673108 0.0 64000
1758736674702 0.0 64100
1758736676293 0.0 64200
1758736677924 0.0 64300
1758736679458 0.0 64400
1758736681088 0.0 64500
1758736682694 0.0 64600
1758736684309 0.0 64700
1758736686362 0.0 64800
1758736688685 0.0 64900
1758736691005 0.0 65000
1758736692788 0.0 65100
1758736694868 0.0 65200
1758736696956 0.0 65300
1758736698770 0.0 65400
1758736700607 0.0 65500
1758736702505 0.0 65600
1758736704319 0.0 65700
1758736706207 0.0 65800
1758736708064 0.0 65900
1758736709834 0.0 66000
1758736711610 0.0 66100
1758736713239 0.0 66200
1758736714988 0.0 66300
1758736716805 0.0 66400
1758736718498 0.0 66500
1758736720402 0.0 66600
1758736722013 0.0 66700
1758736723608 0.0 66800
1758736725293 0.0 66900
1758736727176 0.0 67000
1758736728876 0.0 67100
1758736730835 0.0 67200
1758736732755 0.0 67300
1758736734520 0.0 67400
1758736736262 0.0 67500
1758736738187 0.0 67600
1758736740212 0.0 67700
1758736741904 0.0 67800
1758736743727 0.0 67900
1758736745507 0.0 68000
1758736747359 0.0 68100
1758736749419 0.0 68200
1758736751595 0.0 68300
1758736753637 0.0 68400
1758736755528 0.0 68500
1758736757197 0.0 68600
1758736759017 0.0 68700
1758736760631 0.0 68800
1758736762260 0.0 68900
1758736763888 0.0 69000
1758736765693 0.0 69100
1758736767378 0.0 69200
1758736769115 0.0 69300
1758736770810 0.0 69400
1758736772424 0.0 69500
1758736774048 0.0 69600
1758736775694 0.0 69700
1758736777295 0.0 69800
1758736778934 0.0 69900
1758736780562 0.0 70000
1758736782395 0.0 70100
1758736784019 0.0 70200
1758736785713 0.0 70300
1758736787476 0.0 70400
1758736789478 0.0 70500
1758736791692 0.0 70600
1758736793515 0.0 70700
1758736795471 0.0 70800
1758736797676 0.0 70900
1758736799475 0.0 71000
1758736801585 0.0 71100
1758736803312 0.0 71200
1758736804990 0.0 71300
1758736806828 0.0 71400
1758736808553 0.0 71500
1758736810374 0.0 71600
1758736812182 0.0 71700
1758736814086 0.0 71800
1758736816021 0.0 71900
1758736818043 0.0 72000
1758736819940 0.0 72100
1758736821789 0.0 72200
1758736823644 0.0 72300
1758736825285 0.0 72400
1758736827041 0.0 72500
1758736828839 0.0 72600
1758736830548 0.0 72700
1758736832341 0.0 72800
1758736834376 0.0 72900
1758736836300 0.0 73000
1758736838211 0.0 73100
1758736839911 0.0 73200
1758736841634 0.0 73300
1758736843562 0.0 73400
1758736845418 0.0 73500
1758736847305 0.0 73600
1758736849047 0.0 73700
1758736850970 0.0 73800
1758736852765 0.0 73900
1758736854624 0.0 74000
1758736856342 0.0 74100
1758736857995 0.0 74200
1758736859753 0.0 74300
1758736861494 0.0 74400
1758736863187 0.0 74500
1758736865033 0.0 74600
1758736866823 0.0 74700
1758736868632 0.0 74800
1758736870425 0.0 74900
1758736872250 0.0 75000
1758736874059 0.0 75100
1758736875995 0.0 75200
1758736877857 0.0 75300
1758736879772 0.0 75400
1758736881820 0.0 75500
1758736883815 0.0 75600
1758736885958 0.0 75700
1758736887862 0.0 75800
1758736889887 0.0 75900
1758736891957 0.0 76000
1758736894335 0.0 76100
1758736896264 0.0 76200
1758736898231 0.0 76300
1758736900072 0.0 76400
1758736901968 0.0 76500
1758736903808 0.0 76600
1758736905673 0.0 76700
1758736907439 0.0 76800
1758736909323 0.0 76900
1758736911182 0.0 77000
1758736913003 0.0 77100
1758736915041 0.0 77200
1758736916882 0.0 77300
1758736918940 0.0 77400
1758736920826 0.0 77500
1758736922802 0.0 77600
1758736924989 0.0 77700
1758736927150 0.0 77800
1758736929068 0.0 77900
1758736930885 0.0 78000
1758736932838 0.0 78100
1758736934801 0.0 78200
1758736936879 0.0 78300
1758736939000 0.0 78400
1758736941184 0.0 78500
1758736943250 0.0 78600
1758736945903 0.0 78700
1758736948000 0.0 78800
1758736950126 0.0 78900
1758736952380 0.0 79000
1758736954548 0.0 79100
1758736956622 0.0 79200
1758736958642 0.0 79300
1758736960673 0.0 79400
1758736962743 0.0 79500
1758736964941 0.0 79600
1758736967192 0.0 79700
1758736969269 0.0 79800
1758736971317 0.0 79900
1758736973038 0.0 80000
1758736974768 0.0 80100
1758736976526 0.0 80200
1758736978368 0.0 80300
1758736980239 0.0 80400
1758736982330 0.0 80500
1758736983999 0.0 80600
1758736985784 0.0 80700
1758736987560 0.0 80800
1758736989267 0.0 80900
1758736990980 0.0 81000
1758736992669 0.0 81100
1758736994334 0.0 81200
1758736996137 0.0 81300
1758736997931 0.0 81400
1758736999633 0.0 81500
1758737001371 0.0 81600
1758737003089 0.0 81700
1758737004845 0.0 81800
1758737006510 0.0 81900
1758737008328 0.0 82000
1758737010117 0.0 82100
1758737012072 0.0 82200
1758737014098 0.0 82300
1758737015798 0.0 82400
1758737017502 0.0 82500
1758737019198 0.0 82600
1758737020944 0.0 82700
1758737022680 0.0 82800
1758737024399 0.0 82900
1758737026044 0.0 83000
1758737027680 0.0 83100
1758737029452 0.0 83200
1758737031343 0.0 83300
1758737033110 0.0 83400
1758737034919 0.0 83500
1758737036643 0.0 83600
1758737038296 0.0 83700
1758737039951 0.0 83800
1758737041734 0.0 83900
1758737043455 0.0 84000
1758737045174 0.0 84100
1758737046846 0.0 84200
1758737048528 0.0 84300
1758737050237 0.0 84400
1758737051918 0.0 84500
1758737053648 0.0 84600
1758737055349 0.0 84700
1758737057092 0.0 84800
1758737058872 0.0 84900
1758737060626 0.0 85000
1758737062378 0.0 85100
1758737064147 0.0 85200
1758737065919 0.0 85300
1758737067746 0.0 85400
1758737069636 0.0 85500
1758737071433 0.0 85600
1758737073348 0.0 85700
1758737075224 0.0 85800
1758737077332 0.0 85900
1758737079139 0.0 86000
1758737080890 0.0 86100
1758737082695 0.0 86200
1758737084449 0.0 86300
1758737086163 0.0 86400
1758737087888 0.0 86500
1758737089647 0.0 86600
1758737091347 0.0 86700
1758737093171 0.0 86800
1758737094936 0.0 86900
1758737096697 0.0 87000
1758737098511 0.0 87100
1758737100372 0.0 87200
1758737102166 0.0 87300
1758737103905 0.0 87400
1758737105615 0.0 87500
1758737107286 0.0 87600
1758737109039 0.0 87700
1758737110730 0.0 87800
1758737112432 0.0 87900
1758737114146 0.0 88000
1758737115845 0.0 88100
1758737117511 0.0 88200
1758737119255 0.0 88300
1758737121085 0.0 88400
1758737122800 0.0 88500
1758737124572 0.0 88600
1758737126380 0.0 88700
1758737128089 0.0 88800
1758737129886 0.0 88900
1758737131581 0.0 89000
1758737133444 0.0 89100
1758737135111 0.0 89200
1758737136774 0.0 89300
1758737138611 0.0 89400
1758737140571 0.0 89500
1758737142481 0.0 89600
1758737144218 0.0 89700
1758737145894 0.0 89800
1758737147710 0.0 89900
1758737149646 0.0 90000
1758737151691 0.0 90100
1758737154029 0.0 90200
1758737156392 0.0 90300
1758737158751 0.0 90400
1758737160906 0.0 90500
1758737162732 0.0 90600
1758737164520 0.0 90700
1758737166331 0.0 90800
1758737168766 0.0 90900
1758737171224 0.0 91000
1758737173624 0.0 91100
1758737175389 0.0 91200
1758737177239 0.0 91300
1758737178981 0.0 91400
1758737180753 0.0 91500
1758737182575 0.0 91600
1758737184434 0.0 91700
1758737186884 0.0 91800
1758737189275 0.0 91900
1758737191637 0.0 92000
1758737194108 0.0 92100
1758737196464 0.0 92200
1758737198477 0.0 92300
1758737200751 0.0 92400
1758737202679 0.0 92500
1758737204816 0.0 92600
1758737207333 0.0 92700
1758737209792 0.0 92800
1758737212155 0.0 92900
1758737214609 0.0 93000
1758737216577 0.0 93100
1758737218598 0.0 93200
1758737220714 0.0 93300
1758737222745 0.0 93400
1758737224504 0.0 93500
1758737226558 0.0 93600
1758737228247 0.0 93700
1758737229935 0.0 93800
1758737231627 0.0 93900
1758737233323 0.0 94000
1758737235004 0.0 94100
1758737237006 0.0 94200
1758737238737 0.0 94300
1758737240503 0.0 94400
1758737242254 0.0 94500
1758737244130 0.0 94600
1758737245947 0.0 94700
1758737247739 0.0 94800
1758737249515 0.0 94900
1758737251261 0.0 95000
1758737253024 0.0 95100
1758737254784 0.0 95200
1758737256594 0.0 95300
1758737258578 0.0 95400
1758737260351 0.0 95500
1758737262115 0.0 95600
1758737264266 0.0 95700
1758737266140 0.0 95800
1758737268656 0.0 95900
1758737271271 0.0 96000
1758737273607 0.0 96100
1758737276019 0.0 96200
1758737278487 0.0 96300
1758737280619 0.0 96400
1758737282469 0.0 96500
1758737284368 0.0 96600
1758737286401 0.0 96700
1758737288398 0.0 96800
1758737290281 0.0 96900
1758737292185 0.0 97000
1758737294046 0.0 97100
1758737295914 0.0 97200
1758737297799 0.0 97300
1758737299820 0.0 97400
1758737301795 0.0 97500
1758737304047 0.0 97600
1758737306074 0.0 97700
1758737307952 0.0 97800
1758737309865 0.0 97900
1758737311714 0.0 98000
1758737313514 0.0 98100
1758737315407 0.0 98200
1758737317199 0.0 98300
1758737319043 0.0 98400
1758737320981 0.0 98500
1758737322742 0.0 98600
1758737324582 0.0 98700
1758737326443 0.0 98800
1758737328332 0.0 98900
1758737330225 0.0 99000
1758737332129 0.0 99100
1758737334161 0.0 99200
1758737336293 0.0 99300
1758737338696 0.0 99400
1758737341064 0.0 99500
1758737342930 0.0 99600
1758737345209 0.0 99700
1758737347647 0.0 99800
1758737350051 0.0 99900
1758737352020 0.0 100000
1758737353870 0.0 100100
1758737356358 0.0 100200
1758737358750 0.0 100300
1758737361235 0.0 100400
1758737363638 0.0 100500
1758737366092 0.0 100600
1758737368540 0.0 100700
1758737370524 0.0 100800
1758737372523 0.0 100900
1758737374922 0.0 101000
1758737376791 0.0 101100
1758737378590 0.0 101200
1758737380402 0.0 101300
1758737382175 0.0 101400
1758737383977 0.0 101500
1758737385725 0.0 101600
1758737387480 0.0 101700
1758737389217 0.0 101800
1758737390987 0.0 101900
1758737392726 0.0 102000
1758737394511 0.0 102100
1758737396388 0.0 102200
1758737398506 0.0 102300
1758737400439 0.0 102400
1758737402276 0.0 102500
1758737404144 0.0 102600
1758737406013 0.0 102700
1758737407796 0.0 102800
1758737409556 0.0 102900
1758737411336 0.0 103000
1758737413128 0.0 103100
1758737414920 0.0 103200
1758737416711 0.0 103300
1758737418526 0.0 103400
1758737420331 0.0 103500
1758737422098 0.0 103600
1758737423860 0.0 103700
1758737425656 0.0 103800
1758737427532 0.0 103900
1758737429342 0.0 104000
1758737431083 0.0 104100
1758737432842 0.0 104200
1758737434599 0.0 104300
1758737436504 0.0 104400
1758737438247 0.0 104500
1758737439978 0.0 104600
1758737441709 0.0 104700
1758737443426 0.0 104800
1758737445166 0.0 104900
1758737446972 0.0 105000
1758737448813 0.0 105100
1758737450872 0.0 105200
1758737452969 0.0 105300
1758737454803 0.0 105400
1758737456530 0.0 105500
1758737458384 0.0 105600
1758737460179 0.0 105700
1758737462138 0.0 105800
1758737464019 0.0 105900
1758737465775 0.0 106000
1758737467518 0.0 106100
1758737469311 0.0 106200
1758737471074 0.0 106300
1758737472838 0.0 106400
1758737474566 0.0 106500
1758737476329 0.0 106600
1758737478090 0.0 106700
1758737479850 0.0 106800
1758737481655 0.0 106900
1758737483390 0.0 107000
1758737485137 0.0 107100
1758737486881 0.0 107200
1758737488816 0.0 107300
1758737491049 0.0 107400
1758737493549 0.0 107500
1758737496022 0.0 107600
1758737498450 0.0 107700
1758737500870 0.0 107800
1758737503268 0.0 107900
1758737505712 0.0 108000
1758737508174 0.0 108100
1758737510580 0.0 108200
1758737513009 0.0 108300
1758737515416 0.0 108400
1758737517821 0.0 108500
1758737520326 0.0 108600
1758737522712 0.0 108700
1758737525208 0.0 108800
1758737527601 0.0 108900
1758737529634 0.0 109000
1758737531514 0.0 109100
1758737533430 0.0 109200
1758737535902 0.0 109300
1758737538404 0.0 109400
1758737540850 0.0 109500
1758737542642 0.0 109600
1758737544389 0.0 109700
1758737546235 0.0 109800
1758737548038 0.0 109900
1758737549947 0.0 110000
1758737551942 0.0 110100
1758737554064 0.0 110200
1758737556163 0.0 110300
1758737558239 0.0 110400
1758737560326 0.0 110500
1758737562437 0.0 110600
1758737564283 0.0 110700
1758737566022 0.0 110800
1758737567752 0.0 110900
1758737569634 0.0 111000
1758737571732 0.0 111100
1758737573840 0.0 111200
1758737575620 0.0 111300
1758737577359 0.0 111400
1758737579095 0.0 111500
1758737581138 0.0 111600
1758737583254 0.0 111700
1758737585367 0.0 111800
1758737587460 0.0 111900
1758737589684 0.0 112000
1758737591874 0.0 112100
1758737593992 0.0 112200
1758737595725 0.0 112300
1758737597452 0.0 112400
1758737599529 0.0 112500
1758737601649 0.0 112600
1758737603756 0.0 112700
1758737605878 0.0 112800
1758737607972 0.0 112900
1758737609977 0.0 113000
1758737611853 0.0 113100
1758737613968 0.0 113200
1758737616085 0.0 113300
1758737618193 0.0 113400
1758737620284 0.0 113500
1758737622391 0.0 113600
1758737624513 0.0 113700
1758737626393 0.0 113800
1758737628157 0.0 113900
1758737629920 0.0 114000
1758737631688 0.0 114100
1758737633450 0.0 114200
1758737635247 0.0 114300
1758737637082 0.0 114400
1758737638856 0.0 114500
1758737640642 0.0 114600
1758737642434 0.0 114700
1758737644207 0.0 114800
1758737646017 0.0 114900
1758737647801 0.0 115000
1758737649554 0.0 115100
1758737651334 0.0 115200
1758737653218 0.0 115300
1758737655158 0.0 115400
1758737656991 0.0 115500
1758737658878 0.0 115600
1758737660705 0.0 115700
1758737662481 0.0 115800
1758737664242 0.0 115900
1758737666038 0.0 116000
1758737667941 0.0 116100
1758737669780 0.0 116200
1758737671701 0.0 116300
1758737673639 0.0 116400
1758737675636 0.0 116500
1758737677533 0.0 116600
1758737679961 0.0 116700
1758737682367 0.0 116800
1758737684785 0.0 116900
1758737687263 0.0 117000
1758737689736 0.0 117100
1758737692219 0.0 117200
1758737694214 0.0 117300
1758737696080 0.0 117400
1758737697925 0.0 117500
1758737699833 0.0 117600
1758737701773 0.0 117700
1758737703716 0.0 117800
1758737705670 0.0 117900
1758737707771 0.0 118000
1758737709805 0.0 118100
1758737711955 0.0 118200
1758737714031 0.0 118300
1758737716192 0.0 118400
1758737718372 0.0 118500
1758737720576 0.0 118600
1758737722706 0.0 118700
1758737724874 0.0 118800
1758737726849 0.0 118900
1758737729236 0.0 119000
1758737731191 0.0 119100
1758737733147 0.0 119200
1758737734980 0.0 119300
1758737736823 0.0 119400
1758737738754 0.0 119500
1758737740726 0.0 119600
1758737742623 0.0 119700
1758737744522 0.0 119800
1758737746376 0.0 119900
1758737748250 0.0 120000
1758737750198 0.0 120100
1758737752280 0.0 120200
1758737754363 0.0 120300
1758737756248 0.0 120400
1758737758142 0.0 120500
1758737759988 0.0 120600
1758737761909 0.0 120700
1758737763785 0.0 120800
1758737765575 0.0 120900
1758737767432 0.0 121000
1758737769315 0.0 121100
1758737771180 0.0 121200
1758737773049 0.0 121300
1758737774882 0.0 121400
1758737776713 0.0 121500
1758737778499 0.0 121600
1758737780254 0.0 121700
1758737782230 0.0 121800
1758737784147 0.0 121900
1758737785977 0.0 122000
1758737787795 0.0 122100
1758737789474 0.0 122200
1758737791176 0.0 122300
1758737792883 0.0 122400
1758737794637 0.0 122500
1758737796319 0.0 122600
1758737798018 0.0 122700
1758737799770 0.0 122800
1758737801516 0.0 122900
1758737803207 0.0 123000
1758737805366 0.0 123100
1758737807183 0.0 123200
1758737808955 0.0 123300
1758737810749 0.0 123400
1758737812529 0.0 123500
1758737814356 0.0 123600
1758737816151 0.0 123700
1758737817933 0.0 123800
1758737819707 0.0 123900
1758737821509 0.0 124000
1758737823306 0.0 124100
1758737825153 0.0 124200
1758737826999 0.0 124300
1758737828790 0.0 124400
1758737830581 0.0 124500
1758737832486 0.0 124600
1758737834712 0.0 124700
1758737837187 0.0 124800
1758737839121 0.0 124900
1758737841081 0.0 125000
1758737843046 0.0 125100
1758737845210 0.0 125200
1758737847465 0.0 125300
1758737849576 0.0 125400
1758737851744 0.0 125500
1758737853622 0.0 125600
1758737855499 0.0 125700
1758737857439 0.0 125800
1758737859277 0.0 125900
1758737861113 0.0 126000
1758737862950 0.0 126100
1758737864877 0.0 126200
1758737866811 0.0 126300
1758737868790 0.0 126400
1758737870852 0.0 126500
1758737872798 0.0 126600
1758737874758 0.0 126700
1758737876736 0.0 126800
1758737878694 0.0 126900
1758737880635 0.0 127000
1758737882599 0.0 127100
1758737884533 0.0 127200
1758737886425 0.0 127300
1758737888510 0.0 127400
1758737890499 0.0 127500
1758737892468 0.0 127600
1758737894423 0.0 127700
1758737896351 0.0 127800
1758737898293 0.0 127900
1758737900290 0.0 128000
1758737902219 0.0 128100
1758737904211 0.0 128200
1758737906158 0.0 128300
1758737908185 0.0 128400
1758737910252 0.0 128500
1758737912458 0.0 128600
1758737914344 0.0 128700
1758737916263 0.0 128800
1758737918229 0.0 128900
1758737920203 0.0 129000
1758737922087 0.0 129100
1758737924250 0.0 129200
1758737926264 0.0 129300
1758737928187 0.0 129400
1758737930095 0.0 129500
1758737932034 0.0 129600
1758737933960 0.0 129700
1758737935960 0.0 129800
1758737937927 0.0 129900
1758737939931 0.0 130000
1758737941898 0.0 130100
1758737943988 0.0 130200
1758737945943 0.0 130300
1758737947962 0.0 130400
1758737949982 0.0 130500
1758737952022 0.0 130600
1758737953986 0.0 130700
1758737955918 0.0 130800
1758737957856 0.0 130900
1758737959770 0.0 131000
1758737961703 0.0 131100
1758737963692 0.0 131200
1758737965688 0.0 131300
1758737967614 0.0 131400
1758737969537 0.0 131500
1758737971493 0.0 131600
1758737973605 0.0 131700
1758737975727 0.0 131800
1758737977626 0.0 131900
1758737979680 0.0 132000
1758737981671 0.0 132100
1758737983612 0.0 132200
1758737985506 0.0 132300
1758737987367 0.0 132400
1758737989245 0.0 132500
1758737991145 0.0 132600
1758737993040 0.0 132700
1758737995009 0.0 132800
1758737996990 0.0 132900
1758737998910 0.0 133000
1758738000815 0.0 133100
1758738002807 0.0 133200
1758738004807 0.0 133300
1758738006734 0.0 133400
1758738008614 0.0 133500
1758738010548 0.0 133600
1758738012469 0.0 133700
1758738014348 0.0 133800
1758738016347 0.0 133900
1758738018444 0.0 134000
1758738020331 0.0 134100
1758738022190 0.0 134200
1758738024055 0.0 134300
1758738025995 0.0 134400
1758738027892 0.0 134500
1758738030284 0.0 134600
1758738032139 0.0 134700
1758738034013 0.0 134800
1758738036053 0.0 134900
1758738038056 0.0 135000
1758738040110 0.0 135100
1758738042084 0.0 135200
1758738043967 0.0 135300
1758738045818 0.0 135400
1758738047699 0.0 135500
1758738049481 0.0 135600
1758738051387 0.0 135700
1758738053312 0.0 135800
1758738055101 0.0 135900
1758738056933 0.0 136000
1758738058778 0.0 136100
1758738060611 0.0 136200
1758738062406 0.0 136300
1758738064208 0.0 136400
1758738066001 0.0 136500
1758738067799 0.0 136600
1758738069574 0.0 136700
1758738071422 0.0 136800
1758738073219 0.0 136900
1758738074982 0.0 137000
1758738076782 0.0 137100
1758738078590 0.0 137200
1758738080382 0.0 137300
1758738082187 0.0 137400
1758738084025 0.0 137500
1758738085959 0.0 137600
1758738087838 0.0 137700
1758738089707 0.0 137800
1758738091586 0.0 137900
1758738093462 0.0 138000
1758738095397 0.0 138100
1758738097325 0.0 138200
1758738099119 0.0 138300
1758738101072 0.0 138400
1758738103283 0.0 138500
1758738105420 0.0 138600
1758738107561 0.0 138700
1758738109733 0.0 138800
1758738111867 0.0 138900
1758738113940 0.0 139000
1758738115822 0.0 139100
1758738117698 0.0 139200
1758738119562 0.0 139300
1758738121505 0.0 139400
1758738123394 0.0 139500
1758738125321 0.0 139600
1758738127230 0.0 139700
1758738129113 0.0 139800
1758738131018 0.0 139900
1758738132929 0.0 140000
1758738134778 0.0 140100
1758738136616 0.0 140200
1758738138461 0.0 140300
1758738140244 0.0 140400
1758738142067 0.0 140500
1758738143858 0.0 140600
1758738145707 0.0 140700
1758738147524 0.0 140800
1758738149340 0.0 140900
1758738151263 0.0 141000
1758738153083 0.0 141100
1758738155041 0.0 141200
1758738156944 0.0 141300
1758738158785 0.0 141400
1758738160641 0.0 141500
1758738162581 0.0 141600
1758738164462 0.0 141700
1758738166449 0.0 141800
1758738168294 0.0 141900
1758738170105 0.0 142000
1758738171891 0.0 142100
1758738173936 0.0 142200
1758738175872 0.0 142300
1758738177683 0.0 142400
1758738179490 0.0 142500
1758738181361 0.0 142600
1758738183227 0.0 142700
1758738185263 0.0 142800
1758738187460 0.0 142900
1758738189298 0.0 143000
1758738191130 0.0 143100
1758738193150 0.0 143200
1758738195310 0.0 143300
1758738197496 0.0 143400
1758738199716 0.0 143500
1758738201560 0.0 143600
1758738203377 0.0 143700
1758738205216 0.0 143800
1758738207061 0.0 143900
1758738208961 0.0 144000
1758738210834 0.0 144100
1758738212714 0.0 144200
1758738214707 0.0 144300
1758738216727 0.0 144400
1758738218698 0.0 144500
1758738220655 0.0 144600
1758738222611 0.0 144700
1758738224588 0.0 144800
1758738226451 0.0 144900
1758738228448 0.0 145000
1758738230473 0.0 145100
1758738232362 0.0 145200
1758738234242 0.0 145300
1758738236149 0.0 145400
1758738238007 0.0 145500
1758738239839 0.0 145600
1758738241667 0.0 145700
1758738243511 0.0 145800
1758738245372 0.0 145900
1758738247244 0.0 146000
1758738249086 0.0 146100
1758738250953 0.0 146200
1758738252804 0.0 146300
1758738254729 0.0 146400
1758738256615 0.0 146500
1758738258480 0.0 146600
1758738260371 0.0 146700
1758738262233 0.0 146800
1758738264120 0.0 146900
1758738266001 0.0 147000
1758738267897 0.0 147100
1758738269764 0.0 147200
1758738271646 0.0 147300
1758738273650 0.0 147400
1758738275508 0.0 147500
1758738277384 0.0 147600
1758738279243 0.0 147700
1758738281129 0.0 147800
1758738282978 0.0 147900
1758738284934 0.0 148000
1758738286824 0.0 148100
1758738288775 0.0 148200
1758738290660 0.0 148300
1758738292709 0.0 148400
1758738294808 0.0 148500
1758738296713 0.0 148600
1758738298636 0.0 148700
1758738300500 0.0 148800
1758738302394 0.0 148900
1758738304241 0.0 149000
1758738306105 0.0 149100
1758738307974 0.0 149200
1758738309846 0.0 149300
1758738311721 0.0 149400
1758738313583 0.0 149500
1758738315565 0.0 149600
1758738317407 0.0 149700
1758738319292 0.0 149800
1758738321182 0.0 149900
1758738323070 0.0 150000
1758738324910 0.0 150100
1758738326792 0.0 150200
1758738328649 0.0 150300
1758738330530 0.0 150400
1758738332455 0.0 150500
1758738334295 0.0 150600
1758738336131 0.0 150700
1758738337985 0.0 150800
1758738339843 0.0 150900
1758738341721 0.0 151000
1758738343591 0.0 151100
1758738345445 0.0 151200
1758738347410 0.0 151300
1758738349296 0.0 151400
1758738351284 0.0 151500
1758738353444 0.0 151600
1758738355471 0.0 151700
1758738357633 0.0 151800
1758738359693 0.0 151900
1758738361662 0.0 152000
1758738363624 0.0 152100
1758738365558 0.0 152200
1758738367667 0.0 152300
1758738369610 0.0 152400
1758738371509 0.0 152500
1758738373365 0.0 152600
1758738375211 0.0 152700
1758738377083 0.0 152800
1758738379168 0.0 152900
1758738381048 0.0 153000
1758738382927 0.0 153100
1758738384783 0.0 153200
1758738386665 0.0 153300
1758738388539 0.0 153400
1758738390428 0.0 153500
1758738392317 0.0 153600
1758738394338 0.0 153700
1758738396217 0.0 153800
1758738398096 0.0 153900
1758738399966 0.0 154000
1758738401847 0.0 154100
1758738403741 0.0 154200
1758738405655 0.0 154300
1758738407584 0.0 154400
1758738409418 0.0 154500
1758738411295 0.0 154600
1758738413122 0.0 154700
1758738414993 0.0 154800
1758738416871 0.0 154900
1758738418744 0.0 155000
1758738420779 0.0 155100
1758738422769 0.0 155200
1758738424670 0.0 155300
1758738426558 0.0 155400
1758738428413 0.0 155500
1758738430305 0.0 155600
1758738432162 0.0 155700
1758738434008 0.0 155800
1758738436006 0.0 155900
1758738437952 0.0 156000
1758738439837 0.0 156100
1758738441706 0.0 156200
1758738443587 0.0 156300
1758738445499 0.0 156400
1758738447387 0.0 156500
1758738449264 0.0 156600
1758738451155 0.0 156700
1758738453072 0.0 156800
1758738454969 0.0 156900
1758738456919 0.0 157000
1758738458853 0.0 157100
1758738460751 0.0 157200
1758738462634 0.0 157300
1758738464520 0.0 157400
1758738466442 0.0 157500
1758738468405 0.0 157600
1758738470806 0.0 157700
1758738472822 0.0 157800
1758738474811 0.0 157900
1758738477336 0.0 158000
1758738479945 0.0 158100
1758738482018 0.0 158200
1758738484611 0.0 158300
1758738487229 0.0 158400
1758738489366 0.0 158500
1758738491362 0.0 158600
1758738493330 0.0 158700
1758738495700 0.0 158800
1758738498215 0.0 158900
1758738500486 0.0 159000
1758738502647 0.0 159100
1758738505153 0.0 159200
1758738507740 0.0 159300
1758738510308 0.0 159400
1758738512842 0.0 159500
1758738515349 0.0 159600
1758738517880 0.0 159700
1758738520444 0.0 159800
1758738523033 0.0 159900
1758738525518 0.0 160000
1758738527949 0.0 160100
1758738530397 0.0 160200
1758738532850 0.0 160300
1758738535386 0.0 160400
1758738537907 0.0 160500
1758738540340 0.0 160600
1758738542813 0.0 160700
1758738545224 0.0 160800
1758738547335 0.0 160900
1758738549435 0.0 161000
1758738551434 0.0 161100
1758738553454 0.0 161200
1758738555370 0.0 161300
1758738557305 0.0 161400
1758738559298 0.0 161500
1758738561391 0.0 161600
1758738563357 0.0 161700
1758738565274 0.0 161800
1758738567173 0.0 161900
1758738569050 0.0 162000
1758738570911 0.0 162100
1758738572821 0.0 162200
1758738574746 0.0 162300
1758738576630 0.0 162400
1758738578523 0.0 162500
1758738580423 0.0 162600
1758738582369 0.0 162700
1758738584284 0.0 162800
1758738586182 0.0 162900
1758738588119 0.0 163000
1758738590039 0.0 163100
1758738591949 0.0 163200
1758738593915 0.0 163300
1758738595902 0.0 163400
1758738597883 0.0 163500
1758738599837 0.0 163600
1758738601896 0.0 163700
1758738603876 0.0 163800
1758738605779 0.0 163900
1758738607723 0.0 164000
1758738609677 0.0 164100
1758738611815 0.0 164200
1758738613914 0.0 164300
1758738615819 0.0 164400
1758738617792 0.0 164500
1758738619715 0.0 164600
1758738621766 0.0 164700
1758738623699 0.0 164800
1758738625621 0.0 164900
1758738627546 0.0 165000
1758738629477 0.0 165100
1758738631410 0.0 165200
1758738633354 0.0 165300
1758738635319 0.0 165400
1758738637250 0.0 165500
1758738639222 0.0 165600
1758738641169 0.0 165700
1758738643135 0.0 165800
1758738645179 0.0 165900
1758738647181 0.0 166000
1758738649151 0.0 166100
1758738651163 0.0 166200
1758738653124 0.0 166300
1758738655082 0.0 166400
1758738657029 0.0 166500
1758738658961 0.0 166600
1758738660913 0.0 166700
1758738662874 0.0 166800
1758738664831 0.0 166900
1758738666771 0.0 167000
1758738668703 0.0 167100
1758738670659 0.0 167200
1758738672612 0.0 167300
1758738674651 0.0 167400
1758738676764 0.0 167500
1758738678753 0.0 167600
1758738680655 0.0 167700
1758738682643 0.0 167800
1758738684662 0.0 167900
1758738686673 0.0 168000
1758738688612 0.0 168100
1758738690549 0.0 168200
1758738692489 0.0 168300
1758738694423 0.0 168400
1758738696360 0.0 168500
1758738698322 0.0 168600
1758738700268 0.0 168700
1758738702265 0.0 168800
1758738704238 0.0 168900
1758738706153 0.0 169000
1758738708122 0.0 169100
1758738710122 0.0 169200
1758738712066 0.0 169300
1758738714083 0.0 169400
1758738716039 0.0 169500
1758738717968 0.0 169600
1758738719909 0.0 169700
1758738721883 0.0 169800
1758738723879 0.0 169900
1758738725834 0.0 170000
1758738727760 0.0 170100
1758738729740 0.0 170200
1758738731672 0.0 170300
1758738733690 0.0 170400
1758738735626 0.0 170500
1758738737571 0.0 170600
1758738739686 0.0 170700
1758738742014 0.0 170800
1758738744105 0.0 170900
1758738746132 0.0 171000
1758738748067 0.0 171100
1758738750024 0.0 171200
1758738752004 0.0 171300
1758738753977 0.0 171400
1758738755951 0.0 171500
1758738757874 0.0 171600
1758738759832 0.0 171700
1758738761788 0.0 171800
1758738763727 0.0 171900
1758738765687 0.0 172000
1758738767610 0.0 172100
1758738769553 0.0 172200
1758738771539 0.0 172300
1758738773517 0.0 172400
1758738775532 0.0 172500
1758738777489 0.0 172600
1758738779453 0.0 172700
1758738781439 0.0 172800
1758738783428 0.0 172900
1758738785409 0.0 173000
1758738787329 0.0 173100
1758738789274 0.0 173200
1758738791197 0.0 173300
1758738793143 0.0 173400
1758738795114 0.0 173500
1758738797040 0.0 173600
1758738798988 0.0 173700
1758738800932 0.0 173800
1758738803053 0.0 173900
1758738805187 0.0 174000
1758738807152 0.0 174100
1758738809157 0.0 174200
1758738811152 0.0 174300
1758738813164 0.0 174400
1758738815148 0.0 174500
1758738817138 0.0 174600
1758738819126 0.0 174700
1758738821109 0.0 174800
1758738823110 0.0 174900
1758738825111 0.0 175000
1758738827090 0.0 175100
1758738829116 0.0 175200
1758738831086 0.0 175300
1758738833048 0.0 175400
1758738835188 0.0 175500
1758738837193 0.0 175600
1758738839206 0.0 175700
1758738841225 0.0 175800
1758738843211 0.0 175900
1758738845260 0.0 176000
1758738847254 0.0 176100
1758738849231 0.0 176200
1758738851208 0.0 176300
1758738853275 0.0 176400
1758738855536 0.0 176500
1758738857576 0.0 176600
1758738859565 0.0 176700
1758738861542 0.0 176800
1758738863538 0.0 176900
1758738865626 0.0 177000
1758738867839 0.0 177100
1758738869977 0.0 177200
1758738872125 0.0 177300
1758738874256 0.0 177400
1758738876776 0.0 177500
1758738879466 0.0 177600
1758738882023 0.0 177700
1758738884676 0.0 177800
1758738887372 0.0 177900
1758738889739 0.0 178000
1758738891715 0.0 178100
1758738893696 0.0 178200
1758738895673 0.0 178300
1758738897697 0.0 178400
1758738899684 0.0 178500
1758738901690 0.0 178600
1758738903744 0.0 178700
1758738905793 0.0 178800
1758738907868 0.0 178900
1758738909924 0.0 179000
1758738911957 0.0 179100
1758738913969 0.0 179200
1758738915961 0.0 179300
1758738918005 0.0 179400
1758738920009 0.0 179500
1758738922294 0.0 179600
1758738924278 0.0 179700
1758738926338 0.0 179800
1758738928337 0.0 179900
1758738930474 0.0 180000
1758738932660 0.0 180100
1758738934657 0.0 180200
1758738936626 0.0 180300
1758738938622 0.0 180400
1758738940656 0.0 180500
1758738942656 0.0 180600
1758738944681 0.0 180700
1758738946849 0.0 180800
1758738948833 0.0 180900
1758738950862 0.0 181000
1758738952874 0.0 181100
1758738954867 0.0 181200
1758738956884 0.0 181300
1758738958906 0.0 181400
1758738961045 0.0 181500
1758738963042 0.0 181600
1758738965038 0.0 181700
1758738967032 0.0 181800
1758738969020 0.0 181900
1758738971054 0.0 182000
1758738973051 0.0 182100
1758738975069 0.0 182200
1758738977077 0.0 182300
1758738979256 0.0 182400
1758738981429 0.0 182500
1758738983512 0.0 182600
1758738985780 0.0 182700
1758738987973 0.0 182800
1758738990069 0.0 182900
1758738992171 0.0 183000
1758738994556 0.0 183100
1758738996745 0.0 183200
1758738998820 0.0 183300
1758739000869 0.0 183400
1758739002953 0.0 183500
1758739005014 0.0 183600
1758739007116 0.0 183700
1758739009170 0.0 183800
1758739011250 0.0 183900
1758739013367 0.0 184000
1758739015446 0.0 184100
1758739017574 0.0 184200
1758739019700 0.0 184300
1758739021766 0.0 184400
1758739023882 0.0 184500
1758739025953 0.0 184600
1758739028017 0.0 184700
1758739030049 0.0 184800
1758739032107 0.0 184900
1758739034248 0.0 185000
1758739036379 0.0 185100
1758739038484 0.0 185200
1758739040504 0.0 185300
1758739042568 0.0 185400
1758739044693 0.0 185500
1758739046781 0.0 185600
1758739048826 0.0 185700
1758739050880 0.0 185800
1758739052978 0.0 185900
1758739055182 0.0 186000
1758739057402 0.0 186100
1758739059700 0.0 186200
1758739061894 0.0 186300
1758739064034 0.0 186400
1758739066341 0.0 186500
1758739068632 0.0 186600
1758739070857 0.0 186700
1758739073050 0.0 186800
1758739075335 0.0 186900
1758739077499 0.0 187000
1758739079709 0.0 187100
1758739081846 0.0 187200
1758739083933 0.0 187300
1758739086065 0.0 187400
1758739088225 0.0 187500
1758739090441 0.0 187600
1758739092628 0.0 187700
1758739094807 0.0 187800
1758739097013 0.0 187900
1758739099293 0.0 188000
1758739101469 0.0 188100
1758739103963 0.0 188200
1758739106040 0.0 188300
1758739108122 0.0 188400
1758739110212 0.0 188500
1758739112266 0.0 188600
1758739114327 0.0 188700
1758739116432 0.0 188800
1758739118519 0.0 188900
1758739120642 0.0 189000
1758739123053 0.0 189100
1758739125364 0.0 189200
1758739127703 0.0 189300
1758739129955 0.0 189400
1758739132196 0.0 189500
1758739134297 0.0 189600
1758739136380 0.0 189700
1758739138464 0.0 189800
1758739140616 0.0 189900
1758739142719 0.0 190000
1758739144831 0.0 190100
1758739146962 0.0 190200
1758739149016 0.0 190300
1758739151054 0.0 190400
1758739153131 0.0 190500
1758739155186 0.0 190600
1758739157232 0.0 190700
1758739159278 0.0 190800
1758739161357 0.0 190900
1758739163389 0.0 191000
1758739165443 0.0 191100
1758739167510 0.0 191200
1758739169561 0.0 191300
1758739171706 0.0 191400
1758739173764 0.0 191500
1758739175848 0.0 191600
1758739177945 0.0 191700
1758739180033 0.0 191800
1758739182100 0.0 191900
1758739184140 0.0 192000
1758739186390 0.0 192100
1758739188587 0.0 192200
1758739190660 0.0 192300
1758739192721 0.0 192400
1758739194783 0.0 192500
1758739196861 0.0 192600
1758739199059 0.0 192700
1758739201141 0.0 192800
1758739203228 0.0 192900
1758739205281 0.0 193000
1758739207327 0.0 193100
1758739209377 0.0 193200
1758739211458 0.0 193300
1758739213548 0.0 193400
1758739215610 0.0 193500
1758739217683 0.0 193600
1758739219778 0.0 193700
1758739221830 0.0 193800
1758739223944 0.0 193900
1758739226009 0.0 194000
1758739228082 0.0 194100
1758739230135 0.0 194200
1758739232238 0.0 194300
1758739234307 0.0 194400
1758739236360 0.0 194500
1758739238426 0.0 194600
1758739240492 0.0 194700
1758739242536 0.0 194800
1758739244627 0.0 194900
1758739246689 0.0 195000
1758739248795 0.0 195100
1758739250984 0.0 195200
1758739253070 0.0 195300
1758739255173 0.0 195400
1758739257230 0.0 195500
1758739259284 0.0 195600
1758739261372 0.0 195700
1758739263477 0.0 195800
1758739265547 0.0 195900
1758739267612 0.0 196000
1758739269677 0.0 196100
1758739271760 0.0 196200
1758739273935 0.0 196300
1758739276014 0.0 196400
1758739278089 0.0 196500
1758739280127 0.0 196600
1758739282195 0.0 196700
1758739284653 0.0 196800
1758739286829 0.0 196900
1758739289115 0.0 197000
1758739291536 0.0 197100
1758739294018 0.0 197200
1758739296467 0.0 197300
1758739298578 0.0 197400
1758739300661 0.0 197500
1758739302763 0.0 197600
1758739304840 0.0 197700
1758739306918 0.0 197800
1758739309329 0.0 197900
1758739311729 0.0 198000
1758739314156 0.0 198100
1758739316325 0.0 198200
1758739318421 0.0 198300
1758739320529 0.0 198400
1758739322598 0.0 198500
1758739324740 0.0 198600
1758739326845 0.0 198700
1758739328936 0.0 198800
1758739331022 0.0 198900
1758739333082 0.0 199000
1758739335317 0.0 199100
1758739337379 0.0 199200
1758739339485 0.0 199300
1758739341558 0.0 199400
1758739343661 0.0 199500
1758739345805 0.0 199600
1758739348042 0.0 199700
1758739350168 0.0 199800
1758739352335 0.0 199900
1758739354658 0.0 200000
1758739356984 0.0 200100
1758739359276 0.0 200200
1758739361449 0.0 200300
1758739363718 0.0 200400
1758739365984 0.0 200500
1758739368251 0.0 200600
1758739370396 0.0 200700
1758739372691 0.0 200800
1758739374999 0.0 200900
1758739377487 0.0 201000
1758739379743 0.0 201100
1758739382065 0.0 201200
1758739384372 0.0 201300
1758739386646 0.0 201400
1758739388804 0.0 201500
1758739391066 0.0 201600
1758739393295 0.0 201700
1758739395574 0.0 201800
1758739397696 0.0 201900
1758739399970 0.0 202000
1758739402296 0.0 202100
1758739404449 0.0 202200
1758739406768 0.0 202300
1758739409039 0.0 202400
1758739411312 0.0 202500
1758739413463 0.0 202600
1758739415775 0.0 202700
1758739418038 0.0 202800
1758739420363 0.0 202900
1758739422562 0.0 203000
1758739424849 0.0 203100
1758739427147 0.0 203200
1758739429426 0.0 203300
1758739431572 0.0 203400
1758739433852 0.0 203500
1758739436143 0.0 203600
1758739438417 0.0 203700
1758739440698 0.0 203800
1758739443084 0.0 203900
1758739445375 0.0 204000
1758739447636 0.0 204100
1758739449748 0.0 204200
1758739452034 0.0 204300
1758739454389 0.0 204400
1758739456706 0.0 204500
1758739458833 0.0 204600
1758739461163 0.0 204700
1758739463479 0.0 204800
1758739466099 0.0 204900
1758739468278 0.0 205000
1758739470548 0.0 205100
1758739472861 0.0 205200
1758739475245 0.0 205300
1758739477549 0.0 205400
1758739479880 0.0 205500
1758739482209 0.0 205600
1758739484538 0.0 205700
1758739486740 0.0 205800
1758739489057 0.0 205900
1758739491423 0.0 206000
1758739493639 0.0 206100
1758739495960 0.0 206200
1758739498247 0.0 206300
1758739500562 0.0 206400
1758739502731 0.0 206500
1758739505213 0.0 206600
1758739507622 0.0 206700
1758739509914 0.0 206800
1758739512084 0.0 206900
1758739514425 0.0 207000
1758739516780 0.0 207100
1758739519116 0.0 207200
1758739521347 0.0 207300
1758739523706 0.0 207400
1758739526047 0.0 207500
1758739528376 0.0 207600
1758739530569 0.0 207700
1758739532851 0.0 207800
1758739535170 0.0 207900
1758739537529 0.0 208000
1758739539772 0.0 208100
1758739542119 0.0 208200
1758739544425 0.0 208300
1758739546750 0.0 208400
1758739548998 0.0 208500
1758739551314 0.0 208600
1758739553645 0.0 208700
1758739555979 0.0 208800
1758739558248 0.0 208900
1758739560618 0.0 209000
1758739562942 0.0 209100
1758739565097 0.0 209200
1758739567498 0.0 209300
1758739570026 0.0 209400
1758739572358 0.0 209500
1758739574561 0.0 209600
1758739576845 0.0 209700
1758739579177 0.0 209800
1758739581515 0.0 209900
1758739583671 0.0 210000
1758739585982 0.0 210100
1758739588296 0.0 210200
1758739590619 0.0 210300
1758739592782 0.0 210400
1758739595098 0.0 210500
1758739597411 0.0 210600
1758739599770 0.0 210700
1758739601942 0.0 210800
1758739604254 0.0 210900
1758739606569 0.0 211000
1758739608871 0.0 211100
1758739611063 0.0 211200
1758739613386 0.0 211300
1758739615690 0.0 211400
1758739618005 0.0 211500
1758739620219 0.0 211600
1758739622546 0.0 211700
1758739624876 0.0 211800
1758739627236 0.0 211900
1758739629535 0.0 212000
1758739632018 0.0 212100
1758739634498 0.0 212200
1758739636796 0.0 212300
1758739638983 0.0 212400
1758739641314 0.0 212500
1758739643650 0.0 212600
1758739646218 0.0 212700
1758739648941 0.0 212800
1758739651945 0.0 212900
1758739654641 0.0 213000
1758739657674 0.0 213100
1758739660610 0.0 213200
1758739663633 0.0 213300
1758739666677 0.0 213400
1758739669428 0.0 213500
1758739672386 0.0 213600
1758739675203 0.0 213700
1758739677635 0.0 213800
1758739679843 0.0 213900
1758739682154 0.0 214000
1758739684486 0.0 214100
1758739686803 0.0 214200
1758739689245 0.0 214300
1758739691924 0.0 214400
1758739694667 0.0 214500
1758739697457 0.0 214600
1758739699924 0.0 214700
1758739702495 0.0 214800
1758739704957 0.0 214900
1758739707772 0.0 215000
1758739710628 0.0 215100
1758739713671 0.0 215200
1758739716669 0.0 215300
1758739719297 0.0 215400
1758739721869 0.0 215500
1758739724533 0.0 215600
1758739727208 0.0 215700
1758739729865 0.0 215800
1758739732360 0.0 215900
1758739734967 0.0 216000
1758739737652 0.0 216100
1758739740003 0.0 216200
1758739742160 0.0 216300
1758739744498 0.0 216400
1758739746913 0.0 216500
1758739749197 0.0 216600
1758739751966 0.0 216700
1758739754956 0.0 216800
1758739757634 0.0 216900
1758739760110 0.0 217000
1758739762477 0.0 217100
1758739764799 0.0 217200
1758739767156 0.0 217300
1758739769361 0.0 217400
1758739771907 0.0 217500
1758739774213 0.0 217600
1758739776565 0.0 217700
1758739778780 0.0 217800
1758739781162 0.0 217900
1758739783562 0.0 218000
1758739785888 0.0 218100
1758739788079 0.0 218200
1758739790439 0.0 218300
1758739792744 0.0 218400
1758739795069 0.0 218500
1758739797268 0.0 218600
1758739799594 0.0 218700
1758739801948 0.0 218800
1758739804278 0.0 218900
1758739806472 0.0 219000
1758739808820 0.0 219100
1758739811184 0.0 219200
1758739813600 0.0 219300
1758739815869 0.0 219400
1758739818218 0.0 219500
1758739820571 0.0 219600
1758739822910 0.0 219700
1758739825358 0.0 219800
1758739828043 0.0 219900
1758739830621 0.0 220000
1758739832927 0.0 220100
1758739835371 0.0 220200
1758739837852 0.0 220300
1758739840326 0.0 220400
1758739842578 0.0 220500
1758739844959 0.0 220600
1758739847310 0.0 220700
1758739849663 0.0 220800
1758739851903 0.0 220900
1758739854274 0.0 221000
1758739856672 0.0 221100
1758739859050 0.0 221200
1758739861281 0.0 221300
1758739863647 0.0 221400
1758739865989 0.0 221500
1758739868311 0.0 221600
1758739870540 0.0 221700
1758739872927 0.0 221800
1758739875413 0.0 221900
1758739877771 0.0 222000
1758739880018 0.0 222100
1758739882396 0.0 222200
1758739884811 0.0 222300
1758739887360 0.0 222400
1758739889672 0.0 222500
1758739892053 0.0 222600
1758739894427 0.0 222700
1758739896690 0.0 222800
1758739899048 0.0 222900
1758739901457 0.0 223000
1758739903790 0.0 223100
1758739906091 0.0 223200
1758739908436 0.0 223300
1758739910825 0.0 223400
1758739913161 0.0 223500
1758739915388 0.0 223600
1758739917776 0.0 223700
1758739920144 0.0 223800
1758739922486 0.0 223900
1758739924737 0.0 224000
1758739927110 0.0 224100
1758739929484 0.0 224200
1758739931865 0.0 224300
1758739934076 0.0 224400
1758739936511 0.0 224500
1758739938891 0.0 224600
1758739941269 0.0 224700
1758739943500 0.0 224800
1758739945958 0.0 224900
1758739948400 0.0 225000
1758739951159 0.0 225100
1758739953459 0.0 225200
1758739955875 0.0 225300
1758739958282 0.0 225400
1758739960672 0.0 225500
1758739962934 0.0 225600
1758739965325 0.0 225700
1758739967765 0.0 225800
1758739970059 0.0 225900
1758739972467 0.0 226000
1758739974891 0.0 226100
1758739977378 0.0 226200
1758739979716 0.0 226300
1758739982149 0.0 226400
1758739984496 0.0 226500
1758739986873 0.0 226600
1758739989125 0.0 226700
1758739991518 0.0 226800
1758739993867 0.0 226900
1758739996994 0.0 227000
1758739999472 0.0 227100
1758740002408 0.0 227200
1758740005219 0.0 227300
1758740008171 0.0 227400
1758740010646 0.0 227500
1758740013275 0.0 227600
1758740015975 0.0 227700
1758740018648 0.0 227800
1758740021306 0.0 227900
1758740024159 0.0 228000
1758740026877 0.0 228100
1758740029470 0.0 228200
1758740032219 0.0 228300
1758740034868 0.0 228400
1758740037885 0.0 228500
1758740040638 0.0 228600
1758740043411 0.0 228700
1758740046082 0.0 228800
1758740048696 0.0 228900
1758740051120 0.0 229000
