1758735638396 208.76531780399185 0
1758735640071 225.18543970793513 100
1758735641290 195.22919381865574 200
1758735642541 197.52773853254214 300
1758735643760 188.06851403461573 400
1758735644975 189.57306214689265 500
1758735646183 185.8106587516059 600
1758735647393 178.6254418465994 700
1758735648712 176.60970988252137 800
1758735649888 179.78156879554223 900
1758735651090 161.37524527721135 1000
1758735652278 172.2011742004352 1100
1758735653692 157.5266281078645 1200
1758735655212 160.12460868901275 1300
1758735656607 144.42698254192348 1400
1758735657904 159.00765789673213 1500
1758735659156 161.03447746295018 1600
1758735660468 167.3637923466741 1700
1758735661702 142.56157166649672 1800
1758735662984 154.22503309310193 1900
1758735664217 158.97149787750152 2000
1758735665462 138.1159114857745 2100
1758735666688 150.48450057405282 2200
1758735667940 148.8555914398268 2300
1758735669153 151.41891696750903 2400
1758735670372 101.00428647112652 2500
1758735671614 142.75565841870596 2600
1758735672922 138.78313811130965 2700
1758735674187 142.2231867349361 2800
1758735675473 135.06920426367822 2900
1758735676753 140.15116784174825 3000
1758735678061 141.04664223021825 3100
1758735679304 139.29936898040518 3200
1758735680646 131.2565795650133 3300
1758735681968 126.46396912500754 3400
1758735683267 122.68710328487437 3500
1758735684523 133.02581668252458 3600
1758735685913 131.21141212538322 3700
1758735687238 118.1094841180446 3800
1758735688498 122.93522480801923 3900
1758735689757 127.15021068905932 4000
1758735691029 119.70045662100456 4100
1758735692295 120.73413932066782 4200
1758735693546 125.76246589307667 4300
1758735694821 125.13213401354456 4400
1758735696042 120.1599724975649 4500
1758735697290 116.93721422995428 4600
1758735698587 123.63096150445087 4700
1758735699832 113.54061882461222 4800
1758735701135 110.62095157717059 4900
1758735702411 116.45668591737005 5000
1758735703682 109.25227266807325 5100
1758735705033 94.72659108360811 5200
1758735706383 111.74381244172106 5300
1758735707727 110.01164559618108 5400
1758735709165 94.37490718448349 5500
1758735710513 105.47462656540763 5600
1758735711910 85.49161248241984 5700
1758735713365 107.15062333946454 5800
1758735714632 100.61902362960298 5900
1758735715919 102.16553807180786 6000
1758735717202 71.66810197525801 6100
1758735718638 102.18545047020416 6200
1758735720036 94.97540872243106 6300
1758735721495 94.17783366265493 6400
1758735722848 105.63400997330378 6500
1758735724603 102.73106691486235 6600
1758735726430 78.08440845201527 6700
1758735728286 100.03587101698149 6800
1758735729786 98.18816864480183 6900
1758735731057 102.22280714581657 7000
1758735732348 100.81976828037114 7100
1758735734064 98.29862429398392 7200
1758735735630 96.91090573012939 7300
1758735736965 91.37120948065528 7400
1758735738445 97.16009173249323 7500
1758735739923 95.82818890082021 7600
1758735741330 88.39418335089567 7700
1758735742784 81.81932387882098 7800
1758735744648 86.13418215422529 7900
1758735745997 93.34989205670918 8000
1758735747243 89.95054579767955 8100
1758735748478 91.02814853397574 8200
1758735749711 75.14788404342997 8300
1758735750986 79.23648316771829 8400
1758735752218 89.60656298068706 8500
1758735753468 88.59957752429236 8600
1758735754849 90.47442783494036 8700
1758735756137 84.13849548645938 8800
1758735757926 85.55439061703213 8900
1758735759746 78.78106686701729 9000
1758735761525 86.13064459822986 9100
1758735763382 84.09294865368807 9200
1758735765204 78.89368745767813 9300
1758735766612 78.86550213414061 9400
1758735767966 81.56474729206775 9500
1758735769258 85.7818590857961 9600
1758735770548 81.55681729796997 9700
1758735771924 83.3310949079133 9800
1758735773290 77.49005117593808 9900
1758735774782 83.0933692572855 10000
1758735776122 82.72299469459401 10100
1758735777481 84.16213179227867 10200
1758735778855 82.19129548705689 10300
1758735780197 52.23748022866253 10400
1758735781553 73.00027847396268 10500
1758735783073 72.78997605081392 10600
1758735784618 78.27822776305476 10700
1758735786196 77.80340944925707 10800
1758735787646 73.25527455637837 10900
1758735789114 71.56416250063984 11000
1758735790484 77.84384105714445 11100
1758735791816 76.90890421006307 11200
1758735793256 71.4812277382961 11300
1758735795150 65.04006947028904 11400
1758735796836 73.43869171642183 11500
1758735798193 76.26700609146286 11600
1758735799624 72.79250260326276 11700
1758735801387 64.59334093079127 11800
1758735803003 65.86325806350303 11900
1758735804690 68.59378219700066 12000
1758735806372 72.78744967374705 12100
1758735807844 61.41540984566726 12200
1758735809401 66.62278416671961 12300
1758735810800 66.06139452835835 12400
1758735812206 69.54805332625854 12500
1758735813502 64.90419819568883 12600
1758735814797 66.92148384523334 12700
1758735816187 64.48707738195907 12800
1758735817625 64.9031938598663 12900
1758735818954 69.38009064743441 13000
1758735820325 68.8946123521682 13100
1758735821812 53.34500038155318 13200
1758735823357 58.65421135801088 13300
1758735824932 59.70199561590799 13400
1758735826644 43.12332541665381 13500
1758735828232 60.02324050487994 13600
1758735829712 63.973643670972955 13700
1758735831145 64.9564665252203 13800
1758735832643 65.44192722960744 13900
1758735834460 66.65136900316229 14000
1758735835892 56.29711555239386 14100
1758735837513 63.75194175495128 14200
1758735839242 63.551986423831025 14300
1758735840572 64.37128211424537 14400
1758735842317 46.768626926250526 14500
1758735844005 61.6918279696417 14600
1758735845397 65.93055315403116 14700
1758735847119 57.834919059044154 14800
1758735848821 60.56494303495877 14900
1758735850489 63.430887423628334 15000
1758735852150 58.764329246935205 15100
1758735853792 60.37402118839245 15200
1758735855135 60.628852269442035 15300
1758735856753 57.38389974278991 15400
1758735858115 57.89239475500345 15500
1758735859512 60.40532288726309 15600
1758735861145 57.606153000961406 15700
1758735862462 60.70783036618903 15800
1758735863786 61.56234313308186 15900
1758735865230 58.23319356898897 16000
1758735866568 60.485463774803875 16100
1758735868195 58.121028199265574 16200
1758735869813 58.65667216737057 16300
1758735871121 59.62730658781383 16400
1758735872417 57.80064769516985 16500
1758735873766 61.06934960178215 16600
1758735875086 58.553495644404734 16700
1758735876406 58.22026040365343 16800
1758735877782 59.62561128170135 16900
1758735879203 58.04220693854393 17000
1758735880713 57.16491304584855 17100
1758735882157 59.7164457479676 17200
1758735883614 55.77309415847772 17300
1758735885077 54.826069906669105 17400
1758735886515 54.723778459129754 17500
1758735887939 57.64336269807457 17600
1758735889437 54.61333333333334 17700
1758735890914 49.20928268062041 17800
1758735892371 54.89136380887569 17900
1758735893800 52.569423207078934 18000
1758735895240 52.764514221735794 18100
1758735896738 56.44105338231534 18200
1758735898229 49.45471695888505 18300
1758735899695 55.41131397468756 18400
1758735901139 53.83317289797595 18500
1758735902590 56.406896366228246 18600
1758735904035 53.587632553979816 18700
1758735905514 53.961300946891726 18800
1758735906907 54.63111690003256 18900
1758735908251 48.18712805312378 19000
1758735909718 54.16478123870034 19100
1758735911286 45.432235701906414 19200
1758735912891 46.94083019036854 19300
1758735914365 38.294004327620996 19400
1758735915709 41.60892036943345 19500
1758735917030 47.634938842261874 19600
1758735918429 46.7733208435092 19700
1758735919997 54.510416531288584 19800
1758735921510 52.05724143922751 19900
1758735922879 49.26939974157171 20000
1758735924221 51.37685881574757 20100
1758735925588 52.249844283329594 20200
1758735926914 48.48570041384413 20300
1758735928198 52.1361856579945 20400
1758735929515 49.392983737060895 20500
1758735930887 48.925718551698395 20600
1758735932258 50.072273622634754 20700
1758735933549 43.90654049074617 20800
1758735934838 48.789130839382096 20900
1758735936166 48.02051657812786 21000
1758735937626 51.09459245453106 21100
1758735938927 50.29020886789286 21200
1758735940294 49.17581953758852 21300
1758735941612 48.998878504672895 21400
1758735943064 47.97053811402756 21500
1758735944413 45.79434436073807 21600
1758735945764 47.387910970511804 21700
1758735947102 47.0942040376367 21800
1758735948408 45.788845099944325 21900
1758735949779 48.68436386428795 22000
1758735951223 48.916018426730425 22100
1758735952534 48.25032210565065 22200
1758735953929 42.11529154240845 22300
1758735955333 47.48340352307205 22400
1758735956759 47.88400899615266 22500
1758735958084 47.22092250880966 22600
1758735959550 42.37098696838064 22700
1758735961027 40.9900219887613 22800
1758735962408 46.903036063740565 22900
1758735963847 46.900938174417696 23000
1758735965257 47.82613256707602 23100
1758735966781 43.06886000041074 23200
1758735968241 45.040957024118896 23300
1758735969585 44.52646553005372 23400
1758735970946 46.772277669361586 23500
1758735972605 47.32962457260858 23600
1758735974009 41.196558362472004 23700
1758735975921 41.67879643062981 23800
1758735978002 41.14402307194287 23900
1758735979872 44.82530725659934 24000
1758735981829 46.37357097052385 24100
1758735983808 41.93046086174148 24200
1758735985639 42.71402820917562 24300
1758735987064 44.42224552261727 24400
1758735988393 46.00076772063743 24500
1758735989822 33.035640304655686 24600
1758735991266 42.17797130014179 24700
1758735992773 44.66396899092729 24800
1758735994325 44.44389814883494 24900
1758735995710 44.15661090465011 25000
1758735997090 40.36361186762003 25100
1758735998568 43.33361572873511 25200
1758736000088 41.999319087577355 25300
1758736001516 40.33566379766312 25400
1758736003009 41.1892762447216 25500
1758736004540 44.18265898389357 25600
1758736006032 40.76453722871777 25700
1758736007511 42.20216127019902 25800
1758736009033 38.26221492428389 25900
1758736010527 41.782178612342484 26000
1758736012032 42.315842573068736 26100
1758736013616 42.33805404423269 26200
1758736015306 42.184758667162846 26300
1758736016862 42.03256937276399 26400
1758736018523 40.89809370581639 26500
1758736020061 32.743186803750284 26600
1758736021543 35.71748275568424 26700
1758736022918 40.79625720983163 26800
1758736024338 41.20141453831041 26900
1758736025850 34.01458125522063 27000
1758736027335 41.21598993750246 27100
1758736028842 36.772463857058945 27200
1758736030603 40.72732922270234 27300
1758736032079 41.25247359206877 27400
1758736033490 39.83535154951515 27500
1758736034875 42.39154251986012 27600
1758736036293 39.60888821735148 27700
1758736037661 39.89218287823019 27800
1758736039069 41.51543106008116 27900
1758736040903 32.04841297736755 28000
1758736042853 36.26533859030228 28100
1758736044575 37.401722815715786 28200
1758736046260 36.22994065768902 28300
1758736047852 40.27833635831101 28400
1758736049292 39.28832769748119 28500
1758736050773 35.85242930898896 28600
1758736052213 37.43710950051769 28700
1758736053627 40.09237592720043 28800
1758736055146 38.07258137719442 28900
1758736056539 38.35248075199795 29000
1758736058052 33.57995276410072 29100
1758736059528 38.494332730660155 29200
1758736061575 33.10343085799074 29300
1758736063078 37.23504136926956 29400
1758736064580 37.704998202085584 29500
1758736066171 37.840726806867494 29600
1758736068086 37.187831930984956 29700
1758736069574 35.7622502835023 29800
1758736071129 35.259289148929014 29900
1758736072857 37.95132014694439 30000
1758736074759 35.00591735730322 30100
1758736076690 36.75635127200708 30200
1758736078588 35.48960942259527 30300
1758736080551 31.969998856663747 30400
1758736082026 37.1980559792827 30500
1758736083828 33.915564935432485 30600
1758736085838 37.744017997750284 30700
1758736087369 36.854210600309294 30800
1758736088807 34.16475111389869 30900
1758736090188 37.71516949914576 31000
1758736091600 36.963990482065746 31100
1758736092961 36.56090863922037 31200
1758736094357 35.70684033541906 31300
1758736095760 36.21773970710141 31400
1758736097212 24.731149319559425 31500
1758736098777 21.8973395146807 31600
1758736100731 30.949019723589355 31700
1758736102129 33.648648215002005 31800
1758736103542 36.00539097441004 31900
1758736105071 33.65080791386531 32000
1758736106586 30.768977962968396 32100
1758736108117 32.75443761567476 32200
1758736109544 30.389103028546586 32300
1758736111084 34.46655490911481 32400
1758736112453 34.69262773058503 32500
1758736114117 32.42901544789621 32600
1758736115815 34.38968876061789 32700
1758736117382 32.43453246311361 32800
1758736119040 32.1161426668096 32900
1758736120591 32.866084721591 33000
1758736122091 31.727679145517673 33100
1758736123575 28.43268233491733 33200
1758736125156 34.450701448894435 33300
1758736126681 32.210852903681634 33400
1758736128390 30.12500179559003 33500
1758736130031 29.40420490314982 33600
1758736131909 22.942762121477333 33700
1758736133732 32.21456385993748 33800
1758736135130 35.55428968627351 33900
1758736136459 32.945597360772915 34000
1758736137955 29.218011591618367 34100
1758736139653 31.500593315809237 34200
1758736141285 32.00073243863919 34300
1758736143137 32.83392436376162 34400
1758736144636 34.46882088031294 34500
1758736146321 30.671327239488118 34600
1758736148058 26.801178297347555 34700
1758736150028 29.57192210612406 34800
1758736151808 28.737754451836576 34900
1758736153980 16.219022134228396 35000
1758736155862 31.83556611435381 35100
1758736157573 32.86531213515017 35200
1758736159629 21.24860176704223 35300
1758736161838 25.231931660951695 35400
1758736163474 32.745231830992516 35500
1758736164958 31.95027270788263 35600
1758736166483 33.244855901842044 35700
1758736167847 34.242291144510936 35800
1758736169383 30.984914971263095 35900
1758736171030 28.884998657089533 36000
1758736172760 30.013123528612013 36100
1758736174512 29.56942035728889 36200
1758736176201 28.990814020196716 36300
1758736177836 29.964022917887096 36400
1758736179544 23.73552147586441 36500
1758736181355 28.06680942184154 36600
1758736182808 32.35297203066907 36700
1758736184553 29.916362936070357 36800
1758736185980 30.253857195409594 36900
1758736187411 31.113860761841178 37000
1758736188872 31.706572929659448 37100
1758736190372 32.594839912962385 37200
1758736192345 29.622882971961296 37300
1758736194297 31.515741700855084 37400
1758736196314 30.103380463647454 37500
1758736197844 30.15402312072238 37600
1758736199316 32.289211535204544 37700
1758736201178 30.79021009822202 37800
1758736202951 31.843058655612747 37900
1758736204885 28.104987369084075 38000
1758736206684 31.922551183499504 38100
1758736208615 32.00854720422476 38200
1758736210510 30.967071261923746 38300
1758736212505 32.27231737531354 38400
1758736214416 30.93943126913289 38500
1758736216415 31.779123068880082 38600
1758736218330 31.48782318849284 38700
1758736220282 31.689085661614712 38800
1758736221793 31.312459873086972 38900
1758736223716 28.93301877681663 39000
1758736225631 32.34299285945621 39100
1758736227558 28.72929024480458 39200
1758736229472 31.581474147083405 39300
1758736231447 31.1559243219955 39400
1758736233023 29.032151781326355 39500
1758736235184 26.391553301536565 39600
1758736236966 26.775514373080878 39700
1758736238613 28.20913872187025 39800
1758736240183 29.105080182361963 39900
1758736241823 21.108408026048927 40000
1758736243274 29.52342204734386 40100
1758736244741 29.82086029150373 40200
1758736246305 25.745667933191335 40300
1758736247836 29.02451750410009 40400
1758736249328 28.57914568584297 40500
1758736250843 29.880344803020588 40600
1758736252509 28.914070632354665 40700
1758736254166 29.62916077988132 40800
1758736255811 28.07883461868038 40900
1758736257391 29.550878923450874 41000
1758736259155 24.570913053156964 41100
1758736260991 24.28453811191848 41200
1758736262691 24.1679765828474 41300
1758736264578 26.95446862930331 41400
1758736266125 28.683120311292562 41500
1758736267615 26.981344723773255 41600
1758736269222 26.2518088275793 41700
1758736271218 24.514044582636853 41800
1758736272997 25.663909148759117 41900
1758736274585 26.85024742175647 42000
1758736276118 27.138815917178906 42100
1758736277590 27.310934000104183 42200
1758736279322 28.162922178204525 42300
1758736280972 27.37885701230458 42400
1758736283080 20.127377776071558 42500
1758736284973 24.02222209494791 42600
1758736287116 25.27572284292102 42700
1758736288727 27.76820459856866 42800
1758736290480 24.681813634625005 42900
1758736292174 26.737621837329236 43000
1758736293831 24.645411490956953 43100
1758736295445 26.83804916753049 43200
1758736296904 28.0662459934557 43300
1758736298528 22.18856266201132 43400
1758736300310 26.150331687365952 43500
1758736302075 25.968349884841132 43600
1758736303561 27.258396589372985 43700
1758736305151 25.938158610795032 43800
1758736306766 26.103622750950652 43900
1758736308240 25.96417030865038 44000
1758736309710 26.885185375108968 44100
1758736311183 28.249797941699445 44200
1758736312880 20.413317824099988 44300
1758736314722 20.112128738983245 44400
1758736316736 25.993455627169062 44500
1758736318377 25.556947524921398 44600
1758736320170 24.688932578317225 44700
1758736321885 24.616482574859436 44800
1758736324076 24.486995510459053 44900
1758736326166 27.162718406362117 45000
1758736328195 24.208708500715705 45100
1758736330287 21.105964997031087 45200
1758736332904 24.16519174041298 45300
1758736334967 23.942824523347415 45400
1758736336973 26.12313230650415 45500
1758736338945 24.63976501688941 45600
1758736341049 25.525529765454788 45700
1758736342737 25.89620043712878 45800
1758736344574 25.029114974011947 45900
1758736346626 27.095162113450346 46000
1758736348574 25.210850579134334 46100
1758736350463 25.099811495766136 46200
1758736352560 25.244384524640683 46300
1758736354600 25.892363726155935 46400
1758736356372 23.999954223720124 46500
1758736358140 23.422706204277656 46600
1758736360180 27.126354117487274 46700
1758736361699 25.165471683396433 46800
1758736363233 25.61782490258114 46900
1758736364955 22.976948023490227 47000
1758736367013 25.651823447027382 47100
1758736369117 25.92581329080671 47200
1758736371280 22.23007573790128 47300
1758736373584 19.87539212434251 47400
1758736375837 24.97769202367766 47500
1758736377915 24.700273249787998 47600
1758736379647 24.477135320619062 47700
1758736381334 22.821797208694942 47800
1758736383314 25.64272744502253 47900
1758736385063 25.037930252271398 48000
1758736387135 24.708712812960236 48100
1758736388825 24.63108318407376 48200
1758736390575 24.917446889406396 48300
1758736392679 23.155168130551676 48400
1758736394810 23.48697502519879 48500
1758736396430 22.92946720460087 48600
1758736398080 24.863385775427698 48700
1758736399774 25.373429399345444 48800
1758736401303 25.08000023918152 48900
1758736403020 23.43775809561063 49000
1758736404742 19.146565143360586 49100
1758736406494 25.02672545989391 49200
1758736408242 21.33702320754525 49300
1758736410105 21.82975689221753 49400
1758736412256 22.205125761690727 49500
1758736414407 15.432263381753426 49600
1758736416542 22.56251580176119 49700
1758736418444 21.794706047410703 49800
1758736420419 23.315159870147195 49900
1758736422517 22.849397754449427 50000
1758736424415 22.7979801823054 50100
1758736426045 24.934333646426577 50200
1758736427709 21.26842724433086 50300
1758736429676 23.004672999714792 50400
1758736431551 20.597065351902415 50500
1758736433325 24.389175107865142 50600
1758736434865 21.26454543610959 50700
1758736436401 21.935359705457817 50800
1758736438012 23.19114443375466 50900
1758736439683 23.75743569700986 51000
1758736441268 23.784784285260628 51100
1758736442771 23.777772738610853 51200
1758736444252 23.545119260801957 51300
1758736446070 23.748826517034612 51400
1758736447869 23.09346283235053 51500
1758736449496 21.828848005412578 51600
1758736451179 23.612189176560662 51700
1758736452905 20.04503832845864 51800
1758736454594 24.10339457396861 51900
1758736456123 24.38407069356433 52000
1758736457762 23.416821595064622 52100
1758736459367 24.01713258282848 52200
1758736461069 22.560695382761736 52300
1758736462638 24.081805602604366 52400
1758736464193 23.557947001269362 52500
1758736465913 24.20228272033791 52600
1758736467483 23.926298195674867 52700
1758736469101 23.34981545296138 52800
1758736470747 23.367767743229464 52900
1758736472363 23.640003607178286 53000
1758736474016 21.647126828311606 53100
1758736475644 22.488480448664674 53200
1758736477167 23.482372701060942 53300
1758736479139 20.49100591137818 53400
1758736481077 22.145684174956177 53500
1758736483019 23.11382485685787 53600
1758736484611 23.443784270215584 53700
1758736486518 19.114106683072436 53800
1758736488531 17.87655247074067 53900
1758736490386 21.723590710393836 54000
1758736492156 19.915689710023123 54100
1758736493986 21.389579327965077 54200
1758736495952 19.924204205916023 54300
1758736497905 19.85600939233843 54400
1758736500151 22.25024137162743 54500
1758736501980 22.455010252319486 54600
1758736504122 22.066805911412985 54700
1758736505827 21.739466659755877 54800
1758736507412 22.853755285297066 54900
1758736509131 21.92618614474207 55000
1758736510853 21.463682233616833 55100
1758736512640 21.478960440404556 55200
1758736514466 20.925901534654454 55300
1758736516587 22.11334243672004 55400
1758736518277 22.352335527192306 55500
1758736519925 17.071112268820006 55600
1758736522152 15.8109756557272 55700
1758736524417 17.25710147789737 55800
1758736526269 22.43315201985356 55900
1758736528042 21.365390982767316 56000
1758736529727 20.360204849396858 56100
1758736531693 19.63625468164794 56200
1758736533405 21.524925843434705 56300
1758736535213 21.961661509139557 56400
1758736536830 21.69740674257277 56500
1758736538527 21.83293859215341 56600
1758736540174 22.325209050794953 56700
1758736541960 21.20037808138859 56800
1758736543604 20.57756256469884 56900
1758736545404 21.39863679033509 57000
1758736547101 19.810149958672806 57100
1758736548751 20.87455767957836 57200
1758736550397 20.385141407415688 57300
1758736551992 21.90591688471763 57400
1758736553591 21.162938781276647 57500
1758736555208 22.119756563195477 57600
1758736556918 19.750355518303305 57700
1758736558640 20.2872316755826 57800
1758736560465 19.467825182874755 57900
1758736562087 19.658526982817612 58000
1758736563768 21.285912934035707 58100
1758736565452 19.961279637543903 58200
1758736567134 20.525099094690482 58300
1758736568773 21.484021328798487 58400
1758736570636 21.076798609052215 58500
1758736572553 20.53937162109222 58600
1758736574086 18.729504646313092 58700
1758736576463 12.880028497377504 58800
1758736578990 17.663946093914507 58900
1758736580920 19.296577107103424 59000
1758736582742 19.94533263588378 59100
1758736584686 18.717970001651203 59200
1758736586844 19.03413097836692 59300
1758736589052 18.418689618830143 59400
1758736590963 20.586652530934185 59500
1758736592783 19.192298012729875 59600
1758736594696 16.586340394737363 59700
1758736597152 18.48892023539265 59800
1758736599127 19.837696458892026 59900
1758736600989 18.65943002553585 60000
1758736602926 17.285976871275377 60100
1758736604991 19.891038773806812 60200
1758736606798 19.124390722105446 60300
1758736608742 14.845937661491849 60400
1758736610609 19.87991392630651 60500
1758736612318 18.047857348783772 60600
1758736614456 19.74933255484351 60700
1758736616310 19.51193007103614 60800
1758736617871 20.632020109104683 60900
1758736619546 17.442762027938002 61000
1758736621331 18.653538089329473 61100
1758736623130 17.146062087629076 61200
1758736625040 18.97806414247448 61300
1758736626742 19.509479598861333 61400
1758736628417 20.18967484175311 61500
1758736630774 10.560076538640685 61600
1758736633145 18.427105300154647 61700
1758736635016 15.734284674627023 61800
1758736636786 17.620460770639735 61900
1758736638791 19.007908058061915 62000
1758736640849 17.006187305886456 62100
1758736642775 19.911529715590536 62200
1758736644494 19.78491945564754 62300
1758736646419 20.78342995887221 62400
1758736648252 20.981276293476466 62500
1758736649988 20.189383291295222 62600
1758736651732 18.297201088853214 62700
1758736653408 20.069880613441157 62800
1758736655116 20.161724341811155 62900
1758736656759 18.832944937609728 63000
1758736658331 20.66841765508813 63100
1758736659891 19.83825943005794 63200
1758736661485 19.278572183689324 63300
1758736663130 18.099102014749224 63400
1758736664783 17.61639037174862 63500
1758736666382 19.236132322523538 63600
1758736668051 19.152860163203055 63700
1758736669625 19.682974100510105 63800
1758736671224 19.72574083741317 63900
1758736672880 18.52362319480634 64000
1758736674481 19.034994803650605 64100
1758736676065 19.070305857533224 64200
1758736677702 19.337946932847693 64300
1758736679232 19.289566269160545 64400
1758736680844 19.40828008088511 64500
1758736682469 18.41513145185367 64600
1758736684083 19.919189232829613 64700
1758736686011 14.772421177199854 64800
1758736688416 14.841682501601186 64900
1758736690748 16.765078083467568 65000
1758736692543 16.297483282107873 65100
1758736694603 17.0409416123934 65200
1758736696712 17.02752055211611 65300
1758736698519 17.917790897362508 65400
1758736700367 18.620165500586 65500
1758736702267 18.888921914334993 65600
1758736704072 16.24282699196437 65700
1758736705957 17.46113368414041 65800
1758736707840 18.53475567182515 65900
1758736709594 18.248481578809976 66000
1758736711382 19.098179566337915 66100
1758736713000 15.558084498683186 66200
1758736714700 17.681743258111975 66300
1758736716580 18.235866488697972 66400
1758736718241 18.153859471438093 66500
1758736720168 17.503762159725902 66600
1758736721786 19.305370038801257 66700
1758736723372 18.84961845097387 66800
1758736725056 18.71721823569312 66900
1758736726947 18.14851802172126 67000
1758736728619 18.952423556417102 67100
1758736730596 18.840473987296853 67200
1758736732513 17.434568989167573 67300
1758736734290 17.794868966453546 67400
1758736736023 18.27647151098949 67500
1758736737948 17.618314325919393 67600
1758736739951 16.877603988523738 67700
1758736741665 18.90475739751651 67800
1758736743483 16.3190425610558 67900
1758736745258 18.9621913894201 68000
1758736747103 15.640758488244177 68100
1758736749182 17.9683755520998 68200
1758736751315 15.89925892231004 68300
1758736753391 16.169252120277562 68400
1758736755290 16.670060848863507 68500
1758736756958 18.18250548383461 68600
1758736758782 18.571439957139127 68700
1758736760387 18.32405983503425 68800
1758736762027 17.918097077092643 68900
1758736763649 17.330832100622278 69000
1758736765433 15.35981250228879 69100
1758736767135 18.715213821660598 69200
1758736768869 18.075078970389875 69300
1758736770563 18.337438628245653 69400
1758736772178 17.932882692217248 69500
1758736773804 15.758285274172037 69600
1758736775447 17.375848740818686 69700
1758736777049 16.636207505186043 69800
1758736778672 17.45372227539428 69900
1758736780310 16.988278370474777 70000
1758736782146 16.622625582086595 70100
1758736783774 17.258450637578232 70200
1758736785453 16.358631341240343 70300
1758736787199 16.98518257545386 70400
1758736789074 15.155241440113313 70500
1758736791411 12.727637971372477 70600
1758736793258 17.548140927214384 70700
1758736795161 14.322362984463036 70800
1758736797354 15.608629152602925 70900
1758736799227 17.686888024896476 71000
1758736801333 16.612618179081657 71100
1758736803067 17.364339031327237 71200
1758736804748 16.964161054824164 71300
1758736806575 15.72891525601698 71400
1758736808282 16.81373543336126 71500
1758736810118 16.497938890462255 71600
1758736811927 17.724857797273426 71700
1758736813829 16.34779219463142 71800
1758736815762 17.10948214322136 71900
1758736817778 15.958421318966469 72000
1758736819676 16.36833499190228 72100
1758736821513 15.281577451651923 72200
1758736823396 17.230587210687613 72300
1758736825020 17.36843761646445 72400
1758736826771 15.748995576782992 72500
1758736828534 12.999748950084458 72600
1758736830286 16.933067957480652 72700
1758736832049 15.760002404785523 72800
1758736834098 16.00604476330401 72900
1758736836048 17.403606609073783 73000
1758736837958 16.15007623946894 73100
1758736839658 16.719566933214278 73200
1758736841371 17.412059696535692 73300
1758736843286 14.949864199203017 73400
1758736845140 15.225660311606093 73500
1758736847046 17.169715700923103 73600
1758736848788 17.16437565732666 73700
1758736850713 16.13839381906609 73800
1758736852509 17.014741795464687 73900
1758736854357 15.08688176684292 74000
1758736856067 16.00146497787273 74100
1758736857720 17.393863239569207 74200
1758736859479 15.535840222834622 74300
1758736861227 16.370634911341913 74400
1758736862927 16.730304226947638 74500
1758736864761 16.042470835723847 74600
1758736866554 13.786893867676449 74700
1758736868364 15.95775344508785 74800
1758736870169 17.541242351878417 74900
1758736871981 15.244641682386337 75000
1758736873783 14.762854085712677 75100
1758736875720 15.869841918469582 75200
1758736877596 14.73117380752521 75300
1758736879510 13.666189872634087 75400
1758736881545 14.343816259250646 75500
1758736883526 15.254510738120784 75600
1758736885673 14.226419062155516 75700
1758736887582 16.773659984083373 75800
1758736889553 16.336076587822443 75900
1758736891674 17.151531012823867 76000
1758736894063 14.617355544713181 76100
1758736895963 16.006777772265327 76200
1758736897949 16.33315030938835 76300
1758736899791 16.56518167456556 76400
1758736901691 15.464297170246105 76500
1758736903535 16.854273739537163 76600
1758736905392 15.15644626247588 76700
1758736907165 14.151348396870329 76800
1758736909056 16.294634116019953 76900
1758736910917 17.151040069351588 77000
1758736912715 15.3945399957424 77100
1758736914768 15.392393171175668 77200
1758736916614 16.634755950043825 77300
1758736918672 14.811755316519172 77400
1758736920557 15.990423216076188 77500
1758736922514 15.579466607235718 77600
1758736924704 14.934267636575978 77700
1758736926874 15.200719028152271 77800
1758736928779 15.617695793506876 77900
1758736930603 15.089215626315355 78000
1758736932555 15.843884454551292 78100
1758736934525 15.884205941943913 78200
1758736936552 10.589991996222823 78300
1758736938670 14.954181626300908 78400
1758736940909 15.780637199572592 78500
1758736942942 15.073272934403311 78600
1758736945612 15.106116921658455 78700
1758736947719 15.482049654133784 78800
1758736949793 11.949856406983635 78900
1758736952006 13.8069536707244 79000
1758736954224 13.201674483019106 79100
1758736956314 14.4448370510423 79200
1758736958328 14.235593191576017 79300
1758736960375 14.470052887418452 79400
1758736962438 16.2846382618554 79500
1758736964603 12.94782042298087 79600
1758736966828 12.903208340639699 79700
1758736968988 14.418767102567276 79800
1758736971006 14.08415630467121 79900
1758736972767 16.59946888715633 80000
1758736974480 14.136038556165953 80100
1758736976220 13.62720565062429 80200
1758736978085 15.484678884179749 80300
1758736979902 13.447937106434278 80400
1758736982046 15.2610601920411 80500
1758736983713 15.649278595920439 80600
1758736985481 13.711042898658743 80700
1758736987266 14.254703643284394 80800
1758736988977 16.015884895602632 80900
1758736990696 14.483994170908414 81000
1758736992382 13.83975556156826 81100
1758736994047 14.87721687806816 81200
1758736995831 13.648934750845267 81300
1758736997636 14.53050873880584 81400
1758736999337 14.75464874942836 81500
1758737001077 16.113531850155784 81600
1758737002805 13.164300151908904 81700
1758737004553 14.707876594640465 81800
1758737006233 14.439068723470909 81900
1758737008009 14.246569386701449 82000
1758737009813 13.535383394056351 82100
1758737011771 14.263186710421165 82200
1758737013812 15.180912670836229 82300
1758737015500 14.698547423384907 82400
1758737017206 14.128039127183557 82500
1758737018909 15.51876806044259 82600
1758737020651 15.647060140194062 82700
1758737022369 14.764932833929427 82800
1758737024100 14.554206499297326 82900
1758737025756 13.871704303422366 83000
1758737027399 15.398383176815255 83100
1758737029156 12.497590946607511 83200
1758737031030 11.457186172610186 83300
1758737032803 15.75864051187448 83400
1758737034610 14.015116784174825 83500
1758737036353 14.598632826096036 83600
1758737038006 15.481878213622622 83700
1758737039664 14.531968706907902 83800
1758737041437 15.609849048739095 83900
1758737043145 15.836825312918878 84000
1758737044861 12.077342371007266 84100
1758737046544 15.243921408997405 84200
1758737048230 15.130038922576897 84300
1758737049946 15.448064528010018 84400
1758737051616 15.182231488720934 84500
1758737053338 15.093776877318872 84600
1758737055058 15.45905343196335 84700
1758737056796 15.602474490649982 84800
1758737058552 14.582948852119312 84900
1758737060332 13.117653129837839 85000
1758737062092 13.733580000327434 85100
1758737063837 14.391408327471735 85200
1758737065618 13.637529425535512 85300
1758737067440 15.772922479862213 85400
1758737069341 14.75703670344517 85500
1758737071124 12.814273711867772 85600
1758737073025 14.216630285938962 85700
1758737074899 12.391476085948186 85800
1758737077013 12.909205067280585 85900
1758737078845 15.432263381753426 86000
1758737080585 13.570988533119355 86100
1758737082393 15.342339079892165 86200
1758737084145 14.066349185056007 86300
1758737085865 13.406028759824462 86400
1758737087577 12.82308844660491 86500
1758737089336 12.491858840908618 86600
1758737091054 14.057768750712222 86700
1758737092863 14.502423810742219 86800
1758737094627 14.651720247181826 86900
1758737096384 13.82233295105522 87000
1758737098192 13.004988915244253 87100
1758737100050 11.823933696050517 87200
1758737101857 14.22984590539908 87300
1758737103592 13.197935808684708 87400
1758737105296 13.954871207937131 87500
1758737106992 12.853976659801903 87600
1758737108732 13.90066747532595 87700
1758737110435 15.1476335795157 87800
1758737112130 15.579524476355681 87900
1758737113848 14.982760714719477 88000
1758737115544 13.844826391066542 88100
1758737117216 15.28185584213537 88200
1758737118947 13.187188540490915 88300
1758737120778 14.632756298885703 88400
1758737122495 13.19357669744106 88500
1758737124256 14.345091762259479 88600
1758737126074 12.708394689160773 88700
1758737127769 14.87236366215162 88800
1758737129570 13.903570445949395 88900
1758737131270 13.42082797371065 89000
1758737133139 13.96727884247157 89100
1758737134800 13.701771235552767 89200
1758737136473 14.778094489798075 89300
1758737138268 13.375248336187406 89400
1758737140227 12.815526623747644 89500
1758737142148 14.004728006090312 89600
1758737143905 14.36321857974022 89700
1758737145581 12.61065544197234 89800
1758737147373 12.195651288970046 89900
1758737149316 12.26078441116545 90000
1758737151387 13.400075397915694 90100
1758737153730 14.439366972255979 90200
1758737156079 14.468605333057367 90300
1758737158440 14.893699221635135 90400
1758737160605 14.293468555966767 90500
1758737162425 14.598632826096036 90600
1758737164204 14.438372857551025 90700
1758737166008 13.654444534874257 90800
1758737168447 14.076924109600075 90900
1758737170910 13.128369495811997 91000
1758737173317 12.712092281767319 91100
1758737175072 13.73353503205569 91200
1758737176932 13.049862168098915 91300
1758737178672 14.591877985395264 91400
1758737180445 12.964268934991717 91500
1758737182238 12.915525528946972 91600
1758737184095 12.924519987797476 91700
1758737186549 14.53403330041409 91800
1758737188967 13.636864333763587 91900
1758737191334 14.434844855593184 92000
1758737193794 14.477694782332556 92100
1758737196148 14.389384052750389 92200
1758737198167 14.575600669998124 92300
1758737200409 12.702813860024774 92400
1758737202341 14.017974058266963 92500
1758737204477 13.678356889883185 92600
1758737207012 14.142807045938874 92700
1758737209467 14.128372255963027 92800
1758737211835 14.538013074251488 92900
1758737214272 12.178512319905227 93000
1758737216271 13.38045395817715 93100
1758737218295 14.012073429435247 93200
1758737220371 13.319902188065674 93300
1758737222418 13.568310553983016 93400
1758737224173 13.3440994658293 93500
1758737226241 13.87110792156811 93600
1758737227929 13.096272797384682 93700
1758737229625 11.461569361516075 93800
1758737231306 14.125041674945528 93900
1758737233005 13.720506647126557 94000
1758737234674 13.794783752672258 94100
1758737236683 13.691171238220212 94200
1758737238397 12.571873894720435 94300
1758737240172 11.582603604872405 94400
1758737241943 14.216871226989083 94500
1758737243807 14.307266705098598 94600
1758737245625 14.099875281960259 94700
1758737247426 14.728121861634513 94800
1758737249188 14.110738051823093 94900
1758737250942 12.90698046552849 95000
1758737252693 14.08396713307612 95100
1758737254470 13.04389634057216 95200
1758737256253 12.171726727685334 95300
1758737258260 12.484496712416025 95400
1758737260030 14.284657537045804 95500
1758737261796 13.113305883051796 95600
1758737263915 13.235209289850271 95700
1758737265806 13.795237468754111 95800
1758737268302 12.281643290093994 95900
1758737270958 3.803977834411079 96000
1758737273262 14.385189199200195 96100
1758737275687 13.466676084736946 96200
1758737278140 12.731887819374501 96300
1758737280289 13.568705599192537 96400
1758737282141 13.932528135422064 96500
1758737284034 13.132808977506137 96600
1758737286040 12.353519496470048 96700
1758737288049 12.981562812406182 96800
1758737289946 13.003779317614596 96900
1758737291846 11.839587197010115 97000
1758737293719 12.224691854585092 97100
1758737295572 12.265337871822766 97200
1758737297449 12.215328339604618 97300
1758737299473 12.028540619909606 97400
1758737301412 12.280672372246638 97500
1758737303667 11.69916850992851 97600
1758737305713 13.21740007310955 97700
1758737307614 12.668513143309342 97800
1758737309531 12.087749432257024 97900
1758737311377 13.697699253767901 98000
1758737313185 13.764271931321458 98100
1758737315066 13.71054988591714 98200
1758737316873 13.324853148141676 98300
1758737318714 13.46732467899423 98400
1758737320621 13.348133815367381 98500
1758737322398 13.882034427862672 98600
1758737324257 13.389039276776138 98700
1758737326113 11.248220635797535 98800
1758737327998 11.766515832026505 98900
1758737329874 11.798290300167933 99000
1758737331793 13.239930301270235 99100
1758737333791 12.692703888636707 99200
1758737335957 13.068484614330048 99300
1758737338360 13.155051499830634 99400
1758737340711 12.991534742247923 99500
1758737342585 12.91803157512181 99600
1758737344872 12.94011081904903 99700
1758737347299 13.040489744650024 99800
1758737349695 13.51218553585753 99900
1758737351687 12.665414510118914 100000
1758737353525 12.366522587759386 100100
1758737356008 12.530372149576824 100200
1758737358415 13.054736278580455 100300
1758737360897 13.380838139962227 100400
1758737363304 12.804298317916782 100500
1758737365742 13.173148072538144 100600
1758737368205 13.436908133321372 100700
1758737370190 13.524210580621862 100800
1758737372175 11.915670214972202 100900
1758737374559 12.273987996125516 101000
1758737376450 13.367404890828023 101100
1758737378249 13.272987914671695 101200
1758737380060 13.179812529655571 101300
1758737381842 12.821246144581627 101400
1758737383631 12.785329334016144 101500
1758737385388 12.765833630085496 101600
1758737387141 11.874850301096519 101700
1758737388881 12.974455106194744 101800
1758737390647 11.59874674033577 101900
1758737392382 11.684892924103847 102000
1758737394163 11.879121563829365 102100
1758737396011 12.224335564875506 102200
1758737398158 11.320078052677461 102300
1758737400098 11.524237886551909 102400
1758737401930 12.559563770949804 102500
1758737403785 12.217071785386599 102600
1758737405665 13.084343287819092 102700
1758737407456 11.935370413581547 102800
1758737409213 13.085527095747668 102900
1758737410989 11.358428025174128 103000
1758737412780 12.231108622685692 103100
1758737414550 12.791958180587155 103200
1758737416359 12.691820511811857 103300
1758737418169 11.332526370395989 103400
1758737419968 12.329225848932367 103500
1758737421757 11.301715612967199 103600
1758737423517 12.504856684574884 103700
1758737425295 12.255339042726952 103800
1758737427173 11.16795450067365 103900
1758737428986 11.367663320396348 104000
1758737430740 12.053844650596039 104100
1758737432481 11.624173424309777 104200
1758737434235 11.277011512795282 104300
1758737436135 12.067300388979676 104400
1758737437890 13.099995002748487 104500
1758737439626 11.827201155000113 104600
1758737441364 13.042679494873797 104700
1758737443092 12.958821493894904 104800
1758737444820 11.377993831263073 104900
1758737446627 10.884344703024768 105000
1758737448458 11.1914061353491 105100
1758737450494 11.396790978873717 105200
1758737452587 9.8396631203594 105300
1758737454440 12.253584658712445 105400
1758737456176 13.229657012724028 105500
1758737458033 11.413662202943826 105600
1758737459800 11.901233166678962 105700
1758737461761 11.58071677066652 105800
1758737463650 11.135369625529316 105900
1758737465408 11.886022608444302 106000
1758737467154 12.483121923344783 106100
1758737468955 11.95438623492628 106200
1758737470728 11.144630558625968 106300
1758737472481 12.917076776200302 106400
1758737474227 12.488548527327513 106500
1758737475976 11.204710232038767 106600
1758737477724 12.91401441560161 106700
1758737479491 13.140997001663655 106800
1758737481307 10.884542423023525 106900
1758737483040 12.149444132249599 107000
1758737484763 12.584057149200577 107100
1758737486520 13.036841794440628 107200
1758737488444 11.726414672332812 107300
1758737490703 12.55411286508749 107400
1758737493188 12.359270991410428 107500
1758737495664 12.59013873963655 107600
1758737498094 12.832818303645187 107700
1758737500519 11.792120600415533 107800
1758737502927 13.12360450563204 107900
1758737505363 12.328428577307225 108000
1758737507824 12.552309469513327 108100
1758737510230 12.391549304096833 108200
1758737512667 12.528238766025067 108300
1758737515074 13.006319732574221 108400
1758737517482 12.82963878344442 108500
1758737519954 12.378347430365775 108600
1758737522374 11.807191336390481 108700
1758737524837 12.124788973427997 108800
1758737527233 12.10840771833393 108900
1758737529270 4.6378903882984135 109000
1758737531165 13.018107327974176 109100
1758737533070 12.812707916482106 109200
1758737535552 13.271014080050625 109300
1758737538043 11.551406090350016 109400
1758737540486 12.45010671170623 109500
1758737542294 12.209603376755695 109600
1758737544033 12.08618200574585 109700
1758737545874 12.315288466338009 109800
1758737547686 12.381051338969442 109900
1758737549551 12.162585217469472 110000
1758737551580 12.108302853068283 110100
1758737553702 12.616193518501808 110200
1758737555813 12.462721513721668 110300
1758737557882 12.182863317251416 110400
1758737559971 12.315252306373283 110500
1758737562080 11.947541730758275 110600
1758737563933 12.857483561454869 110700
1758737565659 11.794309109979444 110800
1758737567398 11.531842239115791 110900
1758737569269 11.75461154301024 111000
1758737571379 12.408632752984335 111100
1758737573480 11.550006471279909 111200
1758737575251 12.481041737339833 111300
1758737577001 12.399022103187624 111400
1758737578739 12.33785747483483 111500
1758737580767 12.02181770237696 111600
1758737582868 11.942609017525378 111700
1758737585005 12.385877461344926 111800
1758737587100 12.41983950726955 111900
1758737589301 11.716423872508624 112000
1758737591501 11.635911691107523 112100
1758737593608 11.93441951252824 112200
1758737595363 12.422193658447013 112300
1758737597090 12.492565764391918 112400
1758737599170 12.505565079980322 112500
1758737601290 11.883294896276611 112600
1758737603399 12.504334760365861 112700
1758737605516 11.582187808932606 112800
1758737607614 11.611430090083108 112900
1758737609603 10.93240333838992 113000
1758737611488 12.375023972289508 113100
1758737613600 11.623561362912053 113200
1758737615711 12.61949591866822 113300
1758737617836 11.891818942175473 113400
1758737619926 12.542962663915429 113500
1758737622025 11.96584532256086 113600
1758737624151 11.983451806815845 113700
1758737626027 11.594225974270092 113800
1758737627794 12.232713867403959 113900
1758737629554 12.322778153186238 114000
1758737631326 11.176554918100496 114100
1758737633088 11.371053359287314 114200
1758737634873 11.12013595594688 114300
1758737636716 11.672925728948371 114400
1758737638493 11.378703779061881 114500
1758737640249 11.204291194289805 114600
1758737642079 10.40852871692045 114700
1758737643831 11.522844842980337 114800
1758737645646 11.901841047876324 114900
1758737647428 10.502169640062597 115000
1758737649176 11.573335246446714 115100
1758737650962 10.66807744350958 115200
1758737652820 11.23117294859848 115300
1758737654753 11.127304755689265 115400
1758737656608 11.932891596086387 115500
1758737658510 10.68133524839817 115600
1758737660328 10.732362867794754 115700
1758737662106 10.833096145154 115800
1758737663863 11.178103804384037 115900
1758737665665 12.075777642140661 116000
1758737667568 11.525821299514984 116100
1758737669392 12.131487228731666 116200
1758737671328 10.956907001044932 116300
1758737673267 11.641918973231634 116400
1758737675248 11.307931424011302 116500
1758737677146 11.824567041901718 116600
1758737679591 11.954249949410453 116700
1758737681985 11.88087131405263 116800
1758737684402 10.843710896700069 116900
1758737686888 12.06008327007568 117000
1758737689366 11.992737399817576 117100
1758737691840 11.658292798176612 117200
1758737693838 11.517149533608473 117300
1758737695707 11.547526161758269 117400
1758737697550 11.868298038505506 117500
1758737699460 12.059181737155344 117600
1758737701378 11.668574194679138 117700
1758737703334 11.293134411946053 117800
1758737705295 11.89407834663309 117900
1758737707382 12.01558417747628 118000
1758737709425 11.472949981125986 118100
1758737711580 11.927122996294727 118200
1758737713658 11.665004463751831 118300
1758737715794 11.42650408098772 118400
1758737717978 11.130523393900152 118500
1758737720196 11.666724152318434 118600
1758737722322 11.445368290932509 118700
1758737724499 10.994762531390734 118800
1758737726467 10.568777749220125 118900
1758737728850 11.014829812992565 119000
1758737730802 12.023023826449881 119100
1758737732734 11.708051283912226 119200
1758737734599 10.91749223024504 119300
1758737736453 11.283716200401923 119400
1758737738365 10.534667192440907 119500
1758737740337 12.149514518109982 119600
1758737742245 11.61596428502192 119700
1758737744154 11.717602228250394 119800
1758737746010 11.74190947571163 119900
1758737747869 11.816338834453653 120000
1758737749827 10.121365537245325 120100
1758737751873 10.448302834338895 120200
1758737753983 10.592104731504303 120300
1758737755866 11.916279571908712 120400
1758737757772 12.239031920139832 120500
1758737759611 11.176942099428668 120600
1758737761514 11.947235443744677 120700
1758737763405 9.565902787914172 120800
1758737765206 11.179653120027295 120900
1758737767058 11.573239444392325 121000
1758737768939 11.381915084150597 121100
1758737770797 12.132715460136186 121200
1758737772678 11.421432286489974 121300
1758737774516 11.04581019122035 121400
1758737776341 11.268528319730049 121500
1758737778131 12.161068843941361 121600
1758737779864 11.495117532757614 121700
1758737781840 10.875257341692725 121800
1758737783760 11.398463465870952 121900
1758737785587 10.778753466092047 122000
1758737787418 11.488662820955293 122100
1758737789101 10.963093072371034 122200
1758737790801 11.91421478119088 122300
1758737792500 11.539583625653766 122400
1758737794250 10.518920898131359 122500
1758737795940 11.475555336676708 122600
1758737797643 11.267135872777091 122700
1758737799388 11.437160168627258 122800
1758737801120 11.400632235302432 122900
1758737802819 11.595443989826386 123000
1758737804929 11.195169930575759 123100
1758737806790 11.395397614584182 123200
1758737808564 11.365106719667471 123300
1758737810342 10.464073208275849 123400
1758737812137 11.630071843901032 123500
1758737813951 11.374692195042577 123600
1758737815743 10.525757879943786 123700
1758737817534 10.861260943985954 123800
1758737819309 10.765280508400622 123900
1758737821108 10.918714319556202 124000
1758737822918 10.76591605042211 124100
1758737824727 9.804013417014364 124200
1758737826596 10.373749440417097 124300
1758737828390 11.19744138054392 124400
1758737830183 11.212797810000428 124500
1758737832062 10.117166337412229 124600
1758737834301 10.678751740836264 124700
1758737836779 10.662870275272272 124800
1758737838713 11.35101986690446 124900
1758737840657 10.790982952820528 125000
1758737842640 10.738050496413228 125100
1758737844777 10.837742791511308 125200
1758737847048 10.78063738404715 125300
1758737849145 9.628222374238453 125400
1758737851329 9.872411739645193 125500
1758737853220 10.461124052855526 125600
1758737855079 10.210311326197507 125700
1758737857028 10.071639368274955 125800
1758737858859 10.335227412733536 125900
1758737860691 10.32134103727619 126000
1758737862525 10.846318751082872 126100
1758737864465 11.056204891370248 126200
1758737866392 8.589411256350973 126300
1758737868378 11.250362780467524 126400
1758737870433 10.64417188812502 126500
1758737872387 10.904520862419048 126600
1758737874348 10.21981486760768 126700
1758737876321 10.181486282449011 126800
1758737878292 11.235053827382723 126900
1758737880203 10.978876225676249 127000
1758737882194 10.71123142142091 127100
1758737884123 10.451218722123382 127200
1758737885998 11.01416454399832 127300
1758737888089 10.380090676909065 127400
1758737890069 10.940444889612287 127500
1758737892049 10.672855150793408 127600
1758737894014 11.014945520151898 127700
1758737895945 10.957823015508088 127800
1758737897883 10.172793992811165 127900
1758737899857 10.087675120555094 128000
1758737901804 11.0533786258858 128100
1758737903802 10.67179608525623 128200
1758737905739 10.12471274356449 128300
1758737907762 10.479734152862104 128400
1758737909820 10.075292580279417 128500
1758737912039 10.850976749961841 128600
1758737913919 10.13227041586646 128700
1758737915845 11.05139818774422 128800
1758737917803 10.140869043819693 128900
1758737919734 10.631356426257598 129000
1758737921667 10.613788827734547 129100
1758737923833 10.77174996147722 129200
1758737925845 10.488775522962852 129300
1758737927771 10.697353655301871 129400
1758737929680 10.738545357720746 129500
1758737931612 10.949384304931565 129600
1758737933541 10.553779106340363 129700
1758737935549 10.677745870756196 129800
1758737937504 10.566354871784537 129900
1758737939503 9.68305864590139 130000
1758737941477 10.149948939341874 130100
1758737943582 9.926806351370221 130200
1758737945520 10.084982784157578 130300
1758737947515 10.102326208747007 130400
1758737949551 9.943279527195056 130500
1758737951587 10.016367956632317 130600
1758737953548 9.054317650969912 130700
1758737955491 9.964516159686784 130800
1758737957441 10.027071609235522 130900
1758737959346 10.703058852349832 131000
1758737961282 10.377471089184361 131100
1758737963266 10.51530801552362 131200
1758737965244 10.532630204409623 131300
1758737967194 10.090150427128364 131400
1758737969114 10.150563032266964 131500
1758737971057 10.481672147862334 131600
1758737973152 10.133812685434847 131700
1758737975267 8.601971296026646 131800
1758737977192 10.69841779981584 131900
1758737979248 9.690172603796775 132000
1758737981234 9.594546556713293 132100
1758737983194 9.898833419475736 132200
1758737985074 10.16805899664968 132300
1758737986950 10.69798120209659 132400
1758737988810 10.531202137222113 132500
1758737990714 9.790419902476373 132600
1758737992613 10.441670048221384 132700
1758737994537 9.708115664948465 132800
1758737996555 9.601574965375942 132900
1758737998472 9.963640337228389 133000
1758738000376 10.665798681747905 133100
1758738002365 10.193437690627043 133200
1758738004336 9.990838821862011 133300
1758738006300 10.512329913857274 133400
1758738008174 10.29188658642816 133500
1758738010119 10.119192260368163 133600
1758738012045 10.12515268705069 133700
1758738013921 10.136286192788146 133800
1758738015843 9.601816749995422 133900
1758738017982 9.688381944973795 134000
1758738019883 9.67905884090479 134100
1758738021750 9.710115938808016 134200
1758738023625 9.806626591941567 134300
1758738025558 9.556400091136933 134400
1758738027450 9.72752383580833 134500
1758738029857 8.94611179483023 134600
1758738031700 10.374647525007173 134700
1758738033595 9.221351355510754 134800
1758738035591 10.348002220440387 134900
1758738037619 9.560408100000911 135000
1758738039674 9.96979802757778 135100
1758738041650 10.050016413357838 135200
1758738043508 10.872945592550732 135300
1758738045382 10.021106351258043 135400
1758738047275 9.471140406141117 135500
1758738049065 10.717280042109675 135600
1758738050944 10.30387091860925 135700
1758738052876 10.341700117365104 135800
1758738054675 10.6011803510723 135900
1758738056490 9.956733839284231 136000
1758738058336 9.887259466352988 136100
1758738060181 9.438446392204957 136200
1758738061976 10.529774457231227 136300
1758738063777 10.34078223309205 136400
1758738065579 10.355334561201666 136500
1758738067368 9.533180746825344 136600
1758738069146 10.334743559733395 136700
1758738070996 9.992266917606699 136800
1758738072795 9.91333902154825 136900
1758738074565 10.719909626006038 137000
1758738076356 9.42705462980028 137100
1758738078154 10.280988413278525 137200
1758738079943 9.980378579671866 137300
1758738081757 9.868021833239224 137400
1758738083593 10.393363002904183 137500
1758738085507 9.212055189257335 137600
1758738087415 9.903812006498168 137700
1758738089280 9.993100162012771 137800
1758738091158 10.028006570091737 137900
1758738093031 10.381555140279445 138000
1758738094964 9.907204051407907 138100
1758738096890 10.125861565314798 138200
1758738098673 10.129211746522412 138300
1758738100609 9.082334904690034 138400
1758738102823 9.626211508846339 138500
1758738104989 9.987341711869169 138600
1758738107134 10.365929850923326 138700
1758738109301 9.91186312505908 138800
1758738111444 10.384870978444413 138900
1758738113519 9.684802611982516 139000
1758738115384 9.64984240193259 139100
1758738117257 10.483820493208757 139200
1758738119127 10.497123135794498 139300
1758738121076 10.454084125100945 139400
1758738122964 9.83670932684167 139500
1758738124877 9.710318259585177 139600
1758738126790 10.109947959476365 139700
1758738128685 10.362165273697968 139800
1758738130588 9.744337704879946 139900
1758738132486 9.990053543187058 140000
1758738134346 10.29989833455299 140100
1758738136169 9.588405134477123 140200
1758738138027 9.462828264597057 140300
1758738139808 9.875038258879592 140400
1758738141628 10.098799259378755 140500
1758738143417 10.363522255002248 140600
1758738145256 9.437851728009756 140700
1758738147085 10.091315697667424 140800
1758738148906 9.479510012204493 140900
1758738150797 10.168083646668945 141000
1758738152646 9.947194046345727 141100
1758738154603 10.058331215017818 141200
1758738156499 9.634769025796523 141300
1758738158349 9.519290258300405 141400
1758738160193 9.849784067238573 141500
1758738162117 9.934518409739574 141600
1758738163991 9.847101607492082 141700
1758738165987 9.163611258583435 141800
1758738167862 10.335431153867004 141900
1758738169668 9.944081045261967 142000
1758738171451 10.168206898558033 142100
1758738173477 9.658931330758726 142200
1758738175428 10.104516589093501 142300
1758738177244 9.986485649931666 142400
1758738179048 10.088621417884958 142500
1758738180925 9.487551036565366 142600
1758738182787 9.811650549028965 142700
1758738184820 9.818885822172593 142800
1758738187009 9.712341931166392 142900
1758738188859 9.580936369284748 143000
1758738190677 9.400390870134295 143100
1758738192664 9.591825813725332 143200
1758738194867 10.132319369590267 143300
1758738196899 10.002108064539208 143400
1758738199263 10.075583015441381 143500
1758738201119 9.57846394862625 143600
1758738202938 9.83728610027019 143700
1758738204766 10.178768346664596 143800
1758738206623 10.304149367399582 143900
1758738208522 9.576320758378673 144000
1758738210390 10.07553460841825 144100
1758738212264 9.618374947256417 144200
1758738214218 8.611137002416445 144300
1758738216227 9.293785536071189 144400
1758738218219 9.337649326998855 144500
1758738220190 8.07583106293262 144600
1758738222145 9.891199969814453 144700
1758738224133 9.723442136498516 144800
1758738225981 9.694248819509129 144900
1758738227955 9.145109770429466 145000
1758738229978 9.078285337056156 145100
1758738231904 9.038493779751708 145200
1758738233791 9.55629122475251 145300
1758738235683 9.640482494851426 145400
1758738237535 10.01840156690393 145500
1758738239392 9.71889091254559 145600
1758738241213 9.509750528848008 145700
1758738243059 9.745877355838157 145800
1758738244899 9.457131454520447 145900
1758738246789 9.766460205839891 146000
1758738248630 10.088111851108915 146100
1758738250500 10.052858769249205 146200
1758738252354 9.942690258102445 146300
1758738254278 9.836640118575222 146400
1758738256132 9.149578438750913 146500
1758738258027 9.817897521125442 146600
1758738259899 9.688963836496148 146700
1758738261773 9.55022040875806 146800
1758738263650 9.04568668046929 146900
1758738265536 9.359172953638188 147000
1758738267445 9.624378155117027 147100
1758738269298 9.607645243827294 147200
1758738271173 9.783386243139415 147300
1758738273197 4.203922574851259 147400
1758738275060 9.505677156752984 147500
1758738276912 9.60768925936361 147600
1758738278797 9.269897119114185 147700
1758738280651 9.540141203872189 147800
1758738282526 9.847563996309193 147900
1758738284485 8.56043301140492 148000
1758738286364 9.372118070296963 148100
1758738288320 9.324736996558501 148200
1758738290205 8.951954496462378 148300
1758738292213 8.545329340097386 148400
1758738294318 8.555072602703403 148500
1758738296257 9.473835902648371 148600
1758738298169 8.899643318643125 148700
1758738300017 9.710295779082474 148800
1758738301914 9.135170689422353 148900
1758738303787 9.733393050666134 149000
1758738305640 9.462315911059775 149100
1758738307522 9.850987023662732 149200
1758738309388 9.691359279832158 149300
1758738311258 9.597708066845 149400
1758738313132 9.60786532554192 149500
1758738315087 9.240651513449086 149600
1758738316939 9.179856555986719 149700
1758738318813 9.530386413935078 149800
1758738320712 8.992412531864579 149900
1758738322597 9.321069111806944 150000
1758738324446 9.31405222952567 150100
1758738326315 9.749547308841134 150200
1758738328196 9.562805798370292 150300
1758738330056 8.810248891446864 150400
1758738331970 9.490706841231123 150500
1758738333837 9.730931633211764 150600
1758738335671 9.215131581838236 150700
1758738337524 9.751337980033757 150800
1758738339376 9.401022965164495 150900
1758738341246 8.167338466271765 151000
1758738343125 9.46675815246831 151100
1758738344977 9.200335171512176 151200
1758738346933 9.282082718297922 151300
1758738348829 8.360733315127366 151400
1758738350806 8.336206605279214 151500
1758738352959 8.50612867375662 151600
1758738354975 9.05635086173764 151700
1758738357141 8.894585384163527 151800
1758738359212 9.227051737261476 151900
1758738361181 8.851842628431054 152000
1758738363164 9.021483081105728 152100
1758738365089 8.988558313170905 152200
1758738367192 9.349909606257789 152300
1758738369137 9.31667973513582 152400
1758738371030 8.364785092057819 152500
1758738372901 9.550829318055543 152600
1758738374740 9.022065244980576 152700
1758738376592 9.089006869352287 152800
1758738378623 6.402520523521528 152900
1758738380578 9.161709712368504 153000
1758738382458 9.117913423056606 153100
1758738384303 9.610419010478125 153200
1758738386183 8.980090650805987 153300
1758738388070 9.498680834392063 153400
1758738389954 8.904839346601163 153500
1758738391815 9.439593456229703 153600
1758738393852 9.639396857425865 153700
1758738395732 9.15117545027109 153800
1758738397622 9.10028683135965 153900
1758738399489 9.345326449991422 154000
1758738401363 9.40308840145632 154100
1758738403263 8.73960814220733 154200
1758738405181 9.304176149849821 154300
1758738407096 8.252637543827891 154400
1758738408940 9.428580420366416 154500
1758738410815 8.705307071252154 154600
1758738412651 9.470862386646916 154700
1758738414516 9.032751580724636 154800
1758738416392 9.182268166722492 154900
1758738418257 9.128371202228607 155000
1758738420271 8.190800175755504 155100
1758738422284 9.201546204033995 155200
1758738424174 9.169501048273027 155300
1758738426063 9.226889351348735 155400
1758738427936 9.173792937522556 155500
1758738429825 9.54808983750757 155600
1758738431687 8.766698158165356 155700
1758738433530 8.751935865521249 155800
1758738435496 8.835154372283977 155900
1758738437463 8.307148105675743 156000
1758738439353 9.280891467465022 156100
1758738441218 8.468038198300054 156200
1758738443093 9.293373688851862 156300
1758738444978 8.317988279506986 156400
1758738446904 9.170844338715037 156500
1758738448777 9.431357778732188 156600
1758738450673 9.354351219947366 156700
1758738452591 9.351202035087876 156800
1758738454476 9.18763854936081 156900
1758738456436 9.049433858050262 157000
1758738458367 8.443405703012552 157100
1758738460262 9.333763566245112 157200
1758738462151 9.008984704737644 157300
1758738464042 9.265658136575711 157400
1758738465926 8.95004427752942 157500
1758738467888 8.484173732927697 157600
1758738470309 9.144531556594313 157700
1758738472325 9.248863270517361 157800
1758738474335 8.963547888675418 157900
1758738476845 8.808750147011878 158000
1758738479460 9.46769839191715 158100
1758738481525 9.480988537289411 158200
1758738484109 9.038006869594073 158300
1758738486736 9.365295987996141 158400
1758738488885 8.561988262311814 158500
1758738490874 9.2890720681415 158600
1758738492856 9.09192277844976 158700
1758738495220 9.280829859359372 158800
1758738497727 8.861923324776303 158900
1758738499998 9.327806145142064 159000
1758738502155 9.359402683994663 159100
1758738504656 9.126464393266838 159200
1758738507247 9.268135525056845 159300
1758738509812 8.757765323934487 159400
1758738512352 9.143016584413093 159500
1758738514867 9.14774256445376 159600
1758738517396 8.748430965615777 159700
1758738519962 8.935210571501003 159800
1758738522556 9.16765717108441 159900
1758738525043 9.391066818620459 160000
1758738527471 9.045081958374936 160100
1758738529912 9.018108011644857 160200
1758738532366 9.259358029052056 160300
1758738534882 8.683247970122187 160400
1758738537429 9.07341491748204 160500
1758738539849 8.830243814119365 160600
1758738542326 9.193660034588802 160700
1758738544744 8.0574624098788 160800
1758738546836 9.046252461441904 160900
1758738548935 9.013224454711507 161000
1758738550940 8.731675531638059 161100
1758738552970 8.98617035635703 161200
1758738554881 8.812747932495125 161300
1758738556805 8.614037357649693 161400
1758738558703 8.591135426545382 161500
1758738560866 8.548952146458985 161600
1758738562854 8.77489649343395 161700
1758738564772 8.852683367490592 161800
1758738566688 8.855543075272994 161900
1758738568561 8.693128283780842 162000
1758738570424 9.155070502466495 162100
1758738572332 8.356802011544064 162200
1758738574254 9.054259014206428 162300
1758738576144 8.88657618299003 162400
1758738578025 8.738424614153805 162500
1758738579931 8.52707057194728 162600
1758738581859 8.354504910953487 162700
1758738583780 8.782356155893321 162800
1758738585683 8.511635174816803 162900
1758738587618 8.518065560386757 163000
1758738589508 8.417868510944041 163100
1758738591455 8.885992546815448 163200
1758738593418 9.03471673240092 163300
1758738595386 8.663984069670404 163400
1758738597375 8.839027145268597 163500
1758738599339 8.864208228280143 163600
1758738601368 8.083737908518147 163700
1758738603361 8.918111980744738 163800
1758738605263 8.9410962174699 163900
1758738607214 8.57527457699196 164000
1758738609168 9.103624907483574 164100
1758738611274 7.971476573843897 164200
1758738613412 7.8098220852612865 164300
1758738615329 8.50426601784266 164400
1758738617289 8.863440219435605 164500
1758738619214 8.841933953811939 164600
1758738621262 8.953617050344969 164700
1758738623186 8.244008097961752 164800
1758738625112 8.527764053830404 164900
1758738627044 8.159553027414422 165000
1758738628962 8.591029845212907 165100
1758738630896 8.673318348094552 165200
1758738632828 8.156189231654766 165300
1758738634803 9.07300274290263 165400
1758738636736 8.356119407742696 165500
1758738638701 8.684380635690342 165600
1758738640652 8.736295071245426 165700
1758738642619 8.91362023164382 165800
1758738644647 8.371713881387361 165900
1758738646643 8.60421235314511 166000
1758738648650 8.408249671231998 166100
1758738650636 7.991007434108497 166200
1758738652609 8.10639206659361 166300
1758738654566 8.59488524590164 166400
1758738656505 8.187266736418009 166500
1758738658445 8.763382830112596 166600
1758738660402 8.371446534604061 166700
1758738662356 7.963016614045713 166800
1758738664304 9.024045164288541 166900
1758738666262 8.86136164369091 167000
1758738668181 8.126511743256492 167100
1758738670150 8.088087038015496 167200
1758738672089 8.588443912966914 167300
1758738674116 8.10470034684985 167400
1758738676214 8.093455851989642 167500
1758738678235 8.267929303880559 167600
1758738680147 8.697418542779944 167700
1758738682106 8.473461240866033 167800
1758738684145 8.603135794163254 167900
1758738686135 8.306868414798384 168000
1758738688083 8.37873784681645 168100
1758738690026 8.837835161246142 168200
1758738691981 8.623423830915838 168300
1758738693914 8.705379343553215 168400
1758738695848 8.847249409382382 168500
1758738697811 8.587705361091546 168600
1758738699751 8.432846713860915 168700
1758738701749 8.223287037400109 168800
1758738703719 7.987431276696634 168900
1758738705639 8.303595786339457 169000
1758738707577 7.879645911297474 169100
1758738709582 7.66466505611941 169200
1758738711537 8.690264459933202 169300
1758738713561 8.184391073923463 169400
1758738715507 8.505938921482935 169500
1758738717446 8.124449644266324 169600
1758738719399 8.659333399398804 169700
1758738721364 8.300292883717248 169800
1758738723334 8.050703857685235 169900
1758738725316 7.8578421913435115 170000
1758738727244 8.051167469037692 170100
1758738729212 8.632813014555753 170200
1758738731142 8.363617510877498 170300
1758738733152 7.927617067523508 170400
1758738735104 8.321668498597283 170500
1758738737030 8.734930525473994 170600
1758738739136 7.711421784566507 170700
1758738741484 8.382388267905215 170800
1758738743588 8.548516550595439 170900
1758738745607 8.078833219048793 171000
1758738747545 8.46921801708663 171100
1758738749472 7.797118584202406 171200
1758738751468 8.582328314719856 171300
1758738753446 7.864265933171709 171400
1758738755414 7.908454116755317 171500
1758738757352 8.480485580782194 171600
1758738759302 8.132183974903347 171700
1758738761263 8.130055960348981 171800
1758738763192 8.157204424875141 171900
1758738765150 8.45707649127335 172000
1758738767086 8.05282145113075 172100
1758738769025 8.390621749219813 172200
1758738770993 8.125567140526865 172300
1758738772972 8.242857788582288 172400
1758738774999 7.882355815400112 172500
1758738776950 7.821472993258804 172600
1758738778919 7.9851350939717936 172700
1758738780881 8.142745929407472 172800
1758738782896 8.09390878127382 172900
1758738784861 8.220853268208929 173000
1758738786796 8.354737892583467 173100
1758738788734 8.009150469076111 173200
1758738790672 8.56594009178003 173300
1758738792616 8.256650216243989 173400
1758738794577 7.640273747524923 173500
1758738796513 8.59168097144098 173600
1758738798447 8.292497948773713 173700
1758738800390 8.221562297244585 173800
1758738802490 7.698965469136619 173900
1758738804624 7.01298327807289 174000
1758738806623 8.497271102863417 174100
1758738808617 8.146905604524953 174200
1758738810616 8.079907070465785 174300
1758738812616 7.569388248627539 174400
1758738814606 8.049467821734675 174500
1758738816589 8.385488598241453 174600
1758738818578 7.845275593496787 174700
1758738820560 7.7605900137289945 174800
1758738822565 7.884622903977743 174900
1758738824572 8.321288773819798 175000
1758738826550 8.34861811920899 175100
1758738828527 7.776575921802314 175200
1758738830559 8.585894688144178 175300
1758738832524 8.433779322048894 175400
1758738834622 7.72015100507461 175500
1758738836650 7.708658103337052 175600
1758738838667 8.02459626426061 175700
1758738840678 8.30349715416976 175800
1758738842672 8.32521977662081 175900
1758738844722 8.233990133277318 176000
1758738846723 7.6595701163279095 176100
1758738848683 8.274208789279422 176200
1758738850676 8.431575307768387 176300
1758738852720 7.954740541391429 176400
1758738854992 8.334053287182106 176500
1758738857039 7.798191337458353 176600
1758738859008 8.148583329447787 176700
1758738860998 8.295893098728609 176800
1758738862994 8.259934736672122 176900
1758738865022 7.673990643313372 177000
1758738867270 7.221063178862447 177100
1758738869441 7.95085009544499 177200
1758738871595 8.378185537191733 177300
1758738873705 8.001205626000317 177400
1758738876236 8.387450531826607 177500
1758738878921 7.98866354812659 177600
1758738881485 7.736712596609669 177700
1758738884130 7.8236614096119235 177800
1758738886828 8.365869566518203 177900
1758738889177 8.112648160183207 178000
1758738891170 8.282983395737554 178100
1758738893143 8.333523410258193 178200
1758738895128 7.8651212592282835 178300
1758738897153 8.34049999602294 178400
1758738899127 7.799786516310674 178500
1758738901146 7.9122136180568 178600
1758738903190 8.174023534180689 178700
1758738905235 7.936857920860464 178800
1758738907315 7.8477710128765965 178900
1758738909381 7.691934140982897 179000
1758738911423 8.501473563022689 179100
1758738913431 7.9966902126767145 179200
1758738915424 8.322494106815459 179300
1758738917442 8.313289596257903 179400
1758738919432 8.034418686619084 179500
1758738921727 6.347955982219747 179600
1758738923732 7.670411985018727 179700
1758738925769 7.107026363902854 179800
1758738927756 8.032449202367046 179900
1758738929898 7.565469759253681 180000
1758738932078 7.82064171601605 180100
1758738934090 7.963515540450739 180200
1758738936078 8.3120375104537 180300
1758738938051 8.069088243724979 180400
1758738940103 7.9764489308453586 180500
1758738942110 8.003953979646164 180600
1758738944106 8.116651475656647 180700
1758738946299 7.485257217913346 180800
1758738948283 8.045484190254045 180900
1758738950307 8.240315286111144 181000
1758738952312 7.949433591788076 181100
1758738954300 7.780384242246614 181200
1758738956310 7.942133048543101 181300
1758738958358 7.825880254425295 181400
1758738960493 7.447312396905524 181500
1758738962493 8.013511551306447 181600
1758738964465 8.064154795940144 181700
1758738966476 7.474612396193463 181800
1758738968460 7.954876323345888 181900
1758738970497 7.8788466234620085 182000
1758738972500 8.01176654861915 182100
1758738974498 8.105248512019788 182200
1758738976522 8.01469062364449 182300
1758738978705 7.811480218497004 182400
1758738980862 7.034507511148903 182500
1758738982953 7.910199155099577 182600
1758738985219 7.958846221719586 182700
1758738987399 7.6812423884478385 182800
1758738989496 7.598652125076995 182900
1758738991613 7.915618152892086 183000
1758738993971 7.47181615747751 183100
1758738996188 7.916469744441509 183200
1758738998263 7.997254360609227 183300
1758739000312 7.511652604979109 183400
1758739002396 7.61285779108812 183500
1758739004444 7.62301350742254 183600
1758739006561 7.888686179436736 183700
1758739008619 7.848593381012796 183800
1758739010680 7.24175951296913 183900
1758739012804 7.4670141763291085 184000
1758739014887 7.996735951435838 184100
1758739017003 7.440125873406405 184200
1758739019129 7.962487517987387 184300
1758739021215 7.601681890677106 184400
1758739023317 7.505106824607236 184500
1758739025388 8.109793306135076 184600
1758739027456 7.864059503028962 184700
1758739029473 7.867260388570228 184800
1758739031545 7.439479238723639 184900
1758739033697 7.663152663638655 185000
1758739035815 7.538654823293006 185100
1758739037926 7.812993515722649 185200
1758739039956 7.654901044670429 185300
1758739042011 7.985454351604877 185400
1758739044135 7.407054734767544 185500
1758739046216 7.883200264633798 185600
1758739048260 6.741465688362412 185700
1758739050319 7.976615794228118 185800
1758739052421 7.968780754718415 185900
1758739054620 7.621475958839017 186000
1758739056804 7.431978581009606 186100
1758739059096 7.404465660174841 186200
1758739061334 7.3600421144987935 186300
1758739063455 7.8330563139868 186400
1758739065781 7.911273407674549 186500
1758739068054 7.569702449597629 186600
1758739070298 7.726835450966521 186700
1758739072490 8.088835747208455 186800
1758739074708 7.7474449507646215 186900
1758739076936 7.461222776248917 187000
1758739079146 7.807525134350807 187100
1758739081284 7.91055720687418 187200
1758739083373 7.886327783470748 187300
1758739085470 7.871394415731138 187400
1758739087660 7.968735335188897 187500
1758739089863 7.695914158428195 187600
1758739092052 7.534822224138426 187700
1758739094237 7.928800973920407 187800
1758739096447 7.465645213540425 187900
1758739098727 7.803414350990519 188000
1758739100904 7.435417250194115 188100
1758739103407 7.53072308733677 188200
1758739105460 7.352842489827903 188300
1758739107554 7.979772343740785 188400
1758739109642 7.717523064411071 188500
1758739111696 7.693232133882618 188600
1758739113746 7.560301380727496 188700
1758739115857 7.851326055378349 188800
1758739117944 7.470511961927017 188900
1758739120031 7.358440979721017 189000
1758739122364 6.393541680004634 189100
1758739124729 7.085260213251889 189200
1758739127056 7.046550229491892 189300
1758739129338 6.535494637512017 189400
1758739131551 7.523442236564077 189500
1758739133671 7.144165765336104 189600
1758739135781 7.155244239882904 189700
1758739137862 7.61594038425572 189800
1758739140011 7.180441306629186 189900
1758739142132 7.486526478499662 190000
1758739144232 7.533874832502883 190100
1758739146353 7.551752945582347 190200
1758739148425 7.724430562512891 190300
1758739150472 7.7025991174056205 190400
1758739152545 7.040683269433496 190500
1758739154586 7.703844112239482 190600
1758739156654 6.879562259298382 190700
1758739158685 7.616286122076913 190800
1758739160767 7.2801726008328025 190900
1758739162814 7.392042410399571 191000
1758739164863 7.543617256617273 191100
1758739166929 7.622459364368585 191200
1758739168968 7.746886878530082 191300
1758739171115 7.2227294565780795 191400
1758739173182 7.575759327225963 191500
1758739175257 7.67951253094286 191600
1758739177355 7.599918824109239 191700
1758739179443 7.47830397084493 191800
1758739181525 7.411557233077818 191900
1758739183549 7.621656000029074 192000
1758739185754 6.98523281589067 192100
1758739188004 7.6699631341798815 192200
1758739190068 7.387550572167826 192300
1758739192134 7.498505413406942 192400
1758739194200 7.044408129537847 192500
1758739196270 7.530601399003174 192600
1758739198472 7.513213448286363 192700
1758739200528 7.360778353790158 192800
1758739202639 7.2812468535280415 192900
1758739204694 7.514397969073882 193000
1758739206744 7.173502721081454 193100
1758739208800 7.2439983143467055 193200
1758739210868 7.121313323565016 193300
1758739212956 7.293211406075844 193400
1758739215008 7.4656186367066795 193500
1758739217103 7.538316097469797 193600
1758739219183 7.4678118618145435 193700
1758739221233 7.461315686483794 193800
1758739223354 7.515448197516176 193900
1758739225388 7.248830834851318 194000
1758739227472 7.218018613359766 194100
1758739229539 7.6031149847006105 194200
1758739231645 7.320144996081894 194300
1758739233711 7.613396719252293 194400
1758739235770 7.286319077341607 194500
1758739237831 7.346223029458076 194600
1758739239901 7.516593011544678 194700
1758739241942 7.458237607846764 194800
1758739244032 7.161303761375471 194900
1758739246095 7.139629733023757 195000
1758739248171 6.794848989999627 195100
1758739250361 7.309047121988112 195200
1758739252451 7.438674401570628 195300
1758739254567 7.390791959175618 195400
1758739256623 7.707652331790935 195500
1758739258689 7.671997409928243 195600
1758739260752 7.422009955460551 195700
1758739262886 7.464821419672668 195800
1758739264952 7.328304880115595 195900
1758739267014 7.459630389121183 196000
1758739269074 7.1181348240621 196100
1758739271152 7.244411205397162 196200
1758739273199 7.643308944793214 196300
1758739275415 7.238360183275664 196400
1758739277479 7.470578491494239 196500
1758739279535 7.34003934003934 196600
1758739281599 7.464569003105562 196700
1758739284031 5.83448187602416 196800
1758739286225 6.964147368875473 196900
1758739288519 7.572504089289132 197000
1758739290930 7.582662019293348 197100
1758739293417 7.243673039393468 197200
1758739295855 7.362173737515578 197300
1758739297979 7.547540299216509 197400
1758739300056 7.014085684710101 197500
1758739302155 7.227172474636083 197600
1758739304241 7.3901929345432125 197700
1758739306301 7.019367967961602 197800
1758739308725 7.339332928538557 197900
1758739311122 7.418216290594723 198000
1758739313362 7.141672058573131 198100
1758739315715 7.425715474430586 198200
1758739317811 7.515879145395021 198300
1758739319926 6.858985617452024 198400
1758739322006 6.922550297908861 198500
1758739324139 7.475105283700141 198600
1758739326216 7.352739371819347 198700
1758739328330 7.117953626346399 198800
1758739330423 6.967004637688863 198900
1758739332480 7.39131292910211 199000
1758739334566 7.310282804128598 199100
1758739336768 7.250522487264103 199200
1758739338870 7.346055765727897 199300
1758739340951 7.252277627636195 199400
1758739343055 7.299634000532553 199500
1758739345192 7.0184048258494185 199600
1758739347305 6.7941665762247325 199700
1758739349549 7.463107979466375 199800
1758739351705 6.874184016140214 199900
1758739353997 6.616258031135488 200000
1758739356213 6.919889197407127 200100
1758739358495 7.049653257497067 200200
1758739360806 6.999150617679501 200300
1758739363084 7.120998972844034 200400
1758739365215 6.92967566379796 200500
1758739367503 6.510730906189558 200600
1758739369761 7.000458985858228 200700
1758739372038 6.444684826433278 200800
1758739374218 6.904306401247097 200900
1758739376663 6.587836161049454 201000
1758739379100 6.923681599759653 201100
1758739381429 6.980663930524627 201200
1758739383587 6.916386062694787 201300
1758739385876 6.917503941734891 201400
1758739388154 7.016256327388182 201500
1758739390422 3.596291132706729 201600
1758739392550 7.07996198636438 201700
1758739394802 7.025611304484742 201800
1758739397068 6.912225710495307 201900
1758739399339 3.7796090722065676 202000
1758739401523 6.873158933148052 202100
1758739403815 7.12678262849453 202200
1758739406122 6.943464693369091 202300
1758739408406 3.6077799912607564 202400
1758739410540 6.644641977342684 202500
1758739412818 6.892132955613543 202600
1758739415141 6.405013690220769 202700
1758739417406 7.007090113268068 202800
1758739419596 6.91830264803006 202900
1758739421918 6.715710966758519 203000
1758739424215 7.062568406305672 203100
1758739426503 6.914242571107352 203200
1758739428666 7.052889474064769 203300
1758739430925 6.882779693169082 203400
1758739433219 6.969053596678226 203500
1758739435489 6.789239657033897 203600
1758739437648 6.997375757201653 203700
1758739440024 6.463903242659286 203800
1758739442420 6.710242216747193 203900
1758739444580 6.881560101000986 204000
1758739446864 6.947144903891544 204100
1758739449113 6.864250224209376 204200
1758739451398 6.3837522906177515 204300
1758739453620 6.700819089400086 204400
1758739455929 7.035156459664001 204500
1758739458201 6.793528313224716 204600
1758739460522 6.687570852978177 204700
1758739462714 6.945131805537157 204800
1758739465319 6.247743661472508 204900
1758739467632 6.698165244567518 205000
1758739469905 3.7227307987936173 205100
1758739472087 6.761200550012976 205200
1758739474445 6.6125342111569365 205300
1758739476858 6.548729382521749 205400
1758739479231 3.5391087897530227 205500
1758739481441 6.887865983732414 205600
1758739483771 6.563640318549782 205700
1758739486098 6.886520211473418 205800
1758739488404 3.71587735835684 205900
1758739490641 6.837818186560765 206000
1758739492992 6.618857801133046 206100
1758739495293 6.684575909221305 206200
1758739497598 3.669804527514102 206300
1758739499769 6.852195108403541 206400
1758739502065 6.865328837529054 206500
1758739504540 6.362428894316096 206600
1758739506958 3.401287108158605 206700
1758739509132 6.886316695070254 206800
1758739511419 6.941155054231084 206900
1758739513775 6.830457659605999 207000
1758739515979 6.855308556419807 207100
1758739518342 6.806636720068548 207200
1758739520700 6.85290042611037 207300
1758739523061 6.69315222386764 207400
1758739525256 6.921522162447605 207500
1758739527590 6.83704909962557 207600
1758739529906 6.737870222667739 207700
1758739532181 6.682392677622617 207800
1758739534382 6.845607964746205 207900
1758739536691 6.486725910070863 208000
1758739539124 6.9495967073825415 208100
1758739541465 6.611856655752797 208200
1758739543647 6.606555672814907 208300
1758739545964 6.752612140941305 208400
1758739548339 6.789701252134781 208500
1758739550664 3.611837425706083 208600
1758739552871 6.642274362742614 208700
1758739555193 6.665454661030417 208800
1758739557581 6.894421413566265 208900
1758739559945 3.6512944441494293 209000
1758739562134 6.7396674759894655 209100
1758739564436 6.1835256515156205 209200
1758739566801 6.504299442817023 209300
1758739569346 3.223558399896706 209400
1758739571577 6.7233434106712915 209500
1758739573895 6.512965203037921 209600
1758739576194 6.794727906584932 209700
1758739578527 3.49481939325867 209800
1758739580724 6.365924585804744 209900
1758739583010 6.638647295588326 210000
1758739585290 6.514077868184127 210100
1758739587627 6.786910658431486 210200
1758739589813 6.450661552445122 210300
1758739592115 6.7339217996923875 210400
1758739594445 6.633943272349976 210500
1758739596613 6.197001306092537 210600
1758739598987 6.192673567586642 210700
1758739601287 6.673631519406068 210800
1758739603603 6.53279712415776 210900
1758739605766 6.537185535693968 211000
1758739608088 6.471612755898708 211100
1758739610404 6.589719902214011 211200
1758739612719 6.737458938051676 211300
1758739614912 6.715162615553584 211400
1758739617210 6.680242790272462 211500
1758739619546 6.7570179126935415 211600
1758739621880 6.698710823207738 211700
1758739624084 6.642852957154012 211800
1758739626423 6.263015645951733 211900
1758739628803 6.684245670455831 212000
1758739631329 6.315695639865805 212100
1758739633712 6.291311299840103 212200
1758739636016 6.58592247263523 212300
1758739638320 6.809366177404089 212400
1758739640649 3.66903086521269 212500
1758739642851 6.367470867212786 212600
1758739645284 5.243764885324398 212700
1758739648270 6.590858949498886 212800
1758739651286 3.593151746972728 212900
1758739653847 6.443575940810658 213000
1758739656865 6.730139984467565 213100
1758739659941 6.431068056437195 213200
1758739662945 3.2013628848951505 213300
1758739665898 6.67404566791312 213400
1758739668764 6.772434282761739 213500
1758739671733 6.531322068631527 213600
1758739674535 3.4672523809799363 213700
1758739676837 6.732462596128071 213800
1758739679178 6.8744318843002565 213900
1758739681484 6.645168343153549 214000
1758739683803 3.6065887273465203 214100
1758739686002 6.647053416629424 214200
1758739688563 6.145419327803736 214300
1758739691246 6.764068209893466 214400
1758739693836 6.411906876630951 214500
1758739696651 6.205087388637554 214600
1758739699259 6.579083669400695 214700
1758739701842 6.741693241436066 214800
1758739704165 6.566867123735923 214900
1758739706962 6.503442202016944 215000
1758739709963 6.639845366455222 215100
1758739712997 6.332382186068561 215200
1758739715851 6.746605628841338 215300
1758739718504 6.590537905416766 215400
1758739721197 6.431265275831296 215500
1758739723871 6.6001309230072005 215600
1758739726390 6.685193862945926 215700
1758739729056 6.61707219721674 215800
1758739731697 6.7387362491705725 215900
1758739734303 3.603706892255771 216000
1758739736818 6.843776106934001 216100
1758739739201 6.621187844039231 216200
1758739741496 6.681338847082662 216300
1758739743820 3.5309720581785244 216400
1758739746094 6.2219782795415 216500
1758739748526 6.464779983754449 216600
1758739751293 6.492338697818552 216700
1758739754293 3.601710903359378 216800
1758739756816 6.715969045373539 216900
1758739759404 6.369191988216178 217000
1758739761807 6.540070229712283 217100
1758739764128 3.5240862321896986 217200
1758739766357 6.651681116716332 217300
1758739768678 6.492228155715502 217400
1758739771231 6.559934436690429 217500
1758739773537 6.583937549740916 217600
1758739775742 5.950228259975202 217700
1758739778110 6.334907127990889 217800
1758739780444 6.180017916922061 217900
1758739782759 6.46971608735489 218000
1758739785084 6.334227873717276 218100
1758739787403 6.573721751423498 218200
1758739789745 5.991563278978909 218300
1758739791940 6.512307897735918 218400
1758739794259 6.646948077057171 218500
1758739796584 6.675617776164965 218600
1758739798899 6.603279359556665 218700
1758739801130 6.338727057027785 218800
1758739803459 6.551491238757525 218900
1758739805802 6.526047841768036 219000
1758739808140 3.6365326258475092 219100
1758739810354 6.4981323484072675 219200
1758739812790 6.193716063657454 219300
1758739815179 6.518927454600842 219400
1758739817534 3.5688975339463154 219500
1758739819768 6.204490755327946 219600
1758739822202 6.370739857526923 219700
1758739824680 6.43768149753501 219800
1758739827358 3.499172406428533 219900
1758739829799 6.524606280839519 220000
1758739832244 6.411877470778695 220100
1758739834690 6.60867921079749 220200
1758739837151 6.506186168298525 220300
1758739839499 6.437068936410543 220400
1758739841859 6.551347974133892 220500
1758739844276 6.199666832708337 220600
1758739846625 6.384928155735896 220700
1758739848855 6.461005711891455 220800
1758739851219 6.43039760096403 220900
1758739853590 6.5559253047565305 221000
1758739855851 6.437325802688931 221100
1758739858222 6.469277017376632 221200
1758739860576 6.501536911451269 221300
1758739862938 6.3075560367838905 221400
1758739865165 6.556734938892658 221500
1758739867487 6.340193064083611 221600
1758739869855 6.299021124370369 221700
1758739872223 6.30791650812796 221800
1758739874573 6.24357712878789 221900
1758739876956 6.2692222034554455 222000
1758739879330 6.17726917922208 222100
1758739881680 3.619636095011581 222200
1758739883945 6.159163330817374 222300
1758739886478 6.278193316618643 222400
1758739888945 6.427648224402758 222500
1758739891351 3.4359573002247057 222600
1758739893607 6.056319399321349 222700
1758739895990 6.4112110104644655 222800
1758739898363 6.016107771461848 222900
1758739900735 3.4345617648142612 223000
1758739902973 6.44175502832078 223100
1758739905391 6.1666431427899315 223200
1758739907738 6.491062668106957 223300
1758739910120 3.5521258279435663 223400
1758739912343 6.41067206301995 223500
1758739914701 5.954688586964237 223600
1758739917070 6.426604274592544 223700
1758739919300 6.48331679388133 223800
1758739921671 6.453887439066424 223900
1758739924020 6.495908215164074 224000
1758739926418 6.252913043996804 224100
1758739928655 6.462937110348887 224200
1758739931037 6.373566659271393 224300
1758739933378 6.40907535083859 224400
1758739935805 6.4160656184079095 224500
1758739938061 6.201096719156807 224600
1758739940447 6.423149841194 224700
1758739942800 6.02870686854807 224800
1758739945240 6.320530440024111 224900
1758739947565 6.312131386356009 225000
1758739950273 5.755761519608516 225100
1758739952752 6.477389464580791 225200
1758739955176 5.984758094319458 225300
1758739957443 6.300317396418062 225400
1758739959837 6.387524366471735 225500
1758739962238 6.391096388240869 225600
1758739964601 3.4791564362217473 225700
1758739966933 6.303925163974341 225800
1758739969357 6.081107452658806 225900
1758739971770 6.196827347982631 226000
1758739974183 3.4645487698604454 226100
1758739976540 5.749213207154058 226200
1758739979016 6.231342241397241 226300
1758739981448 6.22800200160663 226400
1758739983791 6.3598723265528925 226500
1758739986045 6.024169618209656 226600
1758739988405 6.304749564456657 226700
1758739990811 6.354543911957919 226800
1758739993033 6.2988035543461445 226900
1758739996103 5.201908468425563 227000
1758739998704 5.8691802214286515 227100
1758740001541 4.389215910957907 227200
1758740004251 5.473541897487495 227300
1758740007307 6.074475727030472 227400
1758740009850 5.8768446125823175 227500
1758740012484 5.556848909444766 227600
1758740015034 5.821080666225329 227700
1758740017702 5.4699656228318645 227800
1758740020497 5.522686933485018 227900
1758740023378 2.8986967176746865 228000
1758740025937 5.67027713938083 228100
1758740028527 5.905582299743603 228200
1758740031453 5.79768192467983 228300
1758740034079 3.175273122587395 228400
1758740036930 4.644813777951026 228500
1758740039872 5.4483226253971635 228600
1758740042641 5.795454890890576 228700
1758740045338 3.218006024308992 228800
1758740047823 5.866668158637532 228900
1758740050381 5.802662888891349 229000
