1759325287899 153.86859385890898 5120
1759325302051 128.4940873720973 10240
1759325312891 124.37517421344484 15360
1759325322174 247.93426730507773 20480
1759325332350 113.14245636751099 25600
1759325346569 110.03184763503765 30720
1759325357689 152.3207437536316 35840
1759325367965 101.12117266984907 40960
1759325378791 105.88468140967383 46080
1759325391676 99.52079724759759 51200
1759325403918 119.09208097901701 56320
1759325415304 106.86124840764332 61440
1759325425833 141.69945945945946 66560
1759325437837 48.16610013780432 71680
1759325451016 81.87522448660889 76800
1759325462394 89.86382139949437 81920
1759325473629 167.05715537499503 87040
1759325485513 119.25800398066534 92160
1759325498184 93.93317208635672 97280
1759325510211 179.0601092896175 102400
1759325522009 115.93841390938995 107520
1759325531755 84.47231788612974 112640
1759325543890 143.99066222664698 117760
1759325559103 204.35098660170524 122880
1759325569293 106.45441624365482 128000
1759325579335 136.72025555772868 133120
1759325590456 116.71593944790739 138240
1759325605525 65.14917676296987 143360
1759325616372 164.1477770820288 148480
1759325626710 94.62828264597059 153600
1759325635966 102.75623499436523 158720
1759325651322 106.79322724379377 163840
1759325662333 170.583374003579 168960
1759325671474 114.1120905430406 174080
1759325681373 104.79210493441599 179200
1759325696786 80.73887851546709 184320
1759325706839 109.7496925452024 189440
1759325716469 84.49784439340827 194560
1759325727429 94.0869916328316 199680
1759325742495 142.80912495743956 204800
1759325753001 200.45421525520933 209920
1759325764239 139.63791324033693 215040
1759325774497 65.4572467500039 220160
1759325789129 107.3425807442289 225280
1759325799775 72.80008331308362 230400
1759325814117 135.93595851563765 235520
1759325825539 45.05595600004297 240640
1759325835404 242.01165541515203 245760
1759325846500 105.35011177253661 250880
1759325860985 104.442441295849 256000
1759325872443 96.98485444077046 261120
1759325883642 224.54649606509983 266240
1759325892979 91.92793582606409 271360
1759325905913 72.31059926901592 276480
1759325918148 145.65072750633746 281600
1759325930240 48.68097354890377 286720
1759325941860 196.59264119990627 291840
1759325951160 45.8795012032378 296960
1759325961280 107.58763627036039 302080
1759325975003 45.39732225000271 307200
1759325985723 104.98095261932771 312320
1759325995463 161.3628284538145 317440
1759326005932 125.15827166388159 322560
1759326019610 138.05681182317895 327680
1759326029461 76.22265433332727 332800
1759326039898 106.56530907797455 337920
1759326049808 136.05942842313556 343040
1759326062677 206.73817034700315 348160
1759326073073 139.2716164165228 353280
1759326082616 188.7200899887514 358400
1759326093807 223.04195692634937 363520
1759326105939 113.98184683950214 368640
1759326115665 193.34826902687502 373760
1759326126539 93.88271107529769 378880
1759326137188 144.92101444267846 384000
1759326149115 110.73485228502786 389120
1759326158818 119.9640763092412 394240
1759326170815 102.33254446531828 399360
1759326180899 223.66042766490696 404480
1759326192928 108.4163672551503 409600
1759326205049 123.74038234599952 414720
1759326214051 64.72991033535503 419840
1759326223948 304.95157772284426 424960
1759326236731 98.9245972782377 430080
1759326248538 112.22218060200669 435200
1759326259000 117.49738073227442 440320
1759326270500 89.06049474466504 445440
1759326283956 250.7205451610975 450560
1759326296633 128.82956046318765 455680
1759326305973 135.67652196415864 460800
1759326315752 112.88666397523886 465920
1759326328925 231.62712613209632 471040
1759326340071 60.65515545914678 476160
1759326351416 102.77889681197775 481280
1759326361577 89.64295026608818 486400
1759326373233 202.26185079809036 491520
1759326385517 86.20676614461298 496640
1759326396490 129.36598605884893 501760
1759326406685 142.77995642701526 506880
1759326416977 78.25486025597971 512000
1759326429369 104.60654429369514 517120
1759326441994 82.37693455888129 522240
1759326452005 135.51432910083682 527360
1759326461391 38.184536110630624 532480
1759326471915 68.65328837529053 537600
1759326486057 78.0684212485575 542720
1759326495707 123.79151171713595 547840
1759326505260 190.5895396919162 552960
1759326517016 72.61606648199447 558080
1759326528593 67.22395140480502 563200
1759326540117 96.75664951902004 568320
1759326549247 162.94254302474653 573440
1759326561671 219.10379773285274 578560
1759326571496 91.29960818458859 583680
1759326583880 64.3851160505956 588800
1759326593801 134.28648267913172 593920
1759326603257 155.49432787128345 599040
1759326617017 156.58567908608975 604160
1759326626036 66.83404241757891 609280
1759326637019 54.66244412297507 614400
1759326646070 102.3775049427616 619520
1759326660498 104.46845500510598 624640
1759326671147 91.41701357860552 629760
1759326680408 147.6815605084328 634880
1759326689510 104.11319068659087 640000
1759326703056 122.70145978995407 645120
1759326714238 104.5283357424114 650240
1759326724653 91.61069369211951 655360
1759326735792 77.49434631586726 660480
1759326748535 94.19475386273805 665600
1759326757693 114.73640442061495 670720
1759326767750 132.01258970162408 675840
1759326780103 107.3206079525101 680960
1759326791772 111.60703547005136 686080
1759326801198 117.58302262341958 691200
1759326810848 134.01616768380356 696320
1759326825032 160.48609144824948 701440
1759326835885 102.43000879163817 706560
1759326845285 97.09261788467326 711680
1759326854525 191.13671162960262 716800
1759326868573 111.78848614072494 721920
1759326879800 293.14397539837853 727040
1759326888720 156.50972051195942 732160
1759326898506 74.8782290457913 737280
1759326912561 218.73814863103 742400
1759326924177 108.9967516436683 747520
1759326933357 156.47468755829135 752640
1759326942700 114.38283018353377 757760
1759326956559 116.34039720403861 762880
1759326967420 85.79238683548446 768000
1759326978178 119.73804561934398 773120
1759326987494 146.9828987945052 778240
1759327001152 112.67135872777091 783360
1759327011732 64.80892487406904 788480
1759327021284 140.51269681742045 793600
1759327032710 138.88883737872115 798720
1759327045184 119.63558572691748 803840
1759327054783 110.04050792318186 808960
1759327065176 146.7977040459191 814080
1759327077964 45.026934761838305 819200
1759327089480 129.85059286090214 824320
1759327099591 142.31004648322192 829440
1759327109981 237.8802177858439 834560
1759327122356 90.88612971028624 839680
1759327134625 157.77550406259405 844800
1759327143942 107.50215296288702 849920
1759327154887 168.027561894079 855040
1759327165302 106.12043315453901 860160
1759327179833 115.38662998624484 865280
1759327189379 173.81393228627078 870400
1759327199099 140.21207461389315 875520
1759327208671 119.67996347657365 880640
1759327223978 99.83823284377901 885760
1759327234004 133.495782806582 890880
1759327243572 39.58197518048412 896000
1759327255198 161.53061696064083 901120
1759327268243 104.93892766894344 906240
1759327279559 157.35524291877695 911360
1759327288963 103.09721505297053 916480
1759327299037 95.72976674122427 921600
1759327312412 45.59026086956522 926720
1759327322878 138.92564009141796 931840
1759327334259 107.88651387709957 936960
1759327343824 193.48205554017898 942080
1759327354825 120.51558773668937 947200
1759327366862 68.49296993647631 952320
1759327377742 102.6531241586921 957440
1759327389426 238.82837945564287 962560
1759327398712 116.14709791758972 967680
1759327410300 94.01107250924576 972800
1759327421965 107.6843132220796 977920
1759327433154 192.0205100032047 983040
1759327444356 221.4521647307286 988160
1759327455278 77.75725329526705 993280
1759327466647 134.1833770554738 998400
1759327476291 91.54670857342413 1003520
1759327488640 94.44290828848709 1008640
1759327498673 99.44764795144158 1013760
1759327510959 216.05645701334157 1018880
1759327520587 112.71071937226237 1024000
1759327533645 94.7394289844597 1029120
1759327543342 138.1932720503443 1034240
1759327553737 81.66797772498929 1039360
1759327564094 47.22677115705085 1044480
1759327577829 111.35221812196352 1049600
1759327588057 403.9587787729943 1054720
1759327597299 106.68728697156229 1059840
1759327607653 124.56355428842956 1064960
1759327621347 111.34335014600478 1070080
1759327632190 112.47496715025073 1075200
1759327642709 93.96052778960102 1080320
1759327652854 53.95158344266934 1085440
1759327664753 103.7706029342636 1090560
1759327675670 102.1356840208445 1095680
1759327687409 177.43153263674435 1100800
1759327698970 142.29073514943855 1105920
1759327707966 121.59517597263292 1111040
1759327718677 188.33029500246957 1116160
1759327732466 139.2438749087046 1121280
1759327742723 91.63471117713887 1126400
1759327753300 88.73453499196073 1131520
1759327762499 70.94440215828556 1136640
1759327776937 213.27692464151326 1141760
1759327785720 110.76994586029315 1146880
1759327797877 105.38187482726565 1152000
1759327807873 97.3382223253655 1157120
1759327820983 169.1388015162513 1162240
1759327830580 116.51815429063534 1167360
1759327842135 136.12566532519799 1172480
1759327851193 119.59465085113057 1177600
1759327864146 123.61638667845564 1182720
1759327874860 88.21385155740636 1187840
1759327886397 159.539901103081 1192960
1759327895198 163.06290335121685 1198080
1759327907929 174.59534612662864 1203200
1759327918076 100.2582526592566 1208320
1759327929392 110.96923036219806 1213440
1759327939789 122.22946233425616 1218560
1759327951970 58.86742456140351 1223680
1759327962429 99.49482873137869 1228800
1759327972864 150.54931801866476 1233920
1759327983980 95.41834065109084 1239040
1759327996568 172.76862874325494 1244160
1759328007563 105.2338108738741 1249280
1759328016617 98.68718383096868 1254400
1759328028203 91.80318683242865 1259520
1759328039600 102.14563343237056 1264640
1759328051513 99.43585974727958 1269760
1759328061497 114.98174242008882 1274880
1759328071650 103.22916000098446 1280000
1759328083455 174.59534612662864 1285120
1759328095644 317.10168594541466 1290240
1759328104924 155.8409749572713 1295360
1759328116043 175.27388215628918 1300480
1759328127476 213.7769622833843 1305600
1759328138719 129.96325101478016 1310720
1759328149610 141.1890800148113 1315840
1759328161525 221.58085477309947 1320960
1759328171805 138.85205415963188 1326080
1759328182826 107.95871406141413 1331200
1759328194706 89.0226891648095 1336320
1759328205596 51.80327544895388 1341440
1759328217207 97.44903696475454 1346560
1759328226640 122.17605592775998 1351680
1759328238318 216.33505260986178 1356800
1759328249404 153.96461346450334 1361920
1759328260401 116.99919105135429 1367040
1759328270153 106.779633401222 1372160
1759328283453 97.46941810745491 1377280
1759328293396 113.95707221648644 1382400
1759328304260 166.40101563119893 1387520
1759328314091 60.913255006753126 1392640
1759328327409 74.51771310805529 1397760
1759328338495 126.30402312695736 1402880
1759328347928 144.10939701082287 1408000
1759328357872 170.9448972937724 1413120
1759328372073 107.45808567329371 1418240
1759328382155 93.39562225834466 1423360
1759328391338 97.46941810745491 1428480
1759328400971 230.38031418213777 1433600
1759328416901 128.22304423588395 1438720
1759328425964 130.011592945042 1443840
1759328435815 188.89857683300306 1448960
1759328445154 171.25200065327454 1454080
1759328459498 94.10599057662104 1459200
1759328469218 121.07219351672776 1464320
1759328480037 139.36416799574695 1469440
1759328489514 96.03443617630224 1474560
1759328502993 61.695457754765826 1479680
1759328512964 108.76216160149362 1484800
1759328525516 143.66022742841486 1489920
1759328535231 89.66019666524156 1495040
1759328546215 98.05044767047713 1500160
1759328556525 58.83191898222827 1505280
1759328570766 90.47833121211468 1510400
1759328580355 168.38508169737847 1515520
1759328589557 78.71453504738669 1520640
1759328599823 197.56495525200188 1525760
1759328614720 195.79423023060406 1530880
1759328624053 127.9570456694835 1536000
1759328633835 167.43728542914172 1541120
1759328643494 110.0896086511457 1546240
1759328657885 159.4125650868458 1551360
1759328666902 130.63925745966486 1556480
1759328677762 208.93170610211706 1561600
1759328688805 85.51427173381178 1566720
1759328700859 213.4614484197669 1571840
1759328710984 91.98640261420708 1576960
1759328722192 108.50331125827815 1582080
1759328735042 77.62485888253475 1587200
1759328744631 121.2086463992602 1592320
1759328755561 113.15771866400475 1597440
1759328764530 106.37342125285316 1602560
1759328777217 134.07185781869327 1607680
1759328789497 116.81996434937611 1612800
1759328799105 214.16993464052288 1617920
1759328809022 179.7045415595544 1623040
1759328821370 133.76826662414288 1628160
1759328834262 109.58338340953625 1633280
1759328843743 101.37780678220095 1638400
1759328853725 201.5329617528349 1643520
1759328864828 102.44001563110591 1648640
1759328876251 89.28800425758382 1653760
1759328888342 114.6830722117409 1658880
1759328899438 148.16673731807262 1664000
1759328909161 186.80372333318488 1669120
1759328920803 84.1553772070626 1674240
1759328932116 137.4235444448085 1679360
1759328944148 105.0098643032397 1684480
1759328953101 126.5784645098986 1689600
1759328964565 93.03722106383923 1694720
1759328975725 121.83889615105302 1699840
1759328987152 119.94349280791558 1704960
1759328997204 123.6236736618722 1710080
1759329007585 123.70753576168707 1715200
1759329019395 186.34725430957883 1720320
1759329031199 98.08025441960528 1725440
1759329040633 92.72253785785344 1730560
1759329051185 125.42775119617225 1735680
1759329064100 76.14931009440814 1740800
1759329075313 103.30543582670377 1745920
1759329084771 102.26517774418491 1751040
1759329096918 91.59268883890552 1756160
1759329108718 144.46677918230978 1761280
1759329118460 115.85835036738301 1766400
1759329129386 94.82296023330997 1771520
1759329141017 172.34976988823144 1776640
1759329152302 106.5707243946439 1781760
1759329162029 109.27789067792195 1786880
1759329174097 121.10715213813415 1792000
1759329185347 50.32158368326335 1797120
1759329195307 118.49990111597683 1802240
1759329204917 97.52834488210948 1807360
1759329218969 95.16072238860151 1812480
1759329228784 217.3777662606893 1817600
1759329238977 120.89770270659787 1822720
1759329250321 95.63590760881958 1827840
1759329264000 111.10444756430293 1832960
1759329273586 124.06614014848996 1838080
1759329283003 113.87044578378672 1843200
1759329293888 92.1804795499 1848320
1759329307667 118.19602096601477 1853440
1759329317392 106.66015664734005 1858560
1759329326580 106.24408531333907 1863680
1759329337924 103.27999803009037 1868800
1759329351467 114.67366579177603 1873920
1759329361216 121.01281015579919 1879040
1759329370370 101.99907589795968 1884160
1759329381717 143.54714398165578 1889280
1759329394856 134.5578903467967 1894400
1759329404649 161.41871921182266 1899520
1759329415659 283.18844102356354 1904640
1759329425986 132.492150235335 1909760
1759329438040 70.84135321836945 1914880
1759329448520 136.14775862628625 1920000
1759329459663 95.22337503121666 1925120
1759329472151 156.69097429766884 1930240
1759329481815 40.118452768106515 1935360
1759329491775 130.11645726694587 1940480
1759329501522 184.08988764044943 1945600
1759329515483 121.7646170818092 1950720
1759329525627 80.46935134201792 1955840
1759329535800 157.11357506742584 1960960
1759329546488 132.09574200050392 1966080
1759329558531 168.74412616672032 1971200
1759329567499 149.69499268353619 1976320
1759329579071 82.46439385002556 1981440
1759329592663 107.31786198602973 1986560
1759329601985 221.5574454598278 1991680
1759329612231 200.3488894196322 1996800
1759329622173 77.37568948659768 2001920
1759329637140 123.828058573453 2007040
1759329646024 138.09317485924998 2012160
1759329656999 130.11645726694587 2017280
1759329666885 161.3628284538145 2022400
1759329679851 101.64806242881032 2027520
1759329689113 76.82297562137114 2032640
1759329699242 111.87794078420912 2037760
1759329712845 63.893731434229565 2042880
1759329723480 101.47591512834781 2048000
1759329732115 126.19761704176194 2053120
1759329742336 76.95688231624527 2058240
1759329757342 115.76241996025612 2063360
1759329766311 78.4157941968292 2068480
1759329776639 137.18980800052333 2073600
1759329787132 98.37932166815217 2078720
1759329801412 114.31736167893159 2083840
1759329810287 219.35589142827257 2088960
1759329820801 83.50862103293115 2094080
1759329830793 118.21600901916572 2099200
1759329844845 87.934588452346 2104320
1759329853891 121.32434699603714 2109440
1759329864724 107.46359210863439 2114560
1759329875049 182.1393086677089 2119680
1759329887865 67.62715854307412 2124800
1759329897411 172.76151248043496 2129920
1759329907933 104.69793564813659 2135040
1759329919969 81.53145167560842 2140160
1759329931222 114.72698925025301 2145280
1759329940771 66.19171164346811 2150400
1759329951644 36.45002172590597 2155520
1759329965919 137.04188721165784 2160640
1759329983154 124.70428732829875 2165760
1759329997395 85.35243483038603 2170880
1759330012947 72.5746024605056 2176000
1759330028374 213.17936467598474 2181120
1759330042522 74.61581157048317 2186240
1759330053956 83.61183318714616 2191360
1759330067257 80.40147986274849 2196480
1759330080763 112.88058777619291 2201600
1759330092583 185.9507004788083 2206720
1759330106385 102.33004781887382 2211840
1759330121109 75.15192345594954 2216960
1759330134998 106.85308129314957 2222080
1759330149700 109.0080827507342 2227200
1759330160956 153.1103161276192 2232320
1759330173113 79.5324724576673 2237440
1759330186666 120.70634281109704 2242560
1759330202405 137.27062673866797 2247680
1759330213878 99.80972324679342 2252800
1759330225093 81.86563610102667 2257920
1759330236720 104.86022150553764 2263040
1759330252467 79.7699505515405 2268160
1759330263174 80.86028802220895 2273280
1759330275023 81.69183725142668 2278400
1759330288431 117.46776452136896 2283520
1759330301626 115.28514100379309 2288640
1759330311765 103.04149367399583 2293760
1759330322459 79.44058487063904 2298880
1759330339723 52.468151113335004 2304000
1759330350420 94.59840317560557 2309120
1759330360788 67.37404825392746 2314240
1759330371456 46.14957363701381 2319360
1759330388241 59.49198604294914 2324480
1759330398430 71.22994361796074 2329600
1759330411811 95.00337493487962 2334720
1759330421951 75.71492526536213 2339840
1759330435245 100.21752843352768 2344960
1759330444345 58.32064295447593 2350080
1759330457138 157.39067131974934 2355200
1759330467662 43.904702089352256 2360320
1759330478480 226.63338196358134 2365440
1759330488276 103.40986193293885 2370560
1759330501120 241.20443958824544 2375680
1759330512738 126.41441875885349 2380800
1759330522430 128.4272023025812 2385920
1759330532739 94.0490167500056 2391040
1759330545901 174.2254714629891 2396160
1759330556588 110.79920750231145 2401280
1759330566225 89.43078891257996 2406400
1759330580281 98.89427520513063 2411520
1759330591333 150.51150105859978 2416640
1759330600340 231.9858407079646 2421760
1759330610438 118.58701122451865 2426880
1759330625806 129.35002775550484 2432000
1759330635441 86.58225130565819 2437120
1759330644553 178.16260300739106 2442240
1759330654987 152.5978316233719 2447360
1759330668066 161.6800555084419 2452480
1759330678715 129.64589515331355 2457600
1759330688748 124.83790701827489 2462720
1759330701639 142.26177797374757 2467840
1759330711565 185.00745445723612 2472960
1759330722044 154.40671476954793 2478080
1759330733683 135.94036429636353 2483200
1759330746665 95.74287801314829 2488320
1759330755838 92.19668960059789 2493440
1759330766535 118.95360181508792 2498560
1759330779554 115.7400590524021 2503680
1759330791210 106.27908273153427 2508800
1759330800608 187.56390304981664 2513920
1759330810391 107.18074259576316 2519040
1759330825587 111.39066234662984 2524160
1759330835138 105.30779080569434 2529280
1759330844480 98.63148736037625 2534400
1759330853996 40.27756277908484 2539520
1759330869287 105.87933558842833 2544640
1759330878712 149.73774588554497 2549760
1759330888284 85.39414052161166 2554880
1759330898842 109.03358635749194 2560000
1759330912851 127.8868189163643 2565120
1759330923244 111.49429809404822 2570240
1759330932262 131.0146810770288 2575360
1759330943995 50.013164170561865 2580480
1759330955744 229.53559897115963 2585600
1759330966042 126.46778230061813 2590720
1759330975589 126.8310855760508 2595840
1759330988695 97.86513603061272 2600960
1759330998565 110.37351648640825 2606080
1759331009168 105.74853137684997 2611200
1759331019772 119.70387282742088 2616320
1759331033968 195.70287420679358 2621440
1759331043507 193.37501152604887 2626560
1759331052899 132.56752741869212 2631680
1759331063791 92.24738277469869 2636800
1759331078210 102.76630567942372 2641920
1759331087599 75.97413371492746 2647040
1759331097288 111.4468978344626 2652160
1759331107870 37.028930617722104 2657280
1759331121943 162.8413246884342 2662400
1759331131391 133.01316081565344 2667520
1759331141443 126.3344578313253 2672640
1759331152669 118.33607944927209 2677760
1759331165531 135.5844189429449 2682880
1759331175217 96.89299574939938 2688000
1759331186580 101.49064776054395 2693120
1759331196667 109.33486262447214 2698240
1759331210006 193.21466740372213 2703360
1759331219981 59.75302732427273 2708480
1759331231522 128.11729488667604 2713600
1759331240557 122.14759158949269 2718720
1759331253029 139.04538372285762 2723840
1759331263792 101.77138281610172 2728960
1759331275330 97.34274043817304 2734080
1759331286033 110.17925816959126 2739200
1759331297044 84.29236921963866 2744320
1759331307165 166.5067090115125 2749440
1759331319684 128.74256422849075 2754560
1759331330620 103.16060799842589 2759680
1759331340030 131.89635220125786 2764800
1759331350609 188.07694722209766 2769920
1759331363074 149.75913164566 2775040
1759331374067 141.78568048137382 2780160
1759331384964 97.19386383649257 2785280
1759331394806 128.82560353830087 2790400
1759331406976 91.98842003684534 2795520
1759331418147 113.77777777777777 2800640
1759331430085 86.86377003686368 2805760
1759331439828 112.07225116900467 2810880
1759331451895 114.92188399046496 2816000
1759331463780 99.72429206590742 2821120
1759331475351 106.29524316379026 2826240
1759331485482 92.1946630324878 2831360
1759331496824 119.46520835113503 2836480
1759331506863 108.9967516436683 2841600
1759331519531 128.11338159381776 2846720
1759331530785 149.47626514611548 2851840
1759331540297 119.42098969306987 2856960
1759331550734 104.3670747486812 2862080
1759331563245 93.23161732017427 2867200
1759331574878 44.85598785104699 2872320
1759331585855 55.12655582572123 2877440
1759331596341 129.8666749233675 2882560
1759331610571 58.231576609096464 2887680
1759331623219 105.80988900100908 2892800
1759331634685 94.46417873471319 2897920
1759331648925 114.08725927537809 2903040
1759331665958 33.66593357199043 2908160
1759331680000 91.54670857342413 2913280
1759331691166 77.07850632167009 2918400
1759331704464 79.39697503170727 2923520
1759331718092 102.93780984636528 2928640
1759331731741 105.66328252928581 2933760
1759331743466 92.59766866831508 2938880
1759331757566 96.83036291439653 2944000
1759331769034 104.32294490734984 2949120
1759331783120 88.84543201508187 2954240
1759331795830 278.00782130310864 2959360
1759331810894 124.61906884154857 2964480
1759331823501 52.50493215161985 2969600
1759331839660 174.79179863310551 2974720
1759331850833 96.2106663608212 2979840
1759331866847 93.34158228552353 2984960
1759331881110 115.05428610615827 2990080
1759331895793 144.5414570266731 2995200
1759331908013 97.63732017319242 3000320
1759331923851 73.65147151787596 3005440
1759331937945 102.18545047020416 3010560
1759331951529 94.13133444050452 3015680
1759331962520 83.98518251536814 3020800
1759331975891 100.17922996082928 3025920
1759331991236 80.40610382639368 3031040
1759332003054 110.1763639706848 3036160
1759332013888 86.82061684951356 3041280
1759332025464 188.75406147338103 3046400
1759332041251 94.47481755113073 3051520
1759332051424 95.24499852396848 3056640
1759332061368 122.14403447974607 3061760
1759332072933 77.31293432379127 3066880
1759332089776 110.16189525660556 3072000
1759332099692 145.43860744131212 3077120
1759332110284 149.45496009122007 3082240
1759332120315 175.57469965255976 3087360
1759332137456 97.06565457869524 3092480
1759332147880 100.26783964045804 3097600
1759332158544 85.06680728511743 3102720
1759332169645 126.23559862758081 3107840
1759332186948 157.43202462277605 3112960
1759332199018 70.93360392355827 3118080
1759332208976 99.05308898545249 3123200
1759332221892 97.21864497137426 3128320
1759332236670 115.3898043962695 3133440
1759332249283 96.17977940333418 3138560
1759332259454 129.58180919426593 3143680
1759332273993 75.20177860651917 3148800
1759332287417 86.04583034157349 3153920
1759332297458 124.73024652808755 3159040
1759332307967 90.35358997005666 3164160
1759332323710 190.6328515589492 3169280
1759332334946 116.78093328878494 3174400
1759332346558 71.9076960002743 3179520
1759332357961 130.67996011964107 3184640
1759332376226 77.14939484236471 3189760
1759332387942 62.77206740698614 3194880
1759332401101 93.14879630452162 3200000
1759332413752 179.74304692521963 3205120
1759332433669 72.83548084603896 3210240
1759332445576 97.0117728692032 3215360
1759332457200 84.35170139168208 3220480
1759332469459 67.09812829947208 3225600
1759332489041 87.66258412406471 3230720
1759332501663 99.3487138187503 3235840
1759332514397 88.79464814971632 3240960
1759332526261 202.6135935462055 3246080
1759332545129 50.65890452322 3251200
1759332557896 139.43366244473256 3256320
1759332570327 87.57655607291254 3261440
1759332583756 98.90593534086354 3266560
1759332599215 119.49584045584045 3271680
1759332611547 79.32489834515367 3276800
1759332623712 78.54648963463735 3281920
1759332640711 95.85227844051373 3287040
1759332654977 32.10827528132894 3292160
1759332668678 90.3750053867701 3297280
1759332681253 44.16219005001316 3302400
1759332702370 155.61547879642342 3307520
1759332714828 35.317778021034194 3312640
1759332729439 53.4401549320898 3317760
1759332742460 41.50926814785492 3322880
1759332762865 74.58264132154987 3328000
1759332776436 36.704243347072364 3333120
1759332790729 52.36792229033748 3338240
1759332803366 86.04406515406393 3343360
1759332824486 57.777557373887646 3348480
1759332839416 49.57688943523794 3353600
1759332852222 71.44104922500426 3358720
1759332865452 69.0113694325156 3363840
1759332886177 45.14518819895164 3368960
1759332901090 236.20566537140283 3374080
1759332913819 70.71832743213623 3379200
1759332926310 74.80344563143157 3384320
1759332946835 56.999442821227156 3389440
1759332961694 137.69423196874692 3394560
1759332974259 76.40454677936462 3399680
1759332986955 91.47882224645583 3404800
1759333006866 61.69273537588068 3409920
1759333020948 108.9146715138925 3415040
1759333034792 145.9497529403577 3420160
1759333047515 81.51243781094527 3425280
1759333066704 62.22079810117193 3430400
1759333081146 74.00624614027349 3435520
1759333095152 68.53885874893784 3440640
1759333108369 65.29725690444313 3445760
1759333126373 71.79199972613526 3450880
1759333141591 71.41185684611979 3456000
1759333155571 81.40801987500485 3461120
1759333168162 68.87537973956024 3466240
1759333186256 73.64112648360138 3471360
1759333198404 132.77315606204496 3476480
1759333213371 123.25312959153688 3481600
1759333225444 70.11072479272532 3486720
1759333244342 136.84961988971907 3491840
1759333257519 87.37769259614183 3496960
1759333272519 93.89952538730188 3502080
1759333284647 58.890567521271514 3507200
1759333301527 29.26265409919558 3512320
1759333316235 156.45717696210087 3517440
1759333329925 78.77071008695326 3522560
1759333341928 101.18948130277442 3527680
1759333358121 180.29160935350757 3532800
1759333373913 118.08953206824708 3537920
1759333387458 36.479821875869746 3543040
1759333399689 69.52153950705276 3548160
1759333415029 48.85505288170339 3553280
1759333430679 36.26533859030228 3558400
1759333445233 120.4809697526786 3563520
1759333457077 77.91180294980867 3568640
1759333471157 73.92928402721472 3573760
1759333487079 41.800500293997466 3578880
1759333503317 73.34109706412072 3584000
1759333515512 61.92957018618867 3589120
1759333527881 56.9143632539521 3594240
1759333544421 104.96518931905203 3599360
1759333560293 39.47877487246099 3604480
1759333572806 90.98273318872018 3609600
1759333584662 76.82016154142018 3614720
1759333601346 79.92956646021915 3619840
1759333615584 80.20928631530636 3624960
1759333628099 100.29900999569563 3630080
1759333640439 64.63913204290469 3635200
1759333657912 86.52331050416701 3640320
1759333671515 82.60569177744954 3645440
1759333685917 89.95247490778073 3650560
1759333698740 116.36299070606186 3655680
1759333715954 84.39922730199613 3660800
1759333730978 65.5175731825424 3665920
1759333746182 101.09436236110777 3671040
1759333760270 46.9713197827426 3676160
1759333775357 135.46180925620902 3681280
1759333786735 116.20180080343538 3686400
1759333800012 87.41411362594306 3691520
1759333810403 56.54758470063231 3696640
1759333824490 115.57740424359328 3701760
1759333834858 75.41813212500449 3706880
1759333849482 110.51602023608768 3712000
1759333859708 114.34541043046809 3717120
1759333875117 90.48223492611369 3722240
1759333885706 167.7990078412546 3727360
1759333899781 110.34157634431232 3732480
1759333911029 153.6712830658753 3737600
1759333925225 114.59846994535519 3742720
1759333935774 87.49799732977303 3747840
1759333948974 82.40121019233413 3752960
1759333961607 92.90532937580295 3758080
1759333975744 119.45840334937769 3763200
1759333987285 141.9104073622953 3768320
1759333998142 81.75712447857784 3773440
1759334014167 123.68200047180939 3778560
1759334025054 78.95903614457832 3783680
1759334037172 77.57891426986035 3788800
1759334048322 76.35586463017239 3793920
1759334066768 152.0226168901776 3799040
1759334079945 170.14051598247607 3804160
1759334092142 117.02204118073769 3809280
1759334104468 96.59398461609322 3814400
1759334121008 78.74852615373061 3819520
1759334131121 81.69501957499854 3824640
1759334144627 107.32884669515596 3829760
1759334155914 150.01087267525037 3834880
1759334171420 125.03514681770756 3840000
1759334181711 54.23481948898314 3845120
1759334196319 211.71591540053507 3850240
1759334209587 92.70204442479832 3855360
1759334221855 89.77342094561332 3860480
1759334233154 91.71686602086112 3865600
1759334247454 59.61120507099103 3870720
1759334260906 82.15748648436887 3875840
1759334272153 152.14393499709809 3880960
1759334283047 93.97947568899843 3886080
1759334297478 130.48887782720965 3891200
1759334309843 154.51479093755756 3896320
1759334322519 182.47211346036718 3901440
1759334333087 82.48709880427943 3906560
1759334347174 102.31257470423222 3911680
1759334358007 128.92063687219525 3916800
1759334372927 42.81256315773357 3921920
1759334385191 152.00057983619627 3927040
1759334397224 210.08284497871276 3932160
1759334408467 124.64499257057949 3937280
1759334422485 108.61570333540502 3942400
1759334436437 106.24408531333907 3947520
1759334446960 93.02896686332787 3952640
1759334459429 95.34242589561738 3957760
1759334472473 109.66934239769904 3962880
1759334485585 88.27511891232058 3968000
1759334498469 119.73462746217528 3973120
1759334509413 89.78687331420987 3978240
1759334521866 119.80987202925046 3983360
1759334534117 142.80426270811344 3988480
1759334549778 78.24172216315033 3993600
1759334561339 217.25391070133637 3998720
1759334572979 88.66325624656491 4003840
1759334584039 143.51276260863614 4008960
1759334602247 63.992188453557915 4014080
1759334613391 232.62917359955628 4019200
1759334625614 100.29900999569563 4024320
1759334639083 99.32989153602045 4029440
1759334655575 82.14139673338295 4034560
1759334667911 140.8382525771465 4039680
1759334678827 86.28479736679695 4044800
1759334696075 94.40889549148041 4049920
1759334710671 81.6473107395223 4055040
1759334721334 224.05470085470085 4060160
1759334731594 85.68722547958079 4065280
1759334750239 85.73451616859491 4070400
1759334760806 207.69022035157218 4075520
1759334771163 136.5866875081412 4080640
1759334781811 84.53701501562027 4085760
1759334799317 215.73418372595413 4090880
1759334810769 106.97026268808978 4096000
1759334820986 119.5980610208155 4101120
1759334831008 126.01940930805516 4106240
1759334846586 136.0153062879009 4111360
1759334857852 103.99960327299777 4116480
1759334869246 271.3179377708778 4121600
1759334879646 110.89588070435197 4126720
1759334893524 143.84251860489042 4131840
1759334905715 96.3609713511154 4136960
1759334917190 181.24990276997536 4142080
1759334929140 121.77168737661131 4147200
1759334942079 106.81226443923805 4152320
1759334953290 102.12076353720296 4157440
1759334965034 87.59301645643639 4162560
1759334978837 108.48086074901717 4167680
1759334990377 104.98883604505632 4172800
1759335001144 128.54922152752238 4177920
1759335012649 85.51950249770618 4183040
1759335024947 112.75313852522918 4188160
1759335036498 139.9314072195903 4193280
1759335047103 94.9775593849777 4198400
1759335059223 169.86489551271666 4203520
1759335073472 133.86219002329813 4208640
1759335087869 87.15074698194361 4213760
1759335098823 105.29457247577446 4218880
1759335112340 157.95970323503934 4224000
1759335125511 88.347635597683 4229120
1759335138957 98.96427728752772 4234240
1759335149659 80.21849060934093 4239360
1759335162597 89.94861677031953 4244480
1759335174800 93.33742795469213 4249600
1759335188643 111.66051699810984 4254720
1759335198847 65.93677194195972 4259840
1759335211364 91.99043754797675 4264960
1759335223753 183.3575519125683 4270080
1759335237646 91.78912353649196 4275200
1759335248316 71.15260907918844 4280320
1759335260920 168.96845667324658 4285440
1759335273421 97.91311249620655 4290560
1759335287302 111.9048051012513 4295680
1759335298160 195.6389756984934 4300800
1759335310914 92.29000814135146 4305920
1759335323056 57.46645292997383 4311040
1759335337385 116.37913429522753 4316160
1759335348095 97.47394840808738 4321280
1759335361283 73.85768370635158 4326400
1759335373155 170.64583587615445 4331520
1759335387548 198.85757633225867 4336640
1759335397909 90.00652360515022 4341760
1759335411285 139.82411574490783 4346880
1759335422432 88.73828967968518 4352000
1759335436591 82.41416304796337 4357120
1759335447272 146.32654200390735 4362240
1759335460807 105.06773547094188 4367360
1759335472801 107.3810547875064 4372480
1759335486765 146.75147825478464 4377600
1759335496988 68.26444451678006 4382720
1759335510496 74.81278538812785 4387840
1759335523253 150.06454382826476 4392960
1759335536391 122.08714888662495 4398080
1759335546583 85.96294474504018 4403200
1759335560260 117.47763493263871 4408320
1759335573829 95.38362176790304 4413440
1759335586078 157.11946057314103 4418560
1759335596696 83.39073901027895 4423680
1759335609374 143.5422313483915 4428800
1759335624262 112.95658731013681 4433920
1759335635900 108.84966132925025 4439040
1759335646399 90.20784583620096 4444160
1759335659030 70.18698438728894 4449280
1759335674167 104.45024404821197 4454400
1759335685797 89.79456219225005 4459520
1759335696313 83.558530560204 4464640
1759335709706 100.78827345908927 4469760
1759335725028 96.50508490175325 4474880
1759335735674 87.39043650380248 4480000
1759335746967 69.3835337711535 4485120
1759335759531 94.77582194102361 4490240
1759335775283 72.18614897425306 4495360
1759335786087 100.42148107357484 4500480
1759335796824 41.4518357464051 4505600
1759335809491 156.200804409355 4510720
1759335825778 128.6320115312663 4515840
1759335836616 106.93753505685585 4520960
1759335847451 79.85347929557354 4526080
1759335858919 97.6759740108521 4531200
1759335875830 116.24366720248324 4536320
1759335886436 98.08484168186708 4541440
1759335896922 206.20963618485743 4546560
1759335906995 114.93448058531773 4551680
1759335923776 138.12955705582084 4556800
1759335933448 138.64092817241266 4561920
1759335944644 136.70243139299916 4567040
1759335954584 143.35580012304328 4572160
1759335970790 152.4979639325189 4577280
1759335980768 111.31970911407187 4582400
1759335991735 143.53731905136718 4587520
1759336004145 110.02030270440416 4592640
1759336021015 104.3774636671312 4597760
1759336031850 72.30561301889395 4602880
1759336042918 111.89584889552876 4608000
1759336055979 107.26571530867986 4613120
1759336071485 78.58916994566236 4618240
1759336081776 50.431098125503496 4623360
1759336092552 103.27999803009037 4628480
1759336106576 197.27689196180802 4633600
1759336121163 102.52765895035323 4638720
1759336131680 162.53212431217545 4643840
1759336142167 91.20828078110729 4648960
1759336156971 195.1020560052098 4654080
1759336170561 76.62508677701048 4659200
1759336181531 103.60911022182698 4664320
1759336192073 97.85371999160115 4669440
1759336207498 91.19439914769639 4674560
1759336219789 75.45612204511927 4679680
1759336230828 80.24765148181453 4684800
1759336241753 98.87795563308894 4689920
1759336258120 104.21407806793053 4695040
1759336268765 114.83692914248165 4700160
1759336278986 103.3283405597162 4705280
1759336292353 88.56216216216217 4710400
1759336306264 100.29661158803415 4715520
1759336316718 111.51208358812113 4720640
1759336326573 252.89743744347302 4725760
1759336340035 95.27095968199886 4730880
1759336354909 170.9379304723479 4736000
1759336364636 127.62609542356378 4741120
1759336375053 131.97520531134955 4746240
1759336387671 117.4282994568565 4751360
1759336402026 142.2424797368332 4756480
1759336412213 208.07143565829944 4761600
1759336423699 111.93466947772944 4766720
1759336436012 119.65265019683916 4771840
1759336449812 93.94158752911665 4776960
1759336459578 113.10889380292325 4782080
1759336471366 106.1472895682543 4787200
1759336481764 111.95857245815871 4792320
1759336494444 138.7280545081696 4797440
1759336505019 73.83558074851248 4802560
1759336518037 182.50387259594464 4807680
1759336528191 54.6888152919394 4812800
1759336540149 118.32606426495896 4817920
1759336550447 66.56780091416962 4823040
1759336564859 102.48256652087863 4828160
1759336574378 116.78418488096895 4833280
1759336585538 97.37211839814277 4838400
1759336596919 102.54520561341744 4843520
1759336610898 96.37868517199384 4848640
1759336620768 108.2289312071012 4853760
1759336631821 107.81163890602508 4858880
1759336642676 101.62835889607715 4864000
1759336656535 100.31820138722793 4869120
1759336666331 125.67956132202679 4874240
1759336677913 129.31014921691948 4879360
1759336688550 126.3649072065558 4884480
1759336702903 151.38066192658894 4889600
1759336712536 129.15883476011578 4894720
1759336724108 110.22558604015558 4899840
1759336734233 63.91028219662339 4904960
1759336748144 130.81445903377724 4910080
1759336759190 256.6108289996941 4915200
1759336770126 159.4125650868458 4920320
1759336780572 68.24667252432556 4925440
1759336793562 120.27022997075186 4930560
1759336806715 101.86035893824223 4935680
1759336817538 71.61792879706309 4940800
1759336828840 180.62546832608416 4945920
1759336844068 82.72299469459401 4951040
1759336857785 96.94898643182395 4956160
1759336868148 81.51243781094527 4961280
1759336878957 111.09267646669315 4966400
1759336894412 141.56076816632353 4971520
1759336908624 109.18685895767169 4976640
1759336919474 72.37298547123581 4981760
1759336930238 88.10267397651606 4986880
1759336944184 177.11684472784088 4992000
1759336959264 88.16749348356176 4997120
1759336960303 76.32112963097751 5000192
