1771049380127 19.315256118774414 5120
1771049431658 18.920673370361328 10240
1771049483172 18.014720916748047 15360
1771049534685 16.8594970703125 20480
1771049586116 15.685148239135742 25600
1771049637643 14.595080375671387 30720
1771049689150 13.87600040435791 35840
1771049740645 13.209254264831543 40960
1771049792163 12.889137268066406 46080
1771049843659 12.417376518249512 51200
1771049895174 11.890761375427246 56320
1771049946696 11.350621223449707 61440
1771049998183 10.923340797424316 66560
1771050049720 10.57136058807373 71680
1771050101239 10.288528442382812 76800
1771050152740 9.990030288696289 81920
1771050204265 9.734697341918945 87040
1771050255739 9.520390510559082 92160
1771050307241 9.379433631896973 97280
1771050358731 9.266054153442383 102400
1771050410226 9.08749008178711 107520
1771050461738 8.98655891418457 112640
1771050513274 8.844209671020508 117760
1771050564773 8.687065124511719 122880
1771050616275 8.606703758239746 128000
1771050667776 8.542768478393555 133120
1771050720016 8.4444580078125 138240
1771050771552 8.375007629394531 143360
1771050823087 8.254372596740723 148480
1771050874608 8.168766021728516 153600
1771050926134 8.078872680664062 158720
1771050977644 7.978589057922363 163840
1771051029175 7.899764537811279 168960
1771051080712 7.841545581817627 174080
1771051132211 7.791226863861084 179200
1771051183765 7.749111652374268 184320
1771051235311 7.689635753631592 189440
1771051286889 7.654599189758301 194560
1771051338412 7.599071979522705 199680
1771051389949 7.5607829093933105 204800
1771051441445 7.510720729827881 209920
1771051492962 7.4559125900268555 215040
1771051544491 7.406938076019287 220160
1771051596029 7.357847690582275 225280
1771051647538 7.31177282333374 230400
1771051699054 7.248207092285156 235520
1771051750570 7.185656547546387 240640
1771051802116 7.140161991119385 245760
1771051853680 7.110759258270264 250880
1771051905212 7.072656631469727 256000
1771051956756 7.035422325134277 261120
1771052008287 7.0210981369018555 266240
1771052059820 7.004513263702393 271360
1771052111333 6.989009380340576 276480
1771052162862 6.958292007446289 281600
1771052214400 6.947543621063232 286720
1771052266756 6.9258928298950195 291840
1771052318283 6.913157939910889 296960
1771052344052 6.904282093048096 300032
