1771049380127 1.8862929344177246 5120
1771049431658 2.1475226879119873 10240
1771049483172 2.6434590816497803 15360
1771049534685 2.9276435375213623 20480
1771049586116 3.2978391647338867 25600
1771049637643 3.5664408206939697 30720
1771049689150 3.7853810787200928 35840
1771049740645 3.9288413524627686 40960
1771049792163 4.04084587097168 46080
1771049843659 4.097341537475586 51200
1771049895174 4.205169677734375 56320
1771049946696 4.195743083953857 61440
1771049998183 4.18013334274292 66560
1771050049720 4.130738258361816 71680
1771050101239 4.076335906982422 76800
1771050152740 4.032454490661621 81920
1771050204265 3.9850521087646484 87040
1771050255739 3.93696665763855 92160
1771050307241 3.9052162170410156 97280
1771050358731 3.9105746746063232 102400
1771050410226 3.892559051513672 107520
1771050461738 3.911672592163086 112640
1771050513274 3.9013028144836426 117760
1771050564773 3.9009430408477783 122880
1771050616275 3.885582447052002 128000
1771050667776 3.8887040615081787 133120
1771050720016 3.8471198081970215 138240
1771050771552 3.795578956604004 143360
1771050823087 3.7498068809509277 148480
1771050874608 3.71394944190979 153600
1771050926134 3.661850690841675 158720
1771050977644 3.6031394004821777 163840
1771051029175 3.5700464248657227 168960
1771051080712 3.5178792476654053 174080
1771051132211 3.4784111976623535 179200
1771051183765 3.43436336517334 184320
1771051235311 3.39288067817688 189440
1771051286889 3.3608860969543457 194560
1771051338412 3.3253238201141357 199680
1771051389949 3.2863452434539795 204800
1771051441445 3.273861885070801 209920
1771051492962 3.2662863731384277 215040
1771051544491 3.2436609268188477 220160
1771051596029 3.229191541671753 225280
1771051647538 3.2127888202667236 230400
1771051699054 3.195939302444458 235520
1771051750570 3.189432382583618 240640
1771051802116 3.1861259937286377 245760
1771051853680 3.1792402267456055 250880
1771051905212 3.1729235649108887 256000
1771051956756 3.1607439517974854 261120
1771052008287 3.14699125289917 266240
1771052059820 3.1389403343200684 271360
1771052111333 3.117702007293701 276480
1771052162862 3.10456919670105 281600
1771052214400 3.093959331512451 286720
1771052266756 3.0776283740997314 291840
1771052318283 3.057548999786377 296960
1771052344052 3.055176019668579 300032
