1759536592647 16.988909040178573 5120
1759536604278 15.674172894708041 10240
1759536615878 15.652843475341797 15360
1759536632726 15.96035325513183 20480
1759536643531 15.992591248439755 25600
1759536653562 16.58058615438124 30720
1759536668736 17.55727215831586 35840
1759536680581 18.203637034827757 40960
1759536690965 18.819159296701645 46080
1759536703122 19.268006139882683 51200
1759536717952 19.759403943173034 56320
1759536728168 20.112741341161037 61440
1759536739639 20.3140275551115 66560
1759536756132 20.564110834256553 71680
1759536766301 20.718992004394533 76800
1759536780545 20.855348889003942 81920
1759536792184 21.050949951766718 87040
1759536805336 21.221979146936494 92160
1759536816231 21.43519389287899 97280
1759536830827 21.585176588849322 102400
1759536844433 21.755277790808087 107520
1759536856799 21.856014272972626 112640
1759536867635 21.938066882701218 117760
1759536882589 22.01055861480627 122880
1759536894556 22.109896865545533 128000
1759536908594 22.175548566044696 133120
1759536919791 22.234766048893732 138240
1759536936044 22.35653626238494 143360
1759536947376 22.424568944416762 148480
1759536962117 22.518789856845277 153600
1759536973333 22.61454197962435 158720
1759536988811 22.717552236343572 163840
1759536999662 22.80405552124991 168960
1759537013578 22.848711113270177 174080
1759537029448 22.888602444547715 179200
1759537039490 22.950198919674424 184320
1759537052285 23.01352629556946 189440
1759537063671 23.084104404462682 194560
1759537079790 23.139998407634334 199680
1759537090384 23.196687250507903 204800
1759537104571 23.214486842778363 209920
1759537115660 23.255615029918424 215040
1759537130108 23.309098830004473 220160
1759537141845 23.35206068315525 225280
1759537155745 23.413626849246352 230400
1759537167274 23.44922185332917 235520
1759537179881 23.504794212506706 240640
1759537191691 23.54082531787165 245760
1759537205608 23.582139338274878 250880
1759537220253 23.621363336719615 256000
1759537231708 23.640037181040157 261120
1759537245296 23.65154791933387 266240
1759537257750 23.689446288610508 271360
1759537269343 23.722060382840528 276480
1759537281387 23.724125492609538 281600
1759537294261 23.73864380423973 286720
1759537307405 23.729557599709736 291840
1759537321688 23.742104104762575 296960
1759537326052 23.75847031673038 300032
