1759536592647 23.562423519212373 5120
1759536604278 17.590099005863586 10240
1759536615878 16.544299458348473 15360
1759536632726 18.72580368454392 20480
1759536643531 19.649986112886488 25600
1759536653562 23.183623198094946 30720
1759536668736 28.469868801716945 35840
1759536680581 33.00912216962394 40960
1759536690965 36.06252340282914 46080
1759536703122 39.29844834326653 51200
1759536717952 42.06551638761594 56320
1759536728168 44.00396936622416 61440
1759536739639 45.543994800464525 66560
1759536756132 47.19795709071376 71680
1759536766301 48.78248201810397 76800
1759536780545 50.513207472220635 81920
1759536792184 52.442548051429796 87040
1759536805336 53.99357438253747 92160
1759536816231 55.83895223266679 97280
1759536830827 57.01515562476182 102400
1759536844433 58.10478131823144 107520
1759536856799 58.8938723833133 112640
1759536867635 59.230335044657714 117760
1759536882589 59.289407810406836 122880
1759536894556 59.60618860581342 128000
1759536908594 59.856282935409794 133120
1759536919791 60.302174004110164 138240
1759536936044 61.159948387514405 143360
1759536947376 62.13408694739228 148480
1759536962117 63.40601829481224 153600
1759536973333 64.72585466035568 158720
1759536988811 65.98273986599199 163840
1759536999662 67.23739199856828 168960
1759537013578 67.99758927279679 174080
1759537029448 68.66751815731016 179200
1759537039490 69.53418409994578 184320
1759537052285 70.40984005938164 189440
1759537063671 71.4086678465951 194560
1759537079790 72.05415838354612 199680
1759537090384 72.5248519101835 204800
1759537104571 73.01657000731429 209920
1759537115660 73.80655216345436 215040
1759537130108 74.51649737011154 220160
1759537141845 75.15521147316022 225280
1759537155745 75.85931482189788 230400
1759537167274 76.56175337338215 235520
1759537179881 77.1920486776551 240640
1759537191691 77.71981439655924 245760
1759537205608 78.22492429271661 250880
1759537220253 78.8753544886742 256000
1759537231708 79.32191257263666 261120
1759537245296 79.6762711191299 266240
1759537257750 80.18917632790287 271360
1759537269343 80.75976672387169 276480
1759537281387 81.09849222149903 281600
1759537294261 81.33112363132817 286720
1759537307405 81.54546962327926 291840
1759537321688 81.61485617875935 296960
1759537326052 81.64663884347354 300032
