1771172166101 22.817039489746094 8192
1771172174983 17.222896575927734 16384
1771172208590 14.820695877075195 24576
1771172217440 13.11950397491455 32768
1771172247137 12.376686096191406 40960
1771172256161 11.349004745483398 49152
1771172285883 10.398300170898438 57344
1771172294737 10.857061386108398 65536
1771172324316 10.171002388000488 73728
1771172333544 8.855566024780273 81920
1771172362113 8.863348007202148 90112
1771172372374 8.687483787536621 98304
1771172401309 9.007720947265625 106496
1771172412245 8.433599472045898 114688
1771172439358 8.302742004394531 122880
1771172450093 8.167814254760742 131072
1771172477553 7.763573169708252 139264
1771172488649 7.748897552490234 147456
1771172516772 7.542340278625488 155648
1771172527287 7.21710205078125 163840
1771172555883 7.822909832000732 172032
1771172565933 8.002704620361328 180224
1771172594250 7.69558572769165 188416
1771172604896 7.734897613525391 196608
1771172632414 7.569519996643066 204800
1771172643321 7.732463359832764 212992
1771172671601 8.077057838439941 221184
1771172682016 7.865149974822998 229376
1771172710336 8.342175483703613 237568
1771172720385 8.099071502685547 245760
1771172748241 7.987879753112793 253952
1771172758195 7.997907638549805 262144
1771172787212 7.758387565612793 270336
1771172797417 8.151512145996094 278528
1771172825794 7.683050155639648 286720
1771172836924 7.883587837219238 294912
1771172857570 7.710912227630615 303104
