1771172166101 -2.656330108642578 8192
1771172174983 -4.333789825439453 16384
1771172208590 -4.36824893951416 24576
1771172217440 -4.4623870849609375 32768
1771172247137 -4.322549819946289 40960
1771172256161 -4.077972412109375 49152
1771172285883 -3.7249093055725098 57344
1771172294737 -3.3634228706359863 65536
1771172324316 -2.759268045425415 73728
1771172333544 -2.365914821624756 81920
1771172362113 -2.078195571899414 90112
1771172372374 -1.698582410812378 98304
1771172401309 -1.4948054552078247 106496
1771172412245 -1.2138477563858032 114688
1771172439358 -0.9773450493812561 122880
1771172450093 -0.7552638649940491 131072
1771172477553 -0.6065454483032227 139264
1771172488649 -0.494858056306839 147456
1771172516772 -0.267984002828598 155648
1771172527287 -0.16250717639923096 163840
1771172555883 -0.09766016900539398 172032
1771172565933 0.04432946816086769 180224
1771172594250 0.13244295120239258 188416
1771172604896 0.09836523234844208 196608
1771172632414 0.20123593509197235 204800
1771172643321 -0.1039174273610115 212992
1771172671601 -0.39814823865890503 221184
1771172682016 -0.7060206532478333 229376
1771172710336 -0.8224912881851196 237568
1771172720385 -0.710688054561615 245760
1771172748241 -0.6714160442352295 253952
1771172758195 -0.6019647121429443 262144
1771172787212 -0.4745786786079407 270336
1771172797417 -0.3553963899612427 278528
1771172825794 -0.3617129325866699 286720
1771172836924 -0.36610543727874756 294912
1771172857570 -0.27690714597702026 303104
