1771172166106 1.1174321174621582 8192
1771172174989 1.1156760454177856 16384
1771172208596 1.1196417808532715 24576
1771172217447 1.1100574731826782 32768
1771172247143 1.122403860092163 40960
1771172256167 1.124845027923584 49152
1771172285890 1.1175282001495361 57344
1771172294744 1.1142137050628662 65536
1771172324322 1.1154749393463135 73728
1771172333550 1.1111974716186523 81920
1771172362120 1.1102969646453857 90112
1771172372380 1.1162757873535156 98304
1771172401316 1.1182777881622314 106496
1771172412252 1.1191478967666626 114688
1771172439365 1.116815209388733 122880
1771172450100 1.1185083389282227 131072
1771172477560 1.1188857555389404 139264
1771172488656 1.1182749271392822 147456
1771172516779 1.117130160331726 155648
1771172527295 1.1178134679794312 163840
1771172555890 1.1171033382415771 172032
1771172565940 1.117851734161377 180224
1771172594257 1.1175792217254639 188416
1771172604903 1.1146668195724487 196608
1771172632421 1.09400475025177 204800
1771172643328 1.0654871463775635 212992
1771172671608 1.0395923852920532 221184
1771172682023 1.0192748308181763 229376
1771172710343 1.0207273960113525 237568
1771172720393 1.0282219648361206 245760
1771172748249 1.0328447818756104 253952
1771172758203 1.0373473167419434 262144
1771172787219 1.0396233797073364 270336
1771172797425 1.0427064895629883 278528
1771172825802 1.0443239212036133 286720
1771172836932 1.0464391708374023 294912
1771172857578 1.047458529472351 303104
