1771172166106 0.2985782027244568 8192
1771172174989 0.2859864830970764 16384
1771172208596 0.2816884219646454 24576
1771172217447 0.27615922689437866 32768
1771172247143 0.2765316665172577 40960
1771172256167 0.2753511667251587 49152
1771172285890 0.27260321378707886 57344
1771172294744 0.27092206478118896 65536
1771172324322 0.27056312561035156 73728
1771172333550 0.2693443298339844 81920
1771172362120 0.2690352201461792 90112
1771172372380 0.27019038796424866 98304
1771172401316 0.26986491680145264 106496
1771172412252 0.26961836218833923 114688
1771172439365 0.26917704939842224 122880
1771172450100 0.2692561745643616 131072
1771172477560 0.2693733870983124 139264
1771172488656 0.269126832485199 147456
1771172516779 0.2690107524394989 155648
1771172527295 0.26907598972320557 163840
1771172555890 0.26877260208129883 172032
1771172565940 0.269131064414978 180224
1771172594257 0.269275963306427 188416
1771172604903 0.26862064003944397 196608
1771172632421 0.2639968991279602 204800
1771172643328 0.2577466666698456 212992
1771172671608 0.2521030008792877 221184
1771172682023 0.247528538107872 229376
1771172710343 0.2479330450296402 237568
1771172720393 0.24998724460601807 245760
1771172748249 0.2506164610385895 253952
1771172758203 0.25156304240226746 262144
1771172787219 0.25220805406570435 270336
1771172797425 0.25288593769073486 278528
1771172825802 0.25299501419067383 286720
1771172836932 0.25347140431404114 294912
1771172857578 0.2536337971687317 303104
