1771172166106 1.9576046466827393 8192
1771172174989 1.7852590084075928 16384
1771172208596 1.740987777709961 24576
1771172217447 1.6836239099502563 32768
1771172247143 1.6758859157562256 40960
1771172256167 1.660244107246399 49152
1771172285890 1.6372162103652954 57344
1771172294744 1.6178120374679565 65536
1771172324322 1.6140339374542236 73728
1771172333550 1.5992610454559326 81920
1771172362120 1.5983535051345825 90112
1771172372380 1.6079219579696655 98304
1771172401316 1.603649377822876 106496
1771172412252 1.60256028175354 114688
1771172439365 1.596671462059021 122880
1771172450100 1.5956443548202515 131072
1771172477560 1.597067952156067 139264
1771172488656 1.59516441822052 147456
1771172516779 1.5944855213165283 155648
1771172527295 1.5951972007751465 163840
1771172555890 1.5938559770584106 172032
1771172565940 1.597922444343567 180224
1771172594257 1.598605751991272 188416
1771172604903 1.5913270711898804 196608
1771172632421 1.538580060005188 204800
1771172643328 1.4717915058135986 212992
1771172671608 1.4092258214950562 221184
1771172682023 1.3569124937057495 229376
1771172710343 1.361074686050415 237568
1771172720393 1.384587049484253 245760
1771172748249 1.3915362358093262 253952
1771172758203 1.4003316164016724 262144
1771172787219 1.406415581703186 270336
1771172797425 1.4135897159576416 278528
1771172825802 1.4146769046783447 286720
1771172836932 1.4206349849700928 294912
1771172857578 1.421995759010315 303104
