1771119077695 0.0 5120
1771119115676 0.0 10240
1771119155030 0.0 15360
1771119193423 0.0 20480
1771119231893 0.0 25600
1771119270277 0.0 30720
1771119312179 0.0 35840
1771119353635 0.0 40960
1771119395383 0.0 46080
1771119436029 0.0 51200
1771119476770 0.0 56320
1771119521937 0.0 61440
1771119564520 0.0 66560
1771119608228 0.0 71680
1771119652528 0.0 76800
1771119696685 0.0 81920
1771119738990 0.0 87040
1771119779068 0.0 92160
1771119822446 0.0 97280
1771119861377 0.0 102400
1771119902984 0.0 107520
1771119946681 0.0 112640
1771119989512 0.0 117760
1771120032869 0.0 122880
1771120074625 0.0 128000
1771120117455 0.0 133120
1771120160564 0.0 138240
1771120202417 0.0 143360
1771120245706 0.0 148480
1771120288616 0.0 153600
1771120332116 0.0 158720
1771120376332 0.0 163840
1771120420692 0.0 168960
1771120463561 0.0 174080
1771120507020 0.0 179200
1771120550597 0.0 184320
1771120593348 0.0 189440
1771120633864 0.0 194560
1771120676157 0.0 199680
1771120719205 0.0 204800
1771120762365 0.0 209920
1771120805654 0.0 215040
1771120847628 0.0 220160
1771120890306 0.0 225280
1771120932179 0.0 230400
1771120975468 0.0 235520
1771121018497 0.0 240640
1771121060939 0.0 245760
1771121103428 0.0 250880
1771121146099 0.0 256000
1771121188122 0.0 261120
1771121228265 0.0 266240
1771121270005 0.0 271360
1771121308172 0.0 276480
1771121347420 0.0 281600
1771121386049 0.0 286720
1771121423973 0.0 291840
1771121462084 0.0 296960
1771121482134 0.0 300032
