1771119077695 1.1533552408218384 5120
1771119115676 1.1348611116409302 10240
1771119155030 1.1411696672439575 15360
1771119193423 1.1371667385101318 20480
1771119231893 1.1338021755218506 25600
1771119270277 1.1443332433700562 30720
1771119312179 1.147473692893982 35840
1771119353635 1.1511712074279785 40960
1771119395383 1.1599472761154175 46080
1771119436029 1.1621822118759155 51200
1771119476770 1.1614136695861816 56320
1771119521937 1.1603518724441528 61440
1771119564520 1.1609340906143188 66560
1771119608228 1.1593759059906006 71680
1771119652528 1.15358567237854 76800
1771119696685 1.154146432876587 81920
1771119738990 1.1548898220062256 87040
1771119779068 1.1551010608673096 92160
1771119822446 1.1527410745620728 97280
1771119861377 1.1572458744049072 102400
1771119902984 1.1545493602752686 107520
1771119946681 1.1528291702270508 112640
1771119989512 1.155301809310913 117760
1771120032869 1.15672767162323 122880
1771120074625 1.156023621559143 128000
1771120117455 1.1557960510253906 133120
1771120160564 1.155717134475708 138240
1771120202417 1.1566011905670166 143360
1771120245706 1.1581683158874512 148480
1771120288616 1.157952070236206 153600
1771120332116 1.1587501764297485 158720
1771120376332 1.16136634349823 163840
1771120420692 1.1607942581176758 168960
1771120463561 1.1610890626907349 174080
1771120507020 1.1605299711227417 179200
1771120550597 1.1617695093154907 184320
1771120593348 1.1614902019500732 189440
1771120633864 1.1612939834594727 194560
1771120676157 1.1609001159667969 199680
1771120719205 1.1588683128356934 204800
1771120762365 1.1599923372268677 209920
1771120805654 1.1621168851852417 215040
1771120847628 1.1617411375045776 220160
1771120890306 1.16171395778656 225280
1771120932179 1.1615656614303589 230400
1771120975468 1.161497950553894 235520
1771121018497 1.1619319915771484 240640
1771121060939 1.1615171432495117 245760
1771121103428 1.1614238023757935 250880
1771121146099 1.1611206531524658 256000
1771121188122 1.1615036725997925 261120
1771121228265 1.1623681783676147 266240
1771121270005 1.1618212461471558 271360
1771121308172 1.1617227792739868 276480
1771121347420 1.161744475364685 281600
1771121386049 1.1623151302337646 286720
1771121423973 1.161772608757019 291840
1771121462084 1.1608978509902954 296960
1771121482134 1.1606392860412598 300032
