1771240699543 0.1079544797539711 8192
1771240720451 0.10656673461198807 16384
1771240721505 0.10776800662279129 24576
1771240742051 0.10922765731811523 32768
1771240743243 0.10856302827596664 40960
1771240763104 0.10336513072252274 49152
1771240764601 0.1001104861497879 57344
1771240784442 0.09772878885269165 65536
1771240786221 0.09550976753234863 73728
1771240805888 0.09343020617961884 81920
1771240807205 0.09171842038631439 90112
1771240827321 0.09041935950517654 98304
1771240829084 0.08891412615776062 106496
1771240848603 0.08782301843166351 114688
1771240850278 0.08668326586484909 122880
1771240869448 0.08564633131027222 131072
1771240872354 0.08442775160074234 139264
1771240891212 0.08355575054883957 147456
1771240893439 0.08280572295188904 155648
1771240912450 0.0823330283164978 163840
1771240914998 0.0817934200167656 172032
1771240933869 0.08135318011045456 180224
1771240936668 0.0809069573879242 188416
1771240955019 0.08032451570034027 196608
1771240958022 0.08016329258680344 204800
1771240976841 0.08007080107927322 212992
1771240979851 0.0797942578792572 221184
1771240998582 0.07945989817380905 229376
1771241001416 0.079332634806633 237568
1771241019711 0.07908473908901215 245760
1771241022491 0.07901431620121002 253952
1771241040949 0.08001364767551422 262144
1771241043774 0.08107646554708481 270336
1771241062446 0.08108402043581009 278528
1771241065509 0.08082467317581177 286720
1771241083560 0.08047536015510559 294912
1771241085211 0.08043394237756729 303104
