1771240699540 -0.5440857410430908 8192
1771240720448 -1.271958351135254 16384
1771240721503 -1.4016178846359253 24576
1771240742049 -1.4659879207611084 32768
1771240743240 -1.5378501415252686 40960
1771240763101 -1.6773860454559326 49152
1771240764598 -1.7757858037948608 57344
1771240784440 -1.8823344707489014 65536
1771240786219 -2.019564628601074 73728
1771240805885 -2.077440023422241 81920
1771240807203 -2.14475679397583 90112
1771240827319 -2.172788143157959 98304
1771240829082 -2.245823621749878 106496
1771240848601 -2.2412397861480713 114688
1771240850276 -2.2841877937316895 122880
1771240869445 -2.430725574493408 131072
1771240872351 -2.4567959308624268 139264
1771240891210 -2.5285425186157227 147456
1771240893437 -2.5330138206481934 155648
1771240912447 -2.650768280029297 163840
1771240914996 -2.68275785446167 172032
1771240933867 -2.7627334594726562 180224
1771240936666 -2.8445587158203125 188416
1771240955017 -2.8250443935394287 196608
1771240958020 -2.925391674041748 204800
1771240976839 -2.9348511695861816 212992
1771240979848 -3.0088486671447754 221184
1771240998579 -2.997001886367798 229376
1771241001414 -3.060208797454834 237568
1771241019709 -2.9798176288604736 245760
1771241022488 -3.1306629180908203 253952
1771241040947 -3.1392343044281006 262144
1771241043772 -3.1821494102478027 270336
1771241062444 -3.187999725341797 278528
1771241065507 -3.183361291885376 286720
1771241083558 -3.162186861038208 294912
1771241085209 -3.185051441192627 303104
