1771745214440 268.0 5120
1771745219397 522.0 10240
1771745224820 781.0 15360
1771745229873 1045.0 20480
1771745238762 1298.0 25600
1771745243681 1555.0 30720
1771745249247 1814.0 35840
1771745254355 2075.0 40960
1771745263169 2332.0 46080
1771745268498 2588.0 51200
1771745273775 2845.0 56320
1771745278892 3100.0 61440
1771745287936 3360.0 66560
1771745293376 3618.0 71680
1771745298564 3852.0 76800
1771745303479 4080.0 81920
1771745312655 4299.0 87040
1771745317597 4518.0 92160
1771745323065 4726.0 97280
1771745328103 4950.0 102400
1771745337176 5148.0 107520
1771745342039 5340.0 112640
1771745347614 5542.0 117760
1771745352605 5782.0 122880
1771745360982 6041.0 128000
1771745366749 6297.0 133120
1771745372393 6553.0 138240
1771745377455 6766.0 143360
1771745385231 6966.0 148480
1771745391001 7164.0 153600
1771745396915 7354.0 158720
1771745401841 7529.0 163840
1771745409513 7721.0 168960
1771745415020 7890.0 174080
1771745421364 8063.0 179200
1771745426357 8261.0 184320
1771745433738 8500.0 189440
1771745439294 8758.0 194560
1771745446082 9018.0 199680
1771745451118 9280.0 204800
1771745457611 9538.0 209920
1771745463772 9799.0 215040
1771745470167 10063.0 220160
1771745475843 10319.0 225280
1771745481894 10553.0 230400
1771745488193 10748.0 235520
1771745494354 10978.0 240640
1771745500444 11219.0 245760
1771745505956 11463.0 250880
1771745512535 11713.0 256000
1771745518584 11964.0 261120
1771745524944 12217.0 266240
1771745530301 12469.0 271360
1771745537158 12721.0 276480
1771745543158 12970.0 281600
1771745549497 13225.0 286720
1771745555000 13473.0 291840
1771745561643 13724.0 296960
1771745564119 13822.0 300032
