1771745214440 20.322702407836914 5120
1771745219397 24.278451919555664 10240
1771745224820 21.741714477539062 15360
1771745229873 20.14763641357422 20480
1771745238762 19.75128936767578 25600
1771745243681 18.89232635498047 30720
1771745249247 18.363780975341797 35840
1771745254355 18.302562713623047 40960
1771745263169 18.328330993652344 46080
1771745268498 19.13262367248535 51200
1771745273775 19.66131591796875 56320
1771745278892 19.78838539123535 61440
1771745287936 19.84415054321289 66560
1771745293376 20.362091064453125 71680
1771745298564 20.061635971069336 76800
1771745303479 19.60533332824707 81920
1771745312655 19.06810188293457 87040
1771745317597 18.623462677001953 92160
1771745323065 18.340030670166016 97280
1771745328103 17.976228713989258 102400
1771745337176 17.649700164794922 107520
1771745342039 17.000808715820312 112640
1771745347614 16.484432220458984 117760
1771745352605 16.400802612304688 122880
1771745360982 16.3581485748291 128000
1771745366749 16.33541488647461 133120
1771745372393 16.501007080078125 138240
1771745377455 17.275598526000977 143360
1771745385231 17.748666763305664 148480
1771745391001 18.567237854003906 153600
1771745396915 19.472740173339844 158720
1771745401841 20.459062576293945 163840
1771745409513 21.325590133666992 168960
1771745415020 22.303287506103516 174080
1771745421364 23.194042205810547 179200
1771745426357 23.780397415161133 184320
1771745433738 23.995615005493164 189440
1771745439294 23.98699378967285 194560
1771745446082 23.923479080200195 199680
1771745451118 23.832582473754883 204800
1771745457611 23.710683822631836 209920
1771745463772 23.563583374023438 215040
1771745470167 23.504535675048828 220160
1771745475843 23.58679962158203 225280
1771745481894 23.832834243774414 230400
1771745488193 24.24513816833496 235520
1771745494354 24.40625 240640
1771745500444 24.36249542236328 245760
1771745505956 24.2833251953125 250880
1771745512535 24.168914794921875 256000
1771745518584 24.055580139160156 261120
1771745524944 23.906654357910156 266240
1771745530301 23.79689598083496 271360
1771745537158 23.717153549194336 276480
1771745543158 23.62522315979004 281600
1771745549497 23.469751358032227 286720
1771745555000 23.381460189819336 291840
1771745561643 23.260936737060547 296960
1771745564119 23.229816436767578 300032
