1759805919163 16.99695255322084 5120
1759805953819 17.20382362152951 10240
1759805976737 17.49121258265246 15360
1759806001146 17.768513393499713 20480
1759806023896 17.877710566244836 25600
1759806057226 17.848240407483694 30720
1759806080037 17.76485806894926 35840
1759806104454 17.68392313649914 40960
1759806128228 17.67232666015625 46080
1759806158515 17.575987443788506 51200
1759806181067 17.562673025630872 56320
1759806208330 17.526833955662568 61440
1759806233206 17.583888316775642 66560
1759806260100 17.588693116840563 71680
1759806282937 17.537605323983197 76800
1759806311347 17.56081515174672 81920
1759806337365 17.535741408391797 87040
1759806362847 17.495910687133733 92160
1759806386148 17.496941735901807 97280
1759806414736 17.50402358493657 102400
1759806438817 17.509833449966923 107520
1759806460553 17.509636898422606 112640
1759806486871 17.49926714367143 117760
1759806515584 17.48089608148746 122880
1759806539990 17.489580687656197 128000
1759806562519 17.519446720056713 133120
1759806585955 17.53783467214859 138240
1759806615974 17.507568194390345 143360
1759806639578 17.497789125723525 148480
1759806661780 17.484939403940665 153600
1759806684686 17.501400320633824 158720
1759806715690 17.5030878251356 163840
1759806740603 17.48095819856779 168960
1759806762702 17.4702958311092 174080
1759806785332 17.455005821814904 179200
1759806815459 17.440584531332114 184320
1759806840015 17.45628666132604 189440
1759806862317 17.46375803353711 194560
1759806885419 17.454044864900954 199680
1759806913292 17.474528343356255 204800
1759806936291 17.467663414011636 209920
1759806963076 17.478563052658707 215040
1759806985400 17.487391982037057 220160
1759807014467 17.461704368266822 225280
1759807036820 17.45319812358406 230400
1759807063092 17.44717805573012 235520
1759807084765 17.456623129274647 240640
1759807109515 17.45370335275621 245760
1759807130585 17.466493208329755 250880
1759807156760 17.452531320529058 256000
1759807180034 17.43703469248749 261120
1759807201098 17.43209868979971 266240
1759807225995 17.406959088037883 271360
1759807247641 17.41689736069433 276480
1759807274184 17.429672558810466 281600
1759807294809 17.41007306151243 286720
1759807320552 17.39845505898449 291840
1759807342462 17.397543793698762 296960
1759807351483 17.396945547105805 300032
