1759805919163 4.5353159851301115 5120
1759805953819 4.442231075697211 10240
1759805976737 4.340970350404312 15360
1759806001146 4.345957011258956 20480
1759806023896 4.341322314049587 25600
1759806057226 4.32619212163096 30720
1759806080037 4.268727705112961 35840
1759806104454 4.2524726704841225 40960
1759806128228 4.2491879350348025 46080
1759806158515 4.214703425229741 51200
1759806181067 4.205391040242977 56320
1759806208330 4.190675017397355 61440
1759806233206 4.208748793824381 66560
1759806260100 4.208732057416268 71680
1759806282937 4.2015633724176435 76800
1759806311347 4.197068830149176 81920
1759806337365 4.193691473632331 87040
1759806362847 4.179851093531875 92160
1759806386148 4.174354447141911 97280
1759806414736 4.1803313063535334 102400
1759806438817 4.175554224086279 107520
1759806460553 4.171591992373689 112640
1759806486871 4.176492060594999 117760
1759806515584 4.175236096537251 122880
1759806539990 4.176915322580645 128000
1759806562519 4.188267614738203 133120
1759806585955 4.190038910505836 138240
1759806615974 4.1850127646793815 143360
1759806639578 4.188706633763972 148480
1759806661780 4.183922558922559 153600
1759806684686 4.187729062033392 158720
1759806715690 4.188034188034188 163840
1759806740603 4.18334820859365 168960
1759806762702 4.180715435078599 174080
1759806785332 4.174278846153846 179200
1759806815459 4.170033866635525 184320
1759806840015 4.175247187180362 189440
1759806862317 4.179081350304372 194560
1759806885419 4.179337862611884 199680
1759806913292 4.181942400672693 204800
1759806936291 4.178816774325848 209920
1759806963076 4.185003503854239 215040
1759806985400 4.188422802385841 220160
1759807014467 4.18531969798337 225280
1759807036820 4.178251121076233 230400
1759807063092 4.175137111517367 235520
1759807084765 4.17680744452398 240640
1759807109515 4.1780269844051166 245760
1759807130585 4.18277815934066 250880
1759807156760 4.180869857827879 256000
1759807180034 4.178430079155673 261120
1759807201098 4.175428663862828 266240
1759807225995 4.171984126984127 271360
1759807247641 4.172808726139462 276480
1759807274184 4.175696357514539 281600
1759807294809 4.170623591284748 286720
1759807320552 4.170972980953787 291840
1759807342462 4.169326755658735 296960
1759807351483 4.168828361435366 300032
