1771075314278 20.989595413208008 5120
1771075322719 20.241313934326172 10240
1771075333088 20.730560302734375 15360
1771075341390 20.99833869934082 20480
1771075351257 21.237812042236328 25600
1771075359742 21.418241500854492 30720
1771075369925 21.514535903930664 35840
1771075378474 21.58985137939453 40960
1771075388180 21.559423446655273 46080
1771075397316 21.484779357910156 51200
1771075407009 21.573633193969727 56320
1771075415970 21.709474563598633 61440
1771075425700 21.762399673461914 66560
1771075434392 21.756404876708984 71680
1771075443822 21.806936264038086 76800
1771075453169 21.7614803314209 81920
1771075462082 21.775880813598633 87040
1771075471102 21.80632781982422 92160
1771075480417 21.848182678222656 97280
1771075490040 21.82964515686035 102400
1771075498970 21.823312759399414 107520
1771075509114 21.879560470581055 112640
1771075517321 21.941007614135742 117760
1771075527409 21.95253562927246 122880
1771075536529 21.977970123291016 128000
1771075546296 22.038822174072266 133120
1771075555871 22.027381896972656 138240
1771075564707 22.024940490722656 143360
1771075574379 22.009510040283203 148480
1771075582952 22.034534454345703 153600
1771075592485 22.035972595214844 158720
1771075601223 22.040559768676758 163840
1771075610972 22.046018600463867 168960
1771075619097 22.04033088684082 174080
1771075629742 22.058012008666992 179200
1771075637532 22.047378540039062 184320
1771075647866 22.0367374420166 189440
1771075655742 22.029443740844727 194560
1771075666227 22.046829223632812 199680
1771075674510 22.058914184570312 204800
1771075684524 22.017559051513672 209920
1771075693251 22.039148330688477 215040
1771075702917 22.052268981933594 220160
1771075711497 22.041057586669922 225280
1771075721202 22.05213737487793 230400
1771075730207 22.06009292602539 235520
1771075739014 22.061237335205078 240640
1771075748495 22.03679084777832 245760
1771075757304 22.013389587402344 250880
1771075767265 22.02278709411621 256000
1771075775853 22.06199836730957 261120
1771075786071 22.060237884521484 266240
1771075794210 22.055313110351562 271360
1771075804480 22.048154830932617 276480
1771075812709 22.05489730834961 281600
1771075823129 22.05057144165039 286720
1771075831264 22.059436798095703 291840
1771075841348 22.051353454589844 296960
1771075845566 22.047607421875 300032
