1758841938129 0.0 8192
1758841976645 0.0 16384
1758841977850 0.0 24576
1758842021853 0.0 32768
1758842023128 0.0 40960
1758842062028 0.0 49152
1758842063951 0.0 57344
1758842102273 0.0 65536
1758842105208 0.0 73728
1758842145390 0.0 81920
1758842147789 0.0 90112
1758842179135 0.0 98304
1758842182317 0.0 106496
1758842211164 0.0 114688
1758842214920 0.0 122880
1758842242821 0.0 131072
1758842247558 0.0 139264
1758842274537 0.0 147456
1758842278563 0.0 155648
1758842305751 0.0 163840
1758842310270 0.0 172032
1758842336929 0.0 180224
1758842342707 0.0 188416
1758842368882 0.0 196608
1758842375965 0.0 204800
1758842400424 0.0 212992
1758842408889 0.0 221184
1758842431885 0.0 229376
1758842440981 0.0 237568
1758842463037 0.0 245760
1758842473855 0.0 253952
1758842494757 0.0 262144
1758842506671 0.0 270336
1758842526591 0.0 278528
1758842539888 0.0 286720
1758842558096 0.0 294912
1758842560260 0.0 303104
