1758841938129 22.558011049723756 8192
1758841976645 22.367614879649892 16384
1758841977850 22.21256788207913 24576
1758842021853 21.703005303476722 32768
1758842023128 21.100796999531177 40960
1758842062028 20.64105549088087 49152
1758842063951 20.30026455026455 57344
1758842102273 20.072973752523797 65536
1758842105208 20.004114168166623 73728
1758842145390 19.817888427846935 81920
1758842147789 19.662421711899793 90112
1758842179135 19.53301526717557 98304
1758842182317 19.433468096326244 106496
1758842211164 19.39594903626266 114688
1758842214920 19.327953714981728 122880
1758842242821 19.241777018368218 131072
1758842247558 19.21396970103231 139264
1758842274537 19.14836345254644 147456
1758842278563 19.130809774796358 155648
1758842305751 19.104688211197086 163840
1758842310270 19.07886469504929 172032
1758842336929 19.05158689134705 180224
1758842342707 19.03065361415999 188416
1758842368882 19.038713350412753 196608
1758842375965 19.005460005460005 204800
1758842400424 18.98233339163897 212992
1758842408889 18.972456199460918 221184
1758842431885 18.968226881196163 229376
1758842440981 18.958565486934003 237568
1758842463037 18.938817285822594 245760
1758842473855 18.931684766656883 253952
1758842494757 18.919397256379273 262144
1758842506671 18.913558971530986 270336
1758842526591 18.902669074854504 278528
1758842539888 18.895041268603368 286720
1758842558096 18.896643277071874 294912
1758842560260 18.895005923062534 303104
