1758841938129 2.458563535911602 8192
1758841976645 2.358862144420131 16384
1758841977850 2.207913110938712 24576
1758842021853 1.966411314083677 32768
1758842023128 1.7069854664791373 40960
1758842062028 1.5289095847885137 49152
1758842063951 1.4007936507936507 57344
1758842102273 1.3129506778194404 65536
1758842105208 1.258421187966058 73728
1758842145390 1.198017519594283 81920
1758842147789 1.1465553235908141 90112
1758842179135 1.1104961832061069 98304
1758842182317 1.0732993496220777 106496
1758842211164 1.0472067951649788 114688
1758842214920 1.0254263093788063 122880
1758842242821 0.9972946034458209 131072
1758842247558 0.98042633060732 139264
1758842274537 0.9632250726652344 147456
1758842278563 0.953042644944897 155648
1758842305751 0.9427628584433319 163840
1758842310270 0.9293684324558553 172032
1758842336929 0.9175023260622351 180224
1758842342707 0.9067536833778305 188416
1758842368882 0.902837081317013 196608
1758842375965 0.8948038948038948 204800
1758842400424 0.8868287563407381 212992
1758842408889 0.8809804582210242 221184
1758842431885 0.8753453599869983 229376
1758842440981 0.8698893510162442 237568
1758842463037 0.8648218347232752 245760
1758842473855 0.8601408864103317 253952
1758842494757 0.8552846684199303 262144
1758842506671 0.8497277176535466 270336
1758842526591 0.8462773429660847 278528
1758842539888 0.8437642165464353 286720
1758842558096 0.8401921739680132 294912
1758842560260 0.8385186108859655 303104
