1758841938129 4.775629145444866 8192
1758841976645 3.5418489151501813 16384
1758841977850 1.7821307955461476 24576
1758842021853 -0.6997153574955344 32768
1758842023128 -3.302781975554347 40960
1758842062028 -5.038223011992354 49152
1758842063951 -6.298170453026181 57344
1758842102273 -7.185487221805032 65536
1758842105208 -7.7709567873604835 73728
1758842145390 -8.331912042908868 81920
1758842147789 -8.801896594212797 90112
1758842179135 -9.145801847035647 98304
1758842182317 -9.491489747681587 106496
1758842211164 -9.7541792183209 114688
1758842214920 -9.981729927945805 122880
1758842242821 -10.225806052539147 131072
1758842247558 -10.417817790477265 139264
1758842274537 -10.582775577317141 147456
1758842278563 -10.710200453695636 155648
1758842305751 -10.834376835638574 163840
1758842310270 -10.952921744532476 172032
1758842336929 -11.0764761831772 180224
1758842342707 -11.184812035980723 188416
1758842368882 -11.240084839156756 196608
1758842375965 -11.30886985785057 204800
1758842400424 -11.387681857968662 212992
1758842408889 -11.450331693068348 221184
1758842431885 -11.518974878294728 229376
1758842440981 -11.575970187887314 237568
1758842463037 -11.634673093574529 245760
1758842473855 -11.675619191986254 253952
1758842494757 -11.726414233028816 262144
1758842506671 -11.777331984313472 270336
1758842526591 -11.818839962039554 278528
1758842539888 -11.84944036112757 286720
1758842558096 -11.889963893840946 294912
1758842560260 -11.913549618602387 303104
