1771761003636 0.795663058757782 6144
1771761017147 0.7558655738830566 12288
1771761027084 0.7726051211357117 18432
1771761037463 0.7528751492500305 24576
1771761047890 0.7529836297035217 30720
1771761058963 0.8015046119689941 36864
1771761069230 0.8575766682624817 43008
1771761079468 0.8958905935287476 49152
1771761089406 0.9846885800361633 55296
1771761099903 1.092427134513855 61440
1771761110340 1.186110258102417 67584
1771761120482 1.233845829963684 73728
1771761131217 1.2411954402923584 79872
1771761141765 1.2287882566452026 86016
1771761151938 1.2268037796020508 92160
1771761162420 1.2306104898452759 98304
1771761172954 1.2353683710098267 104448
1771761183205 1.2350448369979858 110592
1771761194260 1.2471067905426025 116736
1771761204100 1.2557679414749146 122880
1771761214905 1.276661992073059 129024
1771761225512 1.3191149234771729 135168
1771761235778 1.3508076667785645 141312
1771761245987 1.3823630809783936 147456
1771761256489 1.4227020740509033 153600
1771761267281 1.4661203622817993 159744
1771761277046 1.505015254020691 165888
1771761287653 1.5450589656829834 172032
1771761298061 1.5835926532745361 178176
1771761308616 1.622664451599121 184320
1771761318449 1.6566420793533325 190464
1771761329129 1.6875261068344116 196608
1771761339879 1.7211169004440308 202752
1771761349761 1.748888373374939 208896
1771761360476 1.7722119092941284 215040
1771761370476 1.7988076210021973 221184
1771761380907 1.8259174823760986 227328
1771761391076 1.8512861728668213 233472
1771761401528 1.887146234512329 239616
1771761412042 1.913537621498108 245760
1771761421961 1.9355432987213135 251904
1771761432268 1.9611210823059082 258048
1771761442901 1.9816943407058716 264192
1771761453113 2.0052597522735596 270336
1771761463422 2.023789882659912 276480
1771761474525 2.0390841960906982 282624
1771761484463 2.0505545139312744 288768
1771761494857 2.0662355422973633 294912
1771761501512 2.0710349082946777 301056
