1771761003636 348.0 6144
1771761017147 633.0 12288
1771761027084 942.0 18432
1771761037463 1255.0 24576
1771761047890 1561.0 30720
1771761058963 1864.0 36864
1771761069230 2163.0 43008
1771761079468 2448.0 49152
1771761089406 2738.0 55296
1771761099903 3015.0 61440
1771761110340 3296.0 67584
1771761120482 3583.0 73728
1771761131217 3868.0 79872
1771761141765 4162.0 86016
1771761151938 4458.0 92160
1771761162420 4742.0 98304
1771761172954 5023.0 104448
1771761183205 5297.0 110592
1771761194260 5578.0 116736
1771761204100 5863.0 122880
1771761214905 6144.0 129024
1771761225512 6406.0 135168
1771761235778 6672.0 141312
1771761245987 6928.0 147456
1771761256489 7188.0 153600
1771761267281 7448.0 159744
1771761277046 7698.0 165888
1771761287653 7939.0 172032
1771761298061 8174.0 178176
1771761308616 8421.0 184320
1771761318449 8655.0 190464
1771761329129 8884.0 196608
1771761339879 9108.0 202752
1771761349761 9335.0 208896
1771761360476 9565.0 215040
1771761370476 9791.0 221184
1771761380907 10010.0 227328
1771761391076 10219.0 233472
1771761401528 10432.0 239616
1771761412042 10639.0 245760
1771761421961 10835.0 251904
1771761432268 11041.0 258048
1771761442901 11238.0 264192
1771761453113 11425.0 270336
1771761463422 11621.0 276480
1771761474525 11809.0 282624
1771761484463 11989.0 288768
1771761494857 12168.0 294912
1771761501512 12298.0 301056
