1760398079500 22.6309963099631 5120
1760398124911 22.322134387351777 10240
1760398169990 22.10242587601078 15360
1760398214449 22.01124744376278 20480
1760398259807 22.00413223140496 25600
1760398304283 22.08768267223382 30720
1760398349420 22.373025516403402 35840
1760398395359 22.600430802369413 40960
1760398440347 22.78239845261122 46080
1760398486046 23.11918475852902 51200
1760398531267 23.953216374269005 56320
1760398575222 24.54323899371069 61440
1760398619486 24.958240946045823 66560
1760398663621 25.186070686070686 71680
1760398708891 25.710604558969276 76800
1760398754599 26.388092964024196 81920
1760398801628 27.01472392638037 87040
1760398848876 27.54924578527063 92160
1760398896523 28.061090493862405 97280
1760398943379 28.574944690265486 102400
1760398990011 29.148187919463087 107520
1760399036789 29.72979335600314 112640
1760399083052 30.376055257099 117760
1760399129112 30.9887471867967 122880
1760399175320 31.559413202933985 128000
1760399221788 32.103085386271225 133120
1760399267644 32.62903981264637 138240
1760399314501 33.1012832263978 143360
1760399360633 33.59335727109515 148480
1760399407306 34.06691613471274 153600
1760399453711 34.43143164693218 158720
1760399500813 34.81367377083773 163840
1760399547239 35.080428954423596 168960
1760399592913 35.29631122757509 174080
1760399637362 35.73112740241728 179200
1760399682029 36.16864885942679 184320
1760399727449 36.64468371467026 189440
1760399772825 37.08562227694639 194560
1760399817867 37.50280059746079 199680
1760399862576 37.940710734671335 204800
1760399907046 38.29024655547498 209920
1760399952393 38.69307816133071 215040
1760399997856 39.077669902912625 220160
