1760398079493 -2.4070086669921875 5120
1760398124906 -2.254375 10240
1760398169985 -2.0846875000000002 15360
1760398214440 -1.9105059523809522 20480
1760398259800 -1.5707932692307691 25600
1760398304278 -1.2572379032258065 30720
1760398349411 -1.0535069444444445 35840
1760398395350 -0.9031402439024391 40960
1760398440342 -0.7746059782608696 46080
1760398486040 -0.7205392156862745 51200
1760398531260 -0.7583816964285715 56320
1760398575217 -0.7619979508196721 61440
1760398619480 -0.8169128787878789 66560
1760398663616 -0.8889612676056338 71680
1760398708885 -0.928190789473684 76800
1760398754594 -0.9541512345679012 81920
1760398801620 -0.978110465116279 87040
1760398848866 -1.0096978021978023 92160
1760398896515 -1.0376562500000002 97280
1760398943374 -1.0766831683168316 102400
1760398990001 -1.1122641509433964 107520
1760399036783 -1.1437612612612613 112640
1760399083046 -1.1557758620689655 117760
1760399129104 -1.156714876033058 122880
1760399175309 -1.1571031746031746 128000
1760399221781 -1.1559923664122138 133120
1760399267639 -1.154577205882353 138240
1760399314496 -1.1466843971631204 143360
1760399360626 -1.1324143835616438 148480
1760399407299 -1.1160761589403974 153600
1760399453695 -1.1008653846153846 158720
1760399500801 -1.0854658385093168 163840
1760399547232 -1.078975903614458 168960
1760399592905 -1.0690935672514619 174080
1760399637355 -1.0538636363636364 179200
1760399682019 -1.0329558011049724 184320
1760399727439 -1.0163172043010753 189440
1760399772818 -1.001282722513089 194560
1760399817859 -0.9817857142857144 199680
1760399862568 -0.9679104477611941 204800
1760399907039 -0.9578155339805825 209920
1760399952385 -0.9437203791469194 215040
1760399997844 -0.928425925925926 220160
