1760398079500 4.693726937269373 5120
1760398124911 4.547430830039525 10240
1760398169990 4.369272237196766 15360
1760398214449 4.359918200408998 20480
1760398259807 4.3 25600
1760398304283 4.34446764091858 30720
1760398349420 4.519441069258809 35840
1760398395359 4.609046849757673 40960
1760398440347 4.6764990328820115 46080
1760398486046 4.842268498006203 51200
1760398531267 5.124477861319966 56320
1760398575222 5.372641509433962 61440
1760398619486 5.58610495195861 66560
1760398663621 5.756410256410256 71680
1760398708891 5.983481995374959 76800
1760398754599 6.226361031518625 81920
1760398801628 6.488650306748466 87040
1760398848876 6.769890564921621 92160
1760398896523 6.980588067370825 97280
1760398943379 7.183904867256637 102400
1760398990011 7.431946308724832 107520
1760399036789 7.692649751504055 112640
1760399083052 7.9181376311077 117760
1760399129112 8.170792698174544 122880
1760399175320 8.40440097799511 128000
1760399221788 8.635733078210954 133120
1760399267644 8.84496487119438 138240
1760399314501 9.04262144821265 143360
1760399360633 9.26660682226212 148480
1760399407306 9.461809377063615 153600
1760399453711 9.638751345532832 158720
1760399500813 9.843848913272842 163840
1760399547239 10.003093421323983 168960
1760399592913 10.139286434186657 174080
1760399637362 10.305528036457302 179200
1760399682029 10.474946383310586 184320
1760399727449 10.645068256104596 189440
1760399772825 10.805645008524342 194560
1760399817867 10.9731142643764 199680
1760399862576 11.124838887865955 204800
1760399907046 11.209209572153734 209920
1760399952393 11.373278483276694 215040
1760399997856 11.51685789938217 220160
