1760398079493 112.57156660135806 5120
1760398124906 116.57968758685864 10240
1760398169985 74.73546915648052 15360
1760398214440 72.68024051707705 20480
1760398259800 108.6832504145937 25600
1760398304278 100.07883560009545 30720
1760398349411 79.55057373162636 35840
1760398395350 79.72900944741194 40960
1760398440342 68.58256618212143 46080
1760398486040 135.36125992383657 51200
1760398531260 80.56982596334858 56320
1760398575217 105.30250307549396 61440
1760398619480 105.34217400040185 66560
1760398663616 127.56787006904104 71680
1760398708885 47.8403157186363 76800
1760398754594 102.42250494493419 81920
1760398801620 73.42197948394777 87040
1760398848866 68.96824796514018 92160
1760398896515 89.86574679150687 97280
1760398943374 68.14798446715518 102400
1760398990001 107.58763627036039 107520
1760399036783 85.30556459485844 112640
1760399083046 98.36317159541287 117760
1760399129104 65.84361313009215 122880
1760399175309 53.77381761304632 128000
1760399221781 74.42515437575413 133120
1760399267639 71.87935289278859 138240
1760399314496 102.68076772424598 143360
1760399360626 76.17835412920685 148480
1760399407299 73.02569816839613 153600
1760399453695 154.41239921952655 158720
1760399500801 127.18105461050972 163840
1760399547232 119.09208097901701 168960
1760399592905 50.484515111758405 174080
1760399637355 94.43227665706051 179200
1760399682019 90.56820193906415 184320
1760399727439 141.14156879900395 189440
1760399772818 228.57242506811988 194560
1760399817859 104.72930659941572 199680
1760399862568 222.21478145695363 204800
1760399907039 194.37871906571507 209920
1760399952385 81.08382307454377 215040
1760399997844 267.1361059805108 220160
