1771742359940 361.0 6144
1771742375060 669.0 12288
1771742389778 976.0 18432
1771742405511 1288.0 24576
1771742420283 1581.0 30720
1771742435303 1858.0 36864
1771742450016 2115.0 43008
1771742464713 2392.0 49152
1771742480368 2683.0 55296
1771742495166 2988.0 61440
1771742511255 3252.0 67584
1771742525872 3497.0 73728
1771742540240 3757.0 79872
1771742554956 4019.0 86016
1771742570598 4274.0 92160
1771742585185 4520.0 98304
1771742599651 4791.0 104448
1771742613937 5050.0 110592
1771742629288 5301.0 116736
1771742644730 5538.0 122880
1771742659527 5789.0 129024
1771742674436 6061.0 135168
1771742689501 6309.0 141312
1771742704554 6523.0 147456
1771742720184 6743.0 153600
1771742735145 6958.0 159744
1771742750556 7173.0 165888
1771742765186 7372.0 172032
1771742779917 7554.0 178176
1771742795582 7713.0 184320
1771742810579 7944.0 190464
1771742826135 8196.0 196608
1771742841193 8439.0 202752
1771742856242 8704.0 208896
1771742871364 8981.0 215040
1771742887441 9261.0 221184
1771742902377 9496.0 227328
1771742917492 9658.0 233472
1771742932741 9811.0 239616
1771742947376 9971.0 245760
1771742962636 10138.0 251904
1771742977700 10301.0 258048
1771742992544 10458.0 264192
1771743007430 10629.0 270336
1771743022955 10789.0 276480
1771743039303 10960.0 282624
1771743054720 11123.0 288768
1771743070107 11287.0 294912
1771743079946 11385.0 301056
