1771742359940 22.628808975219727 6144
1771742375060 21.396114349365234 12288
1771742389778 20.94774627685547 18432
1771742405511 20.664596557617188 24576
1771742420283 20.71663475036621 30720
1771742435303 20.916038513183594 36864
1771742450016 21.286052703857422 43008
1771742464713 21.394229888916016 49152
1771742480368 21.36712646484375 55296
1771742495166 21.240629196166992 61440
1771742511255 21.395755767822266 67584
1771742525872 21.664569854736328 73728
1771742540240 21.802236557006836 79872
1771742554956 21.901716232299805 86016
1771742570598 22.035329818725586 92160
1771742585185 22.193805694580078 98304
1771742599651 22.22625732421875 104448
1771742613937 22.299802780151367 110592
1771742629288 22.40218734741211 116736
1771742644730 22.552366256713867 122880
1771742659527 22.635515213012695 129024
1771742674436 22.638673782348633 135168
1771742689501 22.715961456298828 141312
1771742704554 22.91598892211914 147456
1771742720184 23.080230712890625 153600
1771742735145 23.244754791259766 159744
1771742750556 23.407081604003906 165888
1771742765186 23.603906631469727 172032
1771742779917 23.848690032958984 178176
1771742795582 24.154544830322266 184320
1771742810579 24.23212432861328 190464
1771742826135 24.23401641845703 196608
1771742841193 24.264131546020508 202752
1771742856242 24.229780197143555 208896
1771742871364 24.1672420501709 215040
1771742887441 24.099882125854492 221184
1771742902377 24.146272659301758 227328
1771742917492 24.37554359436035 233472
1771742932741 24.622974395751953 239616
1771742947376 24.845251083374023 245760
1771742962636 25.043302536010742 251904
1771742977700 25.23871421813965 258048
1771742992544 25.451520919799805 264192
1771743007430 25.618778228759766 270336
1771743022955 25.807859420776367 276480
1771743039303 25.96806526184082 282624
1771743054720 26.139171600341797 288768
1771743070107 26.303977966308594 294912
1771743079946 26.433992385864258 301056
