1771742359940 16.718490600585938 6144
1771742375060 17.26934814453125 12288
1771742389778 17.443618774414062 18432
1771742405511 16.702159881591797 24576
1771742420283 16.216760635375977 30720
1771742435303 15.641679763793945 36864
1771742450016 15.077237129211426 43008
1771742464713 14.734400749206543 49152
1771742480368 14.67380428314209 55296
1771742495166 14.74537181854248 61440
1771742511255 15.26401424407959 67584
1771742525872 15.795249938964844 73728
1771742540240 16.31844139099121 79872
1771742554956 16.719926834106445 86016
1771742570598 16.938018798828125 92160
1771742585185 17.175020217895508 98304
1771742599651 17.395498275756836 104448
1771742613937 17.590471267700195 110592
1771742629288 17.803308486938477 116736
1771742644730 17.987058639526367 122880
1771742659527 18.217918395996094 129024
1771742674436 18.470521926879883 135168
1771742689501 18.565889358520508 141312
1771742704554 18.677785873413086 147456
1771742720184 18.77327537536621 153600
1771742735145 18.85101318359375 159744
1771742750556 18.94891929626465 165888
1771742765186 19.053255081176758 172032
1771742779917 19.116371154785156 178176
1771742795582 19.00527000427246 184320
1771742810579 18.66085433959961 190464
1771742826135 18.35554313659668 196608
1771742841193 18.139068603515625 202752
1771742856242 18.065536499023438 208896
1771742871364 18.11107063293457 215040
1771742887441 18.09183692932129 221184
1771742902377 18.154212951660156 227328
1771742917492 18.24980354309082 233472
1771742932741 18.385984420776367 239616
1771742947376 18.52182388305664 245760
1771742962636 18.636526107788086 251904
1771742977700 18.780031204223633 258048
1771742992544 18.916820526123047 264192
1771743007430 19.012805938720703 270336
1771743022955 19.12078094482422 276480
1771743039303 19.226211547851562 282624
1771743054720 19.308216094970703 288768
1771743070107 19.390562057495117 294912
1771743079946 19.446577072143555 301056
