1771742359940 4.592797756195068 6144
1771742375060 4.562032699584961 12288
1771742389778 4.422131061553955 18432
1771742405511 4.21195650100708 24576
1771742420283 4.13535737991333 30720
1771742435303 4.023143291473389 36864
1771742450016 3.9484634399414062 43008
1771742464713 3.9005017280578613 49152
1771742480368 3.8747670650482178 55296
1771742495166 3.856091022491455 61440
1771742511255 4.070418357849121 67584
1771742525872 4.352587699890137 73728
1771742540240 4.535267353057861 79872
1771742554956 4.670067310333252 86016
1771742570598 4.786149024963379 92160
1771742585185 4.914601802825928 98304
1771742599651 4.975788116455078 104448
1771742613937 5.04693078994751 110592
1771742629288 5.1211090087890625 116736
1771742644730 5.228602409362793 122880
1771742659527 5.325272083282471 129024
1771742674436 5.397294044494629 135168
1771742689501 5.440798759460449 141312
1771742704554 5.533957004547119 147456
1771742720184 5.608631134033203 153600
1771742735145 5.679505825042725 159744
1771742750556 5.748919486999512 165888
1771742765186 5.82908296585083 172032
1771742779917 5.92626428604126 178176
1771742795582 5.954362869262695 184320
1771742810579 5.859642505645752 190464
1771742826135 5.762079238891602 196608
1771742841193 5.6977128982543945 202752
1771742856242 5.662569046020508 208896
1771742871364 5.652377128601074 215040
1771742887441 5.622395038604736 221184
1771742902377 5.654275417327881 227328
1771742917492 5.74777364730835 233472
1771742932741 5.872082233428955 239616
1771742947376 5.98886775970459 245760
1771742962636 6.082757949829102 251904
1771742977700 6.1777496337890625 258048
1771742992544 6.2700324058532715 264192
1771743007430 6.350550174713135 270336
1771743022955 6.443878173828125 276480
1771743039303 6.514233589172363 282624
1771743054720 6.595882415771484 288768
1771743070107 6.671037673950195 294912
1771743079946 6.726394176483154 301056
