1771087248770 1.1224855184555054 5120
1771087255963 1.1248040199279785 10240
1771087262271 1.1525914669036865 15360
1771087269410 1.1667685508728027 20480
1771087276155 1.167210340499878 25600
1771087282536 1.1645721197128296 30720
1771087289691 1.1617717742919922 35840
1771087296302 1.1575627326965332 40960
1771087303023 1.1556487083435059 46080
1771087309809 1.1572810411453247 51200
1771087316784 1.161947250366211 56320
1771087322758 1.1577589511871338 61440
1771087330178 1.159119963645935 66560
1771087336350 1.1636557579040527 71680
1771087343704 1.1659929752349854 76800
1771087349978 1.1646535396575928 81920
1771087357143 1.1620922088623047 87040
1771087363602 1.161938190460205 92160
1771087370528 1.160597324371338 97280
1771087377420 1.1605494022369385 102400
1771087383929 1.1585352420806885 107520
1771087390530 1.159749150276184 112640
1771087397084 1.1593022346496582 117760
1771087403821 1.1573377847671509 122880
1771087410656 1.155768871307373 128000
1771087417343 1.156293272972107 133120
1771087423810 1.1527099609375 138240
1771087430527 1.1524415016174316 143360
1771087437294 1.1521379947662354 148480
1771087444273 1.1519638299942017 153600
1771087450817 1.1517338752746582 158720
1771087457334 1.1510313749313354 163840
1771087463974 1.1529141664505005 168960
1771087470968 1.1528987884521484 174080
1771087477629 1.1517595052719116 179200
1771087484460 1.1523323059082031 184320
1771087490930 1.151781439781189 189440
1771087497458 1.1526204347610474 194560
1771087504118 1.1525803804397583 199680
1771087511038 1.1516414880752563 204800
1771087517765 1.1512601375579834 209920
1771087524576 1.150972843170166 215040
1771087530704 1.1501821279525757 220160
1771087537681 1.1512596607208252 225280
1771087544247 1.1516785621643066 230400
1771087551445 1.1516129970550537 235520
1771087557539 1.1519559621810913 240640
1771087564438 1.1516282558441162 245760
1771087570993 1.1508169174194336 250880
1771087577939 1.1499220132827759 256000
1771087584530 1.1497855186462402 261120
1771087591343 1.1495091915130615 266240
1771087597678 1.149296760559082 271360
1771087604243 1.149638295173645 276480
1771087611522 1.1500967741012573 281600
1771087618078 1.1495029926300049 286720
1771087624782 1.1493483781814575 291840
1771087631497 1.149011254310608 296960
1771087635247 1.1485602855682373 300032
