1771213872398 0.07884392887353897 5120
1771213884195 0.07792594283819199 10240
1771213893591 0.07718320190906525 15360
1771213903646 0.08036027103662491 20480
1771213912562 0.08382240682840347 25600
1771213923730 0.08428720384836197 30720
1771213933257 0.08564069122076035 35840
1771213942198 0.08773098140954971 40960
1771213952085 0.08960085362195969 46080
1771213963503 0.09117631614208221 51200
1771213972862 0.0925983116030693 56320
1771213981918 0.09420882165431976 61440
1771213991759 0.09555799514055252 66560
1771214003083 0.09722210466861725 71680
1771214012856 0.09800975024700165 76800
1771214022575 0.09911776334047318 81920
1771214032043 0.10048247128725052 87040
1771214043199 0.1015155017375946 92160
1771214052175 0.10154900699853897 97280
1771214062000 0.10212293267250061 102400
1771214071520 0.10320962965488434 107520
1771214082940 0.1038907915353775 112640
1771214092136 0.10458303242921829 117760
1771214101523 0.10526271164417267 122880
1771214110919 0.10562325268983841 128000
1771214122748 0.10555825382471085 133120
1771214131665 0.10587523132562637 138240
1771214142141 0.10608729720115662 143360
1771214151668 0.10659531503915787 148480
1771214163210 0.10703171789646149 153600
1771214172144 0.10732293128967285 158720
1771214181966 0.10749871283769608 163840
1771214191353 0.10753820091485977 168960
1771214202256 0.10732398182153702 174080
1771214211543 0.10753412544727325 179200
1771214221384 0.10802429169416428 184320
1771214231002 0.10820811986923218 189440
1771214241996 0.1085522249341011 194560
1771214250905 0.1085200160741806 199680
1771214260858 0.10873593389987946 204800
1771214270474 0.10898140072822571 209920
1771214281353 0.1091923862695694 215040
1771214290611 0.1092524603009224 220160
1771214300374 0.10915204137563705 225280
1771214309912 0.1093396320939064 230400
1771214321329 0.10947185754776001 235520
1771214330301 0.10951705276966095 240640
1771214340082 0.10957254469394684 245760
1771214349440 0.1095348447561264 250880
1771214360216 0.10959786921739578 256000
1771214370133 0.10945197939872742 261120
1771214380059 0.10953023284673691 266240
1771214389337 0.10959241539239883 271360
1771214399914 0.1098131388425827 276480
1771214409390 0.10982450097799301 281600
1771214419386 0.10987617820501328 286720
1771214428830 0.11006887257099152 291840
1771214439205 0.11001082509756088 296960
1771214443120 0.10994594544172287 300032
