1771213872398 17.05839729309082 5120
1771213884195 17.419130325317383 10240
1771213893591 17.80408477783203 15360
1771213903646 18.184661865234375 20480
1771213912562 18.387004852294922 25600
1771213923730 18.52227783203125 30720
1771213933257 18.567594528198242 35840
1771213942198 18.648866653442383 40960
1771213952085 18.795467376708984 46080
1771213963503 18.93903923034668 51200
1771213972862 19.004053115844727 56320
1771213981918 19.05436897277832 61440
1771213991759 19.231792449951172 66560
1771214003083 19.300539016723633 71680
1771214012856 19.35496711730957 76800
1771214022575 19.448989868164062 81920
1771214032043 19.567684173583984 87040
1771214043199 19.599620819091797 92160
1771214052175 19.62937355041504 97280
1771214062000 19.652587890625 102400
1771214071520 19.716190338134766 107520
1771214082940 19.750385284423828 112640
1771214092136 19.76332664489746 117760
1771214101523 19.793392181396484 122880
1771214110919 19.815195083618164 128000
1771214122748 19.84943962097168 133120
1771214131665 19.907581329345703 138240
1771214142141 19.943689346313477 143360
1771214151668 19.986160278320312 148480
1771214163210 20.03484344482422 153600
1771214172144 20.067731857299805 158720
1771214181966 20.107187271118164 163840
1771214191353 20.151535034179688 168960
1771214202256 20.16993522644043 174080
1771214211543 20.179956436157227 179200
1771214221384 20.18538475036621 184320
1771214231002 20.237138748168945 189440
1771214241996 20.25847053527832 194560
1771214250905 20.27626609802246 199680
1771214260858 20.2844295501709 204800
1771214270474 20.300628662109375 209920
1771214281353 20.333017349243164 215040
1771214290611 20.362886428833008 220160
1771214300374 20.385353088378906 225280
1771214309912 20.38707160949707 230400
1771214321329 20.411983489990234 235520
1771214330301 20.427261352539062 240640
1771214340082 20.430583953857422 245760
1771214349440 20.441253662109375 250880
1771214360216 20.447011947631836 256000
1771214370133 20.46634292602539 261120
1771214380059 20.470535278320312 266240
1771214389337 20.47016143798828 271360
1771214399914 20.47920036315918 276480
1771214409390 20.494705200195312 281600
1771214419386 20.508785247802734 286720
1771214428830 20.52059555053711 291840
1771214439205 20.52838134765625 296960
1771214443120 20.53361701965332 300032
