1771213872398 1.107622504234314 5120
1771213884195 1.1228140592575073 10240
1771213893591 1.1377058029174805 15360
1771213903646 1.1460992097854614 20480
1771213912562 1.1493587493896484 25600
1771213923730 1.1486120223999023 30720
1771213933257 1.1462383270263672 35840
1771213942198 1.14478600025177 40960
1771213952085 1.147271752357483 46080
1771213963503 1.1510448455810547 51200
1771213972862 1.15053391456604 56320
1771213981918 1.1502560377120972 61440
1771213991759 1.1552379131317139 66560
1771214003083 1.1560521125793457 71680
1771214012856 1.1553150415420532 76800
1771214022575 1.1571639776229858 81920
1771214032043 1.1604423522949219 87040
1771214043199 1.1599278450012207 92160
1771214052175 1.1573151350021362 97280
1771214062000 1.1551876068115234 102400
1771214071520 1.156967043876648 107520
1771214082940 1.157552719116211 112640
1771214092136 1.156090259552002 117760
1771214101523 1.1562864780426025 122880
1771214110919 1.1552975177764893 128000
1771214122748 1.1544500589370728 133120
1771214131665 1.1555531024932861 138240
1771214142141 1.1553802490234375 143360
1771214151668 1.1558754444122314 148480
1771214163210 1.1568543910980225 153600
1771214172144 1.15696382522583 158720
1771214181966 1.1574220657348633 163840
1771214191353 1.1579309701919556 168960
1771214202256 1.1569068431854248 174080
1771214211543 1.1563178300857544 179200
1771214221384 1.156299114227295 184320
1771214231002 1.1576775312423706 189440
1771214241996 1.1579420566558838 194560
1771214250905 1.1572216749191284 199680
1771214260858 1.1570175886154175 204800
1771214270474 1.1567230224609375 209920
1771214281353 1.1574876308441162 215040
1771214290611 1.1579666137695312 220160
1771214300374 1.157913327217102 225280
1771214309912 1.1572493314743042 230400
1771214321329 1.157500147819519 235520
1771214330301 1.1574130058288574 240640
1771214340082 1.1569868326187134 245760
1771214349440 1.1566517353057861 250880
1771214360216 1.1564035415649414 256000
1771214370133 1.15633225440979 261120
1771214380059 1.1559417247772217 266240
1771214389337 1.1552157402038574 271360
1771214399914 1.1551754474639893 276480
1771214409390 1.155275821685791 281600
1771214419386 1.1553986072540283 286720
1771214428830 1.1556168794631958 291840
1771214439205 1.1552739143371582 296960
1771214443120 1.1551223993301392 300032
