1771213872398 0.9593617916107178 5120
1771213884195 0.9557431936264038 10240
1771213893591 0.9491504430770874 15360
1771213903646 0.9835596084594727 20480
1771213912562 1.0146000385284424 25600
1771213923730 1.0248723030090332 30720
1771213933257 1.041434645652771 35840
1771213942198 1.0636439323425293 40960
1771213952085 1.085720419883728 46080
1771213963503 1.100836992263794 51200
1771213972862 1.1154521703720093 56320
1771213981918 1.1317355632781982 61440
1771213991759 1.1440623998641968 66560
1771214003083 1.1583025455474854 71680
1771214012856 1.1662219762802124 76800
1771214022575 1.1785632371902466 81920
1771214032043 1.190835952758789 87040
1771214043199 1.1989994049072266 92160
1771214052175 1.2017245292663574 97280
1771214062000 1.2092331647872925 102400
1771214071520 1.2204285860061646 107520
1771214082940 1.2267701625823975 112640
1771214092136 1.2329416275024414 117760
1771214101523 1.2401745319366455 122880
1771214110919 1.242935061454773 128000
1771214122748 1.2453113794326782 133120
1771214131665 1.250484585762024 138240
1771214142141 1.2550476789474487 143360
1771214151668 1.2615113258361816 148480
1771214163210 1.2674366235733032 153600
1771214172144 1.2720526456832886 158720
1771214181966 1.2755286693572998 163840
1771214191353 1.2778247594833374 168960
1771214202256 1.2782901525497437 174080
1771214211543 1.2806936502456665 179200
1771214221384 1.2842819690704346 184320
1771214231002 1.2871507406234741 189440
1771214241996 1.2909963130950928 194560
1771214250905 1.2919098138809204 199680
1771214260858 1.2948451042175293 204800
1771214270474 1.2975760698318481 209920
1771214281353 1.2999279499053955 215040
1771214290611 1.3010231256484985 220160
1771214300374 1.3003450632095337 225280
1771214309912 1.3021645545959473 230400
1771214321329 1.303713083267212 235520
1771214330301 1.3053234815597534 240640
1771214340082 1.3055287599563599 245760
1771214349440 1.305832028388977 250880
1771214360216 1.3069216012954712 256000
1771214370133 1.306775689125061 261120
1771214380059 1.3074804544448853 266240
1771214389337 1.3075778484344482 271360
1771214399914 1.3101811408996582 276480
1771214409390 1.3105980157852173 281600
1771214419386 1.3127943277359009 286720
1771214428830 1.3139504194259644 291840
1771214439205 1.3142447471618652 296960
1771214443120 1.3141199350357056 300032
