1771213872398 0.28656986355781555 5120
1771213884195 0.28609973192214966 10240
1771213893591 0.2857639193534851 15360
1771213903646 0.2926256060600281 20480
1771213912562 0.2991061806678772 25600
1771213923730 0.29863548278808594 30720
1771213933257 0.3006562292575836 35840
1771213942198 0.3040015399456024 40960
1771213952085 0.30711865425109863 46080
1771213963503 0.30989331007003784 51200
1771213972862 0.31202825903892517 56320
1771213981918 0.31447306275367737 61440
1771213991759 0.31687131524086 66560
1771214003083 0.31980276107788086 71680
1771214012856 0.32083091139793396 76800
1771214022575 0.32260268926620483 81920
1771214032043 0.32519543170928955 87040
1771214043199 0.3267645835876465 92160
1771214052175 0.32619601488113403 97280
1771214062000 0.32673078775405884 102400
1771214071520 0.3288194239139557 107520
1771214082940 0.32984596490859985 112640
1771214092136 0.3309776186943054 117760
1771214101523 0.331911563873291 122880
1771214110919 0.33214834332466125 128000
1771214122748 0.33166906237602234 133120
1771214131665 0.332243412733078 138240
1771214142141 0.3323516845703125 143360
1771214151668 0.3331838548183441 148480
1771214163210 0.3338196575641632 153600
1771214172144 0.3340913951396942 158720
1771214181966 0.3343279957771301 163840
1771214191353 0.3343302011489868 168960
1771214202256 0.33358219265937805 174080
1771214211543 0.3337675631046295 179200
1771214221384 0.3346664607524872 184320
1771214231002 0.33508214354515076 189440
1771214241996 0.33563658595085144 194560
1771214250905 0.3353378474712372 199680
1771214260858 0.33569851517677307 204800
1771214270474 0.33602216839790344 209920
1771214281353 0.33645105361938477 215040
1771214290611 0.3365515470504761 220160
1771214300374 0.3363761901855469 225280
1771214309912 0.33660218119621277 230400
1771214321329 0.33675915002822876 235520
1771214330301 0.33665546774864197 240640
1771214340082 0.33660605549812317 245760
1771214349440 0.3363456130027771 250880
1771214360216 0.33640190958976746 256000
1771214370133 0.33603435754776 261120
1771214380059 0.3360973000526428 266240
1771214389337 0.3360491991043091 271360
1771214399914 0.33643198013305664 276480
1771214409390 0.3364222049713135 281600
1771214419386 0.3365042209625244 286720
1771214428830 0.33686137199401855 291840
1771214439205 0.33667442202568054 296960
1771214443120 0.33648940920829773 300032
