1771213872398 1.9389203786849976 5120
1771213884195 1.9112952947616577 10240
1771213893591 1.8905037641525269 15360
1771213903646 1.9410065412521362 20480
1771213912562 2.001523971557617 25600
1771213923730 1.9959452152252197 30720
1771213933257 2.0164458751678467 35840
1771213942198 2.0502049922943115 40960
1771213952085 2.0807058811187744 46080
1771213963503 2.1065187454223633 51200
1771213972862 2.1286046504974365 56320
1771213981918 2.1530978679656982 61440
1771213991759 2.174137592315674 66560
1771214003083 2.201643466949463 71680
1771214012856 2.2104973793029785 76800
1771214022575 2.226400136947632 81920
1771214032043 2.2488958835601807 87040
1771214043199 2.264014959335327 92160
1771214052175 2.2582552433013916 97280
1771214062000 2.264108657836914 102400
1771214071520 2.2834255695343018 107520
1771214082940 2.293764352798462 112640
1771214092136 2.3041412830352783 117760
1771214101523 2.314207077026367 122880
1771214110919 2.317742109298706 128000
1771214122748 2.3124518394470215 133120
1771214131665 2.315687894821167 138240
1771214142141 2.3165388107299805 143360
1771214151668 2.323720693588257 148480
1771214163210 2.3293824195861816 153600
1771214172144 2.3321406841278076 158720
1771214181966 2.332711935043335 163840
1771214191353 2.3311126232147217 168960
1771214202256 2.3243112564086914 174080
1771214211543 2.326216220855713 179200
1771214221384 2.3348934650421143 184320
1771214231002 2.336749792098999 189440
1771214241996 2.3419809341430664 194560
1771214250905 2.3389222621917725 199680
1771214260858 2.3418660163879395 204800
1771214270474 2.3448312282562256 209920
1771214281353 2.3476312160491943 215040
1771214290611 2.347461700439453 220160
1771214300374 2.3440840244293213 225280
1771214309912 2.3465003967285156 230400
1771214321329 2.3477554321289062 235520
1771214330301 2.34729266166687 240640
1771214340082 2.347336530685425 245760
1771214349440 2.345069408416748 250880
1771214360216 2.345433473587036 256000
1771214370133 2.341317653656006 261120
1771214380059 2.3420400619506836 266240
1771214389337 2.3422980308532715 271360
1771214399914 2.345804214477539 276480
1771214409390 2.3453071117401123 281600
1771214419386 2.3453197479248047 286720
1771214428830 2.3483426570892334 291840
1771214439205 2.346113681793213 296960
1771214443120 2.3442718982696533 300032
