1760049938949 22.78731343283582 5120
1760049971692 22.14822134387352 10240
1760050005981 21.971774193548388 15360
1760050039924 21.854526958290947 20480
1760050077923 21.851151315789473 25600
1760050112987 21.86689655172414 30720
1760050147752 21.795266272189348 35840
1760050184458 21.74974093264249 40960
1760050224146 21.731887401938163 46080
1760050258821 21.763135946622185 51200
1760050293667 21.73464746019712 56320
1760050328853 21.72104347826087 61440
1760050364301 21.723705371502092 66560
1760050398058 21.703493580173188 71680
1760050431211 21.677814938684502 76800
1760050466223 21.688906331763473 81920
1760050499257 21.674956907165722 87040
1760050532509 21.662247034194 92160
1760050570025 21.654329147389294 97280
1760050605519 21.6400920694706 102400
1760050639106 21.642002393298764 107520
1760050673624 21.62790255043776 112640
1760050714148 21.642245307089485 117760
1760050748087 21.626461860708677 122880
1760050782608 21.63921502851392 128000
1760050817274 21.641762142972407 133120
1760050856239 21.644745024875622 138240
1760050895766 21.643574748837906 143360
1760050929890 21.644801621778164 148480
1760050964021 21.633412620680005 153600
1760051001686 21.635464643727985 158720
1760051036311 21.62647599055366 163840
1760051070470 21.635437881873727 168960
1760051105385 21.63561102187075 174080
1760051148104 21.63501020530676 179200
1760051181745 21.62609405998366 184320
1760051216415 21.620047678510613 189440
1760051249170 21.61111725052492 194560
1760051287896 21.60404779847131 199680
1760051320568 21.603464566929134 204800
1760051354194 21.604527296937416 209920
1760051386907 21.610483144943483 215040
1760051424370 21.612077389095173 220160
1760051462898 21.6220374617737 225280
1760051497974 21.610945087784835 230400
1760051533230 21.609227957971676 235520
1760051567777 21.61621041331186 240640
1760051610015 21.61303319611106 245760
1760051644527 21.61731891520769 250880
1760051680277 21.61907966686296 256000
1760051714833 21.609512818399143 261120
1760051751904 21.605092966855295 266240
1760051785493 21.59598762984696 271360
1760051826800 21.593151750972762 276480
1760051860332 21.597172334734427 281600
1760051893583 21.60019520985059 286720
1760051927096 21.605401018224747 291840
1760051967820 21.603248259860788 296960
1760051978174 21.600086405529954 300032
