1771744065863 498.4620666503906 8192
1771744071056 496.7774353027344 16384
1771744121611 496.7430725097656 24576
1771744126990 496.971923828125 32768
1771744176861 496.7001647949219 40960
1771744182709 496.6868896484375 49152
1771744232781 496.9743347167969 57344
1771744239805 497.3294677734375 65536
1771744288205 497.4897155761719 73728
1771744295886 497.6128845214844 81920
1771744344856 497.8105163574219 90112
1771744352738 497.8886413574219 98304
1771744400593 498.0430603027344 106496
1771744408140 498.0980224609375 114688
1771744456958 498.14385986328125 122880
1771744465020 498.1129455566406 131072
1771744512678 498.1526184082031 139264
1771744520865 498.2522888183594 147456
1771744568858 498.2227783203125 155648
1771744577832 498.2505187988281 163840
1771744625410 498.3321533203125 172032
1771744634431 498.35845947265625 180224
1771744681927 498.3777160644531 188416
1771744689836 498.3970031738281 196608
1771744738328 498.4595642089844 204800
1771744745857 498.4302673339844 212992
1771744794300 498.4862976074219 221184
1771744801582 498.49639892578125 229376
1771744850083 498.4700012207031 237568
1771744857243 498.4830017089844 245760
1771744906449 498.49493408203125 253952
1771744913355 498.50616455078125 262144
1771744963050 498.5489807128906 270336
1771744969258 498.55517578125 278528
1771745019685 498.5963439941406 286720
1771745025530 498.63421630859375 294912
1771745054388 498.62042236328125 303104
