1771744065860 18.943031311035156 8192
1771744071053 16.756534576416016 16384
1771744121607 16.761795043945312 24576
1771744126986 15.804012298583984 32768
1771744176858 16.06049919128418 40960
1771744182706 14.853307723999023 49152
1771744232777 12.25790786743164 57344
1771744239802 12.664718627929688 65536
1771744288202 13.613241195678711 73728
1771744295883 14.576070785522461 81920
1771744344853 11.348037719726562 90112
1771744352735 10.039812088012695 98304
1771744400590 8.580562591552734 106496
1771744408136 8.756842613220215 114688
1771744456954 8.141561508178711 122880
1771744465017 6.343888282775879 131072
1771744512675 8.21236801147461 139264
1771744520862 6.4403767585754395 147456
1771744568854 6.95859432220459 155648
1771744577829 6.987508296966553 163840
1771744625406 6.848283290863037 172032
1771744634427 8.437357902526855 180224
1771744681924 8.426702499389648 188416
1771744689833 6.436519145965576 196608
1771744738325 7.488592624664307 204800
1771744745853 6.2585554122924805 212992
1771744794296 7.427443504333496 221184
1771744801579 6.118171691894531 229376
1771744850080 5.21480655670166 237568
1771744857240 6.785649299621582 245760
1771744906446 6.302332878112793 253952
1771744913352 5.553899765014648 262144
1771744963047 5.981350898742676 270336
1771744969255 6.708454608917236 278528
1771745019681 5.395009994506836 286720
1771745025527 5.5195817947387695 294912
1771745054385 5.458529949188232 303104
