1771744065863 4.389544486999512 8192
1771744071056 4.223565101623535 16384
1771744121611 4.033452033996582 24576
1771744126990 3.927903175354004 32768
1771744176861 3.864452362060547 40960
1771744182709 3.845337390899658 49152
1771744232781 3.611257314682007 57344
1771744239805 3.3329460620880127 65536
1771744288205 3.1206672191619873 73728
1771744295886 2.964700222015381 81920
1771744344856 2.8344197273254395 90112
1771744352738 2.721209764480591 98304
1771744400593 2.6124002933502197 106496
1771744408140 2.523207426071167 114688
1771744456958 2.452183723449707 122880
1771744465020 2.383699655532837 131072
1771744512678 2.329157590866089 139264
1771744520865 2.2731235027313232 147456
1771744568858 2.230271577835083 155648
1771744577832 2.1914684772491455 163840
1771744625410 2.147508144378662 172032
1771744634431 2.109090805053711 180224
1771744681927 2.075782060623169 188416
1771744689836 2.0435140132904053 196608
1771744738328 2.0143678188323975 204800
1771744745857 1.988647222518921 212992
1771744794300 1.9647654294967651 221184
1771744801582 1.947550892829895 229376
1771744850083 1.9304624795913696 237568
1771744857243 1.9046590328216553 245760
1771744906449 1.8830146789550781 253952
1771744913355 1.8628290891647339 262144
1771744963050 1.849511981010437 270336
1771744969258 1.8355398178100586 278528
1771745019685 1.8212933540344238 286720
1771745025530 1.811374545097351 294912
1771745054388 1.803457498550415 303104
