1771057905735 17.751850128173828 5120
1771057930476 19.326648712158203 10240
1771057954172 19.897720336914062 15360
1771057978545 20.185440063476562 20480
1771058001620 20.6437931060791 25600
1771058026553 20.84062385559082 30720
1771058050388 20.468870162963867 35840
1771058075037 20.351520538330078 40960
1771058098137 20.287017822265625 46080
1771058123294 20.19090461730957 51200
1771058146726 20.03420066833496 56320
1771058170976 19.903114318847656 61440
1771058195044 19.715839385986328 66560
1771058219406 19.523075103759766 71680
1771058242992 19.358041763305664 76800
1771058267371 18.938060760498047 81920
1771058291597 18.368471145629883 87040
1771058315511 17.71055793762207 92160
1771058339671 17.161771774291992 97280
1771058363047 16.823230743408203 102400
1771058387161 16.466081619262695 107520
1771058411024 16.122629165649414 112640
1771058435319 15.82055377960205 117760
1771058459346 15.564654350280762 122880
1771058482938 15.244532585144043 128000
1771058506870 14.970775604248047 133120
1771058531264 14.663515090942383 138240
1771058554665 14.40798282623291 143360
1771058578837 14.138771057128906 148480
1771058602536 13.954023361206055 153600
1771058627226 13.900782585144043 158720
1771058650687 13.785987854003906 163840
1771058675607 13.648319244384766 168960
1771058698990 13.52236557006836 174080
1771058723366 13.337563514709473 179200
1771058746698 13.175439834594727 184320
1771058771338 13.000126838684082 189440
1771058795046 12.84710693359375 194560
1771058819074 12.689644813537598 199680
1771058843046 12.525846481323242 204800
1771058867137 12.37171459197998 209920
1771058891082 12.241257667541504 215040
1771058915105 12.094122886657715 220160
1771058938554 11.937313079833984 225280
1771058962838 11.843127250671387 230400
1771058986591 11.752355575561523 235520
1771059011262 11.646818161010742 240640
1771059035273 11.55803394317627 245760
1771059059148 11.44373607635498 250880
1771059082791 11.342243194580078 256000
1771059107514 11.246939659118652 261120
1771059131341 11.11257553100586 266240
1771059155276 11.000805854797363 271360
1771059178881 10.894752502441406 276480
1771059203503 10.786406517028809 281600
1771059226989 10.679672241210938 286720
1771059251914 10.598860740661621 291840
1771059276196 10.514915466308594 296960
1771059287743 10.475826263427734 300032
