1771057905730 26.038860321044922 5120
1771057930470 25.422779083251953 10240
1771057954166 22.968585968017578 15360
1771057978539 24.807668685913086 20480
1771058001614 25.67477035522461 25600
1771058026547 27.581222534179688 30720
1771058050382 28.839069366455078 35840
1771058075031 26.98404312133789 40960
1771058098131 27.974502563476562 46080
1771058123288 26.82723045349121 51200
1771058146720 24.375499725341797 56320
1771058170970 20.972209930419922 61440
1771058195037 19.34865951538086 66560
1771058219399 19.129552841186523 71680
1771058242986 19.357839584350586 76800
1771058267364 18.35679817199707 81920
1771058291590 17.975553512573242 87040
1771058315504 19.1407470703125 92160
1771058339664 20.61461639404297 97280
1771058363040 21.15909767150879 102400
1771058387154 22.357952117919922 107520
1771058411017 24.245304107666016 112640
1771058435312 25.301389694213867 117760
1771058459339 28.407485961914062 122880
1771058482931 30.75958251953125 128000
1771058506863 31.084091186523438 133120
1771058531256 31.0657958984375 138240
1771058554658 32.1518669128418 143360
1771058578829 31.87233543395996 148480
1771058602528 32.322906494140625 153600
1771058627218 32.26405334472656 158720
1771058650680 33.405269622802734 163840
1771058675600 34.044700622558594 168960
1771058698983 39.213623046875 174080
1771058723358 40.278594970703125 179200
1771058746690 42.05255889892578 184320
1771058771330 43.218936920166016 189440
1771058795038 42.59968185424805 194560
1771058819066 43.26018524169922 199680
1771058843038 41.78852844238281 204800
1771058867129 42.35557174682617 209920
1771058891074 40.78128433227539 215040
1771058915096 38.77583694458008 220160
1771058938546 38.3778190612793 225280
1771058962830 40.1102409362793 230400
1771058986583 41.15827560424805 235520
1771059011254 38.37084197998047 240640
1771059035264 38.845035552978516 245760
1771059059140 40.14126205444336 250880
1771059082782 38.15962600708008 256000
1771059107506 38.43413162231445 261120
1771059131332 36.389671325683594 266240
1771059155268 37.79607391357422 271360
1771059178872 35.679466247558594 276480
1771059203494 38.654144287109375 281600
1771059226981 40.845176696777344 286720
1771059251905 39.267452239990234 291840
1771059276186 40.258033752441406 296960
1771059287734 39.233909606933594 300032
