1771057905735 2.2172634601593018 5120
1771057930476 2.094285488128662 10240
1771057954172 2.0243818759918213 15360
1771057978545 2.1051113605499268 20480
1771058001620 2.0203120708465576 25600
1771058026553 1.919001579284668 30720
1771058050388 1.997246503829956 35840
1771058075037 2.051424741744995 40960
1771058098137 2.0987424850463867 46080
1771058123294 2.170072317123413 51200
1771058146726 2.2190685272216797 56320
1771058170976 2.2510781288146973 61440
1771058195044 2.2712924480438232 66560
1771058219406 2.282433271408081 71680
1771058242992 2.3039515018463135 76800
1771058267371 2.362276792526245 81920
1771058291597 2.4310688972473145 87040
1771058315511 2.4816155433654785 92160
1771058339671 2.510155439376831 97280
1771058363047 2.5135838985443115 102400
1771058387161 2.5117132663726807 107520
1771058411024 2.5310475826263428 112640
1771058435319 2.5484421253204346 117760
1771058459346 2.594097852706909 122880
1771058482938 2.631736993789673 128000
1771058506870 2.672142267227173 133120
1771058531264 2.7111051082611084 138240
1771058554665 2.752866268157959 143360
1771058578837 2.7681684494018555 148480
1771058602536 2.766528606414795 153600
1771058627226 2.7285168170928955 158720
1771058650687 2.757559061050415 163840
1771058675607 2.7890543937683105 168960
1771058698990 2.8300278186798096 174080
1771058723366 2.8598201274871826 179200
1771058746698 2.8935301303863525 184320
1771058771338 2.912128448486328 189440
1771058795046 2.9376273155212402 194560
1771058819074 2.9642043113708496 199680
1771058843046 2.9816603660583496 204800
1771058867137 2.9977505207061768 209920
1771058891082 3.015748977661133 215040
1771058915105 3.0313475131988525 220160
1771058938554 3.055695056915283 225280
1771058962838 3.0850982666015625 230400
1771058986591 3.1085152626037598 235520
1771059011262 3.134768009185791 240640
1771059035273 3.1601741313934326 245760
1771059059148 3.1714046001434326 250880
1771059082791 3.1788477897644043 256000
1771059107514 3.2022545337677 261120
1771059131341 3.219590663909912 266240
1771059155276 3.2307851314544678 271360
1771059178881 3.2450356483459473 276480
1771059203503 3.2608695030212402 281600
1771059226989 3.2687551975250244 286720
1771059251914 3.2793712615966797 291840
1771059276196 3.2935214042663574 296960
1771059287743 3.3012964725494385 300032
