1771093367113 23.41468048095703 8192
1771093372670 24.733659744262695 16384
1771093395983 25.6473388671875 24576
1771093402015 26.026485443115234 32768
1771093424812 26.46004295349121 40960
1771093431229 26.579092025756836 49152
1771093453276 26.829545974731445 57344
1771093460454 27.00203514099121 65536
1771093481715 27.08690071105957 73728
1771093489600 27.09973907470703 81920
1771093510746 27.138198852539062 90112
1771093518721 27.118202209472656 98304
1771093539190 27.145809173583984 106496
1771093548016 27.134767532348633 114688
1771093568991 27.223901748657227 122880
1771093577675 27.18982696533203 131072
1771093597754 27.233440399169922 139264
1771093606444 27.314960479736328 147456
1771093626593 27.261337280273438 155648
1771093636193 27.257198333740234 163840
1771093655391 27.177230834960938 172032
1771093665633 27.08039093017578 180224
1771093684479 27.05104637145996 188416
1771093694979 26.993104934692383 196608
1771093713388 26.915620803833008 204800
1771093724566 26.903789520263672 212992
1771093742360 26.850282669067383 221184
1771093754249 26.78527069091797 229376
1771093770521 26.765365600585938 237568
1771093783264 26.749603271484375 245760
1771093800292 26.75381088256836 253952
1771093812387 26.707843780517578 262144
1771093828952 26.704954147338867 270336
1771093842800 26.66200065612793 278528
1771093857704 26.58388900756836 286720
1771093871781 26.565645217895508 294912
1771093878300 26.537418365478516 303104
