1771093367109 -0.8881736397743225 8192
1771093372664 -1.1708801984786987 16384
1771093395977 -1.4625449180603027 24576
1771093402009 -1.852365255355835 32768
1771093424806 -1.8926093578338623 40960
1771093431223 -2.163560390472412 49152
1771093453270 -2.32627534866333 57344
1771093460448 -2.5334157943725586 65536
1771093481708 -2.6635468006134033 73728
1771093489594 -2.784238338470459 81920
1771093510739 -2.9409914016723633 90112
1771093518715 -3.0674116611480713 98304
1771093539183 -3.355201244354248 106496
1771093548009 -3.5788979530334473 114688
1771093568984 -3.850062370300293 122880
1771093577668 -4.112124443054199 131072
1771093597747 -4.286203384399414 139264
1771093606437 -4.4960432052612305 147456
1771093626586 -4.621098518371582 155648
1771093636187 -4.886017799377441 163840
1771093655384 -5.090600967407227 172032
1771093665627 -4.870622634887695 180224
1771093684472 -5.151477813720703 188416
1771093694972 -5.292624473571777 196608
1771093713381 -5.7694172859191895 204800
1771093724559 -6.193356037139893 212992
1771093742353 -6.856687545776367 221184
1771093754242 -7.270815372467041 229376
1771093770514 -7.557445526123047 237568
1771093783257 -7.881191253662109 245760
1771093800285 -8.120851516723633 253952
1771093812380 -8.436788558959961 262144
1771093828944 -8.520149230957031 270336
1771093842792 -8.726168632507324 278528
1771093857697 -8.72085189819336 286720
1771093871774 -8.851062774658203 294912
1771093878292 -8.967524528503418 303104
