1759525253610 0.0 5120
1759525269758 0.0 10240
1759525281757 0.0 15360
1759525294607 0.0 20480
1759525306628 0.0 25600
1759525321829 0.0 30720
1759525334437 0.0 35840
1759525345876 0.0 40960
1759525360030 0.0 46080
1759525374382 0.0 51200
1759525386554 0.0 56320
1759525399813 0.0 61440
1759525415857 0.0 66560
1759525427509 0.0 71680
1759525439824 0.0 76800
1759525454616 0.0 81920
1759525470940 0.0 87040
1759525482832 0.0 92160
1759525495278 0.0 97280
1759525512084 0.0 102400
1759525528900 0.0 107520
1759525541798 0.0 112640
1759525555476 0.0 117760
1759525573141 0.0 122880
1759525585649 0.0 128000
1759525597332 0.0 133120
1759525608041 0.0 138240
1759525625977 0.0 143360
1759525637290 0.0 148480
1759525649589 0.0 153600
1759525660724 0.0 158720
1759525678863 0.0 163840
1759525689996 0.0 168960
1759525703447 0.0 174080
1759525715680 0.0 179200
1759525734317 0.0 184320
1759525747753 0.0 189440
1759525758545 0.0 194560
1759525772029 0.0 199680
1759525787275 0.0 204800
1759525800529 0.0 209920
1759525811842 0.0 215040
1759525825414 0.0 220160
1759525840822 0.0 225280
1759525853742 0.0 230400
1759525864862 0.0 235520
1759525878167 0.0 240640
1759525891972 0.0 245760
1759525906122 0.0 250880
1759525917075 0.0 256000
1759525930600 0.0 261120
1759525944519 0.0 266240
1759525958209 0.0 271360
1759525970131 0.0 276480
1759525983363 0.0 281600
1759525996154 0.0 286720
1759526010408 0.0 291840
1759526021935 0.0 296960
1759526027701 0.0 300032
