1759525253606 -0.22517656131337085 5120
1759525269752 -0.40196398171511566 10240
1759525281754 -0.20047937706112862 15360
1759525294602 -0.11900342078435988 20480
1759525306624 -0.0029416345059871674 25600
1759525321823 0.059544329681704124 30720
1759525334430 0.2049915293852488 35840
1759525345870 0.25795602216953184 40960
1759525360017 0.28837463130121643 46080
1759525374378 0.2778194511637968 51200
1759525386548 0.23009218062673295 56320
1759525399809 0.2702789306640625 61440
1759525415853 0.15647871747161402 66560
1759525427505 0.21083353270947094 71680
1759525439817 0.18836387835050883 76800
1759525454612 0.1704683244964223 81920
1759525470934 0.16860713515170786 87040
1759525482824 0.16066970929994687 92160
1759525495274 0.15133384118477503 97280
1759525512075 0.15307878975821013 102400
1759525528893 0.13534468524860885 107520
1759525541793 0.12401375040277704 112640
1759525555470 0.1529495777754948 117760
1759525573136 0.09793212197043678 122880
1759525585644 0.13177753819359672 128000
1759525597327 0.11562515579107153 133120
1759525608036 0.10614120259004481 138240
1759525625968 0.10744172123307032 143360
1759525637284 0.10724113248798946 148480
1759525649582 0.09481560947089795 153600
1759525660717 0.09410587029579358 158720
1759525678854 0.09448467426418518 163840
1759525689986 0.0922569668436625 168960
1759525703437 0.08191161406667609 174080
1759525715672 0.08524878594008359 179200
1759525734306 0.07879257860763297 184320
1759525747748 0.08642567357709331 189440
1759525758540 0.06713306342119946 194560
1759525772023 0.07648575792507249 199680
1759525787266 0.07543077516318554 204800
1759525800520 0.07228439409755966 209920
1759525811836 0.0698193339939931 215040
1759525825409 0.06851069242865951 220160
1759525840813 0.0671242308292993 225280
1759525853735 0.0660366853781506 230400
1759525864856 0.06555529693504433 235520
1759525878158 0.06600755756184207 240640
1759525891966 0.06540880460462135 245760
1759525906115 0.06380403817184573 250880
1759525917066 0.06121575879860684 256000
1759525930592 0.05949630495160818 261120
1759525944498 0.05871037779183223 266240
1759525958203 0.05894332272665841 271360
1759525970124 0.05450408309148246 276480
1759525983357 0.059737918169602104 281600
1759525996146 0.046924261011687035 286720
1759526010397 0.0535519414848381 291840
1759526021928 0.050867101990480196 296960
1759526027691 0.023578297969831134 300032
