1759525253610 15.135513189184756 5120
1759525269758 10.993774664206583 10240
1759525281757 10.356524077779648 15360
1759525294607 11.25094667415029 20480
1759525306628 12.254291342115533 25600
1759525321829 11.675172339480794 30720
1759525334437 10.722645680928968 35840
1759525345876 9.989071256551311 40960
1759525360030 9.423400826133758 46080
1759525374382 9.092742140720835 51200
1759525386554 8.712968548583984 56320
1759525399813 8.467761240489114 61440
1759525415857 8.338221831988262 66560
1759525427509 8.104664149069304 71680
1759525439824 7.946596627305922 76800
1759525454616 7.821727205359418 81920
1759525470940 7.6955190574199275 87040
1759525482832 7.601440628139959 92160
1759525495278 7.502936618257492 97280
1759525512084 7.434678979065166 102400
1759525528900 7.365882518314067 107520
1759525541798 7.317389504530351 112640
1759525555476 7.201062141641673 117760
1759525573141 7.108656325546476 122880
1759525585649 7.046110469445981 128000
1759525597332 7.009588676055075 133120
1759525608041 6.976005474017684 138240
1759525625977 6.943397665835223 143360
1759525637290 6.902556646330401 148480
1759525649589 6.872415802460044 153600
1759525660724 6.858017839161696 158720
1759525678863 6.816023916221527 163840
1759525689996 6.803184906651965 168960
1759525703447 6.763532890218868 174080
1759525715680 6.728407408331869 179200
1759525734317 6.709384134594622 184320
1759525747753 6.71067016919454 189440
1759525758545 6.660979527516052 194560
1759525772029 6.626092138963538 199680
1759525787275 6.625842711384874 204800
1759525800529 6.602360180048881 209920
1759525811842 6.556676944298816 215040
1759525825414 6.5555715171638935 220160
1759525840822 6.5480212153039385 225280
1759525853742 6.533616825734719 230400
1759525864862 6.525457113362208 235520
1759525878167 6.519292476106724 240640
1759525891972 6.503272565527422 245760
1759525906122 6.4972646307261686 250880
1759525917075 6.47022702219944 256000
1759525930600 6.450541191963494 261120
1759525944519 6.437504435201398 266240
1759525958209 6.431788322237399 271360
1759525970131 6.432178682202058 276480
1759525983363 6.426417751391938 281600
1759525996154 6.408677430228214 286720
1759526010408 6.392001355523246 291840
1759526021935 6.383961552478082 296960
1759526027701 6.376945945308942 300032
