1759525253606 116.77768187766239 5120
1759525269752 83.07691088795136 10240
1759525281754 118.41960529659222 15360
1759525294602 156.38134297751762 20480
1759525306624 158.74887400174103 25600
1759525321823 120.79672829906112 30720
1759525334430 96.23936487540728 35840
1759525345870 94.71161792932143 40960
1759525360017 120.41179341429104 46080
1759525374378 92.87241486205217 51200
1759525386548 100.2798259455841 56320
1759525399809 112.63505021751973 61440
1759525415853 163.6354556803995 66560
1759525427505 101.64559906940674 71680
1759525439817 88.6463912078622 76800
1759525454612 66.01356689802792 81920
1759525470934 94.70734075462325 87040
1759525482824 82.85699610833449 92160
1759525495274 173.203832177073 97280
1759525512075 119.3530248705253 102400
1759525528893 97.20963218763761 107520
1759525541793 100.54907225391955 112640
1759525555470 106.91300247253447 117760
1759525573136 105.29192920798293 122880
1759525585644 71.02850078745492 128000
1759525597327 72.25080961896231 133120
1759525608036 144.4767317694878 138240
1759525625968 65.93988177587725 143360
1759525637284 84.22635447206716 148480
1759525649582 104.76331301828354 153600
1759525660717 76.52442984856778 158720
1759525678854 97.80808245691766 163840
1759525689986 125.15827166388159 168960
1759525703437 149.19977233921458 174080
1759525715672 63.065602117070384 179200
1759525734306 181.36746519069445 184320
1759525747748 117.88044180883055 189440
1759525758540 128.38003122034831 194560
1759525772023 49.25377831534695 199680
1759525787266 79.18711650650405 204800
1759525800520 98.98529724116773 209920
1759525811836 41.98334401024984 215040
1759525825409 96.91314494327503 220160
1759525840813 94.92167379546021 225280
1759525853735 130.70032096226356 230400
1759525864856 84.63424674119214 235520
1759525878158 91.35528837776616 240640
1759525891966 46.816653644379954 245760
1759525906115 73.94622802841981 250880
1759525917066 89.9544041006284 256000
1759525930592 99.3698974152432 261120
1759525944498 39.00480782643468 266240
1759525958203 179.6891440322166 271360
1759525970124 131.3716916716259 276480
1759525983357 92.6815600486134 281600
1759525996146 102.98330386957376 286720
1759526010397 134.58811449107944 291840
1759526021928 107.14788606463149 296960
1759526027691 79.11840491954804 300032
