1771181073250 0.07578326761722565 5120
1771181084223 0.07171136885881424 10240
1771181093375 0.07079947739839554 15360
1771181103930 0.07196380943059921 20480
1771181113098 0.07263214141130447 25600
1771181124113 0.07217223942279816 30720
1771181132723 0.07246378809213638 35840
1771181143757 0.07199140638113022 40960
1771181152843 0.07211873680353165 46080
1771181163384 0.07236034423112869 51200
1771181172454 0.07242998480796814 56320
1771181182755 0.07203346490859985 61440
1771181191876 0.07264994084835052 66560
1771181202097 0.07265973836183548 71680
1771181211476 0.0724419578909874 76800
1771181221186 0.07192835211753845 81920
1771181231113 0.07244457304477692 87040
1771181240551 0.07222116738557816 92160
1771181250931 0.07242674380540848 97280
1771181259923 0.07257029414176941 102400
1771181270596 0.07246808707714081 107520
1771181279777 0.0725480318069458 112640
1771181290204 0.07255201041698456 117760
1771181299060 0.0728025883436203 122880
1771181309889 0.0730818659067154 128000
1771181318429 0.07301554828882217 133120
1771181329380 0.07300765067338943 138240
1771181338075 0.07280789315700531 143360
1771181349085 0.0728980302810669 148480
1771181357595 0.07273302972316742 153600
1771181368656 0.07282418012619019 158720
1771181377100 0.07281719148159027 163840
1771181388382 0.0727267861366272 168960
1771181396524 0.07272101193666458 174080
1771181407989 0.07255321741104126 179200
1771181416661 0.07237103581428528 184320
1771181427396 0.07233396917581558 189440
1771181436102 0.07223976403474808 194560
1771181446765 0.07214958965778351 199680
1771181455346 0.0722576454281807 204800
1771181466395 0.07227688282728195 209920
1771181475156 0.07221660763025284 215040
1771181485722 0.07217228412628174 220160
1771181494848 0.07214049249887466 225280
1771181505488 0.07221012562513351 230400
1771181514330 0.07212667167186737 235520
1771181525116 0.07210632413625717 240640
1771181533929 0.07205197960138321 245760
1771181544769 0.07228533178567886 250880
1771181553280 0.07226637750864029 256000
1771181564077 0.07219909131526947 261120
1771181573117 0.07214756309986115 266240
1771181583342 0.07207763940095901 271360
1771181592344 0.07215011119842529 276480
1771181602797 0.07210889458656311 281600
1771181611864 0.0720413401722908 286720
1771181622333 0.07212657481431961 291840
1771181631852 0.07211395353078842 296960
1771181636487 0.07208391278982162 300032
