1771181073250 18.960960388183594 5120
1771181084223 20.23906135559082 10240
1771181093375 20.717466354370117 15360
1771181103930 20.870824813842773 20480
1771181113098 20.914813995361328 25600
1771181124113 21.164697647094727 30720
1771181132723 21.250795364379883 35840
1771181143757 21.33768081665039 40960
1771181152843 21.420578002929688 46080
1771181163384 21.47644805908203 51200
1771181172454 21.499839782714844 56320
1771181182755 21.4419002532959 61440
1771181191876 21.543739318847656 66560
1771181202097 21.595014572143555 71680
1771181211476 21.639020919799805 76800
1771181221186 21.639551162719727 81920
1771181231113 21.678396224975586 87040
1771181240551 21.705400466918945 92160
1771181250931 21.736783981323242 97280
1771181259923 21.713241577148438 102400
1771181270596 21.76045799255371 107520
1771181279777 21.822439193725586 112640
1771181290204 21.847126007080078 117760
1771181299060 21.841833114624023 122880
1771181309889 21.8648624420166 128000
1771181318429 21.885784149169922 133120
1771181329380 21.87006950378418 138240
1771181338075 21.862150192260742 143360
1771181349085 21.881650924682617 148480
1771181357595 21.886024475097656 153600
1771181368656 21.916711807250977 158720
1771181377100 21.925905227661133 163840
1771181388382 21.920286178588867 168960
1771181396524 21.92447853088379 174080
1771181407989 21.92249870300293 179200
1771181416661 21.922277450561523 184320
1771181427396 21.91481590270996 189440
1771181436102 21.89027976989746 194560
1771181446765 21.902080535888672 199680
1771181455346 21.933597564697266 204800
1771181466395 21.914981842041016 209920
1771181475156 21.93206787109375 215040
1771181485722 21.933486938476562 220160
1771181494848 21.944021224975586 225280
1771181505488 21.94331932067871 230400
1771181514330 21.930789947509766 235520
1771181525116 21.954872131347656 240640
1771181533929 21.942380905151367 245760
1771181544769 21.948673248291016 250880
1771181553280 21.94879722595215 256000
1771181564077 21.942344665527344 261120
1771181573117 21.951807022094727 266240
1771181583342 21.95220375061035 271360
1771181592344 21.949827194213867 276480
1771181602797 21.956146240234375 281600
1771181611864 21.96000099182129 286720
1771181622333 21.951562881469727 291840
1771181631852 21.95040512084961 296960
1771181636487 21.94380760192871 300032
