1771181073250 24.575775146484375 5120
1771181084223 25.692720413208008 10240
1771181093375 26.10171890258789 15360
1771181103930 26.256803512573242 20480
1771181113098 26.295454025268555 25600
1771181124113 26.564023971557617 30720
1771181132723 26.675382614135742 35840
1771181143757 26.771804809570312 40960
1771181152843 26.843671798706055 46080
1771181163384 26.909339904785156 51200
1771181172454 26.935182571411133 56320
1771181182755 26.863672256469727 61440
1771181191876 26.981292724609375 66560
1771181202097 27.0456485748291 71680
1771181211476 27.083580017089844 76800
1771181221186 27.065032958984375 81920
1771181231113 27.11583137512207 87040
1771181240551 27.134605407714844 92160
1771181250931 27.178430557250977 97280
1771181259923 27.160493850708008 102400
1771181270596 27.21164321899414 107520
1771181279777 27.280385971069336 112640
1771181290204 27.29950714111328 117760
1771181299060 27.30068588256836 122880
1771181309889 27.343120574951172 128000
1771181318429 27.370437622070312 133120
1771181329380 27.353906631469727 138240
1771181338075 27.33055877685547 143360
1771181349085 27.354717254638672 148480
1771181357595 27.35169219970703 153600
1771181368656 27.393638610839844 158720
1771181377100 27.41067886352539 163840
1771181388382 27.3987979888916 168960
1771181396524 27.4054012298584 174080
1771181407989 27.398006439208984 179200
1771181416661 27.391157150268555 184320
1771181427396 27.381572723388672 189440
1771181436102 27.349620819091797 194560
1771181446765 27.357097625732422 199680
1771181455346 27.4006404876709 204800
1771181466395 27.37883758544922 209920
1771181475156 27.394664764404297 215040
1771181485722 27.391155242919922 220160
1771181494848 27.39666748046875 225280
1771181505488 27.397737503051758 230400
1771181514330 27.37997817993164 235520
1771181525116 27.410951614379883 240640
1771181533929 27.393774032592773 245760
1771181544769 27.40521812438965 250880
1771181553280 27.40410614013672 256000
1771181564077 27.395334243774414 261120
1771181573117 27.40771484375 266240
1771181583342 27.412067413330078 271360
1771181592344 27.410400390625 276480
1771181602797 27.413930892944336 281600
1771181611864 27.419095993041992 286720
1771181622333 27.410490036010742 291840
1771181631852 27.406448364257812 296960
1771181636487 27.3973388671875 300032
