1771181073248 14.564693450927734 5120
1771181084221 16.106727600097656 10240
1771181093373 21.106704711914062 15360
1771181103928 21.20752716064453 20480
1771181113096 18.668155670166016 25600
1771181124111 21.446094512939453 30720
1771181132720 22.481536865234375 35840
1771181143755 21.083637237548828 40960
1771181152840 20.194698333740234 46080
1771181163382 19.619478225708008 51200
1771181172452 22.2960147857666 56320
1771181182753 19.058837890625 61440
1771181191873 21.414505004882812 66560
1771181202095 17.704944610595703 71680
1771181211474 16.504276275634766 76800
1771181221184 18.653514862060547 81920
1771181231111 17.226818084716797 87040
1771181240548 18.903879165649414 92160
1771181250929 17.072525024414062 97280
1771181259920 17.721240997314453 102400
1771181270594 15.38219165802002 107520
1771181279775 16.08635711669922 112640
1771181290201 18.73373031616211 117760
1771181299058 16.179279327392578 122880
1771181309886 15.623832702636719 128000
1771181318427 17.03885269165039 133120
1771181329378 15.870305061340332 138240
1771181338073 17.882366180419922 143360
1771181349082 15.17432689666748 148480
1771181357592 15.542749404907227 153600
1771181368654 16.550621032714844 158720
1771181377098 15.658239364624023 163840
1771181388379 15.92058277130127 168960
1771181396522 15.46180248260498 174080
1771181407987 15.59825611114502 179200
1771181416659 13.54450798034668 184320
1771181427394 15.05310344696045 189440
1771181436100 14.879178047180176 194560
1771181446762 13.713403701782227 199680
1771181455344 15.723790168762207 204800
1771181466393 14.916056632995605 209920
1771181475154 15.574323654174805 215040
1771181485720 13.152127265930176 220160
1771181494846 15.017448425292969 225280
1771181505485 14.209596633911133 230400
1771181514328 13.305638313293457 235520
1771181525113 15.054702758789062 240640
1771181533927 12.90540599822998 245760
1771181544766 13.941014289855957 250880
1771181553278 15.432413101196289 256000
1771181564075 15.476513862609863 261120
1771181573115 13.714460372924805 266240
1771181583339 13.630846977233887 271360
1771181592342 14.111973762512207 276480
1771181602794 13.322793960571289 281600
1771181611862 13.420660018920898 286720
1771181622330 14.835185050964355 291840
1771181631850 12.728872299194336 296960
1771181636484 16.770109176635742 300032
