1771181073250 0.26584747433662415 5120
1771181084223 0.2576509416103363 10240
1771181093375 0.25719743967056274 15360
1771181103930 0.25947272777557373 20480
1771181113098 0.2612372934818268 25600
1771181124113 0.26115870475769043 30720
1771181132723 0.2626762390136719 35840
1771181143757 0.26184162497520447 40960
1771181152843 0.2621162533760071 46080
1771181163384 0.26289796829223633 51200
1771181172454 0.2630966901779175 56320
1771181182755 0.2621065378189087 61440
1771181191876 0.26391157507896423 66560
1771181202097 0.2639148533344269 71680
1771181211476 0.26339760422706604 76800
1771181221186 0.2621297240257263 81920
1771181231113 0.26345014572143555 87040
1771181240551 0.26278048753738403 92160
1771181250931 0.2633199393749237 97280
1771181259923 0.26375263929367065 102400
1771181270596 0.2638685405254364 107520
1771181279777 0.2641654908657074 112640
1771181290204 0.26426467299461365 117760
1771181299060 0.26471272110939026 122880
1771181309889 0.2654729187488556 128000
1771181318429 0.26544925570487976 133120
1771181329380 0.2654566466808319 138240
1771181338075 0.2648635804653168 143360
1771181349085 0.2651934027671814 148480
1771181357595 0.26484569907188416 153600
1771181368656 0.26517823338508606 158720
1771181377100 0.2652589678764343 163840
1771181388382 0.2649650573730469 168960
1771181396524 0.2649475038051605 174080
1771181407989 0.26453226804733276 179200
1771181416661 0.2641363739967346 184320
1771181427396 0.2639452815055847 189440
1771181436102 0.26362913846969604 194560
1771181446765 0.26342299580574036 199680
1771181455346 0.26387837529182434 204800
1771181466395 0.2637563943862915 209920
1771181475156 0.2636186182498932 215040
1771181485722 0.2636317312717438 220160
1771181494848 0.263604074716568 225280
1771181505488 0.2636888921260834 230400
1771181514330 0.2634488642215729 235520
1771181525116 0.2635611593723297 240640
1771181533929 0.2633770704269409 245760
1771181544769 0.2638009488582611 250880
1771181553280 0.26377153396606445 256000
1771181564077 0.263692170381546 261120
1771181573117 0.26356589794158936 266240
1771181583342 0.26345112919807434 271360
1771181592344 0.26360243558883667 276480
1771181602797 0.2635112702846527 281600
1771181611864 0.263473242521286 286720
1771181622333 0.263644278049469 291840
1771181631852 0.2635611593723297 296960
1771181636487 0.2634582221508026 300032
