1759609420007 404.31304931640625 5120
1759609432640 435.014936831721 10240
1759609445178 445.0168460484441 15360
1759609455913 450.8789166279224 20480
1759609469776 455.4133828652872 25600
1759609480648 457.8663623903509 30720
1759609495168 459.6037398118239 35840
1759609507060 460.9481838394261 40960
1759609517015 462.2138739912332 46080
1759609534602 462.8468623833368 51200
1759609545593 463.637097371728 56320
1759609556317 464.00231754454927 61440
1759609567095 464.232421875 66560
1759609583297 464.39270966438664 71680
1759609593542 464.97041300273264 76800
1759609604550 465.4928296583902 81920
1759609619488 465.90919965662727 87040
1759609631615 466.2147175075564 92160
1759609642568 466.40881872313753 97280
1759609653455 466.6487917954022 102400
1759609669765 466.68702567521984 107520
1759609682588 466.74939743222603 112640
1759609693162 466.82180178457253 117760
1759609707067 466.9248058840583 122880
1759609718851 466.9837463665841 128000
1759609732635 467.0661348072883 133120
1759609744453 467.120907709144 138240
1759609760422 467.1534800656264 143360
1759609775762 467.2310438494153 148480
1759609787791 467.41864319661914 153600
1759609799836 467.49000978022633 158720
1759609811958 467.4830550012344 163840
1759609827353 467.6583489363993 168960
1759609841058 467.64565659894544 174080
1759609852817 467.23300835510025 179200
1759609868606 465.6832770951955 184320
1759609880538 464.34867553362363 189440
1759609892161 463.04811779901877 194560
1759609906849 461.72216611699537 199680
1759609921534 460.5199998844915 204800
1759609934799 459.4557535253685 209920
1759609950294 458.52128469951197 215040
1759609963541 457.54597673136914 220160
1759609983878 456.52546846489963 225280
1759609996501 455.6005874958932 230400
1759610013410 454.4765641144494 235520
1759610028430 453.2483571402469 240640
1759610041637 452.02302403082825 245760
1759610056883 450.8431368115624 250880
1759610070240 449.72056018299236 256000
1759610083513 448.55352584702365 261120
1759610095032 447.164674058586 266240
1759610109585 445.6973470383032 271360
1759610125699 443.9690755208333 276480
1759610138237 442.4146137414843 281600
1759610153720 440.67948016555454 286720
1759610167936 438.9898933109836 291840
1759610180290 437.2291268407106 296960
1759610194991 435.589021881651 302080
1759610209122 434.021829018226 307200
1759610222475 432.38462759701395 312320
1759610238701 430.9456832857765 317440
1759610251000 429.54288365005885 322560
1759610262735 428.34456049375535 327680
1759610276151 427.19302414536804 332800
1759610296857 425.8578232020548 337920
1759610308885 424.3528299232695 343040
1759610321768 422.9943262387628 348160
1759610336747 421.7054014262225 353280
1759610354014 420.3786618794255 358400
1759610365500 419.18225417416517 363520
1759610381656 417.97470698607464 368640
1759610400601 416.85737948392045 373760
1759610414797 415.7452676423884 378880
1759610427368 414.649793180795 384000
1759610442618 413.5195978295623 389120
1759610458959 412.42660644840095 394240
1759610470177 411.22101735054434 399360
1759610487817 410.07968732370324 404480
1759610500375 409.03399933217827 409600
1759610514727 407.9239221854384 414720
1759610527202 406.78150724404964 419840
1759610547889 405.78603357676013 424960
1759610559598 404.7827427505715 430080
1759610571494 403.68563794263366 435200
1759610588959 402.82067796594475 440320
1759610605048 401.7592292567508 445440
1759610617627 400.8136744635064 450560
1759610629202 400.11898018488137 455680
1759610650842 399.26210288067415 460800
1759610664456 398.3551408964501 465920
1759610676623 397.39763388313963 471040
1759610696373 396.39675260908353 476160
1759610713349 395.3211400332566 481280
1759610725903 394.2431271690522 486400
1759610738710 393.12186733904485 491520
1759610759004 392.02745821104827 496640
1759610772736 391.0213545881737 501760
1759610785486 390.0509902181599 506880
1759610799809 389.1246346704841 512000
1759610818420 388.28587601912176 517120
1759610830661 387.4223320723772 522240
1759610844231 386.5461771457959 527360
1759610865143 385.7514496595035 532480
1759610879159 384.91458824326264 537600
1759610891669 384.1358682446356 542720
1759610903962 383.366086139676 547840
1759610925098 382.53388099695854 552960
1759610936774 381.83202256761746 558080
1759610950886 381.0368208226527 563200
1759610965287 380.256127625543 568320
1759610981557 379.48683038058795 573440
1759610993365 378.74742919020446 578560
1759611009997 378.05749907291744 583680
1759611026440 377.3466148363288 588800
1759611038143 376.70984728376555 593920
1759611054706 376.09946496132784 599040
1759611069843 375.52165064196015 604160
1759611081562 374.8905670298381 609280
1759611096689 374.34663371524493 614400
1759611110617 373.76931430199033 619520
1759611124794 373.2156096602931 624640
1759611136283 372.7069889381125 629760
1759611154643 372.2551525685905 634880
1759611168728 371.78244149117245 640000
1759611180355 371.28901155882653 645120
1759611200847 370.83218483391346 650240
1759611213276 370.53803077839916 655360
1759611225775 370.01582669681227 660480
1759611239900 369.61961249575023 665600
1759611257812 369.16270529733094 670720
1759611270089 368.68000511169436 675840
1759611282285 368.26691998935274 680960
1759611308200 367.8336736045091 686080
1759611322343 367.3958424013933 691200
1759611335600 366.9529003820905 696320
1759611352114 366.46310785006074 701440
1759611366494 365.9419328657225 706560
1759611381036 365.48965816276944 711680
1759611392856 364.9819310746812 716800
1759611410921 364.47568096659137 721920
1759611425646 364.02894061451866 727040
1759611437512 363.58792775982477 732160
1759611453133 363.13007878284554 737280
1759611465312 362.69072852011215 742400
1759611478107 362.20162761837094 747520
1759611490527 361.7099123981674 752640
1759611508956 361.22335301777434 757760
1759611524105 360.7599368406332 762880
1759611535259 360.2758633649599 768000
1759611552529 359.73497594552754 773120
1759611568837 359.20584021831866 778240
1759611587959 358.6436161058454 783360
1759611609731 358.1823270169177 788480
1759611636094 357.747283587789 793600
1759611659035 357.35857233965805 798720
1759611675508 356.8981003300225 803840
1759611692863 356.4987686349587 808960
1759611717898 356.1103409053787 814080
1759611733029 355.7325499218446 819200
1759611747178 355.3643090160779 824320
1759611762290 354.89661200016315 829440
1759611784752 354.4931549130796 834560
1759611798190 354.11090841419707 839680
1759611811681 353.6692916925203 844800
1759611843576 353.2600791151536 849920
1759611859026 352.8401075965896 855040
1759611872645 352.5356758942189 860160
1759611887461 352.2076610431661 865280
1759611910402 351.8337910161329 870400
1759611922588 351.5024165298752 875520
1759611935392 351.21503588556146 880640
1759611952749 350.85106108559404 885760
1759611969541 350.5244955585838 890880
1759611982491 350.1496835799081 896000
1759611996744 349.77695840758525 901120
1759612017983 349.35716935730255 906240
1759612031181 349.03286514410894 911360
1759612045546 348.6153796068798 916480
1759612061027 348.23577970524366 921600
1759612078104 347.87353668699353 926720
1759612090666 347.5459347649775 931840
1759612105730 347.13465217232334 936960
1759612128471 346.8589918506271 942080
1759612142433 346.51873858618546 947200
1759612160441 346.27756128050794 952320
1759612176498 345.9319106972888 957440
1759612198177 345.59109200654655 962560
1759612212288 345.2367578135046 967680
1759612226974 344.8722735267091 972800
1759612242867 344.569729481952 977920
1759612264502 344.1342440947369 983040
1759612278240 343.71695077952114 988160
1759612292932 343.2930790295935 993280
1759612308014 342.92103751707316 998400
1759612328858 342.50140188498983 1003520
1759612342205 342.1403223732791 1008640
1759612355986 341.8109021793534 1013760
1759612370478 341.5502759698307 1018880
1759612389421 341.103282553541 1024000
1759612403788 340.76137299356833 1029120
1759612418042 340.38178337767533 1034240
1759612438617 339.9819549533708 1039360
1759612452499 339.58653176121425 1044480
1759612466138 339.2117417799594 1049600
1759612481922 338.8574381767426 1054720
1759612498298 338.5055407214302 1059840
1759612511576 338.0984052947473 1064960
1759612528153 337.735885414279 1070080
1759612549255 337.3481539048595 1075200
1759612563863 336.96927615367275 1080320
1759612577860 336.60411873836955 1085440
1759612593108 336.2572855080952 1090560
1759612609420 335.9641867762734 1095680
1759612621054 335.64748927450194 1100800
1759612633958 335.2982344758759 1105920
1759612655147 334.98127341865234 1111040
1759612667770 334.76373422338946 1116160
1759612681502 334.5079079220868 1121280
1759612698825 334.2595272183667 1126400
1759612714577 333.8824736137767 1131520
1759612727487 333.61797529942436 1136640
1759612741365 333.3201939655377 1141760
1759612763039 333.0145159758643 1146880
1759612777131 332.69093440696236 1152000
1759612791157 332.5263304962699 1157120
1759612806433 332.2609995597272 1162240
1759612823699 331.98937307884563 1167360
1759612837815 331.69688619310995 1172480
1759612853581 331.44193008634295 1177600
1759612873328 331.20887448969546 1182720
1759612886264 330.9609718024739 1187840
1759612902823 330.6618159241245 1192960
1759612917208 330.4270921525815 1198080
1759612934038 330.2501252405074 1203200
1759612946537 330.176405429951 1208320
1759612964298 330.07493037649203 1213440
1759612980755 329.8662663407022 1218560
1759612995293 329.6114906606289 1223680
1759613009796 329.3702383407275 1228800
1759613025937 329.28450132057344 1233920
1759613039280 329.1593789978844 1239040
1759613054862 328.93835613438904 1244160
1759613073831 328.6889868619206 1249280
1759613086758 328.4975785028039 1254400
1759613099570 328.31123826939256 1259520
1759613116809 328.19042068780635 1264640
1759613132493 328.0110192714659 1269760
1759613145980 327.7919991582876 1274880
1759613163716 327.5420493239124 1280000
1759613177063 327.2964798584795 1285120
1759613190417 327.0474871690867 1290240
1759613204582 326.85743012798105 1295360
1759613231333 326.6432145186305 1300480
1759613253598 326.44150875825403 1305600
1759613273752 326.27028420135343 1310720
1759613288220 326.14993156802797 1315840
1759613307340 326.03214804086474 1320960
1759613323080 325.8586659004349 1326080
1759613337771 325.6212328924411 1331200
1759613353532 325.54298272349854 1336320
1759613365861 325.3752374219355 1341440
1759613381770 325.1914649157261 1346560
1759613400043 324.97888520707943 1351680
1759613413483 324.8483055681388 1356800
1759613428438 324.6920688337568 1361920
1759613441822 324.46719552981045 1367040
1759613458196 324.2948724634554 1372160
1759613473224 324.0985505818349 1377280
1759613488843 324.00044642421074 1382400
1759613505116 323.9853036254316 1387520
1759613521032 323.8653193308331 1392640
1759613535626 323.672288105818 1397760
1759613549321 323.5320467712071 1402880
1759613563018 323.3502927007251 1408000
1759613585206 323.15207428109653 1413120
1759613608091 323.0561260753367 1418240
1759613628100 322.8136112228849 1423360
1759613647860 322.54614442950464 1428480
1759613665791 322.2838733305724 1433600
1759613682554 322.1388914673381 1438720
1759613696876 321.95462516389824 1443840
1759613716668 321.79032151481863 1448960
1759613737193 321.6936348449707 1454080
1759613753053 321.5602960351718 1459200
1759613770611 321.4834785559056 1464320
1759613787899 321.4018751429753 1469440
1759613802640 321.31384032232324 1474560
1759613822512 321.2163918355316 1479680
1759613834665 321.0888997911353 1484800
1759613853449 320.98057408185383 1489920
1759613871621 320.8919243989409 1495040
1759613885874 320.73695478807906 1500160
1759613897594 320.61473324549166 1505280
1759613910856 320.4820426138213 1510400
1759613922889 320.3872062588397 1515520
1759613938703 320.2264946753185 1520640
1759613956043 320.13875167779975 1525760
1759613967487 320.0151397068427 1530880
1759613982077 319.9177861926639 1536000
1759613996835 319.79896958678114 1541120
1759614013654 319.6221258836173 1546240
1759614025691 319.40507357986263 1551360
1759614041003 319.2022339700934 1556480
1759614058333 319.0166579141516 1561600
1759614078779 318.82479486747235 1566720
1759614096113 318.61426853703836 1571840
1759614109725 318.43765100175574 1576960
1759614124837 318.21412111561386 1582080
1759614143814 318.0947001744428 1587200
1759614162275 317.92110735143297 1592320
1759614175766 317.7423976879663 1597440
1759614195376 317.57369031103974 1602560
1759614211517 317.41589617595844 1607680
1759614230883 317.28456071233325 1612800
1759614248167 317.10373425288776 1617920
1759614266595 316.8851066387688 1623040
1759614282239 316.6855026820691 1628160
1759614295965 316.47140770471935 1633280
1759614309005 316.2988016904137 1638400
1759614323110 316.08724775025877 1643520
1759614336055 315.89403642366125 1648640
1759614352133 315.75467206694054 1653760
1759614368632 315.5649358801514 1658880
1759614380707 315.33500002515785 1664000
1759614394158 315.150146964462 1669120
1759614407961 314.9081509778775 1674240
1759614423154 314.72522923980426 1679360
1759614438583 314.5102777292084 1684480
1759614452301 314.3127694567501 1689600
1759614465127 314.0907934799489 1694720
1759614479491 313.90892261583457 1699840
1759614493437 313.76628123892584 1704960
1759614507025 313.5140208407695 1710080
1759614517937 313.34666195939093 1715200
1759614536647 313.1357293149988 1720320
1759614553624 312.9414335415595 1725440
1759614566530 312.7900266032606 1730560
1759614586630 312.5918396632414 1735680
1759614605659 312.39777500984167 1740800
1759614623318 312.197216868506 1745920
1759614635133 311.99820397683544 1751040
1759614665592 311.78996994570946 1756160
1759614678416 311.55313189648587 1761280
1759614693505 311.3321341222023 1766400
1759614708234 311.09487345550474 1771520
1759614721038 310.8990520666222 1776640
1759614737813 310.7193715922524 1781760
1759614751935 310.5057533462026 1786880
1759614764006 310.25215004243734 1792000
1759614777531 309.98215500622837 1797120
1759614789307 309.7367174457618 1802240
1759614804838 309.51011640890493 1807360
1759614816121 309.2557696103299 1812480
1759614831519 309.0151868710345 1817600
1759614847666 308.7908538213166 1822720
1759614859789 308.57286312906797 1827840
1759614873307 308.3660370025635 1832960
1759614884986 308.1641531715229 1838080
1759614899709 307.92079265386576 1843200
1759614911410 307.71267954629565 1848320
1759614928001 307.4659915257103 1853440
1759614946723 307.25437367812754 1858560
1759614959591 307.0142346923803 1863680
1759614976201 306.78615628534214 1868800
1759614989707 306.5891667220489 1873920
1759615004080 306.40340066409607 1879040
1759615017236 306.1737018587697 1884160
1759615030789 305.9791639515066 1889280
1759615047764 305.79455673361394 1894400
1759615062116 305.5367770328526 1899520
1759615076356 305.2920711913311 1904640
1759615089386 305.0590443181897 1909760
1759615106147 304.8420161277421 1914880
1759615122067 304.5901644561927 1920000
1759615134133 304.37458449525815 1925120
1759615150943 304.1514160528445 1930240
1759615166198 303.9254435603463 1935360
1759615178773 303.7077404552404 1940480
1759615193894 303.4886734248982 1945600
1759615209859 303.22848410949575 1950720
1759615226068 302.9892457338259 1955840
1759615237844 302.74302161847186 1960960
1759615253843 302.48908322738816 1966080
1759615271090 302.2271835407698 1971200
1759615284091 301.95736599062604 1976320
1759615296683 301.7217537837565 1981440
1759615310767 301.4871668051698 1986560
1759615327987 301.25619764068784 1991680
1759615340933 301.0077261630667 1996800
1759615355981 300.76379500066855 2001920
1759615370815 300.4859782117136 2007040
1759615383367 300.25171031900976 2012160
1759615394751 300.0351226012265 2017280
1759615408460 299.7738731365758 2022400
1759615424250 299.49464038753706 2027520
1759615435847 299.2870438374439 2032640
1759615447624 299.09320800866135 2037760
1759615458906 298.8767368402935 2042880
1759615473169 298.6452221320208 2048000
1759615487762 298.3951286709518 2053120
1759615498691 298.1829587792542 2058240
1759615511895 297.9122927282655 2063360
1759615524496 297.6400744829366 2068480
1759615537515 297.37428690621573 2073600
1759615550292 297.16742717067376 2078720
1759615562378 296.9488261891445 2083840
1759615577830 296.6879996064538 2088960
1759615589395 296.45485463851463 2094080
1759615601121 296.1951512570267 2099200
1759615614523 295.9478638107829 2104320
1759615625893 295.6957687462487 2109440
1759615636829 295.5147066844463 2114560
1759615653846 295.2824499243702 2119680
1759615665481 295.06531383776814 2124800
1759615680424 294.84445287871176 2129920
1759615695024 294.60262186196263 2135040
1759615717178 294.3434957847493 2140160
1759615730107 294.09960119455025 2145280
1759615747631 293.8772658249486 2150400
1759615766576 293.6315074138546 2155520
1759615783594 293.35432618969384 2160640
1759615800141 293.0745436748398 2165760
1759615816208 292.8146485862563 2170880
1759615840616 292.54921845928675 2176000
1759615856353 292.3082271818493 2181120
1759615872749 292.01911816106576 2186240
1759615888647 291.7454586610218 2191360
1759615904522 291.4972973498669 2196480
1759615918207 291.25863182157997 2201600
1759615937438 290.9863163572534 2206720
1759615953805 290.70807690831555 2211840
1759615971631 290.4685128127332 2216960
1759615988739 290.2165956763334 2222080
1759616008624 289.97725551821316 2227200
1759616027805 289.71143585373653 2232320
1759616044881 289.4667593570055 2237440
1759616067034 289.2127921120389 2242560
1759616082002 288.9716082656747 2247680
1759616095474 288.7335811783437 2252800
1759616110333 288.5554319712448 2257920
1759616128079 288.3788800360987 2263040
1759616142558 288.12099600763725 2268160
1759616157337 287.88445434570315 2273280
1759616180204 287.6181574906062 2278400
1759616198429 287.36594743890464 2283520
1759616210734 287.10987183996576 2288640
1759616226672 286.8490822726186 2293760
1759616243549 286.58456466592514 2298880
1759616266171 286.33516707181934 2304000
1759616279287 286.08303384553216 2309120
1759616298106 285.83233858975103 2314240
1759616314738 285.572875328752 2319360
1759616328753 285.32611664657566 2324480
1759616347168 285.05138004958667 2329600
1759616360884 284.7775905020869 2334720
1759616379238 284.51395395070347 2339840
1759616393676 284.27462092872 2344960
1759616411667 284.05685338763095 2350080
1759616428577 283.80654923728304 2355200
1759616441349 283.53085378386675 2360320
1759616454737 283.2551835060368 2365440
1759616469107 283.01549223608225 2370560
1759616488156 282.7832614227219 2375680
1759616500339 282.5495185439369 2380800
1759616515732 282.32699559537537 2385920
1759616531145 282.08314837454765 2391040
1759616546152 281.8315607346444 2396160
1759616557669 281.576616406213 2401280
1759616572272 281.3169303873986 2406400
1759616591725 281.0406107729496 2411520
1759616603166 280.77440393929004 2416640
1759616619591 280.53712877301786 2421760
1759616632524 280.28209605513723 2426880
1759616649304 280.03635253573077 2432000
1759616662498 279.76671569828375 2437120
1759616676275 279.525117743507 2442240
1759616694613 279.2528503963203 2447360
1759616707494 279.0170733497762 2452480
1759616719879 278.7445386006394 2457600
1759616732544 278.4911462401518 2462720
1759616753769 278.2338970302539 2467840
1759616765977 277.98729991552574 2472960
1759616777579 277.7378112825863 2478080
1759616795799 277.4959139190376 2483200
1759616811086 277.24239779074423 2488320
1759616825639 276.9852391966504 2493440
1759616839216 276.76808537543496 2498560
1759616857886 276.5277441681377 2503680
1759616869801 276.27665055074397 2508800
1759616881820 276.0430970927484 2513920
1759616900508 275.7926642986626 2519040
1759616914947 275.5517139623146 2524160
1759616927005 275.30500016283065 2529280
1759616938972 275.06315149556247 2534400
1759616960113 274.8361985218727 2539520
1759616972199 274.62236448561254 2544640
1759616983582 274.41323509470044 2549760
1759617001075 274.18174790781217 2554880
1759617015847 273.95665794519846 2560000
1759617028977 273.76049532470626 2565120
1759617040302 273.56592264542815 2570240
1759617060521 273.36857445303605 2575360
1759617073333 273.1429943266179 2580480
1759617084995 272.91850311967215 2585600
1759617101338 272.6987617748034 2590720
1759617118238 272.4790672625693 2595840
1759617129906 272.27006245081293 2600960
1759617143604 272.0594342178385 2606080
1759617160927 271.8657986745801 2611200
1759617174398 271.6849715223554 2616320
1759617186595 271.4964978039974 2621440
1759617201478 271.3005870639815 2626560
1759617219103 271.0731611411558 2631680
1759617231949 270.8788571444157 2636800
1759617247994 270.7038864971679 2641920
1759617264107 270.4971951143846 2647040
1759617278187 270.32324487960886 2652160
1759617291047 270.1673528013015 2657280
1759617306003 269.98514521353275 2662400
1759617323850 269.7843536423218 2667520
1759617336600 269.59760950877313 2672640
1759617351975 269.42399075594375 2677760
1759617366576 269.2008427766026 2682880
1759617383033 269.0161448131274 2688000
1759617396105 268.8145619690947 2693120
1759617410732 268.59423764005544 2698240
1759617429598 268.40180321461776 2703360
1759617443467 268.20298861662747 2708480
1759617457181 268.03495320471313 2713600
1759617471070 267.8441870205164 2718720
1759617487355 267.6538340609531 2723840
1759617502030 267.44707598942273 2728960
1759617516236 267.2317749960821 2734080
1759617533795 267.04251470842667 2739200
1759617549548 266.83617303251594 2744320
1759617562980 266.65318824382626 2749440
1759617577439 266.42959191186765 2754560
1759617598577 266.2290150059693 2759680
1759617618081 266.03014292924365 2764800
1759617631946 265.8305280574816 2769920
1759617651535 265.6592526080017 2775040
1759617665249 265.45449981406006 2780160
1759617677869 265.26864004350364 2785280
1759617691039 265.0566027023832 2790400
1759617709037 264.83397218697434 2795520
1759617723557 264.642710904982 2800640
1759617735536 264.44417018605634 2805760
1759617754078 264.23969627490834 2810880
1759617766683 264.0557530302997 2816000
1759617781144 263.85350169632295 2821120
1759617792902 263.66799215606545 2826240
1759617811130 263.50159791528387 2831360
1759617827951 263.30933635076127 2836480
1759617839470 263.1213761297421 2841600
1759617855609 262.90541053033706 2846720
1759617867643 262.70923430651067 2851840
1759617882174 262.4907990904645 2856960
1759617895098 262.2982855534995 2862080
1759617916195 262.11082847802265 2867200
1759617932773 261.9163772371647 2872320
1759617946244 261.70876778159027 2877440
1759617966058 261.509028822651 2882560
1759617979447 261.31336989537573 2887680
1759617996990 261.1313887969109 2892800
1759618011460 260.9801160108604 2897920
1759618030747 260.8134702158168 2903040
1759618049513 260.63209287312344 2908160
1759618062322 260.46062048127703 2913280
1759618078881 260.34269546027855 2918400
1759618092140 260.1904735629437 2923520
1759618110035 260.0179793948787 2928640
1759618124341 259.8253931876999 2933760
1759618138786 259.6321718664604 2938880
1759618157395 259.47301407350176 2944000
1759618170492 259.29818130996114 2949120
1759618185774 259.11168855934113 2954240
1759618200015 258.94118117080484 2959360
1759618218640 258.7682972703782 2964480
1759618234184 258.61989666329447 2969600
1759618246592 258.4542629874509 2974720
1759618264730 258.2941908717131 2979840
1759618280770 258.1441446572946 2984960
1759618296199 257.9836580343426 2990080
1759618319065 257.82814802428123 2995200
1759618337783 257.675646559167 3000320
1759618355160 257.5268777231083 3005440
1759618370307 257.3772687459326 3010560
1759618387246 257.2566054889461 3015680
1759618403463 257.11774634147815 3020800
1759618417236 256.98167720533866 3025920
1759618432209 256.84026855950054 3031040
1759618450354 256.68335095587514 3036160
1759618467830 256.5465908804697 3041280
1759618483768 256.41351620080866 3046400
1759618500305 256.2873916180495 3051520
1759618514359 256.15075390070996 3056640
1759618528992 256.0073116790949 3061760
1759618544186 255.85713999115228 3066880
1759618560205 255.7092119809296 3072000
1759618577560 255.55066969521246 3077120
1759618590634 255.4055927939598 3082240
1759618604923 255.30204186605928 3087360
1759618617842 255.1721679882556 3092480
1759618632239 255.05563722678846 3097600
1759618645211 254.92263244350136 3102720
1759618665468 254.78486541130107 3107840
1759618680945 254.63014434793664 3112960
1759618693587 254.48048339200145 3118080
1759618706301 254.33456124569332 3123200
1759618723164 254.1995156977956 3128320
1759618737518 254.06404613205262 3133440
1759618753255 253.91540600491277 3138560
1759618767458 253.74435529190077 3143680
1759618779115 253.59977427224229 3148800
1759618793317 253.43830819947055 3153920
1759618812278 253.32596053853456 3159040
1759618824373 253.19115633201187 3164160
1759618839624 253.050099908258 3169280
1759618854948 252.92496429874961 3174400
1759618871098 252.81153008847764 3179520
1759618886075 252.69958068355945 3184640
1759618898740 252.60128942965227 3189760
1759618922797 252.52998528837324 3194880
1759618939306 252.42061244371226 3200000
1759618955040 252.30766545509806 3205120
1759618970841 252.20144010415765 3210240
1759618993317 252.06488606860867 3215360
1759619009393 251.9277286623333 3220480
1759619023851 251.79744971740587 3225600
1759619045831 251.67472615581204 3230720
1759619070352 251.54756850426597 3235840
1759619085601 251.3953429987 3240960
1759619098288 251.27538501890967 3246080
1759619114263 251.1479167252497 3251200
1759619130386 251.01955800282403 3256320
1759619143885 250.87733049730065 3261440
1759619156262 250.7418610407587 3266560
1759619172564 250.6121756344118 3271680
1759619190618 250.46775549596578 3276800
1759619204768 250.32267143255226 3281920
1759619217212 250.20916679494158 3287040
1759619235950 250.04850845122417 3292160
1759619249673 249.914024951878 3297280
1759619263283 249.76676479155694 3302400
1759619278184 249.60581908986399 3307520
1759619301345 249.48093550292077 3312640
1759619313945 249.33211638064833 3317760
1759619327136 249.18626594638616 3322880
1759619342066 249.0565560382703 3328000
1759619367727 248.9327075261988 3333120
1759619382837 248.80942770740864 3338240
1759619398814 248.65949731213 3343360
1759619416982 248.54088028713574 3348480
1759619438131 248.4206057201246 3353600
1759619450740 248.27175298552353 3358720
1759619463624 248.11613008785253 3363840
1759619483460 248.00046993649607 3368960
1759619498057 247.9017397682147 3374080
1759619511759 247.78331219244257 3379200
1759619526060 247.6599025290582 3384320
1759619545742 247.57173599596794 3389440
1759619562215 247.46708555056966 3394560
1759619574998 247.35550690061206 3399680
1759619592977 247.2282033964792 3404800
1759619609782 247.1198846402711 3409920
1759619624231 247.01893078666623 3415040
1759619637017 246.90919461126495 3420160
1759619658947 246.80159756808544 3425280
1759619671950 246.6726398596233 3430400
1759619684782 246.54899711890582 3435520
1759619697781 246.44138836397588 3440640
1759619715777 246.32066484283857 3445760
1759619731503 246.20702915622442 3450880
1759619743992 246.1010913478966 3456000
1759619764803 245.9651122380347 3461120
1759619778924 245.84235838091698 3466240
1759619792535 245.71872480765555 3471360
1759619805462 245.62494201028503 3476480
1759619829740 245.4811522656575 3481600
1759619842584 245.3686992286295 3486720
1759619857541 245.2298558570214 3491840
1759619875038 245.09289919934022 3496960
1759619892313 244.98745719284557 3502080
1759619905110 244.8578837991736 3507200
1759619920766 244.70691000237844 3512320
1759619939652 244.58125725492485 3517440
1759619951565 244.45008972032747 3522560
1759619963209 244.3157205758844 3527680
1759619983836 244.14816831243203 3532800
1759619998078 243.9983753971085 3537920
1759620010515 243.8533915308519 3543040
1759620024342 243.71178454140232 3548160
1759620046336 243.58147204281727 3553280
1759620059414 243.4452551080934 3558400
1759620074077 243.31433096431238 3563520
1759620093811 243.17434055914126 3568640
1759620115861 243.03423824368846 3573760
1759620133596 242.9059940128038 3578880
1759620159101 242.7695398722397 3584000
1759620180486 242.66577378060148 3589120
1759620196941 242.52298889976558 3594240
1759620212963 242.39563613172908 3599360
1759620226499 242.2648841446254 3604480
1759620243012 242.12390491225415 3609600
1759620260253 241.98776608394172 3614720
1759620275798 241.8597474282081 3619840
1759620291210 241.73147550064252 3624960
1759620308397 241.60908037458586 3630080
1759620322671 241.4960030641551 3635200
1759620335687 241.36836991734552 3640320
1759620353996 241.2436476240082 3645440
1759620371946 241.14622484120537 3650560
1759620387310 241.0330742782652 3655680
1759620400757 240.89670933308193 3660800
1759620422481 240.79091660338665 3665920
1759620434770 240.6450420644032 3671040
1759620446705 240.50164098367964 3676160
1759620463197 240.355025699333 3681280
1759620480370 240.232523621758 3686400
1759620492502 240.0988591186443 3691520
1759620504817 239.9504368969324 3696640
1759620525009 239.80383216067978 3701760
1759620537187 239.6566866639567 3706880
1759620550573 239.52208654708326 3712000
1759620562110 239.38885913733063 3717120
1759620581557 239.25063963940084 3722240
1759620595690 239.11527690672108 3727360
1759620607247 239.00252866524826 3732480
1759620620818 238.8798628665373 3737600
1759620641395 238.75023801926415 3742720
1759620654095 238.60493475062032 3747840
1759620668238 238.47420925123592 3752960
1759620682479 238.34708024173858 3758080
1759620698157 238.2221971404201 3763200
1759620712015 238.0894817160786 3768320
1759620727830 237.94214590489864 3773440
1759620748143 237.81065161536216 3778560
1759620763042 237.68123256703473 3783680
1759620776748 237.5699210503451 3788800
1759620789526 237.4675672793499 3793920
1759620810289 237.34356116225047 3799040
1759620824193 237.19215621010042 3804160
1759620838619 237.04296366718762 3809280
1759620858507 236.909225606987 3814400
1759620873793 236.77216756112088 3819520
1759620884979 236.6578755070477 3824640
1759620896214 236.513338425878 3829760
1759620918199 236.38144810927028 3834880
1759620929880 236.21822209179257 3840000
1759620942123 236.07551869561263 3845120
1759620959381 235.94311572865806 3850240
1759620976530 235.80061757729516 3855360
1759620987984 235.6866016157185 3860480
1759620999790 235.58153241464458 3865600
1759621021761 235.4568733371321 3870720
1759621033603 235.35637384005634 3875840
1759621047193 235.21029434775153 3880960
1759621062701 235.07049632899287 3886080
1759621080261 234.93490199233085 3891200
1759621092937 234.80367411969206 3896320
1759621105321 234.6621871789495 3901440
1759621124152 234.55245608710928 3906560
1759621137152 234.43686629549072 3911680
1759621149789 234.3017042074212 3916800
1759621161670 234.16145118106766 3921920
1759621180730 234.01694687972883 3927040
1759621193072 233.8732150166296 3932160
1759621206999 233.7328736043179 3937280
1759621224408 233.6018179326363 3942400
1759621235753 233.47098324689202 3947520
1759621248610 233.3359894758618 3952640
1759621261570 233.19080791807886 3957760
1759621278131 233.0493992302576 3962880
1759621289106 232.93333992495934 3968000
1759621306710 232.81898267527737 3973120
1759621319219 232.69732117865814 3978240
1759621331560 232.57947713667178 3983360
1759621343198 232.4404669006503 3988480
1759621362923 232.29950610647575 3993600
1759621374581 232.17451456984662 3998720
1759621386425 232.04434089804582 4003840
1759621402290 231.90133782097928 4008960
1759621416583 231.75705023657142 4014080
1759621428635 231.62063836081916 4019200
1759621443634 231.47853904526934 4024320
1759621460229 231.32927569564305 4029440
1759621471669 231.18442370206807 4034560
1759621486929 231.04462563634058 4039680
1759621502355 230.90881823368431 4044800
1759621515925 230.77678858945745 4049920
1759621529089 230.64732972824115 4055040
1759621548862 230.5168984926052 4060160
1759621560726 230.37640379735623 4065280
1759621572879 230.23104940980778 4070400
1759621584827 230.0924420481218 4075520
1759621601703 229.9565475518478 4080640
1759621615059 229.82300083773305 4085760
1759621627163 229.6931424097963 4090880
1759621644137 229.55945153257335 4096000
1759621656226 229.41657040655411 4101120
1759621670593 229.29371915167167 4106240
1759621685858 229.17461121564006 4111360
1759621698425 229.06423188924853 4116480
1759621710210 228.96883261007702 4121600
1759621725822 228.835069788306 4126720
1759621741685 228.68957545395074 4131840
1759621754186 228.55291058263154 4136960
1759621766954 228.422578560826 4142080
1759621780325 228.30104076816286 4147200
1759621795989 228.17980828071575 4152320
1759621811499 228.04852994215466 4157440
1759621823217 227.9139386177451 4162560
1759621836781 227.78673646029367 4167680
1759621850364 227.65204958831953 4172800
1759621866803 227.51560202958032 4177920
1759621879511 227.39257321999065 4183040
1759621893942 227.25758077732894 4188160
1759621907596 227.1375256597311 4193280
1759621921131 227.01994633837276 4198400
1759621935826 226.8963712496777 4203520
1759621947938 226.79696888141785 4208640
1759621963823 226.6997004131446 4213760
1759621977302 226.59330978156484 4218880
1759621991527 226.47023129241416 4224000
1759622003498 226.35931133112422 4229120
1759622017987 226.23443161165832 4234240
1759622035095 226.1307722579305 4239360
1759622047523 226.01501460838284 4244480
1759622059545 225.8962207561666 4249600
1759622071491 225.78308113261713 4254720
1759622089649 225.6887932722441 4259840
1759622102784 225.56577422003025 4264960
1759622115034 225.4532506373241 4270080
1759622132703 225.34959440613773 4275200
1759622146256 225.23446926311505 4280320
1759622158730 225.13833314079832 4285440
1759622172141 225.02477680342736 4290560
1759622191670 224.9191729962693 4295680
1759622203474 224.8177372549774 4300800
1759622220380 224.70771760169202 4305920
1759622235149 224.57930490684512 4311040
1759622253803 224.4807063860057 4316160
1759622266182 224.4820676718013 4321280
1759622280612 224.49334866802778 4326400
1759622297933 224.51038965471463 4331520
1759622309854 224.49462418532448 4336640
1759622323098 224.40286965096877 4341760
1759622336555 224.28300454219118 4346880
1759622352618 224.1894577433625 4352000
1759622365351 224.07844749222258 4357120
1759622380807 223.9739141270982 4362240
1759622395561 223.86809672989727 4367360
1759622408460 223.75302237986472 4372480
1759622421530 223.62989141965713 4377600
1759622436561 223.52552592178964 4382720
1759622449902 223.42521080304138 4387840
1759622463208 223.31361745372914 4392960
1759622480980 223.20079618045978 4398080
1759622492853 223.07569168623073 4403200
1759622506959 222.9586437475624 4408320
1759622521590 222.83560125074752 4413440
1759622535741 222.72393067359997 4418560
1759622547612 222.620439194705 4423680
1759622561818 222.49928879927876 4428800
1759622579283 222.38739403259373 4433920
1759622590734 222.28643176363633 4439040
1759622605772 222.18091285740135 4444160
1759622621618 222.06135367832795 4449280
1759622634392 221.94911860348066 4454400
1759622646151 221.85241071343262 4459520
1759622662292 221.75022602320468 4464640
1759622680868 221.654156785342 4469760
1759622693313 221.55858503254944 4474880
1759622708412 221.45208928407595 4480000
1759622723907 221.3348046028043 4485120
1759622742432 221.22456430465004 4490240
1759622763471 221.11164236624853 4495360
1759622780953 221.00283656140775 4500480
1759622797320 220.90104112599667 4505600
1759622813236 220.78923519826995 4510720
1759622835172 220.69900516792498 4515840
1759622850887 220.5872937696942 4520960
1759622867846 220.46679409086792 4526080
1759622887357 220.35163845407476 4531200
1759622906321 220.23519828039989 4536320
1759622929088 220.14358908299178 4541440
1759622947497 220.0517454425116 4546560
1759622975881 219.94606169636776 4551680
1759622992355 219.8321534771971 4556800
1759623004590 219.73031867088108 4561920
1759623020120 219.63679371192518 4567040
1759623035093 219.5336605754402 4572160
1759623049661 219.42382057431823 4577280
1759623063291 219.33167913905302 4582400
1759623080235 219.2316125005716 4587520
1759623094547 219.12823982808555 4592640
1759623107741 219.03675282664872 4597760
1759623120254 218.93510226349687 4602880
1759623137721 218.8399382762062 4608000
1759623151758 218.7466648606469 4613120
1759623166067 218.647432396969 4618240
1759623182735 218.53046426528604 4623360
1759623195840 218.430380440102 4628480
1759623209009 218.33091793623933 4633600
1759623221426 218.2190308426043 4638720
1759623237946 218.10999459684936 4643840
1759623251570 218.01614172577797 4648960
1759623265955 217.91360675250067 4654080
1759623283624 217.83970621706234 4659200
1759623296069 217.74023696466338 4664320
1759623309754 217.63388485278455 4669440
1759623322649 217.53256528786775 4674560
1759623339149 217.43951529331372 4679680
1759623352075 217.3679278569147 4684800
1759623363927 217.29750522081298 4689920
1759623382713 217.22081743154018 4695040
1759623396394 217.15316035272377 4700160
1759623408556 217.10029052430113 4705280
1759623421616 217.01693499383308 4710400
1759623437562 216.96302205781174 4715520
1759623450581 216.90024154600604 4720640
1759623463855 216.82219581081867 4725760
1759623482062 216.76939217321623 4730880
1759623495057 216.69951892982039 4736000
1759623507734 216.62288041351226 4741120
1759623520628 216.54982082513715 4746240
1759623537368 216.46226373118157 4751360
1759623550177 216.38138009916696 4756480
1759623565038 216.30524759061956 4761600
1759623580556 216.23740219145498 4766720
1759623592730 216.20697570968318 4771840
1759623606459 216.15554203144472 4776960
1759623620582 216.0978160493593 4782080
1759623635198 216.03730155096346 4787200
1759623646810 215.98206638437378 4792320
1759623665898 215.89746346750232 4797440
1759623678507 215.82984796128858 4802560
1759623690103 215.74696137320578 4807680
1759623705165 215.658022817116 4812800
1759623722290 215.60432668722217 4817920
1759623734962 215.5457575430612 4823040
1759623746936 215.45695743481147 4828160
1759623766120 215.39440767695567 4833280
1759623778170 215.3357047361392 4838400
1759623791894 215.26153111235013 4843520
1759623804373 215.1655102607601 4848640
1759623820630 215.10881406501846 4853760
1759623832080 215.0394569152086 4858880
1759623849229 214.9699564868186 4864000
1759623864498 214.89765855793613 4869120
1759623877233 214.82651914622457 4874240
1759623890694 214.75424150062014 4879360
1759623907857 214.6828857971415 4884480
1759623919315 214.59982680501346 4889600
1759623932788 214.5142797771019 4894720
1759623952260 214.4248989867411 4899840
1759623964790 214.34577192173413 4904960
1759623977767 214.2610063943377 4910080
1759623990213 214.17684558331982 4915200
1759624006531 214.08978627361196 4920320
1759624022157 214.00134004968734 4925440
1759624035590 213.92355279531367 4930560
1759624049665 213.84853894150498 4935680
1759624065677 213.79801954870211 4940800
1759624078252 213.7487261834656 4945920
1759624090938 213.6886777764939 4951040
1759624105254 213.61074243718548 4956160
1759624122447 213.53803427948628 4961280
1759624134726 213.4446005575432 4966400
1759624148921 213.34846016253508 4971520
1759624165120 213.26724798356034 4976640
1759624178540 213.1848806116616 4981760
1759624193825 213.11080121162846 4986880
1759624205647 213.02903404694933 4992000
1759624223621 212.96267856546106 4997120
1759624227366 212.92717556467036 5000192
