1759609420007 23.984375 5120
1759609432640 22.930753564154784 10240
1759609445178 23.1018387553041 15360
1759609455913 22.87991498405951 20480
1759609469776 22.472972972972972 25600
1759609480648 22.24140350877193 30720
1759609495168 22.14903846153846 35840
1759609507060 21.9916142557652 40960
1759609517015 21.865304226660474 46080
1759609534602 21.901426174496645 51200
1759609545593 21.75720789074355 56320
1759609556317 21.809573724668063 61440
1759609567095 21.825637713916695 66560
1759609583297 21.85868911605532 71680
1759609593542 21.805493273542602 76800
1759609604550 21.76200472316977 81920
1759609619488 21.696969696969695 87040
1759609631615 21.66403162055336 92160
1759609642568 21.665638086841525 97280
1759609653455 21.66589861751152 102400
1759609669765 21.68758744753148 107520
1759609682588 21.700267277586864 112640
1759609693162 21.686518085495067 117760
1759609707067 21.688779975494487 122880
1759609718851 21.665211551376764 128000
1759609732635 21.671622495151908 133120
1759609744453 21.672217898832685 138240
1759609760422 21.686495418356618 143360
1759609775762 21.713829169087738 148480
1759609787791 21.71268080325797 153600
1759609799836 21.710615740111457 158720
1759609811958 21.709414088215933 163840
1759609827353 21.691551812149054 168960
1759609841058 21.726426799007445 174080
1759609852817 21.768933446068367 179200
1759609868606 21.756633012444237 184320
1759609880538 21.75214163335237 189440
1759609892161 21.74327329330665 194560
1759609906849 21.74634304908441 199680
1759609921534 21.738409546942655 204800
1759609934799 21.743970315398887 209920
1759609950294 21.740088549003822 215040
1759609963541 21.732953428964432 220160
1759609983878 21.73052914625948 225280
1759609996501 21.722519478081292 230400
1759610013410 21.72308963997061 235520
1759610028430 21.738058828820726 240640
1759610041637 21.76554644085737 245760
1759610056883 21.845213319458896 250880
1759610070240 21.884111035422343 256000
1759610083513 21.917063790652957 261120
1759610095032 22.018539881344758 266240
1759610109585 22.152582350549004 271360
1759610125699 22.313067953357457 276480
1759610138237 22.448001906729164 281600
1759610153720 22.601618351795114 286720
1759610167936 22.77121082510304 291840
1759610180290 22.921899045860265 296960
1759610194991 23.03663727576771 302080
1759610209122 23.1494140625 307200
1759610222475 23.258555415336648 312320
1759610238701 23.35284195086175 317440
1759610251000 23.438536762042737 322560
1759610262735 23.522258803320927 327680
1759610276151 23.591207859212666 332800
1759610296857 23.688915292144255 337920
1759610308885 23.801992528019927 343040
1759610321768 23.913424657534247 348160
1759610336747 24.032363118257685 353280
1759610354014 24.180301399354143 358400
1759610365500 24.293141371725653 363520
1759610381656 24.427504625958235 368640
1759610400601 24.55484209146901 373760
1759610414797 24.649685248880523 378880
1759610427368 24.759840493954208 384000
1759610442618 24.86326257410595 389120
1759610458959 24.993548387096773 394240
1759610470177 25.122670515153416 399360
1759610487817 25.242405378486055 404480
1759610500375 25.378638976450954 409600
1759610514727 25.51126112304388 414720
1759610527202 25.66876067333496 419840
1759610547889 25.801853646716744 424960
1759610559598 25.930634099386356 430080
1759610571494 26.065614915740408 435200
1759610588959 26.146471529300232 440320
1759610605048 26.26179550535357 445440
1759610617627 26.36507473143391 450560
1759610629202 26.45955030134446 455680
1759610650842 26.543108403264743 460800
1759610664456 26.65842516987381 465920
1759610676623 26.77743106774084 471040
1759610696373 26.893422758270866 476160
1759610713349 26.999272238705704 481280
1759610725903 27.115284037166862 486400
1759610738710 27.236975998230285 491520
1759610759004 27.35537598944591 496640
1759610772736 27.467573621810633 501760
1759610785486 27.555754517336805 506880
1759610799809 27.64392714732191 512000
1759610818420 27.737873433986508 517120
1759610830661 27.822237583749867 522240
1759610844231 27.911242603550296 527360
1759610865143 28.022062299732102 532480
1759610879159 28.12696505980049 537600
1759610891669 28.22856846149852 542720
1759610903962 28.31776665462614 547840
1759610925098 28.420655687240266 552960
1759610936774 28.524924741058218 558080
1759610950886 28.619337493024908 563200
1759610965287 28.713471528723456 568320
1759610981557 28.814036319855525 573440
1759610993365 28.914280011974853 578560
1759611009997 29.012852960150862 583680
1759611026440 29.10387367382186 588800
1759611038143 29.17222440172617 593920
1759611054706 29.24723373141604 599040
1759611069843 29.327743311360994 604160
1759611081562 29.41036144578313 609280
1759611096689 29.477486108449895 614400
1759611110617 29.548333333333332 619520
1759611124794 29.621164772727273 624640
1759611136283 29.682791398051858 629760
1759611154643 29.73875011694265 634880
1759611168728 29.807896205357142 640000
1759611180355 29.873179527486247 645120
1759611200847 29.937206950445894 650240
1759611213276 29.975886006576545 655360
1759611225775 30.03742222625914 660480
1759611239900 30.090420729505237 665600
1759611257812 30.154343434343435 670720
1759611270089 30.21575892857143 675840
1759611282285 30.282561392601803 680960
1759611308200 30.336541858000707 686080
1759611322343 30.400518271257905 691200
1759611335600 30.469259340179157 696320
1759611352114 30.545011742193616 701440
1759611366494 30.61279854620976 706560
1759611381036 30.67629460634497 711680
1759611392856 30.728261334931712 716800
1759611410921 30.79381443298969 721920
1759611425646 30.861387817387985 727040
1759611437512 30.913004975963567 732160
1759611453133 30.98337950138504 737280
1759611465312 31.052923976608188 742400
1759611478107 31.1059718239621 747520
1759611490527 31.16800397055174 752640
1759611508956 31.237977602108035 757760
1759611524105 31.305463338661422 762880
1759611535259 31.3582497349319 768000
1759611552529 31.425300422215006 773120
1759611568837 31.49260366987309 778240
1759611587959 31.562620734063103 783360
1759611609731 31.614112370349606 788480
1759611636094 31.6578611841581 793600
1759611659035 31.707783196542564 798720
1759611675508 31.760636198594995 803840
1759611692863 31.807681734281115 808960
1759611717898 31.852397514557037 814080
1759611733029 31.89247520902197 819200
1759611747178 31.93807570245375 824320
1759611762290 31.99649366161908 829440
1759611784752 32.04767932489452 834560
1759611798190 32.09901859701379 839680
1759611811681 32.140338210146304 844800
1759611843576 32.1808486498752 849920
1759611859026 32.24131826741996 855040
1759611872645 32.27907935674926 860160
1759611887461 32.325882528546906 865280
1759611910402 32.37272457091909 870400
1759611922588 32.41700569568755 875520
1759611935392 32.46251564916415 880640
1759611952749 32.51362252942686 885760
1759611969541 32.55947426067908 890880
1759611982491 32.5985099036889 896000
1759611996744 32.65053568843202 901120
1759612017983 32.6979996395747 906240
1759612031181 32.73612257346873 911360
1759612045546 32.77757136222357 916480
1759612061027 32.81620602568207 921600
1759612078104 32.860644704215375 926720
1759612090666 32.899626155039854 931840
1759612105730 32.943382972745155 936960
1759612128471 32.98698800237854 942080
1759612142433 33.03735061496115 947200
1759612160441 33.068754986644464 952320
1759612176498 33.117273072803286 957440
1759612198177 33.161457974805536 962560
1759612212288 33.213352535747354 967680
1759612226974 33.265099754031155 972800
1759612242867 33.31181515007146 977920
1759612264502 33.36103200433957 983040
1759612278240 33.418088448934085 988160
1759612292932 33.473386526613474 993280
1759612308014 33.52029384140614 998400
1759612328858 33.57123759232646 1003520
1759612342205 33.62449210684074 1008640
1759612355986 33.66739656945688 1013760
1759612370478 33.702356168005025 1018880
1759612389421 33.74857594415725 1024000
1759612403788 33.79057866421729 1029120
1759612418042 33.84051385983263 1034240
1759612438617 33.885932054330475 1039360
1759612452499 33.9316108929209 1044480
1759612466138 33.97736166359432 1049600
1759612481922 34.022074699494055 1054720
1759612498298 34.06206852262146 1059840
1759612511576 34.104946566839445 1064960
1759612528153 34.15451095449182 1070080
1759612549255 34.20525696850269 1075200
1759612563863 34.250760263558035 1080320
1759612577860 34.29960217226572 1085440
1759612593108 34.34738829452486 1090560
1759612609420 34.380173062452975 1095680
1759612621054 34.42287624582123 1100800
1759612633958 34.46010398181875 1105920
1759612655147 34.501086012163334 1111040
1759612667770 34.5338815382713 1116160
1759612681502 34.578801417347094 1121280
1759612698825 34.61132260837529 1126400
1759612714577 34.65586462254047 1131520
1759612727487 34.687035004268814 1136640
1759612741365 34.731315157594 1141760
1759612763039 34.770584671311724 1146880
1759612777131 34.81222826086957 1152000
1759612791157 34.83644677074873 1157120
1759612806433 34.86759592326139 1162240
1759612823699 34.899277137224445 1167360
1759612837815 34.9347127121167 1172480
1759612853581 34.97003056289131 1177600
1759612873328 35.0073348910118 1182720
1759612886264 35.045605966805226 1187840
1759612902823 35.08704340415528 1192960
1759612917208 35.11873938257864 1198080
1759612934038 35.13799241318938 1203200
1759612946537 35.162973947429634 1208320
1759612964298 35.18472592420906 1213440
1759612980755 35.20877122069523 1218560
1759612995293 35.23631132211192 1223680
1759613009796 35.2637494981935 1228800
1759613025937 35.28246521329181 1233920
1759613039280 35.301827705972784 1239040
1759613054862 35.3380825339161 1244160
1759613073831 35.36968513960791 1249280
1759613086758 35.39758628468306 1254400
1759613099570 35.42831445515613 1259520
1759613116809 35.45305322128851 1264640
1759613132493 35.47926962057124 1269760
1759613145980 35.505732732231316 1274880
1759613163716 35.54281591653255 1280000
1759613177063 35.57518256251383 1285120
1759613190417 35.6024594684019 1290240
1759613204582 35.625625240477106 1295360
1759613231333 35.655187529108794 1300480
1759613253598 35.68807189096173 1305600
1759613273752 35.70760854770655 1310720
1759613288220 35.72678929947366 1315840
1759613307340 35.74608582785755 1320960
1759613323080 35.769373837569745 1326080
1759613337771 35.799543133566246 1331200
1759613353532 35.81728580228727 1336320
1759613365861 35.8332799487508 1341440
1759613381770 35.85485458851076 1346560
1759613400043 35.884520493434145 1351680
1759613413483 35.899579598635675 1356800
1759613428438 35.91987348444913 1361920
1759613441822 35.94938771219846 1367040
1759613458196 35.97919505292946 1372160
1759613473224 36.00838645626502 1377280
1759613488843 36.0339141986403 1382400
1759613505116 36.04371414479662 1387520
1759613521032 36.06168814366299 1392640
1759613535626 36.089635420698194 1397760
1759613549321 36.11114540731023 1402880
1759613563018 36.139255117221566 1408000
1759613585206 36.167229384080215 1413120
1759613608091 36.184926442467045 1418240
1759613628100 36.21822712709149 1423360
1759613647860 36.25334144918715 1428480
1759613665791 36.28734410968607 1433600
1759613682554 36.307752446282656 1438720
1759613696876 36.332570537645225 1443840
1759613716668 36.357255698487926 1448960
1759613737193 36.37615 1454080
1759613753053 36.392134383411424 1459200
1759613770611 36.40954155795751 1464320
1759613787899 36.425273119131965 1469440
1759613802640 36.440267727036975 1474560
1759613822512 36.45880527922782 1479680
1759613834665 36.4807012374779 1484800
1759613853449 36.499032976718 1489920
1759613871621 36.52567326708499 1495040
1759613885874 36.55631590482916 1500160
1759613897594 36.58003254243874 1505280
1759613910856 36.60540592908351 1510400
1759613922889 36.624909433415446 1515520
1759613938703 36.65218962277786 1520640
1759613956043 36.669693039342846 1525760
1759613967487 36.69104931618404 1530880
1759613982077 36.707461545810645 1536000
1759613996835 36.72594550824045 1541120
1759614013654 36.749815918861785 1546240
1759614025691 36.77727498874648 1551360
1759614041003 36.80771866802165 1556480
1759614058333 36.82499057315234 1561600
1759614078779 36.84930540864537 1566720
1759614096113 36.868545041138276 1571840
1759614109725 36.89247387248369 1576960
1759614124837 36.91781524755708 1582080
1759614143814 36.93193498128038 1587200
1759614162275 36.95416908268584 1592320
1759614175766 36.975641915336574 1597440
1759614195376 37.00334602515288 1602560
1759614211517 37.02437340330042 1607680
1759614230883 37.04761467468663 1612800
1759614248167 37.07557540364136 1617920
1759614266595 37.101779717164334 1623040
1759614282239 37.12932193732194 1628160
1759614295965 37.15587486358676 1633280
1759614309005 37.18232745911864 1638400
1759614323110 37.203402483994296 1643520
1759614336055 37.22566231890599 1648640
1759614352133 37.24561640443874 1653760
1759614368632 37.27280892821054 1658880
1759614380707 37.29825268817204 1664000
1759614394158 37.31896493933097 1669120
1759614407961 37.34637506688068 1674240
1759614423154 37.37064632356212 1679360
1759614438583 37.402010607842705 1684480
1759614452301 37.42618051404662 1689600
1759614465127 37.451463279955824 1694720
1759614479491 37.470476778003 1699840
1759614493437 37.48944025668637 1704960
1759614507025 37.512671548208885 1710080
1759614517937 37.53426215524595 1715200
1759614536647 37.56405220199904 1720320
1759614553624 37.59819678557429 1725440
1759614566530 37.617762714810226 1730560
1759614586630 37.639920237553376 1735680
1759614605659 37.66704152249135 1740800
1759614623318 37.687204711669146 1745920
1759614635133 37.71433491916561 1751040
1759614665592 37.75028467074874 1756160
1759614678416 37.78014321241746 1761280
1759614693505 37.81074431441347 1766400
1759614708234 37.8396276766081 1771520
1759614721038 37.865459580359996 1776640
1759614737813 37.8851556688981 1781760
1759614751935 37.91367135313951 1786880
1759614764006 37.94878090077887 1792000
1759614777531 37.98314286317835 1797120
1759614789307 38.01418813509297 1802240
1759614804838 38.04944869960441 1807360
1759614816121 38.082132806921756 1812480
1759614831519 38.111241512281 1817600
1759614847666 38.149485398711406 1822720
1759614859789 38.18203645322254 1827840
1759614873307 38.2065625 1832960
1759614884986 38.231295345404654 1838080
1759614899709 38.259579676770194 1843200
1759614911410 38.287033394753735 1848320
1759614928001 38.31697590809537 1853440
1759614946723 38.34497762563669 1858560
1759614959591 38.37869712874344 1863680
1759614976201 38.403126091153695 1868800
1759614989707 38.43021420518602 1873920
1759615004080 38.45030065038655 1879040
1759615017236 38.47652677988243 1884160
1759615030789 38.50145636011814 1889280
1759615047764 38.53131670427517 1894400
1759615062116 38.560749939128314 1899520
1759615076356 38.58904054108785 1904640
1759615089386 38.61706212862282 1909760
1759615106147 38.650762588766945 1914880
1759615122067 38.68050745066452 1920000
1759615134133 38.71280123811629 1925120
1759615150943 38.739047580839284 1930240
1759615166198 38.77133932683259 1935360
1759615178773 38.79997601630891 1940480
1759615193894 38.83484627815574 1945600
1759615209859 38.868582467041065 1950720
1759615226068 38.896718281023276 1955840
1759615237844 38.93007242782022 1960960
1759615253843 38.960564886705754 1966080
1759615271090 38.99191364004824 1971200
1759615284091 39.01945771006828 1976320
1759615296683 39.04821935077214 1981440
1759615310767 39.07884388517499 1986560
1759615327987 39.10424884702188 1991680
1759615340933 39.13899772745083 1996800
1759615355981 39.175354523227384 2001920
1759615370815 39.203760470156396 2007040
1759615383367 39.23414082750288 2012160
1759615394751 39.26281078557255 2017280
1759615408460 39.29235848140596 2022400
1759615424250 39.322193575900904 2027520
1759615435847 39.35418763062157 2032640
1759615447624 39.38084567984701 2037760
1759615458906 39.41146184847375 2042880
1759615473169 39.4373977480512 2048000
1759615487762 39.46669228552214 2053120
1759615498691 39.49762142254278 2058240
1759615511895 39.531866406220075 2063360
1759615524496 39.56261828748399 2068480
1759615537515 39.59438877755511 2073600
1759615550292 39.61389740756967 2078720
1759615562378 39.64196615326107 2083840
1759615577830 39.667558744258436 2088960
1759615589395 39.68566016290964 2094080
1759615601121 39.71627678284385 2099200
1759615614523 39.744322150691914 2104320
1759615625893 39.77762279941192 2109440
1759615636829 39.80009407337723 2114560
1759615653846 39.829479931634204 2119680
1759615665481 39.85632862740687 2124800
1759615680424 39.88113419427288 2129920
1759615695024 39.90556167915258 2135040
1759615717178 39.934217397791706 2140160
1759615730107 39.96450982217671 2145280
1759615747631 39.988940109297744 2150400
1759615766576 40.01618080941159 2155520
1759615783594 40.041550117629626 2160640
1759615800141 40.071497262908714 2165760
1759615816208 40.10116322008863 2170880
1759615840616 40.12659674476046 2176000
1759615856353 40.15919757062667 2181120
1759615872749 40.19069844361552 2186240
1759615888647 40.21627868581806 2191360
1759615904522 40.2447619047619 2196480
1759615918207 40.27582927988882 2201600
1759615937438 40.307096821310544 2206720
1759615953805 40.33655371042126 2211840
1759615971631 40.36337330979636 2216960
1759615988739 40.38984375 2222080
1759616008624 40.41568264678674 2227200
1759616027805 40.4449153309789 2232320
1759616044881 40.46785507665606 2237440
1759616067034 40.496994530587195 2242560
1759616082002 40.527413308341146 2247680
1759616095474 40.55371216756037 2252800
1759616110333 40.57671235337441 2257920
1759616128079 40.600656337421995 2263040
1759616142558 40.62681730287188 2268160
1759616157337 40.65368251698248 2273280
1759616180204 40.68690312561361 2278400
1759616198429 40.717809781833736 2283520
1759616210734 40.743749443900704 2288640
1759616226672 40.772970379715346 2293760
1759616243549 40.80082671019018 2298880
1759616266171 40.82479941906803 2304000
1759616279287 40.85022104332449 2309120
1759616298106 40.876650893424674 2314240
1759616314738 40.90735027063241 2319360
1759616328753 40.9387345516003 2324480
1759616347168 40.96465294500202 2329600
1759616360884 40.989979115845635 2334720
1759616379238 41.01659394767737 2339840
1759616393676 41.04361670486555 2344960
1759616411667 41.06842399468959 2350080
1759616428577 41.096057910343625 2355200
1759616441349 41.125487668942455 2360320
1759616454737 41.15139553082341 2365440
1759616469107 41.179631880534814 2370560
1759616488156 41.20334252180094 2375680
1759616500339 41.226282173333566 2380800
1759616515732 41.25254934494797 2385920
1759616531145 41.2832067656196 2391040
1759616546152 41.31117085444456 2396160
1759616557669 41.3382664211595 2401280
1759616572272 41.36366604237186 2406400
1759616591725 41.390494981556145 2411520
1759616603166 41.41517773019272 2416640
1759616619591 41.44648019844325 2421760
1759616632524 41.47300090537932 2426880
1759616649304 41.502166422162325 2432000
1759616662498 41.528854670573004 2437120
1759616676275 41.552393911046856 2442240
1759616694613 41.580601881729564 2447360
1759616707494 41.609161677662264 2452480
1759616719879 41.6384066929734 2457600
1759616732544 41.66434417912467 2462720
1759616753769 41.69210504095246 2467840
1759616765977 41.72016662169455 2472960
1759616777579 41.750875774723795 2478080
1759616795799 41.77859064917592 2483200
1759616811086 41.80394988748195 2488320
1759616825639 41.82678248038098 2493440
1759616839216 41.85043114273755 2498560
1759616857886 41.877158956009964 2503680
1759616869801 41.90399385560676 2508800
1759616881820 41.928476158719576 2513920
1759616900508 41.95057515273593 2519040
1759616914947 41.97526513514412 2524160
1759616927005 42.00031538410464 2529280
1759616938972 42.024464629052574 2534400
1759616960113 42.04949020127118 2539520
1759616972199 42.06964138158982 2544640
1759616983582 42.09830491689637 2549760
1759617001075 42.122457724890396 2554880
1759617015847 42.147347805335656 2560000
1759617028977 42.16819496483271 2565120
1759617040302 42.185748506923936 2570240
1759617060521 42.20480309285106 2575360
1759617073333 42.22670614408166 2580480
1759617084995 42.25053903952956 2585600
1759617101338 42.271922098257974 2590720
1759617118238 42.29296894086223 2595840
1759617129906 42.31498829039813 2600960
1759617143604 42.33388002987886 2606080
1759617160927 42.35467133638162 2611200
1759617174398 42.37166078425023 2616320
1759617186595 42.39428673047077 2621440
1759617201478 42.418947062527245 2626560
1759617219103 42.43791408076086 2631680
1759617231949 42.460287820739836 2636800
1759617247994 42.483924897119344 2641920
1759617264107 42.50598754334147 2647040
1759617278187 42.523167663039125 2652160
1759617291047 42.54244286537354 2657280
1759617306003 42.56450375579351 2662400
1759617323850 42.5827495412112 2667520
1759617336600 42.60356642019378 2672640
1759617351975 42.61632328374831 2677760
1759617366576 42.638810333322745 2682880
1759617383033 42.65851220789111 2688000
1759617396105 42.68138466413181 2693120
1759617410732 42.70406290542037 2698240
1759617429598 42.725534805826776 2703360
1759617443467 42.75258773037112 2708480
1759617457181 42.77650488496691 2713600
1759617471070 42.795606539835404 2718720
1759617487355 42.81827610591655 2723840
1759617502030 42.838715751812444 2728960
1759617516236 42.86196520921486 2734080
1759617533795 42.88553094921355 2739200
1759617549548 42.90542948237059 2744320
1759617562980 42.92457041187396 2749440
1759617577439 42.94674251870324 2754560
1759617598577 42.9682636035363 2759680
1759617618081 42.98952342462773 2764800
1759617631946 43.01049298398112 2769920
1759617651535 43.03249108665323 2775040
1759617665249 43.051222910216715 2780160
1759617677869 43.069359426204166 2785280
1759617691039 43.088714283509056 2790400
1759617709037 43.10920133804011 2795520
1759617723557 43.128806305612855 2800640
1759617735536 43.153088052151716 2805760
1759617754078 43.17292840582825 2810880
1759617766683 43.193587463199215 2816000
1759617781144 43.20984856604756 2821120
1759617792902 43.23171496291766 2826240
1759617811130 43.24849974804929 2831360
1759617827951 43.270346930995046 2836480
1759617839470 43.29264838026775 2841600
1759617855609 43.31241444346424 2846720
1759617867643 43.33419917365415 2851840
1759617882174 43.35311428658111 2856960
1759617895098 43.37130565191705 2862080
1759617916195 43.388058572595526 2867200
1759617932773 43.40250147278742 2872320
1759617946244 43.42247465604634 2877440
1759617966058 43.44047063077178 2882560
1759617979447 43.45923541005311 2887680
1759617996990 43.47662975705765 2892800
1759618011460 43.49056320700933 2897920
1759618030747 43.511140078812126 2903040
1759618049513 43.52946985680298 2908160
1759618062322 43.548258394226025 2913280
1759618078881 43.566962153772685 2918400
1759618092140 43.59047548069757 2923520
1759618110035 43.60803227198976 2928640
1759618124341 43.62815900576797 2933760
1759618138786 43.646089435239624 2938880
1759618157395 43.66553978915529 2944000
1759618170492 43.68337430035241 2949120
1759618185774 43.702093993079174 2954240
1759618200015 43.72041057450893 2959360
1759618218640 43.73809734513274 2964480
1759618234184 43.75729142116427 2969600
1759618246592 43.77570024714605 2974720
1759618264730 43.79242206094085 2979840
1759618280770 43.809131857329405 2984960
1759618296199 43.82787017363909 2990080
1759618319065 43.84491109972927 2995200
1759618337783 43.85740589198036 3000320
1759618355160 43.871262422110995 3005440
1759618370307 43.8877861816698 3010560
1759618387246 43.90342157733114 3015680
1759618403463 43.919972093428875 3020800
1759618417236 43.93774132675279 3025920
1759618432209 43.95020728843534 3031040
1759618450354 43.96423039620156 3036160
1759618467830 43.98203004149138 3041280
1759618483768 43.99662162162162 3046400
1759618500305 44.008607142342235 3051520
1759618514359 44.02538443817313 3056640
1759618528992 44.03843554533036 3061760
1759618544186 44.057616360059164 3066880
1759618560205 44.07415163076217 3072000
1759618577560 44.08966682900278 3077120
1759618590634 44.106962505185756 3082240
1759618604923 44.11885544492222 3087360
1759618617842 44.13339610797238 3092480
1759618632239 44.14511027526073 3097600
1759618645211 44.15977291159773 3102720
1759618665468 44.174806394316164 3107840
1759618680945 44.19204132606721 3112960
1759618693587 44.20722546629627 3118080
1759618706301 44.22137923225003 3123200
1759618723164 44.236888235460434 3128320
1759618737518 44.24793190095711 3133440
1759618753255 44.264631653154744 3138560
1759618767458 44.28255389858195 3143680
1759618779115 44.297620387038705 3148800
1759618793317 44.31655171445026 3153920
1759618812278 44.32955964255152 3159040
1759618824373 44.346176478829825 3164160
1759618839624 44.362238329788426 3169280
1759618854948 44.37622281849181 3174400
1759618871098 44.386836559529954 3179520
1759618886075 44.40138823070276 3184640
1759618898740 44.41344895743437 3189760
1759618922797 44.422234886921224 3194880
1759618939306 44.43542722287777 3200000
1759618955040 44.44953416149068 3205120
1759618970841 44.4614596458192 3210240
1759618993317 44.47929746922971 3215360
1759619009393 44.49740317144594 3220480
1759619023851 44.516294150110376 3225600
1759619045831 44.53311468180691 3230720
1759619070352 44.54855003647274 3235840
1759619085601 44.56472609801361 3240960
1759619098288 44.57969959909935 3246080
1759619114263 44.593006993006995 3251200
1759619130386 44.607532182963574 3256320
1759619143885 44.62809499056113 3261440
1759619156262 44.64254778462421 3266560
1759619172564 44.655431682654914 3271680
1759619190618 44.673172327318326 3276800
1759619204768 44.691906609488804 3281920
1759619217212 44.7073916945419 3287040
1759619235950 44.726730683037474 3292160
1759619249673 44.74398350381203 3297280
1759619263283 44.7584076312295 3302400
1759619278184 44.7747898932211 3307520
1759619301345 44.78755153071569 3312640
1759619313945 44.80557318176295 3317760
1759619327136 44.81830562409827 3322880
1759619342066 44.835483784074995 3328000
1759619367727 44.85443489257511 3333120
1759619382837 44.86943026068261 3338240
1759619398814 44.8848595471688 3343360
1759619416982 44.89893966407056 3348480
1759619438131 44.91497851031639 3353600
1759619450740 44.93457181452206 3358720
1759619463624 44.95274675359376 3363840
1759619483460 44.968254603682944 3368960
1759619498057 44.98409905767257 3374080
1759619511759 45.00073223010664 3379200
1759619526060 45.01619637775591 3384320
1759619545742 45.028288730991434 3389440
1759619562215 45.043206027884274 3394560
1759619574998 45.06017119838872 3399680
1759619592977 45.07359811538004 3404800
1759619609782 45.0861433122282 3409920
1759619624231 45.09567122998323 3415040
1759619637017 45.1133279706724 3420160
1759619658947 45.12362702489135 3425280
1759619671950 45.138547956378176 3430400
1759619684782 45.15406144062229 3435520
1759619697781 45.1644750656168 3440640
1759619715777 45.17956717220045 3445760
1759619731503 45.19578396072013 3450880
1759619743992 45.20793283377143 3456000
1759619764803 45.22401180865794 3461120
1759619778924 45.23954853862213 3466240
1759619792535 45.2542975928267 3471360
1759619805462 45.26738176753147 3476480
1759619829740 45.282367014706075 3481600
1759619842584 45.292966416456714 3486720
1759619857541 45.30594614227157 3491840
1759619875038 45.3215859030837 3496960
1759619892313 45.33497262809147 3502080
1759619905110 45.347427064617456 3507200
1759619920766 45.359335863867585 3512320
1759619939652 45.3718003275433 3517440
1759619951565 45.38527229635736 3522560
1759619963209 45.400069476609545 3527680
1759619983836 45.41625539790253 3532800
1759619998078 45.42792226130266 3537920
1759620010515 45.44221620997833 3543040
1759620024342 45.452602325700525 3548160
1759620046336 45.47046707689946 3553280
1759620059414 45.48492709544682 3558400
1759620074077 45.49940644107173 3563520
1759620093811 45.51326677631998 3568640
1759620115861 45.52736350089789 3573760
1759620133596 45.54322464090788 3578880
1759620159101 45.55941185441236 3584000
1759620180486 45.56736688455924 3589120
1759620196941 45.58158051551228 3594240
1759620212963 45.59618282906318 3599360
1759620226499 45.61280283382883 3604480
1759620243012 45.62882129181463 3609600
1759620260253 45.64283369941175 3614720
1759620275798 45.65748657032609 3619840
1759620291210 45.673065538046835 3624960
1759620308397 45.68658462932206 3630080
1759620322671 45.70206133735545 3635200
1759620335687 45.71973682558417 3640320
1759620353996 45.73004088389475 3645440
1759620371946 45.74417788913248 3650560
1759620387310 45.75870354148417 3655680
1759620400757 45.77351650686901 3660800
1759620422481 45.78503914395235 3665920
1759620434770 45.798682914052655 3671040
1759620446705 45.812655736070965 3676160
1759620463197 45.82767890479154 3681280
1759620480370 45.83828300784406 3686400
1759620492502 45.85280713301129 3691520
1759620504817 45.86960674854237 3696640
1759620525009 45.88445380754693 3701760
1759620537187 45.89874107176015 3706880
1759620550573 45.9107984123255 3712000
1759620562110 45.923951977470914 3717120
1759620581557 45.93779148673658 3722240
1759620595690 45.953606468471136 3727360
1759620607247 45.96937833212259 3732480
1759620620818 45.97829321985955 3737600
1759620641395 45.99036878700769 3742720
1759620654095 46.004822973553416 3747840
1759620668238 46.020706395812134 3752960
1759620682479 46.03688825748298 3758080
1759620698157 46.04922866125934 3763200
1759620712015 46.062655814635576 3768320
1759620727830 46.0743408203125 3773440
1759620748143 46.08910432290714 3778560
1759620763042 46.103741061530776 3783680
1759620776748 46.11322155164022 3788800
1759620789526 46.12297333430565 3793920
1759620810289 46.133094573266966 3799040
1759620824193 46.14626840330835 3804160
1759620838619 46.15957549912774 3809280
1759620858507 46.17520907209508 3814400
1759620873793 46.19032304865074 3819520
1759620884979 46.206481302541306 3824640
1759620896214 46.21910932541837 3829760
1759620918199 46.23516223904344 3834880
1759620929880 46.24729991692052 3840000
1759620942123 46.25936349859277 3845120
1759620959381 46.2727119804871 3850240
1759620976530 46.283687602770144 3855360
1759620987984 46.2980419899042 3860480
1759620999790 46.30760755006228 3865600
1759621021761 46.31830308540802 3870720
1759621033603 46.32777658277766 3875840
1759621047193 46.340710764125156 3880960
1759621062701 46.35590087296666 3886080
1759621080261 46.36909825226062 3891200
1759621092937 46.383994668063124 3896320
1759621105321 46.39969086261221 3901440
1759621124152 46.415242258305916 3906560
1759621137152 46.42510500961105 3911680
1759621149789 46.43797117253805 3916800
1759621161670 46.4484992007578 3921920
1759621180730 46.46008090270385 3927040
1759621193072 46.470981615388254 3932160
1759621206999 46.484855996222855 3937280
1759621224408 46.49761222540592 3942400
1759621235753 46.50706713780919 3947520
1759621248610 46.51739595957219 3952640
1759621261570 46.53138370398232 3957760
1759621278131 46.54154142400902 3962880
1759621289106 46.551331824206244 3968000
1759621306710 46.560676711109025 3973120
1759621319219 46.573919964418224 3978240
1759621331560 46.5873322108414 3983360
1759621343198 46.601885381865756 3988480
1759621362923 46.61470598531969 3993600
1759621374581 46.62912702853945 3998720
1759621386425 46.638771137094146 4003840
1759621402290 46.65127859087419 4008960
1759621416583 46.66310638990261 4014080
1759621428635 46.67827409635057 4019200
1759621443634 46.694503735325505 4024320
1759621460229 46.70675968525107 4029440
1759621471669 46.7182880098172 4034560
1759621486929 46.73049834040732 4039680
1759621502355 46.74228507388536 4044800
1759621515925 46.75440317628863 4049920
1759621529089 46.76648833133475 4055040
1759621548862 46.77652357202916 4060160
1759621560726 46.791397206048195 4065280
1759621572879 46.80180480515002 4070400
1759621584827 46.81274474902101 4075520
1759621601703 46.82028310544187 4080640
1759621615059 46.83391015356406 4085760
1759621627163 46.85044481846598 4090880
1759621644137 46.86264641288433 4096000
1759621656226 46.87334453166958 4101120
1759621670593 46.88571787349171 4106240
1759621685858 46.89990990066263 4111360
1759621698425 46.91209780329961 4116480
1759621710210 46.92261288229737 4121600
1759621725822 46.93601391842258 4126720
1759621741685 46.951274098815084 4131840
1759621754186 46.96548397348588 4136960
1759621766954 46.9786254521539 4142080
1759621780325 46.989816146901234 4147200
1759621795989 47.00229734164752 4152320
1759621811499 47.01820402071414 4157440
1759621823217 47.032262437305135 4162560
1759621836781 47.04599011353633 4167680
1759621850364 47.05588626575571 4172800
1759621866803 47.06643014022639 4177920
1759621879511 47.07947474429229 4183040
1759621893942 47.092498285611505 4188160
1759621907596 47.10603218814227 4193280
1759621921131 47.12039946140036 4198400
1759621935826 47.13067067224159 4203520
1759621947938 47.14127975990504 4208640
1759621963823 47.152946836122794 4213760
1759621977302 47.1656718753493 4218880
1759621991527 47.180270019765715 4224000
1759622003498 47.19006236124901 4229120
1759622017987 47.200461394436516 4234240
1759622035095 47.20956590476403 4239360
1759622047523 47.22232603666133 4244480
1759622059545 47.23553925654276 4249600
1759622071491 47.248165295495674 4254720
1759622089649 47.260060339855364 4259840
1759622102784 47.27307483460588 4264960
1759622115034 47.28322022827663 4270080
1759622132703 47.29209891835696 4275200
1759622146256 47.303500397772474 4280320
1759622158730 47.31909608760929 4285440
1759622172141 47.32983357780155 4290560
1759622191670 47.34116000793318 4295680
1759622203474 47.35062576362976 4300800
1759622220380 47.361664925496235 4305920
1759622235149 47.37349754993518 4311040
1759622253803 47.387583284853406 4316160
1759622266182 47.38957721152581 4321280
1759622280612 47.39411861343847 4326400
1759622297933 47.401039387308536 4331520
1759622309854 47.407777389175486 4336640
1759622323098 47.41912623797513 4341760
1759622336555 47.42873973230356 4346880
1759622352618 47.43896378477936 4352000
1759622365351 47.44774088187262 4357120
1759622380807 47.458041920010444 4362240
1759622395561 47.468215504313996 4367360
1759622408460 47.476486680127664 4372480
1759622421530 47.48546205819515 4377600
1759622436561 47.49521652924797 4382720
1759622449902 47.50327964670736 4387840
1759622463208 47.51248391526725 4392960
1759622480980 47.52216232566681 4398080
1759622492853 47.53246416853739 4403200
1759622506959 47.54176505471993 4408320
1759622521590 47.551592644856896 4413440
1759622535741 47.561326287922 4418560
1759622547612 47.5706913235136 4423680
1759622561818 47.581645148123485 4428800
1759622579283 47.5919085689757 4433920
1759622590734 47.603941288102156 4439040
1759622605772 47.614179975791856 4444160
1759622621618 47.62488763323488 4449280
1759622634392 47.63345557183026 4454400
1759622646151 47.64384439554806 4459520
1759622662292 47.65518382156768 4464640
1759622680868 47.664971480356094 4469760
1759622693313 47.67502103682243 4474880
1759622708412 47.6864717025307 4480000
1759622723907 47.69512428501563 4485120
1759622742432 47.70496261046907 4490240
1759622763471 47.71539090108351 4495360
1759622780953 47.72289424860853 4500480
1759622797320 47.73321187984578 4505600
1759622813236 47.74277762492328 4510720
1759622835172 47.748749933928856 4515840
1759622850887 47.757004805407405 4520960
1759622867846 47.7679880976248 4526080
1759622887357 47.77421599114531 4531200
1759622906321 47.78405333108663 4536320
1759622929088 47.79358382171905 4541440
1759622947497 47.801093183371 4546560
1759622975881 47.808968233132056 4551680
1759622992355 47.81695622980402 4556800
1759623004590 47.826340338556676 4561920
1759623020120 47.83615381393206 4567040
1759623035093 47.846835535746045 4572160
1759623049661 47.8558541607869 4577280
1759623063291 47.86489619449434 4582400
1759623080235 47.87260947134496 4587520
1759623094547 47.88013216731465 4592640
1759623107741 47.88744376874375 4597760
1759623120254 47.89758421939699 4602880
1759623137721 47.90659820389157 4608000
1759623151758 47.91715908736876 4613120
1759623166067 47.92551513768131 4618240
1759623182735 47.934137012428344 4623360
1759623195840 47.942347921542634 4628480
1759623209009 47.95255980465193 4633600
1759623221426 47.96077032810271 4638720
1759623237946 47.96925476101954 4643840
1759623251570 47.98135364104469 4648960
1759623265955 47.99289646782275 4654080
1759623283624 47.99825936492569 4659200
1759623296069 48.009426389775044 4664320
1759623309754 48.01900081226416 4669440
1759623322649 48.027221366204415 4674560
1759623339149 48.0369670970258 4679680
1759623352075 48.046500897205846 4684800
1759623363927 48.05161852079492 4689920
1759623382713 48.060249101943484 4695040
1759623396394 48.06757599615546 4700160
1759623408556 48.075296497195914 4705280
1759623421616 48.08208231704206 4710400
1759623437562 48.088081158238175 4715520
1759623450581 48.094138977733415 4720640
1759623463855 48.10181651656236 4725760
1759623482062 48.10637237957748 4730880
1759623495057 48.11251726659625 4736000
1759623507734 48.12032959227163 4741120
1759623520628 48.12895016981802 4746240
1759623537368 48.136987966451926 4751360
1759623550177 48.14607537546047 4756480
1759623565038 48.15341138882148 4761600
1759623580556 48.16306697646227 4766720
1759623592730 48.16536148225891 4771840
1759623606459 48.16745133225127 4776960
1759623620582 48.172231118631096 4782080
1759623635198 48.17658245042108 4787200
1759623646810 48.18265799499402 4792320
1759623665898 48.193989674775516 4797440
1759623678507 48.201192100826844 4802560
1759623690103 48.208922753020204 4807680
1759623705165 48.21691791455902 4812800
1759623722290 48.22416588275324 4817920
1759623734962 48.23099842028435 4823040
1759623746936 48.239446187041736 4828160
1759623766120 48.24636726546906 4833280
1759623778170 48.25515027022715 4838400
1759623791894 48.2651688751619 4843520
1759623804373 48.278245114533455 4848640
1759623820630 48.283449531065074 4853760
1759623832080 48.2929345125708 4858880
1759623849229 48.30317622645631 4864000
1759623864498 48.310834672539336 4869120
1759623877233 48.32177619189216 4874240
1759623890694 48.32967587962092 4879360
1759623907857 48.337073315523895 4884480
1759623919315 48.34645155550283 4889600
1759623932788 48.355290840667315 4894720
1759623952260 48.366898593634346 4899840
1759623964790 48.376132766662394 4904960
1759623977767 48.38776455287116 4910080
1759623990213 48.394782694295415 4915200
1759624006531 48.403898926909875 4920320
1759624022157 48.413072319349034 4925440
1759624035590 48.419621203939165 4930560
1759624049665 48.42612465911989 4935680
1759624065677 48.43101031978596 4940800
1759624078252 48.431458166082514 4945920
1759624090938 48.43605117470999 4951040
1759624105254 48.44431522780134 4956160
1759624122447 48.45046769122615 4961280
1759624134726 48.45751551098451 4966400
1759624148921 48.46679207766385 4971520
1759624165120 48.47445099089448 4976640
1759624178540 48.481493373810494 4981760
1759624193825 48.490467903911025 4986880
1759624205647 48.49875183339647 4992000
1759624223621 48.50583759547356 4997120
1759624227366 48.50888681917846 5000192
