1759609420004 12.40192648569743 5120
1759609432637 5.348992737856779 10240
1759609445174 2.2581041306257252 15360
1759609455909 1.413966385523478 20480
1759609469773 0.9977264129198514 25600
1759609480642 0.747655927750372 30720
1759609495165 0.6164851327737172 35840
1759609507056 0.5141874644814468 40960
1759609517008 0.4502313453218211 46080
1759609534598 0.37923219764933863 51200
1759609545590 0.35646144960607795 56320
1759609556311 0.3200567448725466 61440
1759609567080 0.3023380366238681 66560
1759609583292 0.2642947025702033 71680
1759609593538 0.25547435848336475 76800
1759609604545 0.22486062079300118 81920
1759609619483 0.21065011079921278 87040
1759609631610 0.2014759540557861 92160
1759609642564 0.18315262049436573 97280
1759609653449 0.17050225852739695 102400
1759609669761 0.17089985204192829 107520
1759609682583 0.1532824993133545 112640
1759609693158 0.1442802521689185 117760
1759609707063 0.14527953794179868 122880
1759609718844 0.1378241639288645 128000
1759609732630 0.12780618940600913 133120
1759609744448 0.12663467316066518 138240
1759609760415 0.12135362946395334 143360
1759609775757 0.11677539952813763 148480
1759609787783 0.11111761986814588 153600
1759609799831 0.10899211703202663 158720
1759609811952 0.10532731758141368 163840
1759609827348 0.1039391279220581 168960
1759609841053 0.09326866509621602 174080
1759609852808 0.09509600089354948 179200
1759609868602 0.2126428253742871 184320
1759609880530 0.2329999964724305 189440
1759609892153 0.23491783691326362 194560
1759609906839 0.24443744299363118 199680
1759609921525 0.21682552911748934 204800
1759609934791 0.22941583869526685 209920
1759609950289 0.24654883366625455 215040
1759609963534 0.24951274527443779 220160
1759609983870 0.25288624526149006 225280
1759609996489 0.2579668551419688 230400
1759610013401 0.2563206466245445 235520
1759610028417 0.26052766977730446 240640
1759610041628 0.26663479429062964 245760
1759610056877 0.2704320628468583 250880
1759610070225 0.2802439446468277 256000
1759610083505 0.2829470120370388 261120
1759610095026 0.29081976039199536 266240
1759610109578 0.27631101823390875 271360
1759610125693 0.2814048482043277 276480
1759610138229 0.29439916887145107 281600
1759610153715 0.31221962076913423 286720
1759610167923 0.32536315184373127 291840
1759610180282 0.33747009657502586 296960
1759610194982 0.3408551003481891 302080
1759610209114 0.343404578528927 307200
1759610222466 0.3745396470711901 312320
1759610238694 0.39779359198076547 317440
1759610250993 0.4010708066481578 322560
1759610262728 0.4350290405416043 327680
1759610276145 0.4335537857804562 332800
1759610296850 0.4630863731361228 337920
1759610308872 0.4859328292665028 343040
1759610321759 0.5038761927585097 348160
1759610336738 0.532825421460102 353280
1759610354006 0.545576991111125 358400
1759610365491 0.5558013873153859 363520
1759610381648 0.556836040000176 368640
1759610400589 0.600420516696784 373760
1759610414790 0.5913487632319613 378880
1759610427358 0.6088131092964335 384000
1759610442609 0.6348696921441185 389120
1759610458949 0.6413948068964668 394240
1759610470169 0.6782267002193519 399360
1759610487810 0.676033387039647 404480
1759610500364 0.6638785279005245 409600
1759610514720 0.6830176442714747 414720
1759610527193 0.7006721923531116 419840
1759610547881 0.6933840880027184 424960
1759610559591 0.7013657486070647 430080
1759610571481 0.7041805894162174 435200
1759610588947 0.7397032832878095 440320
1759610605036 0.699496319972047 445440
1759610617620 0.7253126693690984 450560
1759610629192 0.7362346392575936 455680
1759610650833 0.7579691487246765 460800
1759610664447 0.7685031146333928 465920
1759610676614 0.759401028482102 471040
1759610696365 0.7661337905687323 476160
1759610713341 0.7787003867438896 481280
1759610725891 0.763322082487475 486400
1759610738702 0.8003912721503054 491520
1759610758991 0.7939202995457277 496640
1759610772725 0.7876688605656206 501760
1759610785477 0.7966115528537382 506880
1759610799794 0.8302701177235372 512000
1759610818410 0.8357204452333715 517120
1759610830649 0.8448121587824214 522240
1759610844219 0.851572642954745 527360
1759610865125 0.8548271018117952 532480
1759610879150 0.8715099175166721 537600
1759610891656 0.873766813978637 542720
1759610903954 0.8508438081883671 547840
1759610925087 0.8985316828306413 552960
1759610936766 0.8909108507764208 558080
1759610950872 0.866633405183491 563200
1759610965271 0.905228267642234 568320
1759610981547 0.9005000422132631 573440
1759610993355 0.9217504831590416 578560
1759611009986 0.9073379276095255 583680
1759611026430 0.9373322526613871 588800
1759611038128 0.954751017007483 593920
1759611054695 0.9594020231591963 599040
1759611069832 0.9600866817984282 604160
1759611081552 0.9228579604385683 609280
1759611096679 0.9400207291030248 614400
1759611110602 0.9740741163197132 619520
1759611124784 0.9823792727606192 624640
1759611136271 0.9503914312882857 629760
1759611154628 0.9840778037545762 634880
1759611168714 0.9873961939217565 640000
1759611180347 1.0015664585796664 645120
1759611200837 0.9698460932797606 650240
1759611213264 0.9538864445202809 655360
1759611225764 0.9803905002842007 660480
1759611239887 0.9804653747839862 665600
1759611257800 0.9639515620906179 670720
1759611270072 0.9792624365363648 675840
1759611282275 0.9834712375033724 680960
1759611308188 0.9726174230902455 686080
1759611322327 0.9854495945766832 691200
1759611335589 0.9684850460282158 696320
1759611352104 0.9656250155701929 701440
1759611366483 0.9640296936035158 706560
1759611381021 0.9673999380791325 711680
1759611392845 0.9643841502669874 716800
1759611410908 0.9911738873878889 721920
1759611425635 0.959545743918117 727040
1759611437502 1.0011673367889233 732160
1759611453120 0.9953635841401375 737280
1759611465299 1.0029931701576085 742400
1759611478087 0.9610566010064204 747520
1759611490516 0.9743824077689128 752640
1759611508934 0.9585779712589486 757760
1759611524089 0.9879550903156681 762880
1759611535242 0.9905623627724882 768000
1759611552512 1.0097967914803319 773120
1759611568825 0.9836906844150377 778240
1759611587921 0.9604437566612781 783360
1759611609712 0.9512584186558904 788480
1759611636078 0.9984885284581134 793600
1759611659007 0.9707680188128951 798720
1759611675486 0.9852587314052438 803840
1759611692838 0.9545237689494483 808960
1759611717877 0.9479330772131531 814080
1759611733001 0.9722065062409779 819200
1759611747157 0.983340598927538 824320
1759611762276 0.9662036787566951 829440
1759611784734 0.9662969448987175 834560
1759611798179 0.9381630287681514 839680
1759611811665 0.9460882496314245 844800
1759611843563 0.9473784482292607 849920
1759611859004 0.9607617775218908 855040
1759611872624 0.954573837443566 860160
1759611887443 0.95540811525169 865280
1759611910391 0.949052367339263 870400
1759611922572 0.9550618430164373 875520
1759611935376 0.9351300654926368 880640
1759611952735 0.9363833103664478 885760
1759611969528 0.935002810700479 890880
1759611982459 0.924067473738161 896000
1759611996730 0.943548909597581 901120
1759612017971 0.9268604864116178 906240
1759612031167 0.9390384695479097 911360
1759612045534 0.9187002931322371 916480
1759612061016 0.8851851104499232 921600
1759612078090 0.9101936820327051 926720
1759612090645 0.9197355360414273 931840
1759612105718 0.9191528736764166 936960
1759612128457 0.8906193694902683 942080
1759612142410 0.9106263904283165 947200
1759612160419 0.8921461414701829 952320
1759612176472 0.8778687811305381 957440
1759612198162 0.8657906356957463 962560
1759612212266 0.870187398898425 967680
1759612226956 0.8502422681742287 972800
1759612242854 0.8684914840315177 977920
1759612264487 0.8534383069216025 983040
1759612278219 0.8454243519784993 988160
1759612292916 0.8516422039939496 993280
1759612307998 0.8558597791390341 998400
1759612328842 0.8423814149442433 1003520
1759612342182 0.8647907435047699 1008640
1759612355963 0.8199403187340852 1013760
1759612370460 0.8161205169187492 1018880
1759612389405 0.7856848008863695 1024000
1759612403776 0.809275378005405 1029120
1759612418025 0.8033516858381051 1034240
1759612438601 0.7716465169050563 1039360
1759612452478 0.7643599103877173 1044480
1759612466118 0.7560698771337321 1049600
1759612481908 0.781145751834725 1054720
1759612498279 0.7197492356466051 1059840
1759612511544 0.7392223574357121 1064960
1759612528129 0.7058300959220581 1070080
1759612549220 0.7421243175793328 1075200
1759612563848 0.7154246265237981 1080320
1759612577846 0.7075353192788717 1085440
1759612593088 0.663832364252316 1090560
1759612609407 0.6331583701595872 1095680
1759612621040 0.6384776168596346 1100800
1759612633942 0.6439878416105511 1105920
1759612655132 0.6371462005278025 1111040
1759612667744 0.6191070598598798 1116160
1759612681488 0.5937288444407666 1121280
1759612698811 0.6049498915780577 1126400
1759612714548 0.5873458958879301 1131520
1759612727471 0.5943475683780536 1136640
1759612741341 0.5661823416268954 1141760
1759612763021 0.5506796238786084 1146880
1759612777103 0.5453883264246884 1152000
1759612791142 0.5430302971554056 1157120
1759612806406 0.5226062029180393 1162240
1759612823681 0.5104636952085102 1167360
1759612837797 0.5036583978676255 1172480
1759612853567 0.5062484084990209 1177600
1759612873308 0.4973300511449266 1182720
1759612886238 0.5029176894392462 1187840
1759612902807 0.48524199628093845 1192960
1759612917192 0.48983408067085926 1198080
1759612934021 0.4858355152363681 1203200
1759612946517 0.4892700059650108 1208320
1759612964280 0.47930373888192657 1213440
1759612980728 0.476525924387947 1218560
1759612995268 0.4736055201910012 1223680
1759613009780 0.47095921220231507 1228800
1759613025913 0.4917722458467752 1233920
1759613039259 0.4708852747469082 1239040
1759613054842 0.47285304571452896 1244160
1759613073812 0.4715286511070507 1249280
1759613086739 0.46029446090026155 1254400
1759613099552 0.4730199533395899 1259520
1759613116778 0.4702611398542583 1264640
1759613132473 0.46780804150725064 1269760
1759613145965 0.45192263620049006 1274880
1759613163684 0.4638875453592204 1280000
1759613177041 0.4606281377707317 1285120
1759613190395 0.46998076412433865 1290240
1759613204547 0.45484690312149023 1295360
1759613231298 0.44622985935886483 1300480
1759613253568 0.45241111707537895 1305600
1759613273694 0.4359169840161266 1310720
1759613288197 0.447042582676533 1315840
1759613307323 0.420634696836346 1320960
1759613323049 0.4332187905723666 1326080
1759613337754 0.42543321297225545 1331200
1759613353508 0.4153408663926409 1336320
1759613365841 0.43362451025223026 1341440
1759613381753 0.4271235103665152 1346560
1759613400017 0.42662122612374914 1351680
1759613413462 0.42820137392162017 1356800
1759613428421 0.4254203739065949 1361920
1759613441803 0.42855839015481006 1367040
1759613458175 0.4287632844769893 1372160
1759613473188 0.4150236115590247 1377280
1759613488821 0.4146055124143068 1382400
1759613505093 0.40516455039865495 1387520
1759613520998 0.41152059035122524 1392640
1759613535608 0.41098895317289874 1397760
1759613549281 0.41457139508381624 1402880
1759613562995 0.40602383336355524 1408000
1759613585180 0.39373487821961556 1413120
1759613608065 0.40652734610597463 1418240
1759613628077 0.4128456038935076 1423360
1759613647842 0.4065617952100868 1428480
1759613665769 0.3902318906818093 1433600
1759613682535 0.4031496284018201 1438720
1759613696849 0.38770003342442616 1443840
1759613716640 0.38515113464183054 1448960
1759613737167 0.3854315589298084 1454080
1759613753035 0.39750312334357607 1459200
1759613770592 0.3787473895848006 1464320
1759613787876 0.37022571776238655 1469440
1759613802618 0.3936936356639134 1474560
1759613822476 0.38626500415933906 1479680
1759613834645 0.3788402475873657 1484800
1759613853428 0.3830319048284175 1489920
1759613871593 0.35790332112713763 1495040
1759613885857 0.37773548245917893 1500160
1759613897575 0.3822494636499339 1505280
1759613910835 0.3906295285315372 1510400
1759613922872 0.37639674895683867 1515520
1759613938687 0.3768913032870594 1520640
1759613956023 0.3747152240223568 1525760
1759613967469 0.37951252320233514 1530880
1759613982046 0.3758691308658811 1536000
1759613996819 0.3759912964515635 1541120
1759614013635 0.37409656910924705 1546240
1759614025658 0.36981205097289077 1551360
1759614040985 0.3729214780507787 1556480
1759614058307 0.3568502833615125 1561600
1759614078756 0.3584396392204339 1566720
1759614096095 0.35073214471340175 1571840
1759614109702 0.3505956363863639 1576960
1759614124818 0.35264247287291295 1582080
1759614143790 0.351687746521429 1587200
1759614162254 0.34503727939870493 1592320
1759614175735 0.33984159607676495 1597440
1759614195358 0.34791254357816614 1602560
1759614211488 0.33745461991453995 1607680
1759614230858 0.3353844855642561 1612800
1759614248144 0.34619382439648927 1617920
1759614266563 0.3345559085302365 1623040
1759614282199 0.3355804174820033 1628160
1759614295945 0.3273783145990587 1633280
1759614308985 0.3185636959993266 1638400
1759614323091 0.32109835899039496 1643520
1759614336035 0.33713458231115545 1648640
1759614352115 0.32784680187112036 1653760
1759614368614 0.3101605170012844 1658880
1759614380687 0.31842409300481556 1664000
1759614394129 0.3100542766634194 1669120
1759614407933 0.31489982931421556 1674240
1759614423136 0.29991093228169874 1679360
1759614438559 0.305653310430441 1684480
1759614452274 0.2881806510495533 1689600
1759614465101 0.2999257004779318 1694720
1759614479468 0.3131802870666026 1699840
1759614493415 0.2982487681962433 1704960
1759614507003 0.3083191328887665 1710080
1759614517919 0.3156593664164759 1715200
1759614536620 0.30643111619830204 1720320
1759614553603 0.30162728966908664 1725440
1759614566507 0.29803556626115163 1730560
1759614586600 0.2947081304946036 1735680
1759614605634 0.29177670218116186 1740800
1759614623297 0.28817443221562916 1745920
1759614635105 0.28639002030248323 1751040
1759614665564 0.28225182531041143 1756160
1759614678394 0.29282460010446554 1761280
1759614693477 0.28739494597787507 1766400
1759614708207 0.2836317400654088 1771520
1759614721018 0.2885534550187775 1776640
1759614737789 0.2800979465263318 1781760
1759614751897 0.28337270817532706 1786880
1759614763985 0.27587751239316927 1792000
1759614777509 0.27171563211497524 1797120
1759614789288 0.27304368850387406 1802240
1759614804814 0.2726170959991075 1807360
1759614816083 0.26609162126537905 1812480
1759614831483 0.2606754199878589 1817600
1759614847646 0.2757794846583457 1822720
1759614859765 0.2655539740106426 1827840
1759614873280 0.262853178772961 1832960
1759614884946 0.25887726356829194 1838080
1759614899688 0.25967270227884465 1843200
1759614911383 0.26514365448640165 1848320
1759614927974 0.24870537642547927 1853440
1759614946693 0.24903528007641765 1858560
1759614959571 0.25571687835576046 1863680
1759614976171 0.25581648994771705 1868800
1759614989674 0.24332236514463898 1873920
1759615004038 0.2478084356436802 1879040
1759615017215 0.24199344027890649 1884160
1759615030754 0.24307750069565534 1889280
1759615047737 0.2547738597175355 1894400
1759615062089 0.24001772033757177 1899520
1759615076331 0.25138766182679634 1904640
1759615089356 0.2466112169549907 1909760
1759615106124 0.24098581735110422 1914880
1759615122039 0.2407371167180889 1920000
1759615134113 0.2371350569778272 1925120
1759615150921 0.23563976308068188 1930240
1759615166174 0.231345079362487 1935360
1759615178733 0.23138986096603456 1940480
1759615193869 0.2337264248096962 1945600
1759615209838 0.228449462018008 1950720
1759615226043 0.2319231948573074 1955840
1759615237813 0.23017846467848363 1960960
1759615253816 0.22428529651012352 1966080
1759615271058 0.21963233828915985 1971200
1759615284065 0.21971292164830702 1976320
1759615296647 0.21842908031684308 1981440
1759615310726 0.22343366840093296 1986560
1759615327962 0.22920577038473855 1991680
1759615340910 0.22005981883289016 1996800
1759615355957 0.22146935258174966 2001920
1759615370793 0.21462159922753954 2007040
1759615383337 0.21806146771109844 2012160
1759615394728 0.21431984671598034 2017280
1759615408437 0.20234164844157723 2022400
1759615424222 0.20736273429057983 2027520
1759615435825 0.21585167503549013 2032640
1759615447602 0.2080299159020769 2037760
1759615458874 0.20655075638948794 2042880
1759615473145 0.21311980652129991 2048000
1759615487741 0.20646868446175146 2053120
1759615498665 0.209912856000979 2058240
1759615511860 0.2099526223682222 2063360
1759615524474 0.21579324721346274 2068480
1759615537493 0.2027185767683084 2073600
1759615550269 0.19991023947839254 2078720
1759615562357 0.20401671321546633 2083840
1759615577809 0.19535070846385666 2088960
1759615589372 0.19693687342012617 2094080
1759615601088 0.19777525962706838 2099200
1759615614503 0.2008798692013039 2104320
1759615625867 0.1960709791632314 2109440
1759615636803 0.2017004879031038 2114560
1759615653818 0.19390318118564637 2119680
1759615665442 0.19500809469204647 2124800
1759615680387 0.19342066019214957 2129920
1759615694983 0.19817754666848703 2135040
1759615717146 0.19849236851842253 2140160
1759615730081 0.19237833223270093 2145280
1759615747590 0.19453735424188814 2150400
1759615766528 0.19320022151907174 2155520
1759615783570 0.19079444086534725 2160640
1759615800095 0.193093421734123 2165760
1759615816176 0.18322947482801952 2170880
1759615840553 0.18204086784585286 2176000
1759615856314 0.183759779372947 2181120
1759615872712 0.18621049409502008 2186240
1759615888612 0.18147653332941446 2191360
1759615904484 0.18432255075673357 2196480
1759615918170 0.18287905041753608 2201600
1759615937403 0.18032237833196466 2206720
1759615953782 0.17943391230634825 2211840
1759615971595 0.17930284871729238 2216960
1759615988705 0.17632228090487442 2222080
1759616008569 0.17353437472792232 2227200
1759616027776 0.17889625937607465 2232320
1759616044850 0.1735411007908213 2237440
1759616066992 0.17370322126060356 2242560
1759616081962 0.16758811530302564 2247680
1759616095449 0.16895297482467575 2252800
1759616110305 0.17139193240016132 2257920
1759616128050 0.17323721338321268 2263040
1759616142518 0.16224507149376163 2268160
1759616157298 0.1672567911160953 2273280
1759616180159 0.16456875899624201 2278400
1759616198402 0.1611022260145241 2283520
1759616210707 0.16505460346747383 2288640
1759616226631 0.1592384440512702 2293760
1759616243521 0.15801531790837794 2298880
1759616266116 0.1598373665591443 2304000
1759616279262 0.1589217627302129 2309120
1759616298066 0.1601823050065781 2314240
1759616314699 0.16132833442115616 2319360
1759616328686 0.15953200662361797 2324480
1759616347136 0.1610339250212604 2329600
1759616360858 0.1536466415385205 2334720
1759616379199 0.15494883613219307 2339840
1759616393632 0.1557159908366276 2344960
1759616411634 0.14968824735501918 2350080
1759616428552 0.15123109282850442 2355200
1759616441305 0.1477639659011457 2360320
1759616454687 0.15023011307033404 2365440
1759616469075 0.14667081322282913 2370560
1759616488115 0.14680400685676465 2375680
1759616500314 0.14795105738160122 2380800
1759616515692 0.14715273352663488 2385920
1759616531117 0.142006574918146 2391040
1759616546123 0.14388013641735467 2396160
1759616557639 0.14319631230190893 2401280
1759616572236 0.137713597247774 2406400
1759616591695 0.14069512307340298 2411520
1759616603135 0.13242815478986122 2416640
1759616619560 0.13349513781846628 2421760
1759616632494 0.13623870598621282 2426880
1759616649277 0.13544858039830268 2432000
1759616662473 0.14203094408723396 2437120
1759616676241 0.13589457778099298 2442240
1759616694578 0.13725800859235113 2447360
1759616707465 0.13332997769465627 2452480
1759616719845 0.13187723854887937 2457600
1759616732510 0.12736114429020426 2462720
1759616753744 0.1303816063974666 2467840
1759616765949 0.12895703994675187 2472960
1759616777550 0.12550158447492524 2478080
1759616795765 0.12394631520245357 2483200
1759616811056 0.12653917448356874 2488320
1759616825611 0.1265617549125784 2493440
1759616839173 0.12641490997226937 2498560
1759616857854 0.12326006511148621 2503680
1759616869764 0.12523468419125205 2508800
1759616881790 0.11809626293493017 2513920
1759616900484 0.11784703558123921 2519040
1759616914918 0.11668520228996183 2524160
1759616926980 0.11493176900631306 2529280
1759616938935 0.11496336926165998 2534400
1759616960080 0.11414996681074997 2539520
1759616972174 0.11067506279181975 2544640
1759616983545 0.11363138193492665 2549760
1759617001048 0.11207044644233509 2554880
1759617015816 0.11689367603178455 2560000
1759617028951 0.1099191791994136 2565120
1759617040274 0.10947247728889373 2570240
1759617060468 0.11159838841715752 2575360
1759617073302 0.10573793991554921 2580480
1759617084948 0.1107160471586226 2585600
1759617101298 0.10792133206202079 2590720
1759617118204 0.10686844124778963 2595840
1759617129858 0.10066332150894278 2600960
1759617143567 0.10192895081693135 2606080
1759617160894 0.10227486847055421 2611200
1759617174370 0.10658716103280655 2616320
1759617186552 0.10173751655289644 2621440
1759617201445 0.1009308802366071 2626560
1759617219066 0.10373645294320023 2631680
1759617231916 0.09829284485822877 2636800
1759617247964 0.10136835614824793 2641920
1759617264068 0.0998903172751867 2647040
1759617278148 0.10029779181706772 2652160
1759617291019 0.09843377861293327 2657280
1759617305971 0.09311438035799971 2662400
1759617323820 0.09748482224763766 2667520
1759617336573 0.09665211414934712 2672640
1759617351943 0.09588559906052523 2677760
1759617366529 0.09670616333287256 2682880
1759617383007 0.09878788982196701 2688000
1759617396066 0.09581561550718894 2693120
1759617410696 0.0963640118947702 2698240
1759617429562 0.09440379050679841 2703360
1759617443433 0.09775031775303708 2708480
1759617457149 0.09336970065594258 2713600
1759617471035 0.0945647028555353 2718720
1759617487315 0.09192725521691175 2723840
1759617501998 0.09328220707978507 2728960
1759617516192 0.08841201785082943 2734080
1759617533766 0.0879265879301747 2739200
1759617549517 0.0900941830969088 2744320
1759617562944 0.08561937356296974 2749440
1759617577395 0.08548573862881698 2754560
1759617598528 0.08241596292671181 2759680
1759617618026 0.08521179452025418 2764800
1759617631915 0.08629504991123964 2769920
1759617651495 0.08221283043411463 2775040
1759617665215 0.08509719894982228 2780160
1759617677822 0.07994660262192317 2785280
1759617691007 0.08130870953431832 2790400
1759617708997 0.08203111653448418 2795520
1759617723511 0.08037650417863276 2800640
1759617735495 0.08052449983125706 2805760
1759617754020 0.07991010119944529 2810880
1759617766635 0.07853095256731928 2816000
1759617781115 0.08016638693511918 2821120
1759617792866 0.07765498356472017 2826240
1759617811092 0.0770531132353964 2831360
1759617827924 0.07905493033831405 2836480
1759617839439 0.07529249596664474 2841600
1759617855576 0.07834625525339094 2846720
1759617867602 0.07608304040858152 2851840
1759617882140 0.07701054384784432 2856960
1759617895043 0.07622787451027802 2862080
1759617916156 0.07598183246137243 2867200
1759617932736 0.0756269944368391 2872320
1759617946208 0.07489552519916004 2877440
1759617966026 0.0723000702532855 2882560
1759617979380 0.07451769204394945 2887680
1759617996959 0.07286202808010267 2892800
1759618011426 0.07068486740883058 2897920
1759618030706 0.07036743083356634 2903040
1759618049457 0.0744762001051025 2908160
1759618062275 0.07285899532905199 2913280
1759618078840 0.07076950334156241 2918400
1759618092083 0.0699152623905855 2923520
1759618109992 0.06649475904329387 2928640
1759618124300 0.06994196258885661 2933760
1759618138739 0.06988374443678688 2938880
1759618157360 0.07164821949721378 2944000
1759618170430 0.0664725016653848 2949120
1759618185718 0.06979791313430458 2954240
1759618199973 0.070539382715532 2959360
1759618218598 0.06663783808439477 2964480
1759618234153 0.06635093616642077 2969600
1759618246551 0.06754095664290174 2974720
1759618264693 0.06784646903391515 2979840
1759618280714 0.06630053762218752 2984960
1759618296154 0.06652928051659604 2990080
1759618318992 0.06433712293738302 2995200
1759618337736 0.0700639618659174 3000320
1759618355118 0.06466680683946739 3005440
1759618370275 0.06434034557011775 3010560
1759618387209 0.06886589693845087 3015680
1759618403417 0.0667257103423917 3020800
1759618417148 0.06884636298245443 3025920
1759618432160 0.07061236870123784 3031040
1759618450313 0.0677884681274661 3036160
1759618467783 0.06611090878050402 3041280
1759618483729 0.06785163097484137 3046400
1759618500249 0.06352545083348922 3051520
1759618514310 0.068068707524253 3056640
1759618528958 0.06270696256759374 3061760
1759618544155 0.06618974282044435 3066880
1759618560120 0.06475003397254218 3072000
1759618577525 0.06474391489289082 3077120
1759618590582 0.06480982865023478 3082240
1759618604892 0.06541937871067846 3087360
1759618617800 0.06481679810944159 3092480
1759618632209 0.06396947401844738 3097600
1759618645179 0.060895192603473425 3102720
1759618665402 0.06661793441169347 3107840
1759618680908 0.06513018484219091 3112960
1759618693547 0.06618431489559982 3118080
1759618706264 0.06490706634771547 3123200
1759618723123 0.06466573639065808 3128320
1759618737485 0.0659921236109866 3133440
1759618753221 0.06673121405674287 3138560
1759618767418 0.06129691652815337 3143680
1759618779079 0.06521406793780384 3148800
1759618793281 0.06387348329815838 3153920
1759618812239 0.06475528771430737 3159040
1759618824325 0.06224440306531154 3164160
1759618839575 0.06381212993493685 3169280
1759618854913 0.0660675912393904 3174400
1759618871043 0.06152317792618574 3179520
1759618886035 0.06434363711880395 3184640
1759618898692 0.06572214140053433 3189760
1759618922746 0.06469966291961132 3194880
1759618939263 0.06762546763844164 3200000
1759618954986 0.06264874145498066 3205120
1759618970791 0.06553504296711513 3210240
1759618993267 0.06110765183286962 3215360
1759619009338 0.06456838057288226 3220480
1759619023794 0.062842014788522 3225600
1759619045775 0.060054340048283535 3230720
1759619070296 0.06460978717073841 3235840
1759619085566 0.06276166913483765 3240960
1759619098235 0.0631348416542864 3246080
1759619114221 0.06585959295181544 3251200
1759619130348 0.06410789825525796 3256320
1759619143845 0.06396958967162167 3261440
1759619156221 0.06496804577173838 3266560
1759619172521 0.06456777354205803 3271680
1759619190566 0.06382558102236804 3276800
1759619204729 0.06229630349504896 3281920
1759619217178 0.06640255695486767 3287040
1759619235913 0.06626235145834547 3292160
1759619249624 0.06379212886048785 3297280
1759619263234 0.06368642950087545 3302400
1759619278131 0.06254340938944744 3307520
1759619301308 0.06346094475688392 3312640
1759619313900 0.06381594532251872 3317760
1759619327063 0.06346004348585654 3322880
1759619342026 0.061400256572008795 3328000
1759619367659 0.0643626998624872 3333120
1759619382789 0.06183613218876599 3338240
1759619398758 0.06172011259210963 3343360
1759619416946 0.06227268725132513 3348480
1759619438097 0.061244309661734816 3353600
1759619450697 0.06129640691420611 3358720
1759619463565 0.06288693382184242 3363840
1759619483418 0.061147138131349435 3368960
1759619497986 0.062155394183779224 3374080
1759619511699 0.05964928216480624 3379200
1759619526013 0.0601453834205992 3384320
1759619545644 0.06280201854607881 3389440
1759619562115 0.0636887733266207 3394560
1759619574961 0.06277588014680195 3399680
1759619592927 0.06322253669376339 3404800
1759619609740 0.06304843545282113 3409920
1759619624193 0.06415567655357526 3415040
1759619636973 0.061957956238158335 3420160
1759619658912 0.06646978682696428 3425280
1759619671900 0.06275701394759872 3430400
1759619684739 0.0630817981101617 3435520
1759619697739 0.06372985539071725 3440640
1759619715728 0.06272100441808583 3445760
1759619731464 0.06271328293792716 3450880
1759619743941 0.06284542852103427 3456000
1759619764767 0.06226840556566971 3461120
1759619778891 0.06272012656494069 3466240
1759619792498 0.06267071827714404 3471360
1759619805383 0.0636946285009665 3476480
1759619829662 0.06156444650508137 3481600
1759619842541 0.0634627820461271 3486720
1759619857493 0.0596430488011593 3491840
1759619874985 0.06201730092738775 3496960
1759619892265 0.061128609698266875 3502080
1759619905064 0.06297057825991513 3507200
1759619920724 0.06618270062385721 3512320
1759619939608 0.060369418302986755 3517440
1759619951505 0.060686925108160476 3522560
1759619963168 0.06223407945727029 3527680
1759619983789 0.061571993201893334 3532800
1759619998042 0.06028771312148483 3537920
1759620010480 0.06262448797746739 3543040
1759620024280 0.05804330723449389 3548160
1759620046293 0.05881404772302116 3553280
1759620059377 0.06024022310869329 3558400
1759620074037 0.060103149655152246 3563520
1759620093766 0.06391800843773392 3568640
1759620115808 0.06196874980768069 3573760
1759620133547 0.06235830740197572 3578880
1759620159013 0.06064613013225295 3584000
1759620180431 0.05983391912474472 3589120
1759620196902 0.06327484818613112 3594240
1759620212921 0.06077964927013688 3599360
1759620226444 0.06061407266371429 3604480
1759620242949 0.061182164361513414 3609600
1759620260208 0.06327312191833825 3614720
1759620275744 0.058543530902172104 3619840
1759620291152 0.06224130998388989 3624960
1759620308345 0.059619063653316595 3630080
1759620322625 0.06128081700661524 3635200
1759620335646 0.05910718985429898 3640320
1759620353939 0.058191381763521455 3645440
1759620371899 0.0617019256446312 3650560
1759620387253 0.05960614362773825 3655680
1759620400706 0.05819463975210851 3660800
1759620422436 0.05860735651701731 3665920
1759620434733 0.05916080501447891 3671040
1759620446661 0.059169684781632495 3676160
1759620463154 0.05558418246344544 3681280
1759620480320 0.05958763060057305 3686400
1759620492465 0.05838945661725697 3691520
1759620504771 0.05814576625691924 3696640
1759620524966 0.06154291682538733 3701760
1759620537141 0.05948123958222085 3706880
1759620550523 0.060767350194208265 3712000
1759620562066 0.05815529283561906 3717120
1759620581498 0.058908642138322725 3722240
1759620595651 0.0567975776335002 3727360
1759620607201 0.05737147312928083 3732480
1759620620774 0.057834911424798276 3737600
1759620641353 0.05993825246781697 3742720
1759620654060 0.056167838495958376 3747840
1759620668181 0.06003245802700877 3752960
1759620682434 0.05661285429486655 3758080
1759620698110 0.05594106203064696 3763200
1759620711968 0.05789477657410347 3768320
1759620727773 0.05689157417657513 3773440
1759620748083 0.057234290595043 3778560
1759620762994 0.055725394492541554 3783680
1759620776707 0.056046478995050296 3788800
1759620789473 0.05610074194070782 3793920
1759620810237 0.057225666750283684 3799040
1759620824151 0.05503685230587732 3804160
1759620838536 0.054851609844893616 3809280
1759620858433 0.05559173472389635 3814400
1759620873753 0.056885666337290586 3819520
1759620884931 0.05659051891057343 3824640
1759620896169 0.055736649479339616 3829760
1759620918161 0.05565616894837566 3834880
1759620929840 0.057004114393551034 3840000
1759620942076 0.052602621744742915 3845120
1759620959315 0.05766927931607324 3850240
1759620976482 0.055524512598379074 3855360
1759620987942 0.05318239283353066 3860480
1759620999745 0.05494318099345191 3865600
1759621021704 0.053757951752088334 3870720
1759621033561 0.0550369545321457 3875840
1759621047141 0.0535834819840995 3880960
1759621062660 0.05722921354376227 3886080
1759621080211 0.05446075338089162 3891200
1759621092885 0.05716729352052 3896320
1759621105278 0.053109173911101426 3901440
1759621124114 0.05180579221473549 3906560
1759621137106 0.05586143030417712 3911680
1759621149747 0.0545694769457006 3916800
1759621161595 0.05458794013540915 3921920
1759621180676 0.05250826394098021 3927040
1759621193031 0.05245438208030059 3932160
1759621206931 0.05224669397466206 3937280
1759621224369 0.0538477032626025 3942400
1759621235701 0.05199636082431588 3947520
1759621248569 0.05256007099917317 3952640
1759621261529 0.0516723766514383 3957760
1759621278086 0.05261146409417332 3962880
1759621289060 0.05335586413018351 3968000
1759621306655 0.05278256585136636 3973120
1759621319165 0.05299120886817888 3978240
1759621331518 0.05217510023389124 3983360
1759621343155 0.05077679245378937 3988480
1759621362887 0.0527916728090366 3993600
1759621374534 0.05124789290225512 3998720
1759621386374 0.05291465777809497 4003840
1759621402238 0.04957321720298635 4008960
1759621416546 0.05077222212636024 4014080
1759621428593 0.04948972516441248 4019200
1759621443586 0.052546862541825626 4024320
1759621460189 0.050538576812278926 4029440
1759621471630 0.05059351012416976 4034560
1759621486888 0.048534307078667474 4039680
1759621502310 0.05081591180112506 4044800
1759621515879 0.0491057454274084 4049920
1759621529042 0.04967149239963607 4055040
1759621548824 0.0502285016647085 4060160
1759621560682 0.05275148373951812 4065280
1759621572839 0.047576198635446716 4070400
1759621584780 0.04865113995956194 4075520
1759621601652 0.04840011883786857 4080640
1759621615016 0.048605075798904475 4085760
1759621627111 0.04873096997792776 4090880
1759621644087 0.047888854431289644 4096000
1759621656182 0.048171532326677834 4101120
1759621670546 0.04873733159105428 4106240
1759621685815 0.04997844762536159 4111360
1759621698370 0.0487144326487752 4116480
1759621710166 0.04600831717326755 4121600
1759621725771 0.04634993668378538 4126720
1759621741643 0.046610566007842864 4131840
1759621754131 0.049642438588830336 4136960
1759621766914 0.04768392494039493 4142080
1759621780277 0.04852117342114361 4147200
1759621795945 0.04870988372750065 4152320
1759621811452 0.04634929883365589 4157440
1759621823166 0.04560714821128263 4162560
1759621836738 0.0474845155337846 4167680
1759621850315 0.04676311168165273 4172800
1759621866759 0.046630392843413304 4177920
1759621879466 0.04463588053609481 4183040
1759621893885 0.04658583503747389 4188160
1759621907549 0.043938636966049674 4193280
1759621921083 0.04485504370844966 4198400
1759621935780 0.04484048398366743 4203520
1759621947890 0.045686794272654534 4208640
1759621963778 0.045557774932090234 4213760
1759621977241 0.04272014439265088 4218880
1759621991482 0.043594020902677125 4224000
1759622003454 0.045210356009378755 4229120
1759622017933 0.04519703392825689 4234240
1759622035042 0.04501026649171101 4239360
1759622047457 0.04497926723997316 4244480
1759622059498 0.04293502259903487 4249600
1759622071448 0.043728915582607296 4254720
1759622089608 0.045045896299582666 4259840
1759622102733 0.04633669937910281 4264960
1759622114991 0.04301504616656197 4270080
1759622132657 0.04294522548543996 4275200
1759622146184 0.044057592881464325 4280320
1759622158679 0.044554578067580876 4285440
1759622172091 0.04319760293671579 4290560
1759622191614 0.04231563746304145 4295680
1759622203412 0.0424607687579879 4300800
1759622220302 0.04435902449045078 4305920
1759622235101 0.043286123028902175 4311040
1759622253758 0.04204976300813216 4316160
1759622266137 0.044375044744293206 4321280
1759622280566 0.044923878979807035 4326400
1759622297882 0.04431884538420152 4331520
1759622309798 0.04471425064562401 4336640
1759622323050 0.04401083462532329 4341760
1759622336500 0.045023429994587624 4346880
1759622352572 0.04602843203619771 4352000
1759622365310 0.044742620887612945 4357120
1759622380732 0.0428760905020731 4362240
1759622395500 0.04226336476951488 4367360
1759622408413 0.044208076546717455 4372480
1759622421480 0.04283673149943909 4377600
1759622436508 0.04504518978953835 4382720
1759622449851 0.04309021749064792 4387840
1759622463137 0.043782955126116754 4392960
1759622480938 0.04045164065654051 4398080
1759622492812 0.04242585064006167 4403200
1759622506914 0.04318023492057435 4408320
1759622521537 0.04494374593098959 4413440
1759622535695 0.04192556888555575 4418560
1759622547565 0.04025785679674844 4423680
1759622561756 0.04107515557298383 4428800
1759622579233 0.04246249959695094 4433920
1759622590676 0.042086736214556816 4439040
1759622605716 0.043982465990510734 4444160
1759622621571 0.04192833349664146 4449280
1759622634351 0.04185963755392584 4454400
1759622646099 0.040897534241689466 4459520
1759622662249 0.041858787247960216 4464640
1759622680807 0.04071937474536066 4469760
1759622693246 0.04289712663701567 4474880
1759622708362 0.04238801773984864 4480000
1759622723849 0.04148339887809274 4485120
1759622742371 0.04274015078738135 4490240
1759622763394 0.04247179819766006 4495360
1759622780854 0.042222055681626076 4500480
1759622797253 0.04108725744766205 4505600
1759622813167 0.040303610283517866 4510720
1759622835121 0.043022566678382945 4515840
1759622850829 0.04087125853351925 4520960
1759622867775 0.04136986671004245 4526080
1759622887289 0.04152661516178371 4531200
1759622906268 0.041450017646267844 4536320
1759622929006 0.04125018137010828 4541440
1759622947431 0.04152318855256439 4546560
1759622975823 0.04226276287880235 4551680
1759622992285 0.04104497974252625 4556800
1759623004533 0.041224202818673644 4561920
1759623020063 0.04049611176057023 4567040
1759623035041 0.04038077494086997 4572160
1759623049612 0.04189288331955185 4577280
1759623063235 0.040922567991405 4582400
1759623080175 0.03966102766102112 4587520
1759623094500 0.03928284430365662 4592640
1759623107681 0.03993571032343822 4597760
1759623120204 0.04122827672449295 4602880
1759623137668 0.040507758190779654 4608000
1759623151696 0.041805711916378746 4613120
1759623166009 0.04152769529748137 4618240
1759623182682 0.03997023517416049 4623360
1759623195785 0.04074440706991775 4628480
1759623208965 0.03950896210445011 4633600
1759623221355 0.04021932664651056 4638720
1759623237880 0.04091645010354448 4643840
1759623251503 0.039567853511364236 4648960
1759623265899 0.03869263510110354 4654080
1759623283560 0.04005657536358499 4659200
1759623296020 0.037809048293451136 4664320
1759623309692 0.039064423114263926 4669440
1759623322599 0.04032538577333334 4674560
1759623339103 0.03858448283934692 4679680
1759623352030 0.03828077270434453 4684800
1759623363868 0.038588239823436926 4689920
1759623382661 0.04028813108002521 4695040
1759623396338 0.040245023830034095 4700160
1759623408504 0.04004257515889858 4705280
1759623421562 0.040250594966749965 4710400
1759623437493 0.03971682866138321 4715520
1759623450534 0.039566787838858294 4720640
1759623463792 0.0399510207994352 4725760
1759623482014 0.03901934678408523 4730880
1759623494995 0.03991392987453726 4736000
1759623507669 0.04171712760455766 4741120
1759623520558 0.041234696991388084 4746240
1759623537296 0.041518964522924175 4751360
1759623550123 0.041469663101899125 4756480
1759623564954 0.04034115055816657 4761600
1759623580497 0.041632467569764124 4766720
1759623592675 0.041733556181492916 4771840
1759623606401 0.041827801599351316 4776960
1759623620531 0.04024502683364715 4782080
1759623635148 0.04076578806770266 4787200
1759623646754 0.04016235129900962 4792320
1759623665854 0.04160249521220489 4797440
1759623678451 0.040229590771117464 4802560
1759623690051 0.03968712028490421 4807680
1759623705106 0.042737492356648275 4812800
1759623722229 0.042859012362200105 4817920
1759623734918 0.040971577190285 4823040
1759623746881 0.040623874761372726 4828160
1759623766063 0.041214619559571036 4833280
1759623778115 0.043568452051318506 4838400
1759623791838 0.041850947225051005 4843520
1759623804326 0.04291883799675349 4848640
1759623820560 0.04170981497483977 4853760
1759623832025 0.04193063511709799 4858880
1759623849170 0.042487560024112934 4864000
1759623864434 0.04332966479661587 4869120
1759623877174 0.040551692631734915 4874240
1759623890644 0.040928594874975514 4879360
1759623907806 0.04323845833158923 4884480
1759623919263 0.04395358662309758 4889600
1759623932700 0.04320977491655252 4894720
1759623952207 0.04062486047581355 4899840
1759623964732 0.04264975917834475 4904960
1759623977693 0.04043579220871214 4910080
1759623990167 0.04148046985762091 4915200
1759624006477 0.04250369486687732 4920320
1759624022074 0.04217032228579667 4925440
1759624035543 0.04129387342256565 4930560
1759624049595 0.04199002180275544 4935680
1759624065628 0.04221579167934754 4940800
1759624078195 0.04199579649893449 4945920
1759624090884 0.0433992069550444 4951040
1759624105196 0.042720534599066225 4956160
1759624122391 0.04240645752236512 4961280
1759624134666 0.04101766736894213 4966400
1759624148848 0.042198795855929075 4971520
1759624165043 0.042087137206202545 4976640
1759624178490 0.043303307808822335 4981760
1759624193774 0.042507670024072235 4986880
1759624205598 0.04186987243195456 4992000
1759624223572 0.043273741455015606 4997120
1759624227312 0.01745780977635459 5000192
