1771133648458 1.1502255201339722 6144
1771133660520 1.1448127031326294 12288
1771133669076 1.1518224477767944 18432
1771133678557 1.1537927389144897 24576
1771133687769 1.1479078531265259 30720
1771133696593 1.1489449739456177 36864
1771133705407 1.1499847173690796 43008
1771133714869 1.1528892517089844 49152
1771133723737 1.1511385440826416 55296
1771133732939 1.1530662775039673 61440
1771133741623 1.1540106534957886 67584
1771133750813 1.1567983627319336 73728
1771133759780 1.1591722965240479 79872
1771133768987 1.15498948097229 86016
1771133777702 1.1550847291946411 92160
1771133786974 1.1515840291976929 98304
1771133795769 1.1500118970870972 104448
1771133804489 1.1490812301635742 110592
1771133813744 1.1487573385238647 116736
1771133823043 1.148685097694397 122880
1771133831861 1.1493451595306396 129024
1771133840514 1.1486269235610962 135168
1771133849829 1.1483970880508423 141312
1771133858943 1.1488864421844482 147456
1771133867950 1.1491581201553345 153600
1771133876978 1.150301456451416 159744
1771133886006 1.1514711380004883 165888
1771133895136 1.1530261039733887 172032
1771133904706 1.1529897451400757 178176
1771133913529 1.1510223150253296 184320
1771133922897 1.1498035192489624 190464
1771133931658 1.1493993997573853 196608
1771133940817 1.1508030891418457 202752
1771133950350 1.1509606838226318 208896
1771133958965 1.1533749103546143 215040
1771133968545 1.153600811958313 221184
1771133977421 1.1537327766418457 227328
1771133986619 1.1541866064071655 233472
1771133995297 1.1538035869598389 239616
1771134004429 1.1526862382888794 245760
1771134013173 1.1518292427062988 251904
1771134022353 1.1502611637115479 258048
1771134031525 1.1497894525527954 264192
1771134040121 1.1501516103744507 270336
1771134049322 1.1501189470291138 276480
1771134058663 1.150544285774231 282624
1771134067573 1.1501247882843018 288768
1771134076659 1.1496646404266357 294912
1771134082555 1.1498857736587524 301056
