1771133648454 -0.9734625816345215 6144
1771133660514 -1.8345674276351929 12288
1771133669070 -2.746016502380371 18432
1771133678551 -3.4522836208343506 24576
1771133687763 -4.460412979125977 30720
1771133696586 -4.928630352020264 36864
1771133705401 -5.310924530029297 43008
1771133714863 -5.422657489776611 49152
1771133723731 -5.584592819213867 55296
1771133732932 -6.340048313140869 61440
1771133741617 -7.133276462554932 67584
1771133750807 -7.647974491119385 73728
1771133759773 -8.023674964904785 79872
1771133768980 -8.156062126159668 86016
1771133777695 -8.569031715393066 92160
1771133786967 -8.766648292541504 98304
1771133795762 -8.964096069335938 104448
1771133804482 -9.245388984680176 110592
1771133813738 -9.243751525878906 116736
1771133823036 -9.352494239807129 122880
1771133831854 -9.35186767578125 129024
1771133840507 -9.384422302246094 135168
1771133849822 -9.349504470825195 141312
1771133858936 -9.267748832702637 147456
1771133867943 -9.21467399597168 153600
1771133876971 -9.16666316986084 159744
1771133885999 -9.161441802978516 165888
1771133895129 -9.07028579711914 172032
1771133904698 -8.97042465209961 178176
1771133913521 -8.870335578918457 184320
1771133922889 -8.866028785705566 190464
1771133931651 -8.738694190979004 196608
1771133940809 -8.704728126525879 202752
1771133950343 -8.583113670349121 208896
1771133958958 -8.54304027557373 215040
1771133968537 -8.619430541992188 221184
1771133977413 -8.810973167419434 227328
1771133986611 -9.092453002929688 233472
1771133995289 -9.460211753845215 239616
1771134004421 -9.788878440856934 245760
1771134013165 -10.094775199890137 251904
1771134022345 -10.343795776367188 258048
1771134031517 -10.81338119506836 264192
1771134040112 -11.119915008544922 270336
1771134049313 -11.464118003845215 276480
1771134058654 -11.96776294708252 282624
1771134067565 -12.32451343536377 288768
1771134076650 -12.974377632141113 294912
1771134082546 -13.370939254760742 301056
