1771133648458 1.080617070198059 6144
1771133660520 1.0906611680984497 12288
1771133669076 1.0892268419265747 18432
1771133678557 0.9679064750671387 24576
1771133687769 0.9092541933059692 30720
1771133696593 0.9351348280906677 36864
1771133705407 0.9592800140380859 43008
1771133714869 0.9907917380332947 49152
1771133723737 1.0016603469848633 55296
1771133732939 1.0007442235946655 61440
1771133741623 0.9865772724151611 67584
1771133750813 1.0039501190185547 73728
1771133759780 1.0174190998077393 79872
1771133768987 1.020040512084961 86016
1771133777702 1.0303113460540771 92160
1771133786974 1.0303603410720825 98304
1771133795769 1.0307910442352295 104448
1771133804489 1.0345215797424316 110592
1771133813744 1.0389741659164429 116736
1771133823043 1.042393684387207 122880
1771133831861 1.0441795587539673 129024
1771133840514 1.0454649925231934 135168
1771133849829 1.0470843315124512 141312
1771133858943 1.051732063293457 147456
1771133867950 1.0530256032943726 153600
1771133876978 1.0555802583694458 159744
1771133886006 1.0578498840332031 165888
1771133895136 1.0590591430664062 172032
1771133904706 1.0580058097839355 178176
1771133913529 1.0552059412002563 184320
1771133922897 1.0514112710952759 190464
1771133931658 1.0505969524383545 196608
1771133940817 1.0502147674560547 202752
1771133950350 1.049375057220459 208896
1771133958965 1.0501645803451538 215040
1771133968545 1.0462818145751953 221184
1771133977421 1.0419656038284302 227328
1771133986619 1.035335898399353 233472
1771133995297 1.029369592666626 239616
1771134004429 1.023472547531128 245760
1771134013173 1.0213068723678589 251904
1771134022353 1.0182918310165405 258048
1771134031525 1.0176796913146973 264192
1771134040121 1.017290472984314 270336
1771134049322 1.0170458555221558 276480
1771134058663 1.0169990062713623 282624
1771134067573 1.016578197479248 288768
1771134076659 1.0167685747146606 294912
1771134082555 1.0178723335266113 301056
