1771133648454 175.67029653208243 6144
1771133660514 164.91581803169112 12288
1771133669070 174.85009171252293 18432
1771133678551 177.14676690459095 24576
1771133687763 173.785125336648 30720
1771133696586 171.28696859558133 36864
1771133705401 170.86829347781807 43008
1771133714863 181.99704937950187 49152
1771133723731 170.89614146599845 55296
1771133732932 174.39933471933472 61440
1771133741617 176.2238561404983 67584
1771133750807 186.1652907234798 73728
1771133759773 174.86467105811724 79872
1771133768980 174.2399468261881 86016
1771133777695 172.71171505044265 92160
1771133786967 173.555013034303 98304
1771133795762 174.76266666666666 104448
1771133804482 174.15313070918452 110592
1771133813738 176.12026034012177 116736
1771133823036 176.79581858034058 122880
1771133831854 173.04662100833403 129024
1771133840507 174.4791380673073 135168
1771133849822 179.24376068376068 141312
1771133858936 174.98869372940047 147456
1771133867943 176.49823262077092 153600
1771133876971 176.98978816777787 159744
1771133885999 172.9039492126309 165888
1771133895129 175.38381768764373 172032
1771133904698 174.7699487478645 178176
1771133913521 175.60410299351057 184320
1771133922889 177.58177738261568 190464
1771133931651 175.6335161844144 196608
1771133940809 172.00344474061924 202752
1771133950343 189.02627428004868 208896
1771133958958 172.27190208239207 215040
1771133968537 174.65350822402664 221184
1771133977413 176.21645239895807 227328
1771133986611 172.60510288065845 233472
1771133995289 174.15313070918452 239616
1771134004421 179.8663750589648 245760
1771134013165 177.2740490278952 251904
1771134022345 176.54280663355502 258048
1771134031517 179.95126136948687 264192
1771134040112 179.79698216735252 270336
1771134049313 172.21531513036336 276480
1771134058654 176.55766964135375 282624
1771134067565 177.15424902855213 288768
1771134076650 177.75487370740802 294912
1771134082546 175.38381768764373 301056
