1771732444968 381.5817565917969 6144
1771732457584 379.326171875 12288
1771732466408 379.63275146484375 18432
1771732472637 377.19378662109375 24576
1771732485358 378.6520690917969 30720
1771732498305 380.4966125488281 36864
1771732507097 383.380126953125 43008
1771732513828 386.8485107421875 49152
1771732525940 387.8489074707031 55296
1771732539256 389.6619873046875 61440
1771732548676 390.4197082519531 67584
1771732554842 391.0347595214844 73728
1771732567149 392.17132568359375 79872
1771732580241 393.3072204589844 86016
1771732590909 393.8210754394531 92160
1771732595603 394.44171142578125 98304
1771732608670 394.8551025390625 104448
1771732620358 395.0525817871094 110592
1771732632734 395.5796203613281 116736
1771732636781 395.79132080078125 122880
1771732649608 395.8999938964844 129024
1771732661027 396.32489013671875 135168
1771732674028 396.7590026855469 141312
1771732677759 397.3443603515625 147456
1771732690505 397.5061340332031 153600
1771732702074 397.7040710449219 159744
1771732714911 397.85198974609375 165888
1771732718740 398.26251220703125 172032
1771732732094 398.7142333984375 178176
1771732742601 398.825439453125 184320
1771732755462 398.9171142578125 190464
1771732760295 398.9579162597656 196608
1771732772723 399.0149841308594 202752
1771732783500 399.2602844238281 208896
1771732796228 399.2456970214844 215040
1771732801264 399.3116455078125 221184
1771732814131 399.39117431640625 227328
1771732824094 399.4078369140625 233472
1771732837204 399.50689697265625 239616
1771732843084 399.5547790527344 245760
1771732854326 399.5774230957031 251904
1771732864584 399.77508544921875 258048
1771732877893 399.8450012207031 264192
1771732884236 399.80413818359375 270336
1771732895478 400.074462890625 276480
1771732905430 400.1419982910156 282624
1771732918883 400.3372802734375 288768
1771732924906 400.25115966796875 294912
1771732933604 400.2185974121094 301056
