1771732444965 -0.3833376467227936 6144
1771732457580 -0.38802483677864075 12288
1771732466405 -0.48531055450439453 18432
1771732472634 -0.42295822501182556 24576
1771732485354 -0.5507515668869019 30720
1771732498302 -0.2017562836408615 36864
1771732507094 -0.32991278171539307 43008
1771732513825 -0.4853171408176422 49152
1771732525937 -0.4056893289089203 55296
1771732539253 -0.8048774600028992 61440
1771732548673 -0.47086167335510254 67584
1771732554838 -0.6311274170875549 73728
1771732567146 -0.9206066131591797 79872
1771732580238 -1.0099395513534546 86016
1771732590906 -1.2114830017089844 92160
1771732595600 -1.318770408630371 98304
1771732608667 -1.2902790307998657 104448
1771732620355 -0.8210399150848389 110592
1771732632731 -1.1708256006240845 116736
1771732636778 -1.2262191772460938 122880
1771732649605 -0.7305619120597839 129024
1771732661023 -0.8841797709465027 135168
1771732674025 -1.0847992897033691 141312
1771732677756 -0.804520845413208 147456
1771732690501 -1.0134881734848022 153600
1771732702071 -1.0825949907302856 159744
1771732714907 -1.0501784086227417 165888
1771732718737 -1.0268827676773071 172032
1771732732091 -1.3607996702194214 178176
1771732742598 -1.2320857048034668 184320
1771732755458 -1.228824257850647 190464
1771732760292 -1.0876413583755493 196608
1771732772719 -1.3933693170547485 202752
1771732783496 -1.1434162855148315 208896
1771732796225 -1.3547121286392212 215040
1771732801261 -1.304327130317688 221184
1771732814127 -1.3961257934570312 227328
1771732824091 -1.515870451927185 233472
1771732837201 -1.5096524953842163 239616
1771732843081 -1.496626377105713 245760
1771732854323 -1.537052035331726 251904
1771732864581 -1.3692511320114136 258048
1771732877889 -1.5864152908325195 264192
1771732884233 -1.4668421745300293 270336
1771732895475 -1.1229286193847656 276480
1771732905427 -1.7892783880233765 282624
1771732918880 -1.4277472496032715 288768
1771732924902 -1.4957351684570312 294912
1771732933601 -1.7392127513885498 301056
