1771732444968 16.10310935974121 6144
1771732457584 16.592880249023438 12288
1771732466408 17.241090774536133 18432
1771732472637 17.457590103149414 24576
1771732485358 17.544858932495117 30720
1771732498305 17.655122756958008 36864
1771732507097 17.33542251586914 43008
1771732513828 16.89055824279785 49152
1771732525940 16.637853622436523 55296
1771732539256 16.434804916381836 61440
1771732548676 16.316116333007812 67584
1771732554842 16.24496841430664 73728
1771732567149 16.161495208740234 79872
1771732580241 16.011381149291992 86016
1771732590909 15.976289749145508 92160
1771732595603 15.817790031433105 98304
1771732608670 15.746101379394531 104448
1771732620358 15.736248016357422 110592
1771732632734 15.693835258483887 116736
1771732636781 15.665380477905273 122880
1771732649608 15.62625789642334 129024
1771732661027 15.594674110412598 135168
1771732674028 15.56756591796875 141312
1771732677759 15.568446159362793 147456
1771732690505 15.548907279968262 153600
1771732702074 15.536898612976074 159744
1771732714911 15.499958038330078 165888
1771732718740 15.458745002746582 172032
1771732732094 15.457666397094727 178176
1771732742601 15.462329864501953 184320
1771732755462 15.46326732635498 190464
1771732760295 15.458528518676758 196608
1771732772723 15.467100143432617 202752
1771732783500 15.451713562011719 208896
1771732796228 15.447786331176758 215040
1771732801264 15.463313102722168 221184
1771732814131 15.452025413513184 227328
1771732824094 15.451140403747559 233472
1771732837204 15.44024658203125 239616
1771732843084 15.43207836151123 245760
1771732854326 15.402209281921387 251904
1771732864584 15.37762451171875 258048
1771732877893 15.356307029724121 264192
1771732884236 15.374067306518555 270336
1771732895478 15.369470596313477 276480
1771732905430 15.373661994934082 282624
1771732918883 15.338047981262207 288768
1771732924906 15.351208686828613 294912
1771732933604 15.351181030273438 301056
