1771732444965 67.62170702608583 6144
1771732457580 63.49137917984893 12288
1771732466405 68.87990409406665 18432
1771732472634 61.72541978778826 24576
1771732485354 67.70903690310917 30720
1771732498302 66.85108621156819 36864
1771732507094 63.67838219442209 43008
1771732513825 64.14093467090775 49152
1771732525937 59.34468073064788 55296
1771732539253 72.27197380890841 61440
1771732548673 65.47870613213438 67584
1771732554838 62.79086200185634 73728
1771732567146 61.53615023474178 79872
1771732580238 69.20151790133642 86016
1771732590906 2.529762971031669 92160
1771732595600 70.12244625004179 98304
1771732608667 59.948602872865 104448
1771732620355 71.03451546252074 110592
1771732632731 71.42036882524222 116736
1771732636778 71.27715183957855 122880
1771732649605 59.7811319679024 129024
1771732661023 66.33827855629013 135168
1771732674025 68.01757885348253 141312
1771732677756 69.31588167245083 147456
1771732690501 60.52823436034346 153600
1771732702071 68.3378519290928 159744
1771732714907 64.74289948135342 165888
1771732718737 67.88657257542405 172032
1771732732091 61.25843812528297 178176
1771732742598 55.52133855766176 184320
1771732755458 69.67166658361157 190464
1771732760292 71.74778904873502 196608
1771732772719 57.40039140014506 202752
1771732783496 72.74200485605272 208896
1771732796225 68.72077858242946 215040
1771732801261 55.87488343590973 221184
1771732814127 2.6060609826262766 227328
1771732824091 54.30011781002809 233472
1771732837201 48.50420362425265 239616
1771732843081 68.85050641015118 245760
1771732854323 61.38574794737073 251904
1771732864581 61.8847969782814 258048
1771732877889 46.521706337762595 264192
1771732884233 2.9348816965941324 270336
1771732895475 63.59631246967491 276480
1771732905427 72.51061475693244 282624
1771732918880 7.2829410253026525 288768
1771732924902 69.97504170837504 294912
1771732933601 6.952188520935444 301056
