1771732444968 21.869443893432617 6144
1771732457584 22.962045669555664 12288
1771732466408 23.694931030273438 18432
1771732472637 24.12354850769043 24576
1771732485358 23.99077033996582 30720
1771732498305 23.990388870239258 36864
1771732507097 22.698406219482422 43008
1771732513828 21.35755729675293 49152
1771732525940 20.537639617919922 55296
1771732539256 19.771154403686523 61440
1771732548676 19.48952293395996 67584
1771732554842 19.190793991088867 73728
1771732567149 18.828561782836914 79872
1771732580241 18.392175674438477 86016
1771732590909 18.2448673248291 92160
1771732595603 17.856426239013672 98304
1771732608670 17.620615005493164 104448
1771732620358 17.581953048706055 110592
1771732632734 17.44320297241211 116736
1771732636781 17.355175018310547 122880
1771732649608 17.22500991821289 129024
1771732661027 17.104652404785156 135168
1771732674028 16.971506118774414 141312
1771732677759 16.85765838623047 147456
1771732690505 16.749961853027344 153600
1771732702074 16.692310333251953 159744
1771732714911 16.56971549987793 165888
1771732718740 16.45577621459961 172032
1771732732094 16.426664352416992 178176
1771732742601 16.44134521484375 184320
1771732755462 16.407800674438477 190464
1771732760295 16.368717193603516 196608
1771732772723 16.332218170166016 202752
1771732783500 16.255374908447266 208896
1771732796228 16.269123077392578 215040
1771732801264 16.26749610900879 221184
1771732814131 16.205585479736328 227328
1771732824094 16.1704044342041 233472
1771732837204 16.149921417236328 239616
1771732843084 16.098663330078125 245760
1771732854326 16.02239418029785 251904
1771732864584 15.96802043914795 258048
1771732877893 15.913418769836426 264192
1771732884236 15.94760513305664 270336
1771732895478 15.916914939880371 276480
1771732905430 15.916211128234863 282624
1771732918883 15.85245418548584 288768
1771732924906 15.870357513427734 294912
1771732933604 15.85920238494873 301056
