1771207830201 29.516923904418945 5120
1771207843861 24.739540100097656 10240
1771207857472 20.282285690307617 15360
1771207870731 18.360305786132812 20480
1771207894199 21.265644073486328 25600
1771207908084 21.91055679321289 30720
1771207921787 25.981060028076172 35840
1771207935626 27.66620445251465 40960
1771207959325 26.59259605407715 46080
1771207972895 23.42873764038086 51200
1771207986325 24.063161849975586 56320
1771207999842 24.354778289794922 61440
1771208023602 24.104740142822266 66560
1771208037337 19.620731353759766 71680
1771208050720 19.255773544311523 76800
1771208064466 18.795711517333984 81920
1771208087624 17.292150497436523 87040
1771208101314 15.44757080078125 92160
1771208115307 13.399394035339355 97280
1771208129024 13.111981391906738 102400
1771208150673 12.252248764038086 107520
1771208164916 12.363462448120117 112640
1771208179760 12.299154281616211 117760
1771208193422 13.483831405639648 122880
1771208214245 13.634458541870117 128000
1771208228365 12.65595531463623 133120
1771208243499 14.9961576461792 138240
1771208257454 14.06383991241455 143360
1771208277459 12.873106002807617 148480
1771208292609 12.690065383911133 153600
1771208307452 13.174356460571289 158720
1771208321058 12.086064338684082 163840
1771208340635 12.789790153503418 168960
1771208357165 11.187929153442383 174080
1771208371490 12.229608535766602 179200
1771208385101 13.227864265441895 184320
1771208403952 12.206405639648438 189440
1771208422059 12.535982131958008 194560
1771208435596 11.89135456085205 199680
1771208449011 13.49463176727295 204800
1771208467257 11.584572792053223 209920
1771208486302 12.803135871887207 215040
1771208500141 11.612074851989746 220160
1771208513557 11.799001693725586 225280
1771208530695 11.391197204589844 230400
1771208551169 13.036761283874512 235520
1771208565063 11.66197681427002 240640
1771208578178 11.805206298828125 245760
1771208594131 11.304096221923828 250880
1771208615088 11.843931198120117 256000
1771208629109 11.999963760375977 261120
1771208642357 12.023431777954102 266240
1771208657517 11.712871551513672 271360
1771208679385 12.570658683776855 276480
1771208693220 12.594503402709961 281600
1771208707160 12.542213439941406 286720
1771208720520 11.782896041870117 291840
1771208743576 11.959024429321289 296960
1771208745048 11.230448722839355 300032
