1760123637123 21.841726618705035 5120
1760123658597 21.71760154738878 10240
1760123680321 21.699867197875164 15360
1760123708872 21.53159478435306 20480
1760123730666 21.59512195121951 25600
1760123751779 21.57551020408163 30720
1760123774458 21.679034157832746 35840
1760123801836 21.69596690796277 40960
1760123823632 21.63051470588235 46080
1760123849051 21.607453416149067 51200
1760123870605 21.60844964164466 56320
1760123892782 21.644244105409154 61440
1760123913448 21.757653883338705 66560
1760123943748 21.842500751427714 71680
1760123963905 21.82047685834502 76800
1760123986093 21.796159915833773 81920
1760124007641 21.787871287128713 87040
1760124033684 21.76975222066386 92160
1760124057417 21.71684350132626 97280
1760124078874 21.719478882118093 102400
1760124102581 21.723813338674145 107520
1760124124282 21.717316513761467 112640
1760124147590 21.718178493050477 117760
1760124172199 21.716690042075736 122880
1760124195983 21.700874831763123 128000
1760124217829 21.691897137311983 133120
1760124240776 21.683694128640397 138240
1760124266900 21.680787141354966 143360
1760124288230 21.672756270842395 148480
1760124309263 21.676342728930024 153600
1760124333224 21.676258992805757 158720
1760124358267 21.663862232154596 163840
1760124380106 21.671980614717512 168960
1760124403447 21.655697142150192 174080
1760124425927 21.65520971037135 179200
1760124448974 21.647739221871714 184320
1760124470580 21.646470387632146 189440
1760124497279 21.644968449020258 194560
1760124520424 21.647858452907542 199680
1760124541904 21.64135464871687 204800
1760124562062 21.637492304535193 209920
1760124591872 21.632749123685528 215040
1760124612580 21.631944444444443 220160
1760124633861 21.633964429145152 225280
1760124654541 21.63708621657004 230400
1760124683389 21.636413540713633 235520
1760124704757 21.63205013428827 240640
1760124725323 21.62929523141655 245760
1760124746289 21.636941580756012 250880
1760124774147 21.638598854833276 256000
1760124795553 21.63760937757966 261120
1760124816876 21.6342292746114 266240
1760124840773 21.63544645694312 271360
1760124865814 21.632748538011697 276480
1760124888070 21.638055130168453 281600
1760124910444 21.6395908543923 286720
1760124931539 21.635980790543037 291840
1760124957121 21.62626115990419 296960
1760124967069 21.627424122269485 300032
