1760125019733 1.1168694070407323 5120
1760125035949 1.1436048786814619 10240
1760125053007 1.2049730505262102 15360
1760125079088 1.2692876757997456 20480
1760125097523 1.290370663160523 25600
1760125115443 1.2836064474049242 30720
1760125132548 1.282840583848268 35840
1760125153550 1.2883137741043373 40960
1760125172246 1.2885150363021567 46080
1760125194521 1.2886784183513107 51200
1760125211892 1.2836979021486596 56320
1760125228019 1.2892480893345022 61440
1760125248170 1.2797781928583734 66560
1760125273796 1.276974891403974 71680
1760125290322 1.2807547144883804 76800
1760125308790 1.2864412806879635 81920
1760125326962 1.2870639707595566 87040
1760125350712 1.2884953179946081 92160
1760125368633 1.292959120145919 97280
1760125384664 1.2881052640065653 102400
1760125404351 1.2961547730501886 107520
1760125425490 1.2959865755971383 112640
1760125447225 1.2966701811553272 117760
1760125463522 1.2983040113676385 122880
1760125481680 1.2964458667679337 128000
1760125500736 1.3011673931991359 133120
1760125523809 1.3054544303110514 138240
1760125540983 1.3062777276739193 143360
1760125559853 1.3130246148566123 148480
1760125576518 1.3106262124652068 153600
1760125597126 1.3127238959137641 158720
1760125618359 1.3107493353671715 163840
1760125636100 1.3138805865968508 168960
1760125655641 1.317003726826737 174080
1760125675258 1.3176450650851919 179200
1760125694972 1.313636237509574 184320
1760125714402 1.3146077390074258 189440
1760125733760 1.319390111176864 194560
1760125753265 1.319355199597298 199680
1760125769565 1.318935801911416 204800
1760125791917 1.3178710439090722 209920
1760125811895 1.3173259691797572 215040
1760125830164 1.3195582118699107 220160
1760125848276 1.3192435925767505 225280
1760125866695 1.3212595357912895 230400
1760125889762 1.320852768485994 235520
1760125906876 1.3197007491406667 240640
1760125924333 1.3184958359148593 245760
1760125946752 1.3179990362629401 250880
1760125965983 1.3194514941899027 256000
1760125983926 1.3202476308999558 261120
1760126005614 1.3198414690583513 266240
1760126026523 1.3202620200855961 271360
1760126044536 1.3171526046756932 276480
1760126061512 1.3156931548223756 281600
1760126087252 1.3170212094480611 286720
1760126103783 1.3186476579565085 291840
1760126121532 1.319269980108677 296960
1760126133974 1.3193417464607105 300032
