1760125019729 23.76020685831706 5120
1760125035945 6.852889234369451 10240
1760125053002 4.284499824047089 15360
1760125079083 3.566926638285319 20480
1760125097518 2.6889137488145094 25600
1760125115439 2.2549510463591544 30720
1760125132541 1.9132515324486628 35840
1760125153545 1.8863806608246594 40960
1760125172241 1.7945156926694124 46080
1760125194516 1.633003178764792 51200
1760125211887 1.5082060950142997 56320
1760125228011 1.4376907348632812 61440
1760125248165 1.3089677637273616 66560
1760125273789 1.2488918573084011 71680
1760125290316 1.1093997453388416 76800
1760125308784 1.079138673382041 81920
1760125326955 0.9698132359704306 87040
1760125350705 0.977930425287603 92160
1760125368628 0.9223140875498453 97280
1760125384657 0.8457762274411645 102400
1760125404343 0.8043060662611475 107520
1760125425484 0.7570460379660666 112640
1760125447215 0.7617601361767999 117760
1760125463517 0.6741563938865976 122880
1760125481674 0.6961600439889091 128000
1760125500730 0.6386632700912825 133120
1760125523801 0.6308779015260584 138240
1760125540977 0.6625758908319135 143360
1760125559848 0.6176831558959125 148480
1760125576513 0.5625421132472966 153600
1760125597121 0.5566676090925168 158720
1760125618354 0.5545818139307247 163840
1760125636093 0.5425781801522497 168960
1760125655631 0.5272365926999097 174080
1760125675236 0.49044602567499335 179200
1760125694964 0.5210618603953999 184320
1760125714396 0.47225044619652534 189440
1760125733754 0.44513383336092166 194560
1760125753259 0.4245233876364572 199680
1760125769558 0.4488098846739204 204800
1760125791906 0.4449695661229995 209920
1760125811888 0.40909789749796355 215040
1760125830157 0.40076035923428005 220160
1760125848269 0.3951228387754967 225280
1760125866689 0.39547872121355176 230400
1760125889751 0.4010865595433619 235520
1760125906869 0.37254489478418384 240640
1760125924326 0.3715173475969876 245760
1760125946744 0.3662085959581825 250880
1760125965972 0.3624350711168996 256000
1760125983890 0.32809245586395264 261120
1760126005607 0.34082123328899516 266240
1760126026515 0.34980915184307815 271360
1760126044530 0.34016429718130187 276480
1760126061506 0.3283930515897447 281600
1760126087246 0.31395541900417556 286720
1760126103777 0.30889020933137906 291840
1760126121523 0.3085218213268162 296960
1760126133967 0.13920692860469883 300032
