1760125019729 270.9673751534337 5120
1760125035945 134.32949013579298 10240
1760125053002 76.6951433586893 15360
1760125079083 96.97140082768826 20480
1760125097518 82.49196577834596 25600
1760125115439 113.95397614584182 30720
1760125132541 58.201679039755774 35840
1760125153545 49.70791310634163 40960
1760125172241 77.3799719577891 46080
1760125194516 178.9149852834535 51200
1760125211887 56.809524454497435 56320
1760125228011 110.09249829387369 61440
1760125248165 83.34599793339162 66560
1760125273789 74.91969134038297 71680
1760125290316 70.53280866377426 76800
1760125308784 97.97028870410165 81920
1760125326955 110.65013454334407 87040
1760125350705 72.68779786146301 92160
1760125368628 67.40653124196452 97280
1760125384657 70.48065871282138 102400
1760125404343 72.79755623437934 107520
1760125425484 83.422252277338 112640
1760125447215 94.12710951526033 117760
1760125463517 84.12330772779238 122880
1760125481674 118.99409895596914 128000
1760125500730 82.21707340978143 133120
1760125523801 60.62534690101758 138240
1760125540977 60.584189163813896 143360
1760125559848 117.74476447139408 148480
1760125576513 111.31970911407187 153600
1760125597121 66.61008766357514 158720
1760125618354 110.52766944239485 163840
1760125636093 113.23714902807775 168960
1760125655631 109.52329224984332 174080
1760125675236 27.062644772074716 179200
1760125694964 122.3792489714936 184320
1760125714396 100.05496183206107 189440
1760125733754 98.16289084441117 194560
1760125753259 71.30744644678681 199680
1760125769558 85.99643245238144 204800
1760125791906 69.0227261507068 209920
1760125811888 134.23061413895735 215040
1760125830157 109.06477364328991 220160
1760125848269 59.0547420590223 225280
1760125866689 122.19741288894069 230400
1760125889751 96.87061758048871 235520
1760125906869 159.68567730145435 240640
1760125924326 114.96598415700463 245760
1760125946744 38.24790946644659 250880
1760125965972 68.45496238024514 256000
1760125983890 147.22538523640702 261120
1760126005607 71.23357279937501 266240
1760126026515 44.88334813641666 271360
1760126044530 60.153226153426935 276480
1760126061506 100.25585620040157 281600
1760126087246 94.8336800217057 286720
1760126103777 56.309964288591146 291840
1760126121523 96.88851928851929 296960
1760126133967 145.93959638135004 300032
