1771716336874 0.13306763768196106 5120
1771716368428 0.11639164388179779 10240
1771716400572 0.3021893799304962 15360
1771716432358 0.39521971344947815 20480
1771716463809 0.46038201451301575 25600
1771716495253 0.48705002665519714 30720
1771716527265 0.5213890671730042 35840
1771716558633 0.5349671244621277 40960
1771716590060 0.5448734760284424 46080
1771716621454 0.5781229138374329 51200
1771716653585 0.5996253490447998 56320
1771716684880 0.6024844646453857 61440
1771716716281 0.6118683218955994 66560
1771716747632 0.6154341697692871 71680
1771716779718 0.6242013573646545 76800
1771716811054 0.625944197177887 81920
1771716842359 0.6303586959838867 87040
1771716873820 0.6293388605117798 92160
1771716905950 0.6292105317115784 97280
1771716937753 0.6291236281394958 102400
1771716969033 0.6339564323425293 107520
1771717000542 0.6398898959159851 112640
1771717032955 0.639380931854248 117760
1771717064337 0.6402199864387512 122880
1771717095654 0.6435058116912842 128000
1771717127519 0.6418190598487854 133120
1771717159364 0.6366410255432129 138240
1771717190685 0.6329830884933472 143360
1771717221980 0.6272032260894775 148480
1771717253295 0.5941852927207947 153600
1771717285371 0.5568802952766418 158720
1771717317664 0.5451130867004395 163840
1771717349010 0.5511764287948608 168960
1771717380783 0.5587438344955444 174080
1771717413298 0.5616787672042847 179200
1771717444676 0.5627692937850952 184320
1771717476081 0.5670542120933533 189440
1771717507722 0.5714313983917236 194560
1771717540125 0.5768153071403503 199680
1771717571486 0.579171359539032 204800
1771717602832 0.5814752578735352 209920
1771717634190 0.5824971199035645 215040
1771717666262 0.5833211541175842 220160
1771717697888 0.5853644609451294 225280
1771717729276 0.5894390940666199 230400
1771717760642 0.5914666056632996 235520
1771717792724 0.593303918838501 240640
1771717824419 0.596903383731842 245760
1771717855758 0.5954535007476807 250880
1771717887101 0.6007020473480225 256000
1771717919139 0.605857253074646 261120
1771717950505 0.6047565937042236 266240
1771717981795 0.6121944189071655 271360
1771718013175 0.6253719925880432 276480
1771718045457 0.6366600394248962 281600
1771718076803 0.6484789848327637 286720
1771718108632 0.6566329002380371 291840
1771718139968 0.6644545793533325 296960
1771718152488 0.6673805713653564 300032
