1771716336874 280.0 5120
1771716368428 534.0 10240
1771716400572 792.0 15360
1771716432358 1051.0 20480
1771716463809 1303.0 25600
1771716495253 1560.0 30720
1771716527265 1813.0 35840
1771716558633 2074.0 40960
1771716590060 2331.0 46080
1771716621454 2581.0 51200
1771716653585 2831.0 56320
1771716684880 3087.0 61440
1771716716281 3342.0 66560
1771716747632 3596.0 71680
1771716779718 3854.0 76800
1771716811054 4110.0 81920
1771716842359 4368.0 87040
1771716873820 4624.0 92160
1771716905950 4883.0 97280
1771716937753 5141.0 102400
1771716969033 5396.0 107520
1771717000542 5652.0 112640
1771717032955 5909.0 117760
1771717064337 6166.0 122880
1771717095654 6421.0 128000
1771717127519 6673.0 133120
1771717159364 6911.0 138240
1771717190685 7149.0 143360
1771717221980 7392.0 148480
1771717253295 7628.0 153600
1771717285371 7864.0 158720
1771717317664 8101.0 163840
1771717349010 8356.0 168960
1771717380783 8609.0 174080
1771717413298 8865.0 179200
1771717444676 9119.0 184320
1771717476081 9378.0 189440
1771717507722 9638.0 194560
1771717540125 9896.0 199680
1771717571486 10152.0 204800
1771717602832 10412.0 209920
1771717634190 10668.0 215040
1771717666262 10924.0 220160
1771717697888 11179.0 225280
1771717729276 11435.0 230400
1771717760642 11692.0 235520
1771717792724 11948.0 240640
1771717824419 12203.0 245760
1771717855758 12465.0 250880
1771717887101 12721.0 256000
1771717919139 12975.0 261120
1771717950505 13227.0 266240
1771717981795 13481.0 271360
1771718013175 13732.0 276480
1771718045457 13969.0 281600
1771718076803 14209.0 286720
1771718108632 14459.0 291840
1771718139968 14702.0 296960
1771718152488 14799.0 300032
