1771716336874 21.703571319580078 5120
1771716368428 20.985017776489258 10240
1771716400572 20.622474670410156 15360
1771716432358 20.390104293823242 20480
1771716463809 20.36838150024414 25600
1771716495253 20.28205108642578 30720
1771716527265 20.277441024780273 35840
1771716558633 20.20250701904297 40960
1771716590060 20.173316955566406 46080
1771716621454 20.202247619628906 51200
1771716653585 20.23348617553711 56320
1771716684880 20.215744018554688 61440
1771716716281 20.200777053833008 66560
1771716747632 20.20050048828125 71680
1771716779718 20.175142288208008 76800
1771716811054 20.163990020751953 81920
1771716842359 20.150182723999023 87040
1771716873820 20.141002655029297 92160
1771716905950 20.118574142456055 97280
1771716937753 20.107177734375 102400
1771716969033 20.10433578491211 107520
1771717000542 20.096956253051758 112640
1771717032955 20.09003257751465 117760
1771717064337 20.08660316467285 122880
1771717095654 20.08316421508789 128000
1771717127519 20.089765548706055 133120
1771717159364 20.13847541809082 138240
1771717190685 20.18589973449707 143360
1771717221980 20.2163143157959 148480
1771717253295 20.266517639160156 153600
1771717285371 20.309003829956055 158720
1771717317664 20.34501838684082 163840
1771717349010 20.337961196899414 168960
1771717380783 20.335811614990234 174080
1771717413298 20.326000213623047 179200
1771717444676 20.318126678466797 184320
1771717476081 20.302623748779297 189440
1771717507722 20.285329818725586 194560
1771717540125 20.27657699584961 199680
1771717571486 20.270784378051758 204800
1771717602832 20.25605010986328 209920
1771717634190 20.246625900268555 215040
1771717666262 20.24249267578125 220160
1771717697888 20.238929748535156 225280
1771717729276 20.234806060791016 230400
1771717760642 20.226308822631836 235520
1771717792724 20.22279930114746 240640
1771717824419 20.22052001953125 245760
1771717855758 20.20754051208496 250880
1771717887101 20.20305061340332 256000
1771717919139 20.200462341308594 261120
1771717950505 20.20117950439453 266240
1771717981795 20.19976234436035 271360
1771718013175 20.204776763916016 276480
1771718045457 20.228792190551758 281600
1771718076803 20.245689392089844 286720
1771718108632 20.250986099243164 291840
1771718139968 20.263364791870117 296960
1771718152488 20.268667221069336 300032
