1771739062050 498.440673828125 5120
1771739077603 496.6236267089844 10240
1771739092662 497.11920166015625 15360
1771739107665 497.3544006347656 20480
1771739123063 497.5329284667969 25600
1771739138099 497.93328857421875 30720
1771739153141 498.2090148925781 35840
1771739169491 498.19580078125 40960
1771739184513 498.3819274902344 46080
1771739199968 498.3616943359375 51200
1771739215185 498.1815490722656 56320
1771739230519 498.32904052734375 61440
1771739245884 498.4548645019531 66560
1771739261105 498.56060791015625 71680
1771739276108 498.6574401855469 76800
1771739291713 498.6289978027344 81920
1771739306728 498.5982666015625 87040
1771739321763 498.5686950683594 92160
1771739337179 498.6435241699219 97280
1771739352147 498.6141052246094 102400
1771739367141 498.68035888671875 107520
1771739382666 498.74310302734375 112640
1771739397729 498.7955017089844 117760
1771739413412 498.8421630859375 122880
1771739429163 498.88787841796875 128000
1771739444187 498.9286193847656 133120
1771739459218 498.9681701660156 138240
1771739474453 499.0062255859375 143360
1771739489455 498.91375732421875 148480
1771739504493 498.88861083984375 153600
1771739519468 498.8072814941406 158720
1771739535064 498.7308349609375 163840
1771739550057 498.71484375 168960
1771739565092 498.5365905761719 174080
1771739580070 498.5263366699219 179200
1771739595067 498.5159912109375 184320
1771739610540 498.50689697265625 189440
1771739625571 498.4989929199219 194560
1771739641485 498.300048828125 199680
1771739656506 498.2516784667969 204800
1771739671550 498.2515869140625 209920
1771739686566 498.2502136230469 215040
1771739701580 498.2061767578125 220160
1771739716588 498.122802734375 225280
1771739731688 498.125 230400
1771739746740 498.12689208984375 235520
1771739762404 498.01153564453125 240640
1771739777910 497.90155029296875 245760
1771739792889 497.79498291015625 250880
1771739807909 497.73138427734375 256000
1771739822964 497.77703857421875 261120
1771739837959 497.7855224609375 266240
1771739852944 497.7598571777344 271360
1771739867962 497.7339172363281 276480
1771739884045 497.7086181640625 281600
1771739899572 497.68499755859375 286720
1771739914565 497.69476318359375 291840
1771739929537 497.7349548339844 296960
1771739935526 497.7191162109375 300032
