1771739062046 72.37173669226124 5120
1771739077599 71.65218579701727 10240
1771739092659 69.98671783747706 15360
1771739107662 65.59544587282224 20480
1771739123060 68.41253323329364 25600
1771739138095 71.93482772222889 30720
1771739153138 66.52873344436513 35840
1771739169487 70.71713510141458 40960
1771739184510 64.62817608899984 46080
1771739199964 72.75462272333044 51200
1771739215182 68.63306715538683 56320
1771739230516 66.15830152370738 61440
1771739245881 69.93887045405279 66560
1771739261102 67.3210599810603 71680
1771739276105 71.02008195333401 76800
1771739291709 63.24151865142788 81920
1771739306724 68.72077858242946 87040
1771739321760 70.8234102191753 92160
1771739337176 72.17372750111849 97280
1771739352144 63.12539883209921 102400
1771739367138 66.29109702707402 107520
1771739382662 2.027026021280781 112640
1771739397725 67.01986162376365 117760
1771739413409 59.965744513546355 122880
1771739429159 2.34242497690695 128000
1771739444184 67.77358734467659 133120
1771739459215 69.73769619579676 138240
1771739474450 62.60902794363506 143360
1771739489452 72.43673039393468 148480
1771739504489 57.00331611851046 153600
1771739519465 73.71360281195079 158720
1771739535061 62.14704400651949 163840
1771739550054 70.77202396017886 168960
1771739565089 55.5367768759186 174080
1771739580067 68.99207158601178 179200
1771739595064 71.35718538933973 184320
1771739610537 63.817902408593646 189440
1771739625568 57.00486558482155 194560
1771739641481 70.5612866323475 199680
1771739656503 66.04475097233376 204800
1771739671546 69.63002805584607 209920
1771739686562 68.78501730160552 215040
1771739701577 64.34758062041668 220160
1771739716585 72.6173237071279 225280
1771739731684 49.64554654672427 230400
1771739746736 68.58817373103088 235520
1771739762400 66.00110151221892 240640
1771739777907 53.58010245142499 245760
1771739792885 54.464407219841576 250880
1771739807906 58.00929409161319 256000
1771739822961 59.62222095866265 261120
1771739837955 59.97946488581275 266240
1771739852940 63.10735296330289 271360
1771739867958 68.66565165430643 276480
1771739884042 67.03378615950136 281600
1771739899569 59.184737822430435 286720
1771739914562 70.42740324070188 291840
1771739929534 66.59316651848088 296960
1771739935523 62.04132830411952 300032
