1771739062050 20.676313400268555 5120
1771739077603 14.940863609313965 10240
1771739092662 6.208492279052734 15360
1771739107665 1.9931226968765259 20480
1771739123063 -0.9258173108100891 25600
1771739138099 -2.828277587890625 30720
1771739153141 -4.035181522369385 35840
1771739169491 -5.020931720733643 40960
1771739184513 -5.745965480804443 46080
1771739199968 -6.389074325561523 51200
1771739215185 -6.887182235717773 56320
1771739230519 -7.309722423553467 61440
1771739245884 -7.713144779205322 66560
1771739261105 -8.01580810546875 71680
1771739276108 -8.328304290771484 76800
1771739291713 -8.507489204406738 81920
1771739306728 -8.688756942749023 87040
1771739321763 -8.879921913146973 92160
1771739337179 -9.040689468383789 97280
1771739352147 -9.191555976867676 102400
1771739367141 -9.334626197814941 107520
1771739382666 -9.535354614257812 112640
1771739397729 -9.638592720031738 117760
1771739413412 -9.741206169128418 122880
1771739429163 -9.812901496887207 128000
1771739444187 -9.8410062789917 133120
1771739459218 -9.569574356079102 138240
1771739474453 -8.701787948608398 143360
1771739489455 -7.882441997528076 148480
1771739504493 -7.14769983291626 153600
1771739519468 -6.429975509643555 158720
1771739535064 -5.769191741943359 163840
1771739550057 -5.156702518463135 168960
1771739565092 -4.560284614562988 174080
1771739580070 -3.9664807319641113 179200
1771739595067 -3.3298707008361816 184320
1771739610540 -2.8470537662506104 189440
1771739625571 -2.3132753372192383 194560
1771739641485 -1.8324768543243408 199680
1771739656506 -1.439373254776001 204800
1771739671550 -1.0304511785507202 209920
1771739686566 -0.6067773699760437 215040
1771739701580 -0.21445965766906738 220160
1771739716588 0.13380885124206543 225280
1771739731688 0.49178895354270935 230400
1771739746740 0.8021997809410095 235520
1771739762404 1.096615195274353 240640
1771739777910 1.4501675367355347 245760
1771739792889 1.7068991661071777 250880
1771739807909 1.986752986907959 256000
1771739822964 2.2300758361816406 261120
1771739837959 2.5277035236358643 266240
1771739852944 2.7471771240234375 271360
1771739867962 2.939958095550537 276480
1771739884045 3.1968190670013428 281600
1771739899572 3.377453088760376 286720
1771739914565 3.6118481159210205 291840
1771739929537 3.815074920654297 296960
1771739935526 3.9045960903167725 300032
