1771081791072 0.07139823585748672 5120
1771081814230 0.06945158541202545 10240
1771081837358 0.07060333341360092 15360
1771081860484 0.0706823393702507 20480
1771081883637 0.07204767316579819 25600
1771081906826 0.07214470207691193 30720
1771081929926 0.07218437641859055 35840
1771081953043 0.07198042422533035 40960
1771081976159 0.07243849337100983 46080
1771081999299 0.0727699026465416 51200
1771082022424 0.07311207801103592 56320
1771082045485 0.07341969013214111 61440
1771082068569 0.07305275648832321 66560
1771082091652 0.07283299416303635 71680
1771082114741 0.07323408126831055 76800
1771082137841 0.07308091223239899 81920
1771082161042 0.07296358048915863 87040
1771082184124 0.07239491492509842 92160
1771082207223 0.0721340999007225 97280
1771082230320 0.07191099971532822 102400
1771082253441 0.07229591906070709 107520
1771082276538 0.0724933072924614 112640
1771082299645 0.07232024520635605 117760
1771082322778 0.07226283103227615 122880
1771082345920 0.07231118530035019 128000
1771082369041 0.07238633930683136 133120
1771082392153 0.07234472036361694 138240
1771082415255 0.07236660271883011 143360
1771082438326 0.07204420119524002 148480
1771082461407 0.07180780172348022 153600
1771082484519 0.07150474935770035 158720
1771082507628 0.07143314927816391 163840
1771082530726 0.07171519845724106 168960
1771082553823 0.07180549949407578 174080
1771082576930 0.071809783577919 179200
1771082600053 0.07210472226142883 184320
1771082623124 0.07203508168458939 189440
1771082646188 0.0721525028347969 194560
1771082669260 0.07227185368537903 199680
1771082692973 0.07244927436113358 204800
1771082716146 0.07261598855257034 209920
1771082739359 0.0726805329322815 215040
1771082762494 0.07263169437646866 220160
1771082785647 0.07245438545942307 225280
1771082808805 0.0725846216082573 230400
1771082831931 0.07253318279981613 235520
1771082855060 0.0724780410528183 240640
1771082878169 0.07090974599123001 245760
1771082901295 0.06903110444545746 250880
1771082924452 0.06721030175685883 256000
1771082947542 0.06552840769290924 261120
1771082970682 0.06386663019657135 266240
1771082993801 0.06230522319674492 271360
1771083016910 0.060770124197006226 276480
1771083040038 0.06089726835489273 281600
1771083063162 0.06117704138159752 286720
1771083086272 0.061494771391153336 291840
1771083109392 0.06172257661819458 296960
1771083118646 0.0618043877184391 300032
