1771081791072 0.0 5120
1771081814230 0.0 10240
1771081837358 0.0 15360
1771081860484 0.0 20480
1771081883637 0.0 25600
1771081906826 0.0 30720
1771081929926 0.0 35840
1771081953043 0.0 40960
1771081976159 0.0 46080
1771081999299 0.0 51200
1771082022424 0.0 56320
1771082045485 0.0 61440
1771082068569 0.0 66560
1771082091652 0.0 71680
1771082114741 0.0 76800
1771082137841 0.0 81920
1771082161042 0.0 87040
1771082184124 0.0 92160
1771082207223 0.0 97280
1771082230320 0.0 102400
1771082253441 0.0 107520
1771082276538 0.0 112640
1771082299645 0.0 117760
1771082322778 0.0 122880
1771082345920 0.0 128000
1771082369041 0.0 133120
1771082392153 0.0 138240
1771082415255 0.0 143360
1771082438326 0.0 148480
1771082461407 0.0 153600
1771082484519 0.0 158720
1771082507628 0.0 163840
1771082530726 0.0 168960
1771082553823 0.0 174080
1771082576930 0.0 179200
1771082600053 0.0 184320
1771082623124 0.0 189440
1771082646188 0.0 194560
1771082669260 0.0 199680
1771082692973 0.0 204800
1771082716146 0.0 209920
1771082739359 0.0 215040
1771082762494 0.0 220160
1771082785647 0.0 225280
1771082808805 0.0 230400
1771082831931 0.0 235520
1771082855060 0.0 240640
1771082878169 0.0 245760
1771082901295 0.0 250880
1771082924452 0.0 256000
1771082947542 0.0 261120
1771082970682 0.0 266240
1771082993801 0.0 271360
1771083016910 0.0 276480
1771083040038 0.0 281600
1771083063162 0.0 286720
1771083086272 0.0 291840
1771083109392 0.0 296960
1771083118646 0.0 300032
