1771081791072 1.0057907104492188 5120
1771081814230 1.029284119606018 10240
1771081837358 1.0529624223709106 15360
1771081860484 1.0574597120285034 20480
1771081883637 1.0762685537338257 25600
1771081906826 1.0883628129959106 30720
1771081929926 1.089594841003418 35840
1771081953043 1.091552734375 40960
1771081976159 1.0975362062454224 46080
1771081999299 1.1013842821121216 51200
1771082022424 1.1065547466278076 56320
1771082045485 1.1088255643844604 61440
1771082068569 1.1071197986602783 66560
1771082091652 1.10406494140625 71680
1771082114741 1.1088974475860596 76800
1771082137841 1.1076796054840088 81920
1771082161042 1.1063368320465088 87040
1771082184124 1.102983832359314 92160
1771082207223 1.0995702743530273 97280
1771082230320 1.0982246398925781 102400
1771082253441 1.100462794303894 107520
1771082276538 1.1038151979446411 112640
1771082299645 1.1036720275878906 117760
1771082322778 1.1031523942947388 122880
1771082345920 1.1050015687942505 128000
1771082369041 1.1061608791351318 133120
1771082392153 1.1053909063339233 138240
1771082415255 1.1070953607559204 143360
1771082438326 1.1033663749694824 148480
1771082461407 1.1003705263137817 153600
1771082484519 1.0987210273742676 158720
1771082507628 1.0989875793457031 163840
1771082530726 1.1017366647720337 168960
1771082553823 1.1035370826721191 174080
1771082576930 1.1041611433029175 179200
1771082600053 1.1065239906311035 184320
1771082623124 1.1073133945465088 189440
1771082646188 1.1082061529159546 194560
1771082669260 1.1097626686096191 199680
1771082692973 1.1097118854522705 204800
1771082716146 1.1109023094177246 209920
1771082739359 1.1109073162078857 215040
1771082762494 1.1102521419525146 220160
1771082785647 1.108458161354065 225280
1771082808805 1.1099909543991089 230400
1771082831931 1.1099679470062256 235520
1771082855060 1.108122706413269 240640
1771082878169 1.0954762697219849 245760
1771082901295 1.0811481475830078 250880
1771082924452 1.0668067932128906 256000
1771082947542 1.0538461208343506 261120
1771082970682 1.040547490119934 266240
1771082993801 1.0273622274398804 271360
1771083016910 1.0149242877960205 276480
1771083040038 1.0162566900253296 281600
1771083063162 1.01807701587677 286720
1771083086272 1.0213420391082764 291840
1771083109392 1.0230456590652466 296960
1771083118646 1.0237994194030762 300032
