1771081791072 0.27589526772499084 5120
1771081814230 0.26206687092781067 10240
1771081837358 0.2633409798145294 15360
1771081860484 0.26290756464004517 20480
1771081883637 0.2658542990684509 25600
1771081906826 0.26516076922416687 30720
1771081929926 0.2649511694908142 35840
1771081953043 0.2644220292568207 40960
1771081976159 0.26541587710380554 46080
1771081999299 0.2661205232143402 51200
1771082022424 0.26710477471351624 56320
1771082045485 0.2673521935939789 61440
1771082068569 0.2665840685367584 66560
1771082091652 0.26579487323760986 71680
1771082114741 0.26685038208961487 76800
1771082137841 0.266090989112854 81920
1771082161042 0.2659143805503845 87040
1771082184124 0.26481539011001587 92160
1771082207223 0.2643433213233948 97280
1771082230320 0.26379451155662537 102400
1771082253441 0.26454266905784607 107520
1771082276538 0.2653247117996216 112640
1771082299645 0.2650528848171234 117760
1771082322778 0.2649756968021393 122880
1771082345920 0.26506614685058594 128000
1771082369041 0.26523470878601074 133120
1771082392153 0.2648777961730957 138240
1771082415255 0.2648910582065582 143360
1771082438326 0.2640973925590515 148480
1771082461407 0.2635144591331482 153600
1771082484519 0.26268982887268066 158720
1771082507628 0.2624833583831787 163840
1771082530726 0.26329755783081055 168960
1771082553823 0.2633984684944153 174080
1771082576930 0.2634539008140564 179200
1771082600053 0.26406922936439514 184320
1771082623124 0.2638832628726959 189440
1771082646188 0.264220654964447 194560
1771082669260 0.2645050883293152 199680
1771082692973 0.2648965120315552 204800
1771082716146 0.26514580845832825 209920
1771082739359 0.26527801156044006 215040
1771082762494 0.26517453789711 220160
1771082785647 0.26477956771850586 225280
1771082808805 0.265150785446167 230400
1771082831931 0.265074759721756 235520
1771082855060 0.26483073830604553 240640
1771082878169 0.2619760036468506 245760
1771082901295 0.2585315704345703 250880
1771082924452 0.2552715539932251 256000
1771082947542 0.2524455189704895 261120
1771082970682 0.24934178590774536 266240
1771082993801 0.24650771915912628 271360
1771083016910 0.24379155039787292 276480
1771083040038 0.24402736127376556 281600
1771083063162 0.2444586157798767 286720
1771083086272 0.2451593577861786 291840
1771083109392 0.24549709260463715 296960
1771083118646 0.24567940831184387 300032
