1771189822602 0.08623850345611572 5120
1771189833311 0.07766483724117279 10240
1771189844807 0.07562480866909027 15360
1771189862077 0.07245892286300659 20480
1771189872586 0.07286088913679123 25600
1771189883794 0.0726780816912651 30720
1771189894673 0.07514810562133789 35840
1771189911452 0.07434388995170593 40960
1771189922477 0.07415852695703506 46080
1771189933422 0.07430246472358704 51200
1771189945136 0.0740610882639885 56320
1771189960233 0.07382521033287048 61440
1771189973114 0.07351904362440109 66560
1771189983863 0.07408089190721512 71680
1771189994438 0.07384482771158218 76800
1771190009565 0.07558270543813705 81920
1771190023318 0.07579362392425537 87040
1771190033888 0.07555223256349564 92160
1771190044169 0.07522398233413696 97280
1771190059348 0.075458824634552 102400
1771190073310 0.07500727474689484 107520
1771190084012 0.07500958442687988 112640
1771190094047 0.07449328154325485 117760
1771190108844 0.07435638457536697 122880
1771190123307 0.0741448774933815 128000
1771190133652 0.07395518571138382 133120
1771190144368 0.07390085607767105 138240
1771190158710 0.07365406304597855 143360
1771190172723 0.07418253272771835 148480
1771190184027 0.07534569501876831 153600
1771190194532 0.07652498781681061 158720
1771190208374 0.07717670500278473 163840
1771190223736 0.07804185152053833 168960
1771190234184 0.07895983755588531 174080
1771190244083 0.07936248183250427 179200
1771190257640 0.08011612296104431 184320
1771190273283 0.08136098086833954 189440
1771190283632 0.08229699730873108 194560
1771190294155 0.08330336958169937 199680
1771190306789 0.08404583483934402 204800
1771190323422 0.08486912399530411 209920
1771190334023 0.08552692085504532 215040
1771190344261 0.08623799681663513 220160
1771190356117 0.08682055026292801 225280
1771190373359 0.08693744987249374 230400
1771190384016 0.0872412696480751 235520
1771190394135 0.08754845708608627 240640
1771190405843 0.08771761506795883 245760
1771190423203 0.08774556964635849 250880
1771190433943 0.08818172663450241 256000
1771190444318 0.08849380165338516 261120
1771190456090 0.08902163058519363 266240
1771190473439 0.08957730978727341 271360
1771190483900 0.09000062942504883 276480
1771190494467 0.09045113623142242 281600
1771190505399 0.0907309427857399 286720
1771190523194 0.0912945568561554 291840
1771190534230 0.09186545014381409 296960
1771190535373 0.09199424833059311 300032
