1771189822602 2.025179147720337 5120
1771189833311 1.7676894664764404 10240
1771189844807 1.688258409500122 15360
1771189862077 1.605044960975647 20480
1771189872586 1.6006649732589722 25600
1771189883794 1.5906405448913574 30720
1771189894673 1.6380622386932373 35840
1771189911452 1.6167322397232056 40960
1771189922477 1.6120027303695679 46080
1771189933422 1.6123615503311157 51200
1771189945136 1.6057097911834717 56320
1771189960233 1.598266839981079 61440
1771189973114 1.590009093284607 66560
1771189983863 1.6006609201431274 71680
1771189994438 1.5932400226593018 76800
1771190009565 1.628169298171997 81920
1771190023318 1.6304718255996704 87040
1771190033888 1.6257532835006714 92160
1771190044169 1.6173449754714966 97280
1771190059348 1.6216630935668945 102400
1771190073310 1.611944317817688 107520
1771190084012 1.6122572422027588 112640
1771190094047 1.6010088920593262 117760
1771190108844 1.5980761051177979 122880
1771190123307 1.592911720275879 128000
1771190133652 1.5891363620758057 133120
1771190144368 1.5883065462112427 138240
1771190158710 1.5824118852615356 143360
1771190172723 1.5934438705444336 148480
1771190184027 1.6185380220413208 153600
1771190194532 1.6442625522613525 158720
1771190208374 1.6612920761108398 163840
1771190223736 1.680946707725525 168960
1771190234184 1.7017536163330078 174080
1771190244083 1.714536190032959 179200
1771190257640 1.7340569496154785 184320
1771190273283 1.7617417573928833 189440
1771190283632 1.7835010290145874 194560
1771190294155 1.809791922569275 199680
1771190306789 1.829850673675537 204800
1771190323422 1.8523313999176025 209920
1771190334023 1.87627375125885 215040
1771190344261 1.8999441862106323 220160
1771190356117 1.9162424802780151 225280
1771190373359 1.9226291179656982 230400
1771190384016 1.93240487575531 235520
1771190394135 1.9426491260528564 240640
1771190405843 1.9492696523666382 245760
1771190423203 1.9528660774230957 250880
1771190433943 1.968405842781067 256000
1771190444318 1.9795267581939697 261120
1771190456090 1.9945948123931885 266240
1771190473439 2.0079472064971924 271360
1771190483900 2.018794059753418 276480
1771190494467 2.0338637828826904 281600
1771190505399 2.0440852642059326 286720
1771190523194 2.063749313354492 291840
1771190534230 2.084906578063965 296960
1771190535373 2.090782642364502 300032
