1771782663319 21.928443908691406 8192
1771782666266 21.457502365112305 16384
1771782690372 21.045555114746094 24576
1771782693345 20.78116226196289 32768
1771782717047 20.614187240600586 40960
1771782720517 20.532201766967773 49152
1771782743996 20.467844009399414 57344
1771782747311 20.409557342529297 65536
1771782770551 20.358713150024414 73728
1771782774454 20.2978515625 81920
1771782797727 20.257204055786133 90112
1771782801637 20.225404739379883 98304
1771782824428 20.212614059448242 106496
1771782828388 20.20707893371582 114688
1771782851687 20.18025779724121 122880
1771782855467 20.148181915283203 131072
1771782879098 20.151391983032227 139264
1771782882558 20.140350341796875 147456
1771782905726 20.14795684814453 155648
1771782909807 20.13271713256836 163840
1771782932969 20.124671936035156 172032
1771782936996 20.13216781616211 180224
1771782959800 20.122190475463867 188416
1771782964197 20.121816635131836 196608
1771782986607 20.11033058166504 204800
1771782991400 20.097305297851562 212992
1771783013063 20.094648361206055 221184
1771783018743 20.091997146606445 229376
1771783040236 20.091203689575195 237568
1771783045587 20.087875366210938 245760
1771783067629 20.080615997314453 253952
1771783072732 20.08654022216797 262144
1771783094543 20.084095001220703 270336
1771783099689 20.081432342529297 278528
1771783121553 20.08003044128418 286720
1771783126670 20.077491760253906 294912
1771783128529 20.078231811523438 303104
