1759512737507 1.0198082519789873 5120
1759512752016 1.0958954425568277 10240
1759512762887 1.0408386767750055 15360
1759512773182 1.039200192406064 20480
1759512783288 1.0205321440825592 25600
1759512799154 1.0300331276680348 30720
1759512809426 1.044147633589231 35840
1759512820593 1.035121843477477 40960
1759512830878 1.0266978208019248 46080
1759512847869 1.0215389205090266 51200
1759512858022 1.0068049703168886 56320
1759512868072 0.9987367197583137 61440
1759512879798 0.9932056133754061 66560
1759512896242 0.9865895155895769 71680
1759512907463 0.9825791875845129 76800
1759512918691 0.9805708861564673 81920
1759512929498 0.9716376539260622 87040
1759512944978 0.9729714422650304 92160
1759512955238 0.9709503219533395 97280
1759512968287 0.964950936963611 102400
1759512978762 0.9621297402624 107520
1759512993435 0.9591555588999904 112640
1759513004908 0.9573267927780613 117760
1759513016407 0.954353215722536 122880
1759513027549 0.9531643474784309 128000
1759513041721 0.9500107843393164 133120
1759513053757 0.9488398683703463 138240
1759513065476 0.9430331443930572 143360
1759513076196 0.9418964761284485 148480
1759513089316 0.9401308283327398 153600
1759513102523 0.9348502751345852 158720
1759513115071 0.932239581564286 163840
1759513126907 0.9321895854427611 168960
1759513138446 0.9350867736167661 174080
1759513152572 0.9357196065833159 179200
1759513167899 0.9360671607047855 184320
1759513186011 0.9352052751320306 189440
1759513197255 0.9360249874709273 194560
1759513210575 0.9317323923472437 199680
1759513223910 0.9343540615102738 204800
1759513237046 0.9362059867475374 209920
1759513251808 0.9359697077606152 215040
1759513265348 0.9354692938144895 220160
1759513277928 0.936254656106514 225280
1759513289934 0.9383278525504944 230400
1759513306134 0.9382073914519391 235520
1759513320898 0.9392959857939301 240640
1759513333422 0.9386162719645906 245760
1759513344684 0.9382918380563491 250880
1759513360581 0.9347076712653397 256000
1759513375842 0.9333893079549872 261120
1759513387465 0.9344965875226282 266240
1759513398556 0.9328512003060059 271360
1759513415128 0.9331717007185747 276480
1759513430611 0.9321662877041208 281600
1759513441265 0.932239552335919 286720
1759513451512 0.9303695311097413 291840
1759513465830 0.9300619375769987 296960
1759513470938 0.9299357812633358 300032
