1759512737507 500.0 5120
1759512752016 500.0 10240
1759512762887 500.0 15360
1759512773182 500.0 20480
1759512783288 500.0 25600
1759512799154 500.0 30720
1759512809426 500.0 35840
1759512820593 500.0 40960
1759512830878 500.0 46080
1759512847869 500.0 51200
1759512858022 500.0 56320
1759512868072 500.0 61440
1759512879798 500.0 66560
1759512896242 500.0 71680
1759512907463 500.0 76800
1759512918691 500.0 81920
1759512929498 500.0 87040
1759512944978 500.0 92160
1759512955238 500.0 97280
1759512968287 500.0 102400
1759512978762 500.0 107520
1759512993435 500.0 112640
1759513004908 500.0 117760
1759513016407 500.0 122880
1759513027549 500.0 128000
1759513041721 500.0 133120
1759513053757 500.0 138240
1759513065476 500.0 143360
1759513076196 500.0 148480
1759513089316 500.0 153600
1759513102523 500.0 158720
1759513115071 500.0 163840
1759513126907 500.0 168960
1759513138446 500.0 174080
1759513152572 500.0 179200
1759513167899 500.0 184320
1759513186011 500.0 189440
1759513197255 500.0 194560
1759513210575 500.0 199680
1759513223910 500.0 204800
1759513237046 500.0 209920
1759513251808 500.0 215040
1759513265348 500.0 220160
1759513277928 500.0 225280
1759513289934 500.0 230400
1759513306134 500.0 235520
1759513320898 500.0 240640
1759513333422 500.0 245760
1759513344684 500.0 250880
1759513360581 500.0 256000
1759513375842 500.0 261120
1759513387465 500.0 266240
1759513398556 500.0 271360
1759513415128 500.0 276480
1759513430611 500.0 281600
1759513441265 500.0 286720
1759513451512 500.0 291840
1759513465830 500.0 296960
1759513470938 500.0 300032
