1759512737507 17.05580785719015 5120
1759512752016 18.04291628573803 10240
1759512762887 17.72298936440911 15360
1759512773182 17.75589677114335 20480
1759512783288 17.789359479337126 25600
1759512799154 17.874623530692357 30720
1759512809426 17.974695939284103 35840
1759512820593 17.987954851578937 40960
1759512830878 17.922868200655007 46080
1759512847869 17.9121442007908 51200
1759512858022 17.82626886685811 56320
1759512868072 17.793247130382248 61440
1759512879798 17.74664134403888 66560
1759512896242 17.686661143248372 71680
1759512907463 17.69156555192931 76800
1759512918691 17.67932979923584 81920
1759512929498 17.63603252834744 87040
1759512944978 17.623098704853994 92160
1759512955238 17.661814640333787 97280
1759512968287 17.621144507581995 102400
1759512978762 17.60139376222908 107520
1759512993435 17.562798940063733 112640
1759513004908 17.554294070227908 117760
1759513016407 17.535897091998613 122880
1759513027549 17.527737340712978 128000
1759513041721 17.490822062590695 133120
1759513053757 17.47943310057906 138240
1759513065476 17.461357486364978 143360
1759513076196 17.46316037708322 148480
1759513089316 17.461373106602753 153600
1759513102523 17.42538461717685 158720
1759513115071 17.417828883137847 163840
1759513126907 17.419064529241087 168960
1759513138446 17.428016082141482 174080
1759513152572 17.455456473694362 179200
1759513167899 17.46139529591254 184320
1759513186011 17.447369331800658 189440
1759513197255 17.457484171173935 194560
1759513210575 17.425885242431587 199680
1759513223910 17.429325150496656 204800
1759513237046 17.449433925960307 209920
1759513251808 17.461108691828535 215040
1759513265348 17.465415343848605 220160
1759513277928 17.482006966048935 225280
1759513289934 17.522601967352394 230400
1759513306134 17.520811961773244 235520
1759513320898 17.53338890995384 240640
1759513333422 17.539100698726983 245760
1759513344684 17.54103836833834 250880
1759513360581 17.51888458481525 256000
1759513375842 17.517449409547446 261120
1759513387465 17.528052321336048 266240
1759513398556 17.518344015726527 271360
1759513415128 17.5109882911463 276480
1759513430611 17.49961652327844 281600
1759513441265 17.5039356666421 286720
1759513451512 17.496019851763748 291840
1759513465830 17.49457480791757 296960
1759513470938 17.495705022909863 300032
