1771183816446 1.162212610244751 5120
1771183824832 1.1905131340026855 10240
1771183834485 1.1839827299118042 15360
1771183842674 1.186280608177185 20480
1771183852636 1.172094702720642 25600
1771183860639 1.1775715351104736 30720
1771183870396 1.1735788583755493 35840
1771183878510 1.1702758073806763 40960
1771183888120 1.1678621768951416 46080
1771183896304 1.1682071685791016 51200
1771183905866 1.1650805473327637 56320
1771183914720 1.1629871129989624 61440
1771183923611 1.1636619567871094 66560
1771183932725 1.1605017185211182 71680
1771183941486 1.1595385074615479 76800
1771183950510 1.1603153944015503 81920
1771183959278 1.160027027130127 87040
1771183968499 1.1593964099884033 92160
1771183977523 1.158050537109375 97280
1771183986257 1.1611599922180176 102400
1771183994840 1.1590287685394287 107520
1771184003935 1.160180926322937 112640
1771184012547 1.159113883972168 117760
1771184021605 1.1576142311096191 122880
1771184030936 1.157815933227539 128000
1771184039405 1.15919029712677 133120
1771184048350 1.1552507877349854 138240
1771184056976 1.1563888788223267 143360
1771184066090 1.1560567617416382 148480
1771184074739 1.1558067798614502 153600
1771184083348 1.1555358171463013 158720
1771184092782 1.1570457220077515 163840
1771184101534 1.1571314334869385 168960
1771184110670 1.1573154926300049 174080
1771184119178 1.156368613243103 179200
1771184128580 1.1565159559249878 184320
1771184137128 1.1553630828857422 189440
1771184146385 1.1552073955535889 194560
1771184155066 1.156700611114502 199680
1771184164143 1.1565066576004028 204800
1771184173484 1.155770182609558 209920
1771184181969 1.1572916507720947 215040
1771184191306 1.1577624082565308 220160
1771184199833 1.1577584743499756 225280
1771184209074 1.1584645509719849 230400
1771184217822 1.158488392829895 235520
1771184226411 1.157583475112915 240640
1771184235898 1.1580007076263428 245760
1771184244129 1.1576920747756958 250880
1771184253693 1.1576573848724365 256000
1771184261808 1.1570732593536377 261120
1771184271410 1.1576313972473145 266240
1771184279637 1.1573340892791748 271360
1771184289446 1.1581147909164429 276480
1771184297482 1.1589322090148926 281600
1771184307474 1.158517599105835 286720
1771184316022 1.1591558456420898 291840
1771184325351 1.1590697765350342 296960
1771184329413 1.1591013669967651 300032
