1771183816444 34.1052131652832 5120
1771183824830 27.494495391845703 10240
1771183834483 25.720714569091797 15360
1771183842672 20.945199966430664 20480
1771183852634 17.327564239501953 25600
1771183860636 19.310405731201172 30720
1771183870394 18.53054428100586 35840
1771183878507 16.847997665405273 40960
1771183888118 16.91565704345703 46080
1771183896301 17.633596420288086 51200
1771183905864 17.57303237915039 56320
1771183914717 16.692554473876953 61440
1771183923609 16.492124557495117 66560
1771183932722 15.565434455871582 71680
1771183941484 15.328619003295898 76800
1771183950508 15.536821365356445 81920
1771183959275 14.690340042114258 87040
1771183968497 14.440750122070312 92160
1771183977520 13.855535507202148 97280
1771183986255 13.166769027709961 102400
1771183994838 13.662084579467773 107520
1771184003933 13.631296157836914 112640
1771184012545 13.314953804016113 117760
1771184021603 13.806806564331055 122880
1771184030934 15.257550239562988 128000
1771184039403 14.712869644165039 133120
1771184048348 14.940106391906738 138240
1771184056974 16.29188346862793 143360
1771184066088 16.28569984436035 148480
1771184074737 16.140722274780273 153600
1771184083345 17.32198143005371 158720
1771184092780 17.448413848876953 163840
1771184101531 16.501996994018555 168960
1771184110668 16.339757919311523 174080
1771184119175 17.92800521850586 179200
1771184128578 18.384292602539062 184320
1771184137125 18.20624542236328 189440
1771184146383 17.427085876464844 194560
1771184155064 18.34185218811035 199680
1771184164141 17.575241088867188 204800
1771184173481 17.746288299560547 209920
1771184181966 18.56374168395996 215040
1771184191304 18.609142303466797 220160
1771184199831 19.62851905822754 225280
1771184209072 20.521772384643555 230400
1771184217820 19.559810638427734 235520
1771184226408 19.846607208251953 240640
1771184235895 18.56555938720703 245760
1771184244126 20.403505325317383 250880
1771184253690 19.60834503173828 256000
1771184261806 19.03458023071289 261120
1771184271408 19.446880340576172 266240
1771184279635 19.501785278320312 271360
1771184289443 19.22249984741211 276480
1771184297479 19.417537689208984 281600
1771184307472 19.397842407226562 286720
1771184316019 20.26395034790039 291840
1771184325348 18.11443519592285 296960
1771184329411 19.460857391357422 300032
