1771183816446 1.2220841646194458 5120
1771183824832 1.3055593967437744 10240
1771183834485 1.2559412717819214 15360
1771183842674 1.0771889686584473 20480
1771183852636 0.935093104839325 25600
1771183860639 0.9886571764945984 30720
1771183870396 1.0105161666870117 35840
1771183878510 1.0308778285980225 40960
1771183888120 1.0412533283233643 46080
1771183896304 1.0472103357315063 51200
1771183905866 1.0520120859146118 56320
1771183914720 1.0587263107299805 61440
1771183923611 1.0639832019805908 66560
1771183932725 1.0662673711776733 71680
1771183941486 1.0728397369384766 76800
1771183950510 1.0776317119598389 81920
1771183959278 1.078293800354004 87040
1771183968499 1.082185983657837 92160
1771183977523 1.088139533996582 97280
1771183986257 1.0977452993392944 102400
1771183994840 1.104019045829773 107520
1771184003935 1.1129945516586304 112640
1771184012547 1.1185544729232788 117760
1771184021605 1.124914526939392 122880
1771184030936 1.1337730884552002 128000
1771184039405 1.143515706062317 133120
1771184048350 1.1452710628509521 138240
1771184056976 1.1518034934997559 143360
1771184066090 1.1557044982910156 148480
1771184074739 1.1585201025009155 153600
1771184083348 1.1638094186782837 158720
1771184092782 1.1681709289550781 163840
1771184101534 1.17064368724823 168960
1771184110670 1.171635389328003 174080
1771184119178 1.173563003540039 179200
1771184128580 1.1733099222183228 184320
1771184137128 1.173362135887146 189440
1771184146385 1.1741127967834473 194560
1771184155066 1.175477385520935 199680
1771184164143 1.1770542860031128 204800
1771184173484 1.177591323852539 209920
1771184181969 1.1823352575302124 215040
1771184191306 1.186123251914978 220160
1771184199833 1.1908409595489502 225280
1771184209074 1.1945091485977173 230400
1771184217822 1.1975466012954712 235520
1771184226411 1.2009429931640625 240640
1771184235898 1.2027013301849365 245760
1771184244129 1.2029666900634766 250880
1771184253693 1.2038891315460205 256000
1771184261808 1.2029517889022827 261120
1771184271410 1.20292329788208 266240
1771184279637 1.2022172212600708 271360
1771184289446 1.202175498008728 276480
1771184297482 1.202035903930664 281600
1771184307474 1.200833797454834 286720
1771184316022 1.2016180753707886 291840
1771184325351 1.200188159942627 296960
1771184329413 1.1995511054992676 300032
