1771183816444 66.17709056484695 5120
1771183824830 2.7105720805461075 10240
1771183834483 71.01166511470414 15360
1771183842672 68.98412855051726 20480
1771183852634 75.14923046602046 25600
1771183860636 75.4344088342146 30720
1771183870394 73.1926358956461 35840
1771183878507 73.2373668587393 40960
1771183888118 71.4544370432205 46080
1771183896301 64.51981294609894 51200
1771183905864 62.96335660136606 56320
1771183914717 71.63015967893433 61440
1771183923609 62.961466292387826 66560
1771183932722 72.20603222696599 71680
1771183941484 56.886574168260296 76800
1771183950508 61.875667541970316 81920
1771183959275 73.64112648360138 87040
1771183968497 66.73727087576374 92160
1771183977520 2.5989106929306574 97280
1771183986255 69.51117003646006 102400
1771183994838 72.08441893238924 107520
1771184003933 77.90312035661218 112640
1771184012545 61.31306279967255 117760
1771184021603 60.33667553765375 122880
1771184030934 1.8980975598497742 128000
1771184039403 68.30335303792727 133120
1771184048348 65.43580142906175 138240
1771184056974 71.6057020913359 143360
1771184066088 60.77468339757151 148480
1771184074737 55.05491966817179 153600
1771184083345 74.27622235208699 158720
1771184092780 69.47662746397218 163840
1771184101531 65.40824951267057 168960
1771184110668 72.1650350131622 174080
1771184119175 64.63813589360292 179200
1771184128578 71.81904419444872 184320
1771184137125 69.98321458962508 189440
1771184146383 51.80967439102722 194560
1771184155064 2.2519293566091 199680
1771184164141 69.63696435390413 204800
1771184173481 2.9103646296284733 209920
1771184181966 72.8228349190916 215040
1771184191304 59.33376715235536 220160
1771184199831 60.914139653770185 225280
1771184209072 69.57343330126398 230400
1771184217820 69.31931842596724 235520
1771184226408 58.427068967918984 240640
1771184235895 69.135359662425 245760
1771184244126 62.47287676129763 250880
1771184253690 68.08271921566082 256000
1771184261806 66.37607216331698 261120
1771184271408 52.87559880994403 266240
1771184279635 66.03435300785617 271360
1771184289443 69.17754943840609 276480
1771184297479 69.67513870892721 281600
1771184307472 58.68129162236275 286720
1771184316019 70.60998973081261 291840
1771184325348 56.75110611985333 296960
1771184329411 56.163685056239956 300032
