1771699869450 583.0 8192
1771699874393 983.0 16384
1771699900210 1394.0 24576
1771699905704 1808.0 32768
1771699931880 2220.0 40960
1771699937199 2634.0 49152
1771699962234 3033.0 57344
1771699968136 3411.0 65536
1771699993495 3805.0 73728
1771699999609 4220.0 81920
1771700024236 4636.0 90112
1771700030086 5046.0 98304
1771700055029 5459.0 106496
1771700061502 5875.0 114688
1771700086142 6282.0 122880
1771700091946 6690.0 131072
1771700117089 7095.0 139264
1771700122384 7506.0 147456
1771700148799 7918.0 155648
1771700153154 8333.0 163840
1771700179763 8744.0 172032
1771700183670 9155.0 180224
1771700210975 9563.0 188416
1771700215238 9972.0 196608
1771700242320 10380.0 204800
1771700246524 10789.0 212992
1771700274065 11199.0 221184
1771700278847 11607.0 229376
1771700305967 12021.0 237568
1771700310204 12429.0 245760
1771700336672 12844.0 253952
1771700341171 13254.0 262144
1771700367018 13668.0 270336
1771700372363 14081.0 278528
1771700398121 14489.0 286720
1771700404489 14898.0 294912
1771700410128 15101.0 303104
