1771699869450 16.981796264648438 8192
1771699874393 16.145587921142578 16384
1771699900210 15.677552223205566 24576
1771699905704 15.426162719726562 32768
1771699931880 15.48726749420166 40960
1771699937199 15.525042533874512 49152
1771699962234 15.872851371765137 57344
1771699968136 16.11906623840332 65536
1771699993495 16.224048614501953 73728
1771699999609 16.327348709106445 81920
1771700024236 16.299911499023438 90112
1771700030086 16.224872589111328 98304
1771700055029 16.168302536010742 106496
1771700061502 16.14305877685547 114688
1771700086142 16.156362533569336 122880
1771700091946 16.12323760986328 131072
1771700117089 16.12639808654785 139264
1771700122384 16.09746742248535 147456
1771700148799 16.071735382080078 155648
1771700153154 16.03156280517578 163840
1771700179763 15.992956161499023 172032
1771700183670 15.9520902633667 180224
1771700210975 15.922683715820312 188416
1771700215238 15.910127639770508 196608
1771700242320 15.88998794555664 204800
1771700246524 15.851686477661133 212992
1771700274065 15.821714401245117 221184
1771700278847 15.785550117492676 229376
1771700305967 15.76458740234375 237568
1771700310204 15.738642692565918 245760
1771700336672 15.731032371520996 253952
1771700341171 15.71106243133545 262144
1771700367018 15.671664237976074 270336
1771700372363 15.650919914245605 278528
1771700398121 15.647542953491211 286720
1771700404489 15.64365005493164 294912
1771700410128 15.642879486083984 303104
