1759538993823 393.0634893002717 5120
1759539013375 395.3061917041122 10240
1759539024548 397.35419879962444 15360
1759539035379 400.7109634724069 20480
1759539046213 403.21138139204544 25600
1759539065326 404.3901015459481 30720
1759539076903 406.05161939742914 35840
1759539087492 406.6069266513626 40960
1759539097912 407.18741518119134 46080
1759539116765 407.71925931363495 51200
1759539128376 408.0718642825451 56320
1759539139144 408.83672376505893 61440
1759539149805 408.8878769690041 66560
1759539168783 409.16588802947723 71680
1759539179976 409.3450949053697 76800
1759539191898 409.8011991506897 81920
1759539203944 410.15606584821427 87040
1759539223215 410.1314959745452 92160
1759539234706 410.22017189408876 97280
1759539248052 410.2372278074214 102400
1759539262576 410.5152802500879 107520
1759539284418 410.3550604918416 112640
1759539297745 409.92429104680906 117760
1759539309036 408.9633212433804 122880
1759539325358 408.15724204499446 128000
1759539346941 406.9603682135657 133120
1759539363125 406.0374513976068 138240
1759539378227 404.80339019412366 143360
1759539393553 403.4857814846096 148480
1759539411406 402.00093126686477 153600
1759539426116 400.7814967747374 158720
1759539439648 399.4123252339214 163840
1759539454072 398.19985498730153 168960
1759539468796 396.9454617450889 174080
1759539481706 395.7766799575173 179200
1759539496388 394.7118480389668 184320
1759539509901 393.5078571660603 189440
1759539521559 392.8389432938746 194560
1759539540249 393.1142240441518 199680
1759539554713 393.6819221644826 204800
1759539573291 394.10904682857887 209920
1759539587373 394.54675873008955 215040
1759539607725 395.11345791559916 220160
1759539624923 395.57670055989183 225280
1759539638670 395.8933406903961 230400
1759539657254 396.2766498591301 235520
1759539672855 396.71959257920355 240640
1759539690840 397.14204798327984 245760
1759539704354 397.44147738265957 250880
1759539720090 397.7947942550477 256000
1759539736032 398.1173424476894 261120
1759539753923 398.5495216489032 266240
1759539768600 398.89476124140316 271360
1759539782589 399.17937887508225 276480
1759539804062 399.461236550601 281600
1759539818823 399.75291291551247 286720
1759539832746 400.02083141166304 291840
1759539872332 400.3802622393451 296960
1759539877613 400.44292176618916 300032
