1759538993817 -0.15261729309956232 5120
1759539013371 -0.21415324644608932 10240
1759539024542 -0.2024831734597683 15360
1759539035372 -0.15804939894449144 20480
1759539046207 -0.11771459304369412 25600
1759539065322 -0.08917856985522855 30720
1759539076898 -0.07994382083415985 35840
1759539087488 -0.08597970590358828 40960
1759539097907 -0.08244186510210452 46080
1759539116761 -0.06935841312595442 51200
1759539128371 -0.06127886367695672 56320
1759539139139 -0.05513957387111226 61440
1759539149800 -0.045666635036468506 66560
1759539168776 -0.04274142040333278 71680
1759539179971 -0.042049331100363484 76800
1759539191890 -0.03721938383432082 81920
1759539203936 -0.04216499591982642 87040
1759539223211 -0.033482947192349274 92160
1759539234699 -0.038314348086714745 97280
1759539248045 -0.03651881099927543 102400
1759539262570 -0.034954044054139335 107520
1759539284410 -0.03420395732999922 112640
1759539297738 -0.03537257272621681 117760
1759539309031 -0.03339362637070585 122880
1759539325349 -0.03322026606590029 128000
1759539346933 -0.033445648564637165 133120
1759539363117 -0.030855227042646968 138240
1759539378219 -0.032168811940132304 143360
1759539393548 -0.030089071760438894 148480
1759539411398 -0.031664362806358086 153600
1759539426108 -0.03102794022132189 158720
1759539439643 -0.035696216991969516 163840
1759539454062 -0.032873542912035106 168960
1759539468790 -0.03197197886238321 174080
1759539481700 -0.033874313939701424 179200
1759539496381 -0.03393443776757678 184320
1759539509893 -0.03263157221578782 189440
1759539521553 -0.033680075126168614 194560
1759539540243 -0.03305703705670882 199680
1759539554707 -0.03282353889882861 204800
1759539573284 -0.03230470129587118 209920
1759539587363 -0.03486572114212253 215040
1759539607719 -0.03316093815697564 220160
1759539624917 -0.034466480777274426 225280
1759539638662 -0.031886503232263885 230400
1759539657246 -0.0355386310841614 235520
1759539672845 -0.030693789659920385 240640
1759539690831 -0.033845116488666456 245760
1759539704337 -0.029331985043316352 250880
1759539720080 -0.031188226316079676 256000
1759539736024 -0.030551432631909847 261120
1759539753912 -0.03061723983150789 266240
1759539768590 -0.03048902660384214 271360
1759539782580 -0.029699784803214547 276480
1759539804052 -0.02970076211984607 281600
1759539818812 -0.02774114668157177 286720
1759539832729 -0.02836118419687231 291840
1759539872320 -0.0291203903578401 296960
1759539877606 -0.011713485668950521 300032
