1771084083071 21.513158798217773 8192
1771084131357 22.516765594482422 16384
1771084147801 21.380718231201172 24576
1771084188013 19.660003662109375 32768
1771084204415 18.911033630371094 40960
1771084237007 18.770233154296875 49152
1771084254271 17.751585006713867 57344
1771084285894 18.144245147705078 65536
1771084302681 20.934940338134766 73728
1771084334516 23.944229125976562 81920
1771084351796 28.061033248901367 90112
1771084383890 31.745948791503906 98304
1771084400709 35.18524932861328 106496
1771084432673 36.30115509033203 114688
1771084449525 36.698638916015625 122880
1771084481488 34.664222717285156 131072
1771084498486 33.58136749267578 139264
1771084529933 31.577896118164062 147456
1771084547283 31.35064697265625 155648
1771084579094 30.581256866455078 163840
1771084596615 28.71450424194336 172032
1771084628170 27.106761932373047 180224
1771084645787 25.667118072509766 188416
1771084677579 24.0828857421875 196608
1771084694034 24.074161529541016 204800
1771084726431 22.322059631347656 212992
1771084743953 22.26079750061035 221184
1771084775797 22.032756805419922 229376
1771084793238 21.66425323486328 237568
1771084824387 19.899076461791992 245760
1771084841845 19.998319625854492 253952
1771084873664 18.6256103515625 262144
1771084891333 18.466026306152344 270336
1771084921987 17.61258316040039 278528
1771084940355 18.026283264160156 286720
1771084970635 17.85345458984375 294912
1771084979520 19.48060417175293 303104
