1771084083076 0.3071248531341553 8192
1771084131364 0.294200599193573 16384
1771084147807 0.28736329078674316 24576
1771084188019 0.29157790541648865 32768
1771084204421 0.29794180393218994 40960
1771084237013 0.30441826581954956 49152
1771084254277 0.31032994389533997 57344
1771084285901 0.31531962752342224 65536
1771084302687 0.3169243633747101 73728
1771084334522 0.3211019039154053 81920
1771084351802 0.3242512345314026 90112
1771084383896 0.3241666853427887 98304
1771084400715 0.32030898332595825 106496
1771084432679 0.3198241591453552 114688
1771084449531 0.31994906067848206 122880
1771084481495 0.32186660170555115 131072
1771084498492 0.32378870248794556 139264
1771084529940 0.3239244222640991 147456
1771084547289 0.32480984926223755 155648
1771084579101 0.3257155418395996 163840
1771084596622 0.32621264457702637 172032
1771084628177 0.32730016112327576 180224
1771084645794 0.3286778926849365 188416
1771084677586 0.3303075134754181 196608
1771084694041 0.3325560688972473 204800
1771084726438 0.33422377705574036 212992
1771084743960 0.33660006523132324 221184
1771084775804 0.33784136176109314 229376
1771084793245 0.3400713801383972 237568
1771084824394 0.3424835205078125 245760
1771084841852 0.3446046710014343 253952
1771084873672 0.34708163142204285 262144
1771084891341 0.3494333326816559 270336
1771084921995 0.35261261463165283 278528
1771084940362 0.3572225868701935 286720
1771084970643 0.36229193210601807 294912
1771084979527 0.3645690381526947 303104
