1758809746951 430.9691814930728 20224
1758809788103 422.78879986018507 40448
1758809829447 420.56143465909093 60672
1758809871507 419.0790252382191 80896
1758809913488 418.82229167570534 101120
1758809955882 417.6369540083797 121344
1758809998075 417.75139409491356 141568
1758810040876 417.33647535433397 161792
1758810082721 416.95438288600354 182016
1758810125326 416.8575702642244 202240
1758810167175 416.50221121588817 222464
1758810208699 416.53976232263426 242688
1758810223097 416.3229817250038 250112
