1758809746951 20.30417495029821 20224
1758809788103 20.271684945164505 40448
1758809829447 20.19907100199071 60672
1758809871507 20.15134194831014 80896
1758809913488 20.097976993256644 101120
1758809955882 20.104183892839423 121344
1758809998075 20.107943262411347 141568
1758810040876 20.09588191515753 161792
1758810082721 20.111687451716147 182016
1758810125326 20.097081596188207 202240
1758810167175 20.102996930853944 222464
1758810208699 20.105298013245033 242688
1758810223097 20.11810136765889 250112
