1771186246034 23.24019432067871 6144
1771186268976 22.480741500854492 12288
1771186291634 21.757160186767578 18432
1771186299259 22.558820724487305 24576
1771186322290 23.246816635131836 30720
1771186344511 23.695207595825195 36864
1771186367065 24.082334518432617 43008
1771186375505 24.323171615600586 49152
1771186398176 24.595748901367188 55296
1771186419812 24.91513442993164 61440
1771186442061 25.09978675842285 67584
1771186452005 25.299976348876953 73728
1771186474463 25.461265563964844 79872
1771186496358 25.576303482055664 86016
1771186518184 25.71333885192871 92160
1771186528749 25.848960876464844 98304
1771186550366 25.943805694580078 104448
1771186572462 26.047815322875977 110592
1771186594512 26.142040252685547 116736
1771186605943 26.233352661132812 122880
1771186626168 26.314626693725586 129024
1771186648131 26.39202117919922 135168
1771186669838 26.427377700805664 141312
1771186682761 26.489604949951172 147456
1771186702190 26.526344299316406 153600
1771186723821 26.558395385742188 159744
1771186745977 26.60895347595215 165888
1771186758940 26.636016845703125 172032
1771186777498 26.671207427978516 178176
1771186798809 26.69887924194336 184320
1771186821252 26.735525131225586 190464
1771186835295 26.809370040893555 196608
1771186853935 26.858848571777344 202752
1771186874071 26.860004425048828 208896
1771186897143 26.912734985351562 215040
1771186912084 26.939430236816406 221184
1771186929995 26.999727249145508 227328
1771186950532 27.015167236328125 233472
1771186972788 27.021249771118164 239616
1771186988588 27.022029876708984 245760
1771187005214 27.04338264465332 251904
1771187026087 27.052263259887695 258048
1771187049055 27.084476470947266 264192
1771187064294 27.112346649169922 270336
1771187081573 27.150142669677734 276480
1771187102033 27.168901443481445 282624
1771187125111 27.199628829956055 288768
1771187140476 27.20768928527832 294912
1771187152777 27.22800064086914 301056
