1758846451649 6.487169901529948 8192
1758846481514 2.29888916015625 16384
1758846484701 1.556414658682687 24576
1758846512671 1.1528811348809136 32768
1758846516123 0.6955634724010121 40960
1758846545256 0.4798895579117995 49152
1758846549387 0.3667617607116699 57344
1758846577374 0.29750021906460034 65536
1758846581622 0.24978688014181039 73728
1758846609742 0.20552654947553362 81920
1758846613892 0.1752660176028376 90112
1758846641862 0.16080305194854738 98304
1758846646495 0.14590115547180174 106496
1758846673360 0.13654711739770298 114688
1758846679382 0.12142513759674563 122880
1758846704130 0.10767130093141036 131072
1758846711396 0.1021619244984218 139264
1758846735722 0.0967894518697584 147456
1758846743801 0.08931820973371848 155648
1758846766903 0.08677638449319978 163840
1758846775292 0.08152456006338431 172032
1758846799342 0.07467556317647299 180224
1758846806915 0.06997762664835504 188416
1758846831788 0.0668165785925729 196608
1758846838544 0.05941092664120245 204800
1758846863972 0.05485407226490524 212992
1758846871563 0.05621651649475098 221184
1758846897041 0.05803514656267668 229376
1758846905242 0.05408844442690833 237568
1758846928559 0.05179224737354966 245760
1758846938534 0.04935495929112511 253952
1758846960821 0.048259051763094384 262144
1758846970780 0.04483018437428261 270336
1758846992921 0.044889117151066874 278528
1758847003382 0.04072888955264024 286720
1758847025294 0.041839166210122306 294912
1758847032132 0.019888813592292165 303104
