1758846451652 2.6462962962962964 8192
1758846481519 2.2035864978902953 16384
1758846484705 1.7402877697841728 24576
1758846512676 1.4782372143634386 32768
1758846516128 1.343145869947276 40960
1758846545259 1.2493554327808472 49152
1758846549391 1.1816449666560813 57344
1758846577380 1.122943964315584 65536
1758846581626 1.0749565649044428 73728
1758846609745 1.0387111210561646 81920
1758846613898 1.0136456211812628 90112
1758846641865 0.9856289660321015 98304
1758846646499 0.9653388515261252 106496
1758846673366 0.9468955559120809 114688
1758846679386 0.9306782452462944 122880
1758846704137 0.9193140286758504 131072
1758846711402 0.9088741721854304 139264
1758846735727 0.8966683366733467 147456
1758846743806 0.8891129032258065 155648
1758846766907 0.8841642228739003 163840
1758846775300 0.872610096670247 172032
1758846799346 0.8643303617173891 180224
1758846806923 0.8576048608388868 188416
1758846831793 0.8470345345345346 196608
1758846838548 0.83977303431505 204800
1758846863976 0.836179249371587 212992
1758846871567 0.8314972458688032 221184
1758846897049 0.8287279465076935 229376
1758846905251 0.8240647118301314 237568
1758846928567 0.8198421645997745 245760
1758846938539 0.8153622133236258 253952
1758846960827 0.813201553123897 262144
1758846970786 0.8103778751369113 270336
1758846992928 0.8089349820502593 278528
1758847003387 0.8039886407641668 286720
1758847025300 0.8012554927809165 294912
1758847032148 0.8001485884101041 303104
