1758846451652 6.7896604184751155 8192
1758846481519 2.342563419905393 16384
1758846484705 -2.410971135201214 24576
1758846512676 -5.152566305830896 32768
1758846516128 -6.665678322629476 40960
1758846545259 -7.705279507294544 49152
1758846549391 -8.447867138191192 57344
1758846577380 -8.98768716540415 65536
1758846581626 -9.468106441919133 73728
1758846609745 -9.82882095647621 81920
1758846613898 -10.126442841259864 90112
1758846641865 -10.379526147561181 98304
1758846646499 -10.582557526924093 106496
1758846673366 -10.777875998497162 114688
1758846679386 -10.931751473397261 122880
1758846704137 -11.075227451619385 131072
1758846711402 -11.181501303161216 139264
1758846735727 -11.306154193763504 147456
1758846743806 -11.371610362796675 155648
1758846766907 -11.444413357009044 163840
1758846775300 -11.547449228714923 172032
1758846799346 -11.614450155485482 180224
1758846806923 -11.6868632222007 188416
1758846831793 -11.777817081760716 196608
1758846838548 -11.842557761257515 204800
1758846863976 -11.88991235357911 212992
1758846871567 -11.932600469307477 221184
1758846897049 -11.97710753366871 229376
1758846905251 -12.016029074856474 237568
1758846928567 -12.05973965122663 245760
1758846938539 -12.11342091763458 253952
1758846960827 -12.141899262390245 262144
1758846970786 -12.177226163732522 270336
1758846992928 -12.198150930974002 278528
1758847003387 -12.234897576594669 286720
1758847025300 -12.266441920891694 294912
1758847032148 -12.278629259522331 303104
