1771762329827 0.007299270015209913 5120
1771762425100 0.011583011597394943 10240
1771762519255 0.010498687624931335 15360
1771762614101 0.010891089215874672 20480
1771762708173 0.011119936592876911 25600
1771762803672 0.012557832524180412 30720
1771762898122 0.011918274685740471 35840
1771762992870 0.011414391919970512 40960
1771763086893 0.01055873278528452 46080
1771763181578 0.01148969866335392 51200
1771763275729 0.010830325074493885 56320
1771763370510 0.010617120191454887 61440
1771763464519 0.009762049652636051 66560
1771763558984 0.009884213097393513 71680
1771763653012 0.009749670512974262 76800
1771763748175 0.009896091185510159 81920
1771763842696 0.010265982709825039 87040
1771763937421 0.010354703292250633 92160
1771764031440 0.010431880131363869 97280
1771764126379 0.010119047947227955 102400
1771764220652 0.010034077800810337 107520
1771764315648 0.009749052114784718 112640
1771764409650 0.009658503346145153 117760
1771764504336 0.009415262378752232 122880
1771764598334 0.009210735559463501 128000
1771764692932 0.009010384790599346 133120
1771764787525 0.009274252690374851 138240
1771764881692 0.009378996677696705 143360
1771764976773 0.00975542701780796 148480
1771765070766 0.009712613187730312 153600
1771765165288 0.009783728048205376 158720
1771765259283 0.00972689874470234 163840
1771765353946 0.009680542163550854 168960
1771765447873 0.009657284244894981 174080
1771765542402 0.00985108781605959 179200
1771765636387 0.009822525084018707 184320
1771765730878 0.009672861546278 189440
1771765825169 0.009843353182077408 194560
1771765920361 0.009801898151636124 199680
1771766014822 0.009852216579020023 204800
1771766109548 0.01000883150845766 209920
1771766203494 0.009869681671261787 215040
1771766298262 0.00991952046751976 220160
1771766392241 0.010159253142774105 225280
1771766487119 0.010114572010934353 230400
1771766581042 0.010074463672935963 235520
1771766675665 0.010041194967925549 240640
1771766769575 0.009920134209096432 245760
1771766864212 0.009886307641863823 250880
1771766958091 0.009692270308732986 256000
1771767053136 0.009583399631083012 261120
1771767147409 0.009475728496909142 266240
1771767242517 0.009533978998661041 271360
1771767336997 0.009437494911253452 276480
1771767432023 0.00947971735149622 281600
1771767526106 0.00952655915170908 286720
1771767620687 0.009713556617498398 291840
1771767714627 0.009750661440193653 296960
1771767761599 0.00966650526970625 300032
