1771762329827 399.59576416015625 5120
1771762425100 398.4606628417969 10240
1771762519255 387.7615966796875 15360
1771762614101 382.97845458984375 20480
1771762708173 380.176513671875 25600
1771762803672 379.271240234375 30720
1771762898122 379.07196044921875 35840
1771762992870 379.516845703125 40960
1771763086893 381.2492980957031 46080
1771763181578 380.93572998046875 51200
1771763275729 380.03485107421875 56320
1771763370510 379.1734313964844 61440
1771763464519 381.5944519042969 66560
1771763558984 383.3911437988281 71680
1771763653012 383.3937072753906 76800
1771763748175 382.42218017578125 81920
1771763842696 381.60986328125 87040
1771763937421 381.4964599609375 92160
1771764031440 381.20050048828125 97280
1771764126379 380.83587646484375 102400
1771764220652 380.6351318359375 107520
1771764315648 381.3563232421875 112640
1771764409650 382.570556640625 117760
1771764504336 383.2241516113281 122880
1771764598334 382.8592224121094 128000
1771764692932 382.8049011230469 133120
1771764787525 382.1044921875 138240
1771764881692 381.6817626953125 143360
1771764976773 380.9000549316406 148480
1771765070766 380.49609375 153600
1771765165288 380.2781066894531 158720
1771765259283 379.9377746582031 163840
1771765353946 379.75885009765625 168960
1771765447873 379.38189697265625 174080
1771765542402 378.8426208496094 179200
1771765636387 378.56005859375 184320
1771765730878 378.4881591796875 189440
1771765825169 378.2544250488281 194560
1771765920361 378.12811279296875 199680
1771766014822 378.1665344238281 204800
1771766109548 377.9090270996094 209920
1771766203494 377.83453369140625 215040
1771766298262 377.81768798828125 220160
1771766392241 377.4190368652344 225280
1771766487119 377.2598571777344 230400
1771766581042 377.2594299316406 235520
1771766675665 377.2391052246094 240640
1771766769575 377.0787353515625 245760
1771766864212 376.8495178222656 250880
1771766958091 376.7904052734375 256000
1771767053136 376.7376403808594 261120
1771767147409 376.6873779296875 266240
1771767242517 376.5358581542969 271360
1771767336997 376.4958190917969 276480
1771767432023 376.4570617675781 281600
1771767526106 376.4322204589844 286720
1771767620687 376.2212219238281 291840
1771767714627 376.2348937988281 296960
1771767761599 376.2182312011719 300032
