1771762329827 0.7614454030990601 5120
1771762425100 0.7457547187805176 10240
1771762519255 0.9494290351867676 15360
1771762614101 1.0161296129226685 20480
1771762708173 1.057174801826477 25600
1771762803672 1.053399920463562 30720
1771762898122 1.0611989498138428 35840
1771762992870 1.0784635543823242 40960
1771763086893 1.0609186887741089 46080
1771763181578 1.0575133562088013 51200
1771763275729 1.071648359298706 56320
1771763370510 1.0966616868972778 61440
1771763464519 1.062657117843628 66560
1771763558984 1.03396737575531 71680
1771763653012 1.039418339729309 76800
1771763748175 1.0565139055252075 81920
1771763842696 1.0691416263580322 87040
1771763937421 1.072190284729004 92160
1771764031440 1.077617883682251 97280
1771764126379 1.0856215953826904 102400
1771764220652 1.0937325954437256 107520
1771764315648 1.0794035196304321 112640
1771764409650 1.0578570365905762 117760
1771764504336 1.0463840961456299 122880
1771764598334 1.0559099912643433 128000
1771764692932 1.0614289045333862 133120
1771764787525 1.0747451782226562 138240
1771764881692 1.0838134288787842 143360
1771764976773 1.0952868461608887 148480
1771765070766 1.1037347316741943 153600
1771765165288 1.1074302196502686 158720
1771765259283 1.1104563474655151 163840
1771765353946 1.1152031421661377 168960
1771765447873 1.1212815046310425 174080
1771765542402 1.1288979053497314 179200
1771765636387 1.1344248056411743 184320
1771765730878 1.1390814781188965 189440
1771765825169 1.138181447982788 194560
1771765920361 1.1394840478897095 199680
1771766014822 1.1377511024475098 204800
1771766109548 1.1383119821548462 209920
1771766203494 1.1407123804092407 215040
1771766298262 1.1413872241973877 220160
1771766392241 1.147038221359253 225280
1771766487119 1.149654746055603 230400
1771766581042 1.1482055187225342 235520
1771766675665 1.1482305526733398 240640
1771766769575 1.1482654809951782 245760
1771766864212 1.1496282815933228 250880
1771766958091 1.1502296924591064 256000
1771767053136 1.1506376266479492 261120
1771767147409 1.1536182165145874 266240
1771767242517 1.1563297510147095 271360
1771767336997 1.1601035594940186 276480
1771767432023 1.1617499589920044 281600
1771767526106 1.161988377571106 286720
1771767620687 1.165362000465393 291840
1771767714627 1.1648261547088623 296960
1771767761599 1.1649019718170166 300032
