1771762329827 274.0 5120
1771762425100 518.0 10240
1771762519255 762.0 15360
1771762614101 1010.0 20480
1771762708173 1259.0 25600
1771762803672 1513.0 30720
1771762898122 1762.0 35840
1771762992870 2015.0 40960
1771763086893 2273.0 46080
1771763181578 2524.0 51200
1771763275729 2770.0 56320
1771763370510 3014.0 61440
1771763464519 3278.0 66560
1771763558984 3541.0 71680
1771763653012 3795.0 76800
1771763748175 4042.0 81920
1771763842696 4286.0 87040
1771763937421 4539.0 92160
1771764031440 4793.0 97280
1771764126379 5040.0 102400
1771764220652 5282.0 107520
1771764315648 5539.0 112640
1771764409650 5798.0 117760
1771764504336 6054.0 122880
1771764598334 6297.0 128000
1771764692932 6548.0 133120
1771764787525 6793.0 138240
1771764881692 7037.0 143360
1771764976773 7278.0 148480
1771765070766 7516.0 153600
1771765165288 7768.0 158720
1771765259283 8019.0 163840
1771765353946 8264.0 168960
1771765447873 8491.0 174080
1771765542402 8730.0 179200
1771765636387 8959.0 184320
1771765730878 9201.0 189440
1771765825169 9448.0 194560
1771765920361 9692.0 199680
1771766014822 9947.0 204800
1771766109548 10191.0 209920
1771766203494 10436.0 215040
1771766298262 10686.0 220160
1771766392241 10926.0 225280
1771766487119 11172.0 230400
1771766581042 11415.0 235520
1771766675665 11652.0 240640
1771766769575 11895.0 245760
1771766864212 12138.0 250880
1771766958091 12381.0 256000
1771767053136 12626.0 261120
1771767147409 12875.0 266240
1771767242517 13111.0 271360
1771767336997 13351.0 276480
1771767432023 13608.0 281600
1771767526106 13856.0 286720
1771767620687 14104.0 291840
1771767714627 14358.0 296960
1771767761599 14483.0 300032
