1771762329827 15.654908180236816 5120
1771762425100 15.691556930541992 10240
1771762519255 16.776914596557617 15360
1771762614101 17.184072494506836 20480
1771762708173 17.58466339111328 25600
1771762803672 17.449979782104492 30720
1771762898122 17.660871505737305 35840
1771762992870 17.68930435180664 40960
1771763086893 17.592714309692383 46080
1771763181578 17.531776428222656 51200
1771763275729 17.648357391357422 56320
1771763370510 17.788761138916016 61440
1771763464519 17.507810592651367 66560
1771763558984 17.338403701782227 71680
1771763653012 17.40996742248535 76800
1771763748175 17.571109771728516 81920
1771763842696 17.636598587036133 87040
1771763937421 17.664064407348633 92160
1771764031440 17.677331924438477 97280
1771764126379 17.74480438232422 102400
1771764220652 17.793724060058594 107520
1771764315648 17.71983528137207 112640
1771764409650 17.567119598388672 117760
1771764504336 17.47825050354004 122880
1771764598334 17.540199279785156 128000
1771764692932 17.626314163208008 133120
1771764787525 17.70924186706543 138240
1771764881692 17.7717342376709 143360
1771764976773 17.84217071533203 148480
1771765070766 17.92413330078125 153600
1771765165288 17.956541061401367 158720
1771765259283 17.98592758178711 163840
1771765353946 18.00275421142578 168960
1771765447873 18.03067398071289 174080
1771765542402 18.09162139892578 179200
1771765636387 18.148900985717773 184320
1771765730878 18.164648056030273 189440
1771765825169 18.147621154785156 194560
1771765920361 18.166900634765625 199680
1771766014822 18.143138885498047 204800
1771766109548 18.147703170776367 209920
1771766203494 18.167465209960938 215040
1771766298262 18.159303665161133 220160
1771766392241 18.211688995361328 225280
1771766487119 18.24607276916504 230400
1771766581042 18.237159729003906 235520
1771766675665 18.247631072998047 240640
1771766769575 18.228782653808594 245760
1771766864212 18.248533248901367 250880
1771766958091 18.24940299987793 256000
1771767053136 18.234556198120117 261120
1771767147409 18.250398635864258 266240
1771767242517 18.279518127441406 271360
1771767336997 18.30988883972168 276480
1771767432023 18.325345993041992 281600
1771767526106 18.32810401916504 286720
1771767620687 18.35519790649414 291840
1771767714627 18.35131072998047 296960
1771767761599 18.3515567779541 300032
