1771762329827 17.50786781311035 5120
1771762425100 17.06697654724121 10240
1771762519255 21.49955940246582 15360
1771762614101 22.839738845825195 20480
1771762708173 23.69012451171875 25600
1771762803672 23.57166290283203 30720
1771762898122 23.719953536987305 35840
1771762992870 24.044967651367188 40960
1771763086893 23.588836669921875 46080
1771763181578 23.46866226196289 51200
1771763275729 23.77720069885254 56320
1771763370510 24.360088348388672 61440
1771763464519 23.628379821777344 66560
1771763558984 22.96485137939453 71680
1771763653012 23.02296257019043 76800
1771763748175 23.343120574951172 81920
1771763842696 23.591384887695312 87040
1771763937421 23.64017105102539 92160
1771764031440 23.72610855102539 97280
1771764126379 23.912113189697266 102400
1771764220652 24.127840042114258 107520
1771764315648 23.7835636138916 112640
1771764409650 23.322099685668945 117760
1771764504336 23.091405868530273 122880
1771764598334 23.29874610900879 128000
1771764692932 23.421377182006836 133120
1771764787525 23.695205688476562 138240
1771764881692 23.911043167114258 143360
1771764976773 24.18592643737793 148480
1771765070766 24.386550903320312 153600
1771765165288 24.469266891479492 158720
1771765259283 24.533294677734375 163840
1771765353946 24.642784118652344 168960
1771765447873 24.83538055419922 174080
1771765542402 25.030364990234375 179200
1771765636387 25.19502067565918 184320
1771765730878 25.297683715820312 189440
1771765825169 25.278596878051758 194560
1771765920361 25.333099365234375 199680
1771766014822 25.288164138793945 204800
1771766109548 25.297163009643555 209920
1771766203494 25.347002029418945 215040
1771766298262 25.355140686035156 220160
1771766392241 25.490541458129883 225280
1771766487119 25.5375919342041 230400
1771766581042 25.513093948364258 235520
1771766675665 25.530405044555664 240640
1771766769575 25.546545028686523 245760
1771766864212 25.59187889099121 250880
1771766958091 25.606483459472656 256000
1771767053136 25.630332946777344 261120
1771767147409 25.689477920532227 266240
1771767242517 25.766040802001953 271360
1771767336997 25.851478576660156 276480
1771767432023 25.87032699584961 281600
1771767526106 25.88047218322754 286720
1771767620687 25.94222640991211 291840
1771767714627 25.930002212524414 296960
1771767761599 25.927051544189453 300032
