1771131483925 24.180822372436523 8192
1771131489413 25.060335159301758 16384
1771131505204 25.979022979736328 24576
1771131510953 26.19525718688965 32768
1771131526978 26.499679565429688 40960
1771131532760 26.90386390686035 49152
1771131548793 27.079450607299805 57344
1771131555076 27.07427215576172 65536
1771131570404 27.01615333557129 73728
1771131577373 27.085159301757812 81920
1771131591975 27.078519821166992 90112
1771131599122 27.137962341308594 98304
1771131613517 27.226606369018555 106496
1771131620981 27.186979293823242 114688
1771131635374 27.18785858154297 122880
1771131643172 27.2005672454834 131072
1771131657196 27.217058181762695 139264
1771131664985 27.126934051513672 147456
1771131679005 26.973655700683594 155648
1771131686872 26.893123626708984 163840
1771131700785 26.845373153686523 172032
1771131708576 26.80021858215332 180224
1771131722852 26.817848205566406 188416
1771131730455 26.746274948120117 196608
1771131744931 26.647401809692383 204800
1771131752303 26.631752014160156 212992
1771131766236 26.61631202697754 221184
1771131774560 26.57604217529297 229376
1771131788448 26.518814086914062 237568
1771131796341 26.440250396728516 245760
1771131810273 26.412858963012695 253952
1771131818230 26.397014617919922 262144
1771131831588 26.411699295043945 270336
1771131840805 26.384767532348633 278528
1771131854002 26.37781524658203 286720
1771131862771 26.357431411743164 294912
1771131870514 26.3507137298584 303104
