1771131483925 1.1374733448028564 8192
1771131489413 1.1476680040359497 16384
1771131505204 1.1602883338928223 24576
1771131510953 1.1559480428695679 32768
1771131526978 1.1568657159805298 40960
1771131532760 1.1660678386688232 49152
1771131548793 1.1680865287780762 57344
1771131555076 1.1645032167434692 65536
1771131570404 1.1593550443649292 73728
1771131577373 1.159530758857727 81920
1771131591975 1.157566785812378 90112
1771131599122 1.1577394008636475 98304
1771131613517 1.1592612266540527 106496
1771131620981 1.1561815738677979 114688
1771131635374 1.155274748802185 122880
1771131643172 1.1549326181411743 131072
1771131657196 1.1564204692840576 139264
1771131664985 1.1560704708099365 147456
1771131679005 1.1552305221557617 155648
1771131686872 1.1561391353607178 163840
1771131700785 1.1557687520980835 172032
1771131708576 1.1557397842407227 180224
1771131722852 1.1585419178009033 188416
1771131730455 1.158820390701294 196608
1771131744931 1.1584867238998413 204800
1771131752303 1.1586213111877441 212992
1771131766236 1.159558892250061 221184
1771131774560 1.1605103015899658 229376
1771131788448 1.1621285676956177 237568
1771131796341 1.1619200706481934 245760
1771131810273 1.1620352268218994 253952
1771131818230 1.162171483039856 262144
1771131831588 1.1642489433288574 270336
1771131840805 1.164614200592041 278528
1771131854002 1.1656665802001953 286720
1771131862771 1.1653590202331543 294912
1771131870514 1.1659364700317383 303104
