1771233690541 1.132472276687622 8192
1771233692686 1.1435190439224243 16384
1771233713940 1.1549551486968994 24576
1771233715921 1.1533385515213013 32768
1771233736350 1.1553385257720947 40960
1771233739001 1.1558328866958618 49152
1771233758923 1.1521629095077515 57344
1771233763087 1.151896595954895 65536
1771233781053 1.1525052785873413 73728
1771233785026 1.1529386043548584 81920
1771233804169 1.1522866487503052 90112
1771233807548 1.151509404182434 98304
1771233826836 1.1520975828170776 106496
1771233830779 1.1522388458251953 114688
1771233849959 1.1546080112457275 122880
1771233853651 1.1545898914337158 131072
1771233873013 1.153610348701477 139264
1771233876773 1.1543254852294922 147456
1771233895881 1.153361201286316 155648
1771233899871 1.1545394659042358 163840
1771233919153 1.1554464101791382 172032
1771233923141 1.1557344198226929 180224
1771233941873 1.1547366380691528 188416
1771233945924 1.1558923721313477 196608
1771233965017 1.155194640159607 204800
1771233968919 1.1545604467391968 212992
1771233988052 1.1542236804962158 221184
1771233993153 1.1548101902008057 229376
1771234011382 1.154949426651001 237568
1771234015905 1.1544671058654785 245760
1771234033795 1.1538581848144531 253952
1771234038912 1.1536588668823242 262144
1771234056695 1.1542994976043701 270336
1771234062017 1.153922200202942 278528
1771234079861 1.1525883674621582 286720
1771234084855 1.1534470319747925 294912
1771234102267 1.1530948877334595 303104
