1771233690538 21.614286422729492 8192
1771233692684 21.999412536621094 16384
1771233713938 21.632408142089844 24576
1771233715919 22.744356155395508 32768
1771233736348 22.186288833618164 40960
1771233738998 17.114913940429688 49152
1771233758920 18.6534423828125 57344
1771233763084 18.2635498046875 65536
1771233781051 17.518775939941406 73728
1771233785024 14.040576934814453 81920
1771233804167 14.439781188964844 90112
1771233807546 13.598989486694336 98304
1771233826833 14.837459564208984 106496
1771233830776 13.711407661437988 114688
1771233849957 13.434036254882812 122880
1771233853648 13.254720687866211 131072
1771233873011 14.523703575134277 139264
1771233876771 14.51797103881836 147456
1771233895879 12.416735649108887 155648
1771233899868 14.77046012878418 163840
1771233919150 12.657448768615723 172032
1771233923137 12.944541931152344 180224
1771233941870 14.614013671875 188416
1771233945921 12.450458526611328 196608
1771233965015 13.929916381835938 204800
1771233968917 15.122830390930176 212992
1771233988049 13.075447082519531 221184
1771233993150 14.148362159729004 229376
1771234011380 14.456010818481445 237568
1771234015903 13.979000091552734 245760
1771234033793 13.856441497802734 253952
1771234038910 15.578937530517578 262144
1771234056693 14.964550018310547 270336
1771234062014 12.051069259643555 278528
1771234079858 14.533697128295898 286720
1771234084853 14.130681991577148 294912
1771234102265 12.56336784362793 303104
