1758585935312 407.79166412353516 100
1758585936582 400.09259033203125 200
1758585937876 415.28205049954926 300
1758585939146 416.28124809265137 400
1758585940438 419.05833129882814 500
1758585941791 417.384057086447 600
1758585943153 422.02380916050504 700
1758585944647 419.1927070617676 800
1758585945983 419.0 900
1758585947323 419.8253965831938 1000
1758585948931 418.6597220102946 1100
1758585950305 417.80817571676005 1200
1758585951715 419.9454019480738 1300
1758585953561 415.88978428994454 1400
1758585955466 411.7222216057055 1500
1758585957387 411.56807440099584 1600
1758585959263 411.4298240260074 1700
1758585961123 413.34773612316746 1800
1758585962528 413.1007748980855 1900
1758585964462 410.1684977772472 2000
1758585965867 409.76460439151094 2100
1758585967777 409.29042884146816 2200
1758585969192 411.2610059054393 2300
1758585971104 411.1711706213049 2400
1758585973020 412.86494209026466 2500
1758585974411 412.72451731784287 2600
1758585975813 410.95899406312003 2700
1758585977693 411.2061064043118 2800
1758585979565 411.74877391142 2900
1758585980927 410.5094557958292 3000
1758585982810 409.8804593842605 3100
1758585984656 410.9855551147461 3200
1758585986057 411.4307355013761 3300
1758585987973 412.4119492056985 3400
1758585989389 412.5802840256109 3500
1758585991289 412.9713998828414 3600
1758585992689 412.86877362481476 3700
1758585994111 411.6350089984233 3800
1758585996017 412.02173904750657 3900
1758585997848 411.7336860939308 4000
1758585999111 411.003454099665 4100
1758586000372 411.38467985210997 4200
1758586001710 411.5653590034036 4300
1758586003683 411.102563564594 4400
1758586005079 410.67996817575374 4500
1758586006391 412.1659015340543 4600
1758586007696 411.5307801392701 4700
1758586009010 412.0518998263175 4800
1758586010303 413.25142376239484 4900
1758586011614 413.853555719224 5000
1758586012889 414.44693802814095 5100
1758586014221 414.50334590314384 5200
1758586015549 415.0524926373339 5300
1758586017490 414.7882875420412 5400
1758586019395 415.0082063385935 5500
1758586020832 414.9014863081581 5600
1758586022204 415.25636285955255 5700
1758586023763 415.7389479332927 5800
1758586025305 415.6390838623047 5900
1758586027272 415.24394400309524 6000
1758586029252 415.1393622180301 6100
1758586031169 415.04530134777093 6200
1758586033143 415.0926529231824 6300
1758586034779 414.86839220361804 6400
1758586036229 414.91188914305087 6500
1758586037673 414.9618596283246 6600
1758586039054 415.00668683464147 6700
1758586040702 415.5496449571975 6800
1758586042220 415.70958047284336 6900
1758586043895 415.73717909592847 7000
1758586045593 415.8909880172375 7100
1758586047016 416.38729674768314 7200
1758586048468 415.8305081297449 7300
1758586049869 415.73723268641737 7400
1758586051519 416.21917774775255 7500
1758586053224 416.4630627606366 7600
1758586054640 416.81372519100415 7700
1758586056332 417.1552628366571 7800
1758586057725 417.48441526734985 7900
1758586059553 418.0170936780098 8000
1758586061225 417.70304537545604 8100
1758586063249 417.6002503206258 8200
1758586065065 417.60189728689664 8300
1758586066511 417.80643804498874 8400
1758586068505 418.00563557942706 8500
1758586070155 418.5922827527176 8600
1758586072010 418.29402470138837 8700
1758586073790 418.57342607547076 8800
1758586075917 418.6632099766885 8900
1758586077745 418.4631734861057 9000
1758586079740 418.9177923803931 9100
1758586081742 419.09598173413957 9200
1758586083697 418.99815998540544 9300
1758586085329 419.2514552487036 9400
1758586087062 419.15259700626524 9500
1758586088870 419.32405387666034 9600
1758586090416 418.8781775781664 9700
1758586091968 419.2120891067217 9800
1758586093537 419.28284888049876 9900
1758586095436 419.26967788476964 10000
1758586097231 419.0902915068896 10100
1758586098998 419.15994582637666 10200
1758586100889 419.386453757723 10300
1758586103357 419.28829679169365 10400
1758586105685 419.5107417702675 10500
1758586108032 419.3372013527374 10600
1758586110184 419.39292496340227 10700
1758586111553 418.83270037830215 10800
1758586113136 418.81738538903096 10900
1758586114837 418.50030931664224 11000
1758586116238 418.49140533953084 11100
1758586117701 418.4130166046811 11200
1758586119720 418.6317054238069 11300
1758586121085 418.4796889657188 11400
1758586122566 418.2507397395891 11500
1758586123989 418.1728282982195 11600
1758586125678 418.3103545024133 11700
1758586127155 418.5880825326027 11800
1758586128855 418.6632298734999 11900
1758586130393 417.83560823824627 12000
1758586132105 417.2173170986726 12100
1758586133693 416.8291170786042 12200
1758586135206 416.2850359432661 12300
1758586136921 416.22434794446593 12400
1758586138657 415.63856713160993 12500
1758586140597 415.52322365182346 12600
1758586142477 415.342547036768 12700
1758586143994 415.02450149856594 12800
1758586145853 414.91479660914496 12900
1758586147826 414.2238999504732 13000
1758586149409 414.0516056585086 13100
1758586151184 413.6340121086862 13200
1758586152669 413.0838521083939 13300
1758586154096 412.4819676253305 13400
1758586155794 412.45391660535023 13500
1758586157589 412.16997920045065 13600
1758586159472 411.8994423306822 13700
1758586161217 411.5153339322696 13800
1758586162687 411.49200359384514 13900
1758586164389 411.60342218762355 14000
1758586165860 411.39866821018194 14100
1758586167839 411.3286828532618 14200
1758586169647 411.24366427862157 14300
1758586171277 411.11610988401014 14400
1758586172780 410.92579208945676 14500
1758586174701 410.79083053020486 14600
1758586177028 410.72617312956334 14700
1758586178615 410.71428534738413 14800
1758586180075 410.5760559726769 14900
1758586181497 410.33286610237354 15000
1758586183333 410.21812663920565 15100
1758586185506 410.22160882357895 15200
1758586187985 409.9720691848587 15300
1758586191141 409.8035466713274 15400
1758586193951 409.79601949332044 15500
1758586198268 409.51504899099507 15600
1758586200482 409.5725118491544 15700
1758586203043 409.2359072790641 15800
1758586208228 409.40299783938775 15900
1758586213750 409.1780697671991 16000
1758586219202 409.23464014389936 16100
1758586223576 409.07467498779295 16200
1758586228477 409.02430075368574 16300
1758586233228 408.9144198377264 16400
1758586237820 408.8020430914439 16500
1758586242466 408.5372720255482 16600
1758586246481 408.3918346636223 16700
1758586251207 408.19176041855565 16800
1758586256594 408.2401161717714 16900
1758586262055 408.3008681645168 17000
1758586267130 408.1615286943504 17100
1758586270453 407.96609454061473 17200
1758586274931 407.96443066480686 17300
1758586280013 408.0749492668383 17400
1758586285785 408.174306190776 17500
1758586289261 408.02821111965295 17600
1758586293166 407.9892599793209 17700
1758586295632 407.990498685497 17800
1758586298236 407.8077527150916 17900
1758586300947 407.9616586926957 18000
1758586303787 407.6837805054708 18100
1758586306291 407.5902050873405 18200
1758586308860 407.45804454988473 18300
1758586311709 407.5078543301286 18400
1758586314869 407.33485703822544 18500
1758586317963 407.05858920187404 18600
1758586320995 407.01585490139263 18700
1758586324069 406.9399397910178 18800
1758586327780 406.717488618175 18900
1758586331758 406.778520803122 19000
1758586335633 406.7039909447376 19100
1758586339469 406.6186532363723 19200
1758586343052 406.2692305847839 19300
1758586346647 406.0630234848606 19400
1758586350767 406.0255710904824 19500
1758586354073 406.0803537255119 19600
1758586357519 406.0996765432687 19700
1758586361122 406.0169883859004 19800
1758586364380 405.9941300236428 19900
1758586366919 405.7825006855915 20000
1758586369572 405.7625086100863 20100
1758586372661 405.7400979444181 20200
1758586375041 405.8343802566928 20300
1758586377948 405.63854146003723 20400
1758586380353 405.5720205514542 20500
1758586383139 405.67697579295367 20600
1758586385815 405.4466665258163 20700
1758586388687 405.28702743888755 20800
1758586391464 405.3099592410452 20900
1758586394282 405.3742836700532 21000
1758586397398 405.2270287373656 21100
1758586400230 404.9913158531418 21200
1758586403118 404.9630737609254 21300
1758586405714 404.9081428929379 21400
1758586407885 404.89081014097917 21500
1758586410060 404.9845799273393 21600
1758586412247 404.80950035521147 21700
1758586414904 404.70146328065454 21800
1758586417485 404.6347585220263 21900
1758586420251 404.54045761669164 22000
1758586422564 404.43400756012727 22100
1758586424435 404.5373919917662 22200
1758586426662 404.210718693624 22300
1758586428923 404.003323720731 22400
1758586431137 404.01765991903864 22500
1758586433290 404.08333321838955 22600
1758586435120 403.9061912550935 22700
1758586437154 403.99828648076993 22800
1758586438879 403.75046543568874 22900
1758586440679 403.61703760150635 23000
1758586442388 403.6445058891318 23100
1758586444275 403.8347106036842 23200
1758586445861 403.74771465461913 23300
1758586447689 403.878111583939 23400
1758586449186 403.81851167211516 23500
1758586450896 403.7326105629526 23600
1758586452895 403.48979887460183 23700
1758586455071 403.62559726674067 23800
1758586456932 403.43160854206883 23900
1758586458868 403.4537776557075 24000
1758586461399 403.3981398252178 24100
1758586463794 403.4511620032503 24200
1758586466054 403.32409838405533 24300
1758586468020 403.16520583932595 24400
1758586469883 403.1806403280866 24500
1758586471798 403.1990134801109 24600
1758586473391 402.966753229305 24700
1758586474837 403.03238326156696 24800
1758586476770 402.79801879146817 24900
1758586478879 402.8147351702907 25000
1758586481110 402.74002834222256 25100
1758586483131 402.76921971097903 25200
1758586485201 402.8234377950809 25300
1758586487339 403.0629221684224 25400
1758586489409 403.04335003990917 25500
1758586491285 403.0389772400772 25600
1758586493090 403.0544415237312 25700
1758586494978 403.11702706690835 25800
1758586496752 403.06370911353065 25900
1758586498621 402.9898154450093 26000
1758586500518 402.8079559451759 26100
1758586502380 402.82403591991545 26200
1758586504743 402.7175924139085 26300
1758586507247 402.78139390937673 26400
1758586511550 402.8754725649446 26500
1758586515138 402.7584812860689 26600
1758586517965 402.57514745985634 26700
1758586520861 402.63592606386186 26800
1758586523515 402.53154936232886 26900
1758586525597 402.4599573928966 27000
1758586527399 402.51941343570473 27100
1758586529751 402.51552205435763 27200
1758586532655 402.521522149514 27300
1758586534248 402.4559475289139 27400
1758586535814 402.45221338272097 27500
1758586537750 402.42582473100765 27600
1758586539244 402.33087456744653 27700
1758586541015 402.3489420509929 27800
1758586542605 402.343998799438 27900
1758586544362 402.24551954137564 28000
1758586546311 402.2947930982978 28100
1758586548134 402.4792777497199 28200
1758586550273 402.4348540679583 28300
1758586552360 402.24684324553516 28400
1758586554261 402.19551503937623 28500
1758586556944 402.13152590142676 28600
1758586559156 402.0256504482693 28700
1758586561398 402.11605562197246 28800
1758586564003 402.07295527447525 28900
1758586566403 402.0308548030357 29000
1758586568808 401.87395041006585 29100
1758586570515 401.77896657570705 29200
1758586572079 401.80034316893097 29300
1758586573708 401.7883343434211 29400
1758586575496 401.72685164736026 29500
1758586576992 401.68986859335496 29600
1758586578557 401.68905811406773 29700
1758586580094 401.61766812423275 29800
1758586581714 401.5788204592488 29900
1758586583205 401.4889685651381 30000
1758586584668 401.37120644627504 30100
1758586586297 401.2820235443115 30200
1758586587861 401.21106334153745 30300
1758586589443 401.09593064231683 30400
1758586590913 400.8537388158368 30500
1758586592446 401.00129262819274 30600
1758586593983 400.89397110962517 30700
1758586595579 400.97333305492737 30800
1758586597151 400.8900929484334 30900
1758586598744 400.82357013441697 31000
1758586600273 400.9223376803928 31100
1758586601836 400.8837716480371 31200
1758586603446 400.7383744887884 31300
1758586605245 400.5972697290157 31400
1758586607156 400.505376057831 31500
1758586610204 400.6091714868147 31600
1758586612483 400.6034126776477 31700
1758586614721 400.5130471267856 31800
1758586616502 400.69446297338453 31900
1758586618995 400.7421678358675 32000
1758586621050 400.8093150745739 32100
1758586623135 400.77109885744153 32200
1758586624759 400.8022085085132 32300
1758586626452 400.61374214890003 32400
1758586628965 400.5782875370678 32500
1758586631226 400.58112256280305 32600
1758586633464 400.5572810100548 32700
1758586635474 400.5328279477648 32800
1758586637447 400.49759053494705 32900
1758586638903 400.32896425339686 33000
1758586640542 400.35228724261515 33100
1758586642131 400.40944591609195 33200
1758586643544 400.3215287910645 33300
1758586644973 400.2978191573385 33400
1758586646468 400.2476863282353 33500
1758586648630 400.18834479455404 33600
1758586650722 400.19212632185383 33700
1758586652592 400.14936973283415 33800
1758586654742 400.0500209511164 33900
1758586656951 399.9909763117505 34000
1758586659080 400.04835944281683 34100
1758586661406 400.09647421084907 34200
1758586664016 400.07375806750673 34300
1758586666413 400.08107791658165 34400
1758586668646 399.9973840611728 34500
1758586671216 399.99081578550295 34600
1758586673286 399.89440252182635 34700
1758586675934 399.78953893336086 34800
1758586678433 399.75931647638356 34900
1758586681321 399.6539649916109 35000
1758586684024 399.70949113832864 35100
1758586686254 399.5885670102876 35200
1758586687818 399.5444032073094 35300
1758586689361 399.60230489518386 35400
1758586690868 399.67338189391717 35500
1758586692592 399.5340236963694 35600
1758586694209 399.59011718453354 35700
1758586695773 399.5442153496283 35800
1758586697535 399.5996373863036 35900
1758586698993 399.7306840449913 36000
1758586700412 399.66716720507696 36100
1758586702166 399.5013977745609 36200
1758586703710 399.5304656763658 36300
1758586705407 399.5502579590135 36400
1758586707130 399.48336275206105 36500
1758586708744 399.50296355170053 36600
1758586710760 399.4357759011271 36700
1758586713028 399.4338636938131 36800
1758586715302 399.45529381247127 36900
1758586717453 399.39841425789854 37000
1758586720179 399.3814399951515 37100
1758586724218 399.32827072500066 37200
1758586728941 399.3590562095042 37300
1758586732213 399.30854126189354 37400
1758586734997 399.3152758972946 37500
1758586737280 399.4875791517728 37600
1758586740287 399.4921272207515 37700
1758586742453 399.49846803861266 37800
1758586744061 399.54126044767975 37900
1758586745690 399.5474282749721 38000
1758586747545 399.5437093319344 38100
1758586749792 399.470989483344 38200
1758586751787 399.41217594071 38300
1758586753660 399.47651358033954 38400
1758586755386 399.4280064915076 38500
1758586757116 399.38766862680245 38600
1758586758492 399.4847461115705 38700
1758586759880 399.5501397653788 38800
1758586761326 399.532960604023 38900
1758586762773 399.4921074232351 39000
1758586764217 399.5191663784451 39100
1758586766213 399.5485684973381 39200
1758586767899 399.5679009365337 39300
1758586769909 399.538701658675 39400
1758586771647 399.5913088287588 39500
1758586773224 399.57396203740507 39600
1758586774665 399.58720582322775 39700
1758586776155 399.70365290085385 39800
1758586777681 399.8646906343992 39900
1758586779399 399.9154913647832 40000
1758586780804 400.00829244627056 40100
1758586782310 400.01231539005084 40200
1758586783975 400.0825709465565 40300
1758586785751 400.0852106937523 40400
1758586787621 400.0160596304328 40500
1758586789902 399.97897705861044 40600
1758586792430 399.9203088756309 40700
1758586794387 399.89530112083924 40800
1758586796148 399.95585604787124 40900
1758586797973 399.8870936329082 41000
1758586799928 399.8262895522644 41100
1758586802029 399.82340509538346 41200
1758586803923 399.7884207715486 41300
1758586805403 399.6797966275896 41400
1758586806974 399.5924176150148 41500
1758586808724 399.70412936013713 41600
1758586810334 399.5366698773238 41700
1758586812033 399.59642706800577 41800
1758586813754 399.4952427577527 41900
1758586815456 399.4421413441396 42000
1758586817083 399.4052538179304 42100
1758586818541 399.43281759675017 42200
1758586820060 399.43838874405026 42300
1758586821496 399.34983723123236 42400
1758586823048 399.25597649714985 42500
1758586824658 399.2204902582651 42600
1758586826450 399.22553488044076 42700
1758586828318 399.2120824056527 42800
1758586829944 399.1589675593497 42900
1758586831491 399.1941630174274 43000
1758586833247 399.0421927492085 43100
1758586834963 399.0191626075056 43200
1758586836826 399.024479933188 43300
1758586838490 398.9605920937167 43400
1758586840019 398.8845765825863 43500
1758586841587 398.95296341079575 43600
1758586843104 398.92896282161814 43700
1758586844642 398.9968503613427 43800
1758586846184 399.0236438872322 43900
1758586847781 398.88817386919766 44000
1758586849235 398.76395033094616 44100
1758586850670 398.8312805025448 44200
1758586852553 398.7698292690041 44300
1758586854391 398.7892538712701 44400
1758586856283 398.7269830507583 44500
1758586858233 398.7045451562309 44600
1758586860194 398.6316427884597 44700
1758586862142 398.57798283944334 44800
1758586864178 398.57791233247923 44900
1758586866197 398.48385764946374 45000
1758586868616 398.5518515471675 45100
1758586870559 398.5187145554876 45200
1758586872468 398.5333970971316 45300
1758586874382 398.5119101691303 45400
1758586876219 398.460765258205 45500
1758586878077 398.4404645189287 45600
1758586879886 398.25170685439633 45700
1758586881438 398.25043558292145 45800
1758586883138 398.3168086752267 45900
1758586885034 398.24554315540837 46000
1758586886780 398.16855582776475 46100
1758586888358 398.10977495149416 46200
1758586889870 398.0317643899357 46300
1758586891361 398.0703770183744 46400
1758586892927 398.0399871940577 46500
1758586895006 398.00101310365994 46600
1758586896541 398.0098768012634 46700
1758586898039 398.0285666847318 46800
1758586899567 397.95110770437896 46900
1758586901631 397.8644090910789 47000
1758586903333 397.78749968210855 47100
1758586904931 397.80378546322925 47200
1758586906986 397.7077569847283 47300
1758586908897 397.7724901151109 47400
1758586910896 397.668730569542 47500
1758586912854 397.68673655750985 47600
1758586914910 397.71432891051046 47700
1758586916985 397.6674259989068 47800
1758586919073 397.6035499833202 47900
1758586921257 397.57462880397037 48000
1758586923427 397.52864669834406 48100
1758586925510 397.5001505096574 48200
1758586927583 397.36027055658553 48300
1758586929728 397.27687656299486 48400
1758586932259 397.26764014083346 48500
1758586934349 397.2435664137561 48600
1758586936421 397.22767292555943 48700
1758586938668 397.1090743397835 48800
1758586940937 397.11827205824704 48900
1758586943237 397.1197681511924 49000
1758586945372 397.0662218967014 49100
1758586947526 397.04445890993 49200
1758586949384 396.9825801122917 49300
1758586951604 396.9470966180587 49400
1758586953434 396.9930153784901 49500
1758586955035 396.9845213554275 49600
1758586956608 397.0296439069062 49700
1758586958122 396.98422401689 49800
1758586959662 396.98505360894524 49900
1758586961574 396.9064451739654 50000
1758586963442 396.926070827908 50100
1758586964938 396.87465530003914 50200
1758586966506 396.8675785611548 50300
1758586968178 396.9153297996438 50400
1758586970120 396.8721882315243 50500
1758586971799 396.88152748868544 50600
1758586973286 396.8915442927555 50700
1758586974887 396.8399967839773 50800
1758586976575 396.84920599572087 50900
1758586978252 396.84018229785033 51000
1758586979865 396.8676488029809 51100
1758586981465 396.84299482002484 51200
1758586983113 396.878793977778 51300
1758586984788 396.9234957555297 51400
1758586986575 396.94376112940756 51500
1758586988187 396.9187108603024 51600
1758586989779 396.85106946970967 51700
1758586991627 396.7313093664674 51800
1758586993458 396.72521350621474 51900
1758586995167 396.70873548562963 52000
1758586996744 396.71250838753565 52100
1758586998392 396.669246510781 52200
1758587000182 396.6457199128535 52300
1758587001960 396.68160311725546 52400
1758587003645 396.6914167546988 52500
1758587005501 396.66002182310996 52600
1758587007295 396.6530594902813 52700
1758587009027 396.6284805184263 52800
1758587010657 396.56227603222493 52900
1758587012330 396.5546625150689 53000
1758587013972 396.49671021888133 53100
1758587015824 396.49876816597674 53200
1758587017540 396.524579783826 53300
1758587019178 396.5183970902849 53400
1758587020848 396.4548976789202 53500
1758587022598 396.3728603621081 53600
1758587024357 396.3079736894277 53700
1758587026417 396.3195964334653 53800
1758587027944 396.3789165317529 53900
1758587029491 396.40470386448055 54000
1758587031054 396.3747810483893 54100
1758587032691 396.3931207806773 54200
1758587034294 396.31455371020064 54300
1758587035878 396.35716169732643 54400
1758587037561 396.31863699934047 54500
1758587039303 396.3049216818075 54600
1758587040980 396.31556147736865 54700
1758587042628 396.2359114590634 54800
1758587044541 396.09222370803735 54900
1758587046373 396.14374641697435 55000
1758587047973 396.1463621593657 55100
1758587050394 396.22257397944384 55200
1758587052103 396.2157441271152 55300
1758587053865 396.1641002704727 55400
1758587055964 396.1088780973538 55500
1758587057782 396.11928140428 55600
1758587059716 396.1291859984585 55700
1758587061379 396.13211830880573 55800
1758587063393 396.0947722254855 55900
1758587065182 396.11440813629855 56000
1758587067087 396.0226767616198 56100
1758587068717 396.0660827161737 56200
1758587070830 396.15728125711087 56300
1758587072598 396.20776756496656 56400
1758587074285 396.3293985656171 56500
1758587076119 396.3159585135324 56600
1758587077804 396.2934486462661 56700
1758587079329 396.26304959351853 56800
1758587080856 396.25736017417614 56900
1758587082374 396.37747510542306 57000
1758587083892 396.40346819550007 57100
1758587085406 396.33396941334655 57200
1758587086953 396.2889182541237 57300
1758587088482 396.21278996462144 57400
1758587090467 396.1052828607157 57500
1758587092165 396.1785530703925 57600
1758587093754 396.21186839017 57700
1758587095460 396.2064899408524 57800
1758587097248 396.17893517084866 57900
1758587098954 396.1267894810991 58000
1758587100660 396.1667917573663 58100
1758587102179 396.16992086080336 58200
1758587103949 396.2410042060726 58300
1758587105746 396.1888013126874 58400
1758587107308 396.13117889757694 58500
1758587108917 396.1556671222229 58600
1758587110456 396.1581655120282 58700
1758587112218 396.2130555911651 58800
1758587113903 396.2379448378475 58900
1758587115498 396.256728136981 59000
1758587117068 396.28219320752044 59100
1758587118663 396.2002457397011 59200
1758587120500 396.2024070160654 59300
1758587122577 396.17408607600805 59400
1758587124722 396.1771978844973 59500
1758587126409 396.24813567477355 59600
1758587128083 396.2350784799023 59700
1758587129789 396.2234001201511 59800
1758587131378 396.1658753822998 59900
1758587133034 396.10857917877433 60000
1758587134866 396.1117580540188 60100
1758587136962 396.06997431620215 60200
1758587138700 396.0273439770818 60300
1758587140357 396.03768092169275 60400
1758587141939 396.0317658905526 60500
1758587143502 395.9367627140417 60600
1758587145031 395.9616814745654 60700
1758587146595 395.9642555206617 60800
1758587148340 395.9664628374632 60900
1758587149978 395.83728002158807 61000
1758587151820 395.87113320088565 61100
1758587153447 395.7710194705424 61200
1758587155051 395.70833311898366 61300
1758587156667 395.69579150843384 61400
1758587158312 395.662750466857 61500
1758587159906 395.67235230077813 61600
1758587161805 395.68132885096975 61700
1758587163738 395.66300732555874 61800
1758587165978 395.6515202771825 61900
1758587167977 395.64153695510606 62000
1758587169597 395.6309941268942 62100
1758587171298 395.626129059085 62200
1758587173281 395.57059144353616 62300
1758587175379 395.5294837991829 62400
1758587177567 395.51856370381427 62500
1758587179814 395.55025045869235 62600
1758587181996 395.50314224498896 62700
1758587183712 395.4845472557198 62800
1758587185723 395.53786803519637 62900
1758587187862 395.5554202293836 63000
1758587190234 395.59342100717026 63100
1758587192242 395.63250211467374 63200
1758587194162 395.6498960756167 63300
1758587195746 395.6529694235786 63400
1758587197572 395.6200158935463 63500
1758587199481 395.5375213150313 63600
1758587201442 395.4420188256005 63700
1758587203544 395.45201307727444 63800
1758587205936 395.3438997432089 63900
1758587207693 395.31935870557675 64000
1758587209691 395.2531896084038 64100
1758587211929 395.2430032254893 64200
1758587213755 395.2325605874819 64300
1758587215710 395.21396147113705 64400
1758587218528 395.20409993448106 64500
1758587220948 395.23588941539793 64600
1758587222623 395.27439005781963 64700
1758587224183 395.31287321852477 64800
1758587225714 395.34380257351097 64900
1758587227419 395.36806004962165 65000
1758587229465 395.3779309303903 65100
1758587231617 395.35411746241465 65200
1758587233493 395.23346742730524 65300
1758587235030 395.21136421922307 65400
1758587236600 395.20220939603024 65500
1758587238149 395.20622962535884 65600
1758587240132 395.1824706165142 65700
1758587241897 395.1586638244242 65800
1758587243596 395.07329099632295 65900
1758587245153 395.0492573646789 66000
1758587246875 395.0063058452435 66100
1758587248933 394.9829851503913 66200
1758587250839 395.0348002082224 66300
1758587252491 394.9842474837218 66400
1758587254051 394.9222770867175 66500
1758587255588 394.9530870994613 66600
1758587257265 395.0315343587561 66700
1758587258976 395.0007116490689 66800
1758587260915 395.06532183003134 66900
1758587262678 395.1296658818833 67000
1758587264473 395.0988985759821 67100
1758587266394 395.0628878155085 67200
1758587268260 395.06644902439336 67300
1758587269894 395.0900650074117 67400
1758587271651 395.1268291293509 67500
1758587273431 395.13712107670773 67600
1758587275032 395.15380444755505 67700
1758587276563 395.1633213249446 67800
1758587278121 395.1463584086166 67900
1758587279722 395.076906384557 68000
1758587281491 395.03379525652554 68100
1758587283088 395.0575580676729 68200
1758587284764 395.0605913123606 68300
1758587286395 395.1380507796046 68400
1758587288033 395.1341983070361 68500
1758587289667 395.14502011700006 68600
1758587291323 395.1805066109008 68700
1758587293169 395.15805407072367 68800
1758587294936 395.1342251848438 68900
1758587296613 395.1574956102832 69000
1758587298327 395.15502261964053 69100
1758587300301 395.112343976221 69200
1758587302147 395.05003152548926 69300
1758587304231 395.07318986958427 69400
1758587305964 395.08259666327274 69500
1758587308943 395.033417257956 69600
1758587310735 395.01138734216954 69700
1758587312454 395.0478883639554 69800
1758587314155 395.07702760322127 69900
1758587315832 395.060187963408 70000
1758587317630 395.0521288676492 70100
1758587319467 395.09463529586793 70200
1758587321018 395.11648454829793 70300
1758587322613 395.08836957034293 70400
1758587324543 395.1047499442442 70500
1758587326234 395.16537215821523 70600
1758587328020 395.1618071619985 70700
1758587329824 395.2415891476091 70800
1758587331598 395.2506438784474 70900
1758587333346 395.228928559207 71000
1758587335061 395.226006871234 71100
1758587336656 395.2471528574297 71200
1758587338337 395.16195295013137 71300
1758587340014 395.1723448657931 71400
1758587341704 395.1692204196286 71500
1758587343340 395.1591162890296 71600
1758587344978 395.06744078843695 71700
1758587346855 395.1019732254396 71800
1758587348614 395.0799551710636 71900
1758587350361 395.0268815935057 72000
1758587352157 395.01154651253535 72100
1758587353996 394.99529720047144 72200
1758587355747 395.0170654093486 72300
1758587357422 395.02591235927576 72400
1758587359083 395.0475182471337 72500
1758587360687 395.10675500701797 72600
1758587362483 395.17830963272604 72700
1758587364174 395.1067166803116 72800
1758587365962 395.080029924639 72900
1758587367756 395.11374302625296 73000
1758587369423 395.15953083609395 73100
1758587371009 395.14404572856085 73200
1758587372621 395.17771133195106 73300
1758587374199 395.1866367527696 73400
1758587375798 395.213952457738 73500
1758587377439 395.1986225640731 73600
1758587379101 395.1955745913418 73700
1758587380929 395.2244291783369 73800
1758587382694 395.25769674912084 73900
1758587384336 395.2841019994193 74000
1758587386064 395.28230478463007 74100
1758587387856 395.327191321355 74200
1758587389926 395.3723382194638 74300
1758587391955 395.36914548251576 74400
1758587394070 395.3228614972888 74500
1758587395988 395.3922113504133 74600
1758587397940 395.38963688173675 74700
1758587399649 395.410211321695 74800
1758587401625 395.4260339489122 74900
1758587403911 395.4226432288701 75000
1758587406159 395.4242378950258 75100
1758587408547 395.45764260875796 75200
1758587410831 395.4846547415116 75300
1758587412579 395.54123151827855 75400
1758587414521 395.54981164741685 75500
1758587416167 395.58745529708887 75600
1758587417880 395.6077410886909 75700
1758587419532 395.57511049987124 75800
1758587421244 395.5952654382194 75900
1758587422903 395.58623492563373 76000
1758587424655 395.6300286523227 76100
1758587426526 395.62659007090235 76200
1758587428230 395.68776847338887 76300
1758587429945 395.7190598153959 76400
1758587431510 395.7565713631766 76500
1758587433174 395.7524488201495 76600
1758587434780 395.74294665193383 76700
1758587436423 395.77481960652904 76800
1758587438107 395.83030038616147 76900
1758587439806 395.8152935071425 77000
1758587441481 395.795923139938 77100
1758587443235 395.81557564696226 77200
1758587444884 395.82258058039565 77300
1758587446609 395.8251836462975 77400
1758587448245 395.75790506510464 77500
1758587449915 395.81866884957714 77600
1758587451523 395.85538655787974 77700
1758587453215 395.8696099700756 77800
1758587454904 395.8833332576109 77900
1758587456584 395.9138381722599 78000
1758587458379 395.89841262860125 78100
1758587460333 395.9242677992792 78200
1758587462116 395.89253766660653 78300
1758587463907 395.8888733225297 78400
1758587465803 395.8685530531463 78500
1758587467540 395.85950982208806 78600
1758587469291 395.88595264843343 78700
1758587471113 395.8664443219294 78800
1758587472788 395.88028488138 78900
1758587474427 395.88254314239646 79000
1758587476301 395.86199569596505 79100
1758587478195 395.89352870620456 79200
1758587480115 395.9578384825025 79300
1758587482133 395.9657836097229 79400
1758587483895 395.9900366791024 79500
1758587485599 396.0372408214479 79600
1758587487314 396.0282663866476 79700
1758587489107 396.008465984246 79800
1758587491020 396.01060517227916 79900
1758587492969 396.0242465126351 80000
1758587494842 396.02636374237113 80100
1758587496487 396.03484552367263 80200
1758587498110 395.9823004170386 80300
1758587499840 396.0296790521152 80400
1758587501467 396.03114494255146 80500
1758587503189 396.0110203458825 80600
1758587504938 396.0191122594087 80700
1758587506618 396.0208558943062 80800
1758587508288 395.9997739853931 80900
1758587510008 396.0186387988374 81000
1758587511645 395.99314937725654 81100
1758587513410 395.95119747530765 81200
1758587515132 395.94898778423766 81300
1758587517026 395.93450127778993 81400
1758587518746 395.9246543962338 81500
1758587520374 395.9319260780066 81600
1758587522113 395.95081446941634 81700
1758587524037 395.9193490032474 81800
1758587526092 395.93811941364004 81900
1758587528003 395.9068325084577 82000
1758587529887 395.89762088762376 82100
1758587531629 395.93775576190774 82200
1758587533520 395.95716691125205 82300
1758587535512 395.92596531041295 82400
1758587537451 396.00953006744385 82500
1758587539432 395.9678090021537 82600
1758587541218 395.95308209806643 82700
1758587543005 395.9875937556589 82800
1758587544775 395.97825696853835 82900
1758587546722 395.99660846395676 83000
1758587548571 396.0146036115351 83100
1758587550677 396.0542083362183 83200
1758587552617 396.0614634747567 83300
1758587554480 396.0895547916962 83400
1758587556432 396.1180536696278 83500
1758587558158 396.16789016363566 83600
1758587559996 396.1478085525377 83700
1758587562061 396.19233779029366 83800
1758587563854 396.22583586992766 83900
1758587565679 396.2224975275427 84000
1758587567352 396.2619419028325 84100
1758587569063 396.241497403194 84200
1758587570983 396.1626374671327 84300
1758587572796 396.2011075638784 84400
1758587574531 396.2239798589366 84500
1758587576533 396.2304669755384 84600
1758587578351 396.22624581894974 84700
1758587580124 396.24330482886944 84800
1758587581869 396.2706827413679 84900
1758587583579 396.29876311493115 85000
1758587585436 396.22100694217573 85100
1758587587225 396.24882197913155 85200
1758587589028 396.2655714454103 85300
1758587590929 396.3250447820621 85400
1758587592834 396.27392224105466 85500
1758587594903 396.29121901568243 85600
1758587596574 396.2412705691907 85700
1758587598399 396.2687334399894 85800
1758587600484 396.2651282528844 85900
1758587602669 396.29339606603475 86000
1758587604569 396.25354015551216 86100
1758587606217 396.23413800211694 86200
1758587607940 396.21456369950585 86300
1758587609790 396.24235119152263 86400
1758587611616 396.24883931194506 86500
1758587613465 396.2913820134999 86600
1758587615781 396.3090786001428 86700
1758587617790 396.2892898567273 86800
1758587620127 396.3474497197706 86900
1758587622467 396.42113424397644 87000
1758587624495 396.4844940929878 87100
1758587626478 396.47999322144966 87200
1758587628520 396.50689734006124 87300
1758587630561 396.52379751874355 87400
1758587632439 396.50346172130384 87500
1758587634463 396.426809889172 87600
1758587636313 396.4227408162963 87700
1758587638048 396.449472207198 87800
1758587639744 396.4866367089321 87900
1758587641642 396.4632577737133 88000
1758587643465 396.45903735985576 88100
1758587645171 396.5059980978058 88200
1758587647078 396.50657070395437 88300
1758587649134 396.492157749518 88400
1758587651288 396.48845733182134 88500
1758587653361 396.5554182293858 88600
1758587656026 396.581791186668 88700
1758587658187 396.5973795801034 88800
1758587659859 396.6030846646699 88900
1758587661972 396.61934603725797 89000
1758587664025 396.5900457640762 89100
1758587665721 396.5812887728975 89200
1758587667449 396.5865800068151 89300
1758587669356 396.55265941050374 89400
1758587671320 396.47363480845405 89500
1758587673236 396.4894993187016 89600
1758587675151 396.4652438354492 89700
1758587677111 396.4563839561061 89800
1758587679080 396.4522186450118 89900
1758587680849 396.56314290858995 90000
1758587682791 396.5484222634325 90100
1758587684525 396.57884950771876 90200
1758587686276 396.5700564257458 90300
1758587688039 396.58577179361 90400
1758587689963 396.61123181402974 90500
1758587691977 396.57804321097547 90600
1758587693768 396.5991804481961 90700
1758587695605 396.61963231219687 90800
1758587697341 396.59652068122983 90900
1758587699119 396.6268219588068 91000
1758587700990 396.63754192980446 91100
1758587702807 396.63473979371025 91200
1758587704656 396.5766067121129 91300
1758587706537 396.548057667517 91400
1758587708376 396.5238208187242 91500
1758587710203 396.5487386740372 91600
1758587712007 396.59884774863934 91700
1758587713775 396.62002849465296 91800
1758587715589 396.6059704208011 91900
1758587717339 396.62077285864484 92000
1758587719199 396.6849785593374 92100
1758587721095 396.7004818587429 92200
1758587723095 396.67159987929983 92300
1758587724905 396.6746706758404 92400
1758587726633 396.63704394865925 92500
1758587728355 396.6810276078322 92600
1758587730165 396.6961014596282 92700
1758587732519 396.720952958023 92800
1758587734546 396.7456675879228 92900
1758587736526 396.81911801216296 93000
1758587738884 396.7903363689011 93100
1758587741199 396.8196592299635 93200
1758587743510 396.8730975387527 93300
1758587745882 396.8880962553818 93400
1758587748348 396.9174064457974 93500
1758587750602 396.9656244225442 93600
1758587752763 396.9636277892312 93700
1758587755071 396.94946427294195 93800
1758587757103 396.96052418136776 93900
1758587759161 396.9756370613582 94000
1758587761233 396.97596926364764 94100
1758587763203 397.00065699490636 94200
1758587765131 396.96269686029837 94300
1758587766921 396.93653541494297 94400
1758587768918 396.93210011388527 94500
1758587770746 396.95156687989635 94600
1758587772638 396.95754492618437 94700
1758587774671 396.95816037576833 94800
1758587776547 396.9351446198725 94900
1758587778711 396.9544896313808 95000
1758587780658 396.90883315412293 95100
1758587782770 396.8811327368192 95200
1758587784711 396.87683479939034 95300
1758587786735 396.9102710352457 95400
1758587788766 396.933905357518 95500
1758587790810 396.94822850864955 95600
1758587792726 396.9722221548699 95700
1758587794827 396.9822079595858 95800
1758587796913 396.9401533466234 95900
1758587799185 396.93155771416576 96000
1758587801127 396.94565704748163 96100
1758587803166 396.97921864520197 96200
1758587805239 396.9707283243344 96300
1758587807469 396.9943713536613 96400
1758587809532 396.980944767564 96500
1758587811701 396.95393191762327 96600
1758587813722 397.02368572250623 96700
1758587815945 397.04814556021097 96800
1758587818092 397.0906596686842 96900
1758587820127 397.07648419743316 97000
1758587822173 397.1275302820038 97100
1758587824780 397.1290261395058 97200
1758587826807 397.1475452000002 97300
1758587828671 397.12547648896765 97400
1758587830575 397.1481107417828 97500
1758587832629 397.1114591975882 97600
1758587834719 397.1164393178734 97700
1758587837626 397.15784570541484 97800
1758587839789 397.14528001011865 97900
1758587841939 397.1506909775617 98000
1758587843726 397.16451414792476 98100
1758587845657 397.1508747861054 98200
1758587847547 397.128638019405 98300
1758587849444 397.12881977110936 98400
1758587851298 397.10561708166966 98500
1758587853648 397.07401248091213 98600
1758587855357 397.0474293036228 98700
1758587857180 397.0570048691292 98800
1758587858968 397.0534819646775 98900
1758587860680 397.08097963594065 99000
1758587862407 397.08252492363073 99100
1758587864211 397.09667467068164 99200
1758587865992 397.0795012151972 99300
1758587867931 397.12945048573255 99400
1758587869770 397.14781870818945 99500
1758587871596 397.20636829427264 99600
1758587873444 397.1485538365651 99700
1758587875232 397.107682142719 99800
1758587877275 397.11311600318834 99900
1758587879481 397.11885507528194 100000
1758587881347 397.1145059659667 100100
1758587883323 397.11892297352637 100200
1758587885274 397.11461956077335 100300
1758587887031 397.106288006868 100400
1758587888821 397.1286313828632 100500
1758587890687 397.1693442639091 100600
1758587892606 397.12509031812954 100700
1758587894432 397.12069332168267 100800
1758587896271 397.1303311711551 100900
1758587898147 397.11345440408456 101000
1758587899975 397.0787046328203 101100
1758587901847 397.08011221427483 101200
1758587903958 397.11618115734774 101300
1758587905763 397.19173843120706 101400
1758587907503 397.18776454699696 101500
1758587909385 397.18828414880886 101600
1758587911221 397.16272648857046 101700
1758587913233 397.1758980331323 101800
1758587915294 397.15915909369886 101900
1758587917263 397.14198450382 102000
1758587919085 397.1599243046486 102100
1758587920889 397.1819185457195 102200
1758587922743 397.2350636697992 102300
1758587924546 397.2094271892926 102400
1758587926408 397.22217478152277 102500
1758587928263 397.20898113149167 102600
1758587930073 397.1781559656021 102700
1758587931844 397.174530580624 102800
1758587933807 397.1656048074602 102900
1758587935630 397.1527011112283 103000
1758587937440 397.15713068660375 103100
1758587939211 397.1875528598821 103200
1758587940982 397.20046515332695 103300
1758587942714 397.2659131925621 103400
1758587944439 397.2008862049677 103500
1758587946157 397.2399872945493 103600
1758587947937 397.21451131536264 103700
1758587949776 397.19791660886824 103800
1758587951495 397.17612635460324 103900
1758587953414 397.14265204407394 104000
1758587955162 397.1430219780361 104100
1758587956891 397.17344508141093 104200
1758587958939 397.14826833647464 104300
1758587960847 397.15310030368664 104400
1758587962613 397.1453062293172 104500
1758587964377 397.1245474118238 104600
1758587966093 397.1075054926546 104700
1758587967923 397.0865818236007 104800
1758587969701 397.11282365795375 104900
1758587971447 397.0965660198422 105000
1758587973199 397.15630840269006 105100
1758587974989 397.1945597436341 105200
1758587976806 397.14394876630473 105300
1758587978678 397.13160615753014 105400
1758587980638 397.1409538965784 105500
1758587982601 397.1585970846437 105600
1758587984438 397.1459624600736 105700
1758587986385 397.15530766735685 105800
1758587988289 397.18918448470214 105900
1758587990235 397.18102494606967 106000
1758587992132 397.2019764658893 106100
1758587994107 397.2150691796212 106200
1758587996048 397.24443524785664 106300
1758587998534 397.2314928176955 106400
1758588000461 397.1898755143176 106500
1758588002398 397.19500778063815 106600
1758588004387 397.2076680905205 106700
1758588006223 397.18364000690985 106800
1758588008051 397.1171161197963 106900
1758588009936 397.12982233175575 107000
1758588011742 397.09718531889257 107100
1758588013641 397.0679502075245 107200
1758588015646 397.106282577965 107300
1758588017573 397.11874738695565 107400
1758588019471 397.12708241549126 107500
1758588021332 397.13192605014166 107600
1758588023266 397.13249502373475 107700
1758588025359 397.1538019257581 107800
1758588027284 397.1290822542631 107900
1758588029303 397.12514317958977 108000
1758588031429 397.16282821809403 108100
1758588033415 397.18335008669334 108200
1758588035926 397.1872983163403 108300
1758588038343 397.25338964811795 108400
1758588041008 397.30724864062637 108500
1758588043477 397.29159121719437 108600
1758588045838 397.27891558605023 108700
1758588048069 397.34048805657693 108800
1758588050046 397.3183001871696 108900
1758588052127 397.31857927514534 109000
1758588054295 397.3471387883767 109100
1758588056392 397.3843359999625 109200
1758588059093 397.41267299347413 109300
1758588061388 397.40896994839784 109400
1758588063803 397.4127473796968 109500
1758588065894 397.42554597715963 109600
1758588067903 397.4500695633229 109700
1758588070138 397.4618441304266 109800
1758588072103 397.4623046705323 109900
1758588074398 397.46601195998477 110000
1758588076775 397.481797090347 110100
1758588079446 397.4621451440188 110200
1758588082679 397.4387283295004 110300
1758588085190 397.4418527271748 110400
1758588087410 397.4411647785334 110500
1758588089690 397.50555438577857 110600
1758588091919 397.48466632984304 110700
1758588094297 397.4798595336121 110800
1758588096633 397.48049812129346 110900
1758588098861 397.4482543309655 111000
1758588101116 397.42847788001586 111100
1758588103287 397.4325357254965 111200
1758588105548 397.3679207651003 111300
1758588107847 397.37222650896877 111400
1758588110193 397.38392326702655 111500
1758588112693 397.383818578133 111600
1758588114979 397.4195951426788 111700
1758588117376 397.4315063286088 111800
1758588119533 397.4278058463117 111900
1758588121777 397.4634351353481 112000
1758588123993 397.5036308675906 112100
1758588126194 397.48172976361303 112200
1758588128526 397.47484942014114 112300
1758588130789 397.49100841283104 112400
1758588133029 397.4868488467077 112500
1758588135269 397.4905416136584 112600
1758588137506 397.4777153711939 112700
1758588139786 397.4825052629696 112800
1758588141996 397.49420620419886 112900
1758588144300 397.5178180372149 113000
1758588146715 397.55359547432846 113100
1758588149071 397.60464812574105 113200
1758588151597 397.5689820580834 113300
1758588153717 397.5692814975673 113400
1758588155643 397.59623506643476 113500
1758588157728 397.6312607534786 113600
1758588160117 397.59557127806306 113700
1758588162441 397.5435420724766 113800
1758588164800 397.5233447764324 113900
1758588167130 397.5028993420244 114000
1758588169348 397.50693909752175 114100
1758588171565 397.49064881710603 114200
1758588173786 397.4710199812461 114300
1758588176154 397.4667936110724 114400
1758588178202 397.4438522652523 114500
1758588179976 397.45197790065345 114600
1758588181776 397.44087652387265 114700
1758588183571 397.44051006049887 114800
1758588185357 397.48365575590697 114900
1758588187126 397.4904319442281 115000
1758588189063 397.52511196075096 115100
1758588190855 397.528712773287 115200
1758588192649 397.5518077265018 115300
1758588194426 397.53964504467353 115400
1758588196383 397.6091520168097 115500
1758588198318 397.61695241919114 115600
1758588200188 397.58327052516904 115700
1758588202342 397.54941984160484 115800
1758588204529 397.5334648997247 115900
1758588206610 397.56855743832375 116000
1758588208644 397.5415024316251 116100
1758588210533 397.5603361669711 116200
1758588212457 397.5767140822627 116300
1758588214342 397.57227521207744 116400
1758588216286 397.6065195321858 116500
1758588218104 397.5794880947353 116600
1758588220143 397.60600966239605 116700
1758588222207 397.58286704860575 116800
1758588224198 397.58997759698224 116900
1758588226349 397.5746462659346 117000
1758588228504 397.57088829581124 117100
1758588230622 397.58955773134204 117200
1758588233349 397.5967941057536 117300
1758588235564 397.57051871300985 117400
1758588237581 397.5704664285145 117500
1758588239807 397.5587345208062 117600
1758588242216 397.59603522805605 117700
1758588244462 397.569118422912 117800
1758588246517 397.5467835881593 117900
1758588248587 397.5312480402072 118000
1758588250480 397.5504854590492 118100
1758588252439 397.5540614764891 118200
1758588254723 397.57238371353793 118300
1758588257056 397.56796587835146 118400
1758588259035 397.6092639729698 118500
1758588261243 397.62776039867015 118600
1758588263572 397.5907756750155 118700
1758588265659 397.59405150226553 118800
1758588267758 397.57826984679195 118900
1758588270006 397.56410017760027 119000
1758588272301 397.54897656635933 119100
1758588274587 397.6010709124005 119200
1758588276920 397.61906495443037 119300
1758588279087 397.63723879166315 119400
1758588280923 397.59612230418617 119500
1758588282755 397.61157597414643 119600
1758588284718 397.6075972013151 119700
1758588286833 397.6262029838666 119800
1758588288919 397.61141350610654 119900
1758588290819 397.5849044915988 120000
1758588292688 397.6254905171421 120100
1758588294571 397.6703468757733 120200
1758588296414 397.6597347514754 120300
1758588298445 397.6369714188929 120400
1758588300420 397.6881768705182 120500
1758588302246 397.7101971817567 120600
1758588304307 397.6769087257461 120700
1758588306460 397.6800503838951 120800
1758588308870 397.6583003194781 120900
1758588310691 397.661333782519 121000
1758588312741 397.6574173549126 121100
1758588314689 397.642677641223 121200
1758588316678 397.660629937314 121300
1758588318770 397.58999160608056 121400
1758588320844 397.63000414267793 121500
1758588323246 397.60357054518016 121600
1758588325354 397.5923411015082 121700
1758588327302 397.6068558831701 121800
1758588329248 397.6103876408534 121900
1758588331192 397.5991207375031 122000
1758588333408 397.6098646370434 122100
1758588335445 397.64644125127285 122200
1758588337314 397.6354073811849 122300
1758588339238 397.66030192942645 122400
1758588341128 397.64185150336033 122500
1758588343158 397.63448008892277 122600
1758588345444 397.60108077213494 122700
1758588347752 397.61922461992026 122800
1758588349927 397.6195825009605 122900
1758588351967 397.6521738968624 123000
1758588354043 397.62295417960814 123100
1758588356166 397.61616070683755 123200
1758588358364 397.5876836921382 123300
1758588360492 397.6271071755834 123400
1758588362386 397.65971242340515 123500
1758588364277 397.64561339988416 123600
1758588366206 397.63888887279313 123700
1758588368274 397.6491597690043 123800
1758588370476 397.65593000200727 123900
1758588372626 397.6593300328678 124000
1758588374774 397.6661408775696 124100
1758588376725 397.6554601980245 124200
1758588378602 397.67357707040304 124300
1758588380419 397.6982462042342 124400
1758588382327 397.69402722283087 124500
1758588384387 397.67553653427495 124600
1758588386333 397.6783182045738 124700
1758588388196 397.6741856553583 124800
1758588390247 397.70348126151646 124900
1758588392698 397.66773929486465 125000
1758588395167 397.6711562749699 125100
1758588397629 397.64574287839804 125200
1758588400080 397.69159147062703 125300
1758588402666 397.68738081534167 125400
1758588405330 397.70784991640033 125500
1758588407958 397.71482954736524 125600
1758588409959 397.6891136354101 125700
1758588411963 397.68546668003415 125800
1758588413893 397.69952240069256 125900
1758588415731 397.69549844510885 126000
1758588417734 397.6919122275537 126100
1758588419624 397.7444329642724 126200
1758588421686 397.75448706571274 126300
1758588423690 397.7716569215336 126400
1758588425532 397.7717565486047 126500
1758588427381 397.7614552890823 126600
1758588429346 397.7403532789371 126700
1758588431243 397.75759652381566 126800
1758588433119 397.7414511634708 126900
1758588435279 397.72759427408965 127000
1758588437513 397.765845876712 127100
1758588440034 397.8354971012158 127200
1758588442023 397.8076988785452 127300
1758588443880 397.78650631704494 127400
1758588446076 397.8104937254153 127500
1758588448315 397.8061705285262 127600
1758588450504 397.74463920775037 127700
1758588452385 397.76877514729387 127800
1758588454659 397.7616822403978 127900
1758588456885 397.7272598647488 128000
1758588458929 397.7106944932993 128100
1758588461312 397.70362834859276 128200
1758588463457 397.68897549025854 128300
1758588465571 397.66500197591887 128400
1758588468351 397.67196752076785 128500
1758588470970 397.68193599708667 128600
1758588473002 397.6513257947167 128700
1758588475045 397.6611261126402 128800
1758588477009 397.6958122523599 128900
1758588478879 397.6990171231637 129000
1758588480775 397.70906284216676 129100
1758588482738 397.687976662596 129200
1758588484685 397.7185801449774 129300
1758588486624 397.7085432642692 129400
1758588488641 397.69760025569826 129500
1758588490634 397.6765610040604 129600
1758588492759 397.67970843481316 129700
1758588494830 397.71008426468916 129800
1758588496683 397.6786550634798 129900
1758588498590 397.6817649906343 130000
1758588500570 397.7059396452002 130100
1758588502758 397.6878858566602 130200
1758588504692 397.6773090928584 130300
1758588506874 397.6736353960471 130400
1758588508806 397.68364402171613 130500
1758588510643 397.69319251545966 130600
1758588512528 397.6897363380643 130700
1758588514407 397.70331007679687 130800
1758588516423 397.70651511962444 130900
1758588518456 397.7233366472968 131000
1758588520511 397.75338192595854 131100
1758588522618 397.74008167091927 131200
1758588524760 397.76690922127256 131300
1758588526868 397.7529884985194 131400
1758588529199 397.769842593799 131500
1758588531517 397.7727272878325 131600
1758588533499 397.75522036730086 131700
1758588535528 397.7380168162663 131800
1758588537459 397.7134902507086 131900
1758588539348 397.67288926777087 132000
1758588541349 397.6758422450345 132100
1758588543272 397.69661138405803 132200
1758588545421 397.6594464559026 132300
1758588547564 397.6322564875427 132400
1758588549915 397.6420612913379 132500
1758588551949 397.6216090908022 132600
1758588553971 397.60413940789186 132700
1758588556127 397.590936347657 132800
1758588558998 397.5979575238197 132900
1758588561035 397.6285442268216 133000
1758588563162 397.6582653723961 133100
1758588565462 397.64786743313294 133200
1758588567692 397.6575461546062 133300
1758588570010 397.67366423145165 133400
1758588572160 397.6834688388235 133500
1758588574117 397.6837558219446 133600
1758588576074 397.6638518974896 133700
1758588577996 397.70055167690106 133800
1758588579936 397.70346951268215 133900
1758588581851 397.666504662639 134000
1758588583849 397.6891388749567 134100
1758588585843 397.73227666601593 134200
1758588587941 397.7319379245135 134300
1758588589913 397.7092484861073 134400
1758588591991 397.69877897579283 134500
1758588594251 397.70212365427324 134600
1758588596267 397.6661563206257 134700
1758588598278 397.626322002414 134800
1758588600241 397.60649712312517 134900
1758588602225 397.58973945625036 135000
1758588604279 397.6095038977745 135100
1758588606519 397.60681974951024 135200
1758588608779 397.6200181731174 135300
1758588610990 397.60997966989027 135400
1758588613266 397.6196923374346 135500
1758588615577 397.62901588559646 135600
1758588617500 397.66858665039064 135700
1758588619377 397.645083918217 135800
1758588621261 397.6675452430408 135900
1758588623206 397.6419220701488 136000
1758588625357 397.6387515011007 136100
1758588627397 397.6546594183803 136200
1758588629512 397.6710728625428 136300
1758588631713 397.6608317160895 136400
1758588633998 397.65686115465667 136500
1758588636526 397.63978918249506 136600
1758588638588 397.64938876038036 136700
1758588640613 397.6558516761263 136800
1758588642542 397.64333277094926 136900
1758588644552 397.62993183598394 137000
1758588646550 397.61375867422055 137100
1758588648535 397.5875527104245 137200
1758588650799 397.56440049484314 137300
1758588653205 397.5868878019553 137400
1758588655648 397.56390420361214 137500
1758588657965 397.57722034806386 137600
1758588660386 397.5803908868816 137700
1758588662682 397.5738289922607 137800
1758588665042 397.59909764602946 137900
1758588667341 397.647874366939 138000
1758588669723 397.6637072799942 138100
1758588672073 397.63792919753183 138200
1758588674437 397.6280401407335 138300
1758588676778 397.60250375935215 138400
1758588679241 397.605296116718 138500
1758588681511 397.5854345836953 138600
1758588683620 397.5596598065278 138700
1758588685610 397.54999475893766 138800
1758588687641 397.55283723646016 138900
1758588689574 397.51887428071564 139000
1758588691581 397.50640022356436 139100
1758588694029 397.544421892648 139200
1758588696465 397.52335669145117 139300
1758588698854 397.52647971988097 139400
1758588700924 397.51003888438186 139500
1758588702999 397.47817179789195 139600
1758588705044 397.48114181817374 139700
1758588707076 397.4650566502746 139800
1758588709144 397.44258221390083 139900
1758588711212 397.449157326748 140000
1758588713827 397.45219274544814 140100
1758588716415 397.4365706036082 140200
1758588718400 397.40855385987425 140300
1758588720481 397.41169190104443 140400
1758588722634 397.41505689625393 140500
1758588724697 397.38983266705253 140600
1758588727186 397.4058641716286 140700
1758588729368 397.387106698358 140800
1758588731885 397.40905119057777 140900
1758588734036 397.3963242270409 141000
1758588736338 397.39406994754773 141100
1758588738483 397.4031216150501 141200
1758588740781 397.38101821599304 141300
1758588742815 397.38083535974675 141400
1758588745285 397.3848396290733 141500
1758588747748 397.3911465295453 141600
1758588749822 397.4070129511439 141700
1758588751825 397.40386478881555 141800
1758588753870 397.36516680336524 141900
1758588755890 397.37447110876286 142000
1758588757984 397.39629175843703 142100
1758588760114 397.39909400072037 142200
1758588762357 397.39100019806614 142300
1758588764382 397.38755019692474 142400
1758588766575 397.38408005146744 142500
1758588768559 397.4057154404948 142600
1758588770776 397.3883985125516 142700
1758588772914 397.373212648954 142800
1758588775091 397.34934629890904 142900
1758588777073 397.32490123886714 143000
1758588779033 397.3068124265465 143100
1758588781092 397.3192716213568 143200
1758588783126 397.3416502327834 143300
1758588785666 397.3022127894424 143400
1758588788234 397.3118027151669 143500
1758588790787 397.2995812537469 143600
1758588793455 397.32158701504926 143700
1758588796068 397.2969568729977 143800
1758588798652 397.3031973870499 143900
1758588801198 397.2816352285709 144000
1758588803723 397.28453997673853 144100
1758588805923 397.3095920092376 144200
1758588807869 397.2629663186146 144300
1758588809833 397.2326760097528 144400
1758588811775 397.22739582454886 144500
1758588813985 397.25176612513417 144600
1758588816882 397.25163988087905 144700
1758588818871 397.26158311122964 144800
1758588820824 397.2656414149314 144900
1758588822735 397.2630473905219 145000
1758588824943 397.2367750636895 145100
1758588827020 397.2580862533693 145200
1758588828992 397.2916853723636 145300
1758588831009 397.25244218424746 145400
1758588833065 397.2342349050719 145500
1758588835288 397.23097406723116 145600
1758588837551 397.24045060948094 145700
1758588839797 397.2680284287689 145800
1758588842267 397.25307998088715 145900
1758588844905 397.24232945855545 146000
1758588847452 397.2576772329583 146100
1758588849564 397.21785148107745 146200
1758588851972 397.19433710096 146300
1758588854783 397.2218179140441 146400
1758588857549 397.1859878261453 146500
1758588860320 397.1619937672068 146600
1758588863162 397.1592301573133 146700
1758588865887 397.1718271552192 146800
1758588868698 397.18134714800016 146900
1758588871513 397.1755683742026 147000
1758588874227 397.17267888372004 147100
1758588876850 397.1611258820157 147200
1758588879558 397.173114783371 147300
1758588882275 397.1466971649715 147400
1758588884853 397.15899818419285 147500
1758588887530 397.14190616706054 147600
1758588889973 397.15110457003203 147700
1758588892645 397.16634781074663 147800
1758588895217 397.16654411009574 147900
1758588897862 397.18168235568004 148000
1758588900524 397.1582452144242 148100
1758588903182 397.1433289456644 148200
1758588905897 397.14625502989486 148300
1758588908614 397.1222759930139 148400
1758588911444 397.1132513247141 148500
1758588913912 397.11734994690033 148600
1758588916441 397.13269936171605 148700
1758588919064 397.1400789789924 148800
1758588921451 397.1524429087156 148900
1758588923672 397.1216282199567 149000
1758588925959 397.09790756114205 149100
1758588928311 397.0775103501557 149200
1758588930551 397.07765953685754 149300
1758588932700 397.0776159432363 149400
1758588934832 397.0599796363474 149500
1758588937559 397.0108168560912 149600
1758588939827 397.01429888542367 149700
1758588942006 397.015356311374 149800
1758588944164 397.0095860721585 149900
1758588946249 396.98909048404334 150000
1758588948540 397.0193646826328 150100
1758588950763 397.0024886602732 150200
1758588952846 396.96075449624175 150300
1758588955062 396.9203234562746 150400
1758588957415 396.9046895530569 150500
1758588959584 396.91389452973164 150600
1758588961711 396.91379976562075 150700
1758588963811 396.92030138338595 150800
1758588965878 396.9327126782706 150900
1758588967931 396.9476176885992 151000
1758588969991 396.9450610312855 151100
1758588972106 396.9450926828783 151200
1758588974660 396.92854401785877 151300
1758588976725 396.9175779515548 151400
1758588978778 396.9030913121918 151500
1758588980828 396.88242338553243 151600
1758588982933 396.885833943977 151700
1758588985025 396.88023151381833 151800
1758588987251 396.8894465309452 151900
1758588989380 396.91020682767123 152000
1758588991534 396.90193833433364 152100
1758588994163 396.8861294169498 152200
1758588996787 396.8659228713808 152300
1758588999391 396.8463921638295 152400
1758589001970 396.81999811749404 152500
1758589004550 396.8324765787284 152600
1758589007102 396.81030875993076 152700
1758589009697 396.79914897744044 152800
1758589012323 396.8176289129495 152900
1758589015012 396.8129363396277 153000
1758589017625 396.81961652062375 153100
1758589019929 396.84070861373493 153200
1758589022141 396.8500166108831 153300
1758589024248 396.87648008302654 153400
1758589026300 396.8884313421404 153500
1758589028379 396.92409196479093 153600
1758589030447 396.95056479673224 153700
1758589032530 396.96266121125785 153800
1758589034716 396.9781459720842 153900
1758589036895 396.97554363090416 154000
1758589039094 396.97324378028446 154100
1758589041422 396.93306477217476 154200
1758589043720 396.92179996720074 154300
1758589046004 396.9147254225394 154400
1758589048298 396.9211702385826 154500
1758589050506 396.9103088572573 154600
1758589052789 396.896044736516 154700
1758589055055 396.8878327189592 154800
1758589057308 396.88539322646886 154900
1758589059532 396.8529591235674 155000
1758589061746 396.8791649243373 155100
1758589063998 396.876791244211 155200
1758589066218 396.84901245897055 155300
1758589068407 396.8146225219692 155400
1758589070611 396.8239611201861 155500
1758589072818 396.7817961038045 155600
1758589075057 396.73329598837864 155700
1758589077265 396.7057492276058 155800
1758589079365 396.700666951486 155900
1758589081523 396.704348436138 156000
1758589083783 396.69079897578655 156100
1758589086147 396.6859198233355 156200
1758589088478 396.66089707869247 156300
1758589091119 396.6469056593323 156400
1758589093734 396.6674100962528 156500
1758589096331 396.6602805271709 156600
1758589098952 396.65812680131046 156700
1758589101280 396.6902045359677 156800
1758589103833 396.72209862951973 156900
1758589106430 396.7310453443804 157000
1758589108999 396.69502315097384 157100
1758589111624 396.69292158647016 157200
1758589114232 396.66208969306683 157300
1758589116886 396.6823053837153 157400
1758589119522 396.6661587519764 157500
1758589122140 396.69225267767246 157600
1758589124419 396.6815393866923 157700
1758589126837 396.7017604511967 157800
1758589129449 396.7138086698226 157900
1758589132091 396.69488170995663 158000
1758589134669 396.7151235035901 158100
1758589137223 396.68857169476826 158200
1758589139738 396.6984881939295 158300
1758589142361 396.7191073171592 158400
1758589144933 396.73414556150396 158500
1758589147318 396.72979728980056 158600
1758589149978 396.73595068399663 158700
1758589152580 396.73963630260045 158800
1758589155225 396.73401529442293 158900
1758589157610 396.73712496333536 159000
1758589160222 396.75154258553323 159100
1758589162819 396.7422892496633 159200
1758589165439 396.72920092229975 159300
1758589168315 396.72130961643353 159400
1758589171043 396.7217357707001 159500
1758589173751 396.72461490354675 159600
1758589176511 396.75017079669834 159700
1758589179292 396.7537547850596 159800
1758589182010 396.7131158811294 159900
1758589184978 396.73304237827733 160000
1758589187588 396.75357776489506 160100
1758589190255 396.7596149577089 160200
1758589193018 396.7656455708005 160300
1758589195658 396.73978319530147 160400
1758589198335 396.73475679345444 160500
1758589200998 396.7096416166948 160600
1758589203654 396.6878368065192 160700
1758589206246 396.6911259013416 160800
1758589209012 396.6863184190023 160900
1758589211735 396.6818325786627 161000
1758589214494 396.6957808346069 161100
1758589217059 396.7076843336122 161200
1758589219356 396.69270341025486 161300
1758589221907 396.7180510599376 161400
1758589224609 396.7379793788801 161500
1758589227194 396.69992795278534 161600
1758589229769 396.7141732080157 161700
1758589232341 396.6979082485925 161800
1758589234921 396.68793275358223 161900
1758589237354 396.6694747898067 162000
1758589239778 396.6248989675733 162100
1758589242678 396.6148667031146 162200
1758589245506 396.5800466790368 162300
1758589248507 396.5365935835883 162400
1758589251314 396.502398256463 162500
1758589254237 396.50062716678497 162600
1758589257315 396.48719671199694 162700
1758589260315 396.4714094041658 162800
1758589263204 396.4619667415552 162900
1758589266003 396.48757654311015 163000
1758589269147 396.48856582651825 163100
1758589272176 396.44038214146474 163200
1758589275220 396.44674966715377 163300
1758589278041 396.42252988493846 163400
1758589281553 396.42339573212485 163500
1758589284232 396.4021690833511 163600
1758589286882 396.38103188408746 163700
1758589289641 396.39252981907913 163800
1758589292379 396.3905117670441 163900
1758589295277 396.3810380905918 164000
1758589298172 396.37066401126464 164100
1758589301096 396.3384383259132 164200
1758589303887 396.32000267185174 164300
1758589306648 396.29897137048494 164400
1758589308982 396.30816607999463 164500
1758589311277 396.34418173170747 164600
1758589313912 396.3046297613581 164700
1758589316974 396.26204380372064 164800
1758589320282 396.2820512928444 164900
1758589322942 396.2775274056266 165000
1758589325754 396.2512807032389 165100
1758589328381 396.25207396919586 165200
1758589330972 396.2474420168438 165300
1758589333512 396.2593449832459 165400
1758589336166 396.2598907507005 165500
1758589338788 396.27440233473703 165600
1758589341304 396.29377861184076 165700
1758589343815 396.29993405103056 165800
1758589346110 396.29052392541104 165900
1758589348349 396.3046295230356 166000
1758589350509 396.3323897481671 166100
1758589352688 396.35719299918725 166200
1758589354898 396.3552268385025 166300
1758589357033 396.35061551055327 166400
1758589359149 396.36190289810924 166500
1758589361259 396.3654721401031 166600
1758589363506 396.3502798988825 166700
1758589365798 396.342817193233 166800
1758589368107 396.32221640735696 166900
1758589370534 396.3119624629392 167000
1758589372949 396.310078548012 167100
1758589375348 396.27969650795546 167200
1758589377677 396.2935678006029 167300
1758589380075 396.2733786460949 167400
1758589382372 396.29025729287616 167500
1758589384628 396.24892312704526 167600
1758589386933 396.24684756324024 167700
1758589389326 396.2428509509548 167800
1758589391716 396.2144750154859 167900
1758589394885 396.1723329584565 168000
1758589397659 396.15991931171413 168100
1758589400523 396.1899744368536 168200
1758589403641 396.2091350505827 168300
1758589406599 396.1943867142136 168400
1758589409380 396.16601741817027 168500
1758589412104 396.1615834052341 168600
1758589414918 396.13462205420643 168700
1758589417731 396.11273939181916 168800
1758589420087 396.1195722796279 168900
1758589422682 396.06096140675425 169000
1758589425613 396.07793751370565 169100
1758589428052 396.0373198913843 169200
1758589430639 396.0621739521848 169300
1758589433059 396.04986641121553 169400
1758589436203 396.0248126308257 169500
1758589439194 396.0283697306394 169600
1758589442023 396.01344608155716 169700
1758589444805 396.022488839117 169800
1758589447199 396.06843283238817 169900
1758589449868 396.04095792278804 170000
1758589452679 396.0477631994893 170100
1758589455455 396.03269827083506 170200
1758589457894 396.01366017175224 170300
1758589460507 396.0089163446623 170400
1758589462978 396.0387482524853 170500
1758589465497 396.04011990958173 170600
1758589468201 396.04360293191263 170700
1758589470699 396.0291249914172 170800
1758589473427 395.99617376225996 170900
1758589476684 396.00232818458807 171000
1758589479629 395.99876181386384 171100
1758589482151 395.9863031390259 171200
1758589484532 395.9818961261605 171300
1758589486982 395.9828218386911 171400
1758589489401 395.97386249003966 171500
1758589491824 395.9589295033965 171600
1758589494211 395.94469273443485 171700
1758589497034 395.9403820183887 171800
1758589499782 395.92021686008997 171900
1758589502513 395.86044537565164 172000
1758589505187 395.86159958290153 172100
1758589508852 395.8447727216485 172200
1758589512179 395.80885412627174 172300
1758589515573 395.8150998872437 172400
1758589518572 395.8212757224576 172500
1758589521373 395.78650403407556 172600
1758589524269 395.7680257736433 172700
1758589526997 395.74973555048274 172800
1758589529201 395.74582332421824 172900
1758589531483 395.72090470743996 173000
1758589533953 395.69615924384055 173100
1758589536428 395.70498694339403 173200
1758589538823 395.69572468823077 173300
1758589541373 395.6769383574582 173400
1758589543751 395.66249265123133 173500
1758589546191 395.64841975273583 173600
1758589548281 395.6209823780019 173700
1758589550539 395.6096447171151 173800
1758589552964 395.59868285192744 173900
1758589555236 395.55658633429397 174000
1758589557591 395.5409309009972 174100
1758589559883 395.508994262526 174200
1758589562228 395.482169880021 174300
1758589564949 395.47846350105345 174400
1758589567444 395.4692640371793 174500
1758589569807 395.46569369795577 174600
1758589572167 395.5005868004955 174700
1758589574492 395.4971094844598 174800
1758589577002 395.49064072460385 174900
1758589579392 395.45642895317746 175000
1758589581736 395.4607019107305 175100
1758589584160 395.4389321211888 175200
1758589586483 395.39432884530055 175300
1758589588914 395.36566418525865 175400
1758589591322 395.3743789120454 175500
1758589593658 395.3587673437494 175600
1758589596060 395.32474143416795 175700
1758589598461 395.2846006610025 175800
1758589601144 395.265770860672 175900
1758589603995 395.21952187203175 176000
1758589607331 395.1983433455735 176100
1758589610350 395.1682894588514 176200
1758589613035 395.169349163053 176300
1758589615663 395.1532593591756 176400
1758589618231 395.1273422478946 176500
1758589620641 395.1140941231607 176600
1758589623083 395.0874429439103 176700
1758589625472 395.05368851273994 176800
1758589627927 395.0552376421805 176900
1758589630511 395.01998095256806 177000
1758589633027 395.0093835635829 177100
1758589635421 394.98552796737005 177200
1758589638170 394.969348916471 177300
1758589640434 394.9623515979075 177400
1758589642606 394.9840177217291 177500
1758589645134 394.96596406675314 177600
1758589647602 394.94712275893795 177700
1758589650036 394.92846528290374 177800
1758589652353 394.88976933086246 177900
1758589654507 394.8837252720748 178000
1758589656742 394.86914926529164 178100
1758589659321 394.8563744488496 178200
1758589661701 394.85004122136405 178300
1758589664218 394.82466544704425 178400
1758589666625 394.8261308162532 178500
1758589669067 394.77522012658306 178600
1758589671500 394.73923505704244 178700
1758589674045 394.7188784896181 178800
1758589676538 394.6580374894528 178900
1758589679001 394.6656604379548 179000
1758589681503 394.67709361015284 179100
1758589684058 394.6684104876234 179200
1758589686822 394.60994916731914 179300
1758589689296 394.5749190563558 179400
1758589691762 394.5646053799136 179500
1758589694252 394.5520398329095 179600
1758589696726 394.5489642368842 179700
1758589699015 394.5310991251173 179800
1758589701265 394.55023925036187 179900
1758589703565 394.5600376147859 180000
1758589705948 394.57667485124927 180100
1758589708183 394.5505533224225 180200
1758589710459 394.5459516928782 180300
1758589712766 394.5628365289331 180400
1758589715506 394.5266666806655 180500
1758589718262 394.51941966719 180600
1758589720904 394.54619334161566 180700
1758589723628 394.5064948413065 180800
1758589726307 394.5088522690993 180900
1758589729073 394.478253805374 181000
1758589731862 394.47268993904555 181100
1758589734712 394.43154472444115 181200
1758589737419 394.4204965740475 181300
1758589740199 394.40776167709555 181400
1758589742910 394.3805870257782 181500
1758589745632 394.3825725358068 181600
1758589748376 394.3666950642671 181700
1758589751322 394.3164680172886 181800
1758589754190 394.2620871361266 181900
1758589757018 394.22493620587517 182000
1758589759863 394.19205231320797 182100
1758589762684 394.1637732211835 182200
1758589765086 394.14196706874407 182300
1758589767560 394.103550061851 182400
1758589769778 394.1028050681353 182500
1758589772137 394.08093969178424 182600
1758589774720 394.08336362694337 182700
1758589776932 394.04383628828583 182800
1758589779246 393.99818424566104 182900
1758589781411 393.9577535833508 183000
1758589783615 393.95976942391997 183100
1758589785840 393.9329948844896 183200
1758589788233 393.897796845655 183300
1758589790659 393.86461730820645 183400
1758589792852 393.8520664849259 183500
1758589795146 393.8375975562558 183600
1758589797422 393.8301970229937 183700
1758589799871 393.859594135158 183800
1758589802934 393.8669719252475 183900
1758589805984 393.82554498649745 184000
1758589808859 393.814533929353 184100
1758589812197 393.8009225847632 184200
1758589815690 393.76793375867635 184300
1758589818874 393.7653400668362 184400
1758589821974 393.7502804526916 184500
1758589824417 393.73539188746633 184600
1758589826688 393.7229694583142 184700
1758589828997 393.699199682009 184800
1758589831419 393.6938212366682 184900
1758589833627 393.67402254645845 185000
1758589835804 393.65226164575216 185100
1758589838046 393.657799077934 185200
1758589840366 393.6562861786272 185300
1758589842746 393.62252553760777 185400
1758589845538 393.60764013047276 185500
1758589848439 393.6103002687635 185600
1758589851060 393.6122005608155 185700
1758589853597 393.6014345423305 185800
1758589855938 393.59511291033505 185900
1758589858217 393.6068513798027 186000
1758589860513 393.5798416246986 186100
1758589862975 393.5529769653495 186200
1758589865245 393.53000118651966 186300
1758589867619 393.48487738203033 186400
1758589870175 393.4563964980152 186500
1758589872657 393.43961956377734 186600
1758589874979 393.4139074104749 186700
1758589877460 393.41575396129065 186800
1758589880425 393.39649017987546 186900
1758589883383 393.3773192152537 187000
1758589885792 393.36101862287126 187100
1758589888358 393.32214299347595 187200
1758589891064 393.28773659044276 187300
1758589893314 393.3077881944501 187400
1758589895777 393.30740784354043 187500
1758589898210 393.3046726709978 187600
1758589900521 393.31916952410114 187700
1758589903012 393.29968403368764 187800
1758589905477 393.2803963273128 187900
1758589907778 393.25038474024126 188000
1758589910088 393.2181459424623 188100
1758589912356 393.2147166532947 188200
1758589914758 393.1862582628075 188300
1758589917050 393.1644995894556 188400
1758589919438 393.1243698655545 188500
1758589921638 393.12218546788534 188600
1758589923865 393.12159129802376 188700
1758589926140 393.0912880875579 188800
1758589928440 393.0438389410301 188900
1758589930654 393.05943394876874 189000
1758589932845 393.0398742738723 189100
1758589935387 393.0376565622938 189200
1758589937765 393.0257466804795 189300
1758589939949 392.9895845475836 189400
1758589942145 392.9562651814362 189500
1758589944425 392.9488204294111 189600
1758589946865 392.9163238824864 189700
1758589949354 392.8859123388646 189800
1758589951565 392.8723083462042 189900
1758589953840 392.8754402343363 190000
1758589956264 392.86347808211065 190100
1758589958629 392.8439895123285 190200
1758589961118 392.837711063156 190300
1758589963371 392.8142633766809 190400
1758589965616 392.801300825805 190500
1758589967918 392.7986412061745 190600
1758589970164 392.75589383145405 190700
1758589972522 392.70945023245656 190800
1758589975475 392.6781743700843 190900
1758589978228 392.6777790777724 191000
1758589981191 392.64478094762904 191100
1758589984273 392.6231884049054 191200
1758589987048 392.6208138626313 191300
1758589990228 392.6140238250989 191400
1758589993374 392.5838001894127 191500
1758589996469 392.59126614166985 191600
1758589999779 392.59214772127115 191700
1758590003473 392.58536348833127 191800
1758590010513 392.5653111207349 191900
1758590014436 392.5258784734585 192000
1758590018360 392.5265424921571 192100
1758590024107 392.52178129455643 192200
1758590027288 392.52142469336013 192300
1758590029847 392.50902995746117 192400
1758590033090 392.4802223739376 192500
1758590035576 392.4437086066123 192600
1758590037987 392.4149533419233 192700
1758590040236 392.38930824766203 192800
1758590042562 392.3780808664102 192900
1758590044867 392.36651583444853 193000
1758590047119 392.35774762324627 193100
1758590050015 392.32568116030484 193200
1758590052259 392.35952105384024 193300
1758590054608 392.36199907784885 193400
1758590057042 392.36736505320533 193500
1758590059468 392.3488004340587 193600
1758590061986 392.3236564152665 193700
1758590064372 392.3125048201897 193800
1758590067166 392.3164240081343 193900
1758590069839 392.35005967316084 194000
1758590072412 392.32977413902734 194100
1758590074919 392.31366101743936 194200
1758590077487 392.2953479498453 194300
1758590080239 392.2883033585284 194400
1758590082570 392.26337022460405 194500
1758590084815 392.2335253552907 194600
1758590087238 392.2108769209202 194700
1758590089507 392.2008020689541 194800
1758590091824 392.1755466184627 194900
1758590094107 392.15230646663304 195000
1758590096902 392.13675214932596 195100
1758590099799 392.16134223508385 195200
1758590102517 392.15010722182467 195300
1758590104903 392.14804823883094 195400
1758590107560 392.13181855029023 195500
1758590110137 392.1181790578443 195600
1758590112694 392.069506575763 195700
1758590115328 392.0421825069618 195800
1758590118053 392.0429984538576 195900
1758590120747 392.0548303565468 196000
1758590123605 392.0391629675208 196100
1758590125984 392.02371965841905 196200
1758590128276 392.0068054661712 196300
1758590131032 392.00354368892715 196400
1758590133885 391.99243984274716 196500
1758590136717 392.0024742317265 196600
1758590139529 391.99895359979917 196700
1758590142418 392.0087849653454 196800
1758590144832 392.01153687912023 196900
1758590147589 392.0041044585559 197000
1758590150560 391.9907492078299 197100
1758590153542 391.95241352962285 197200
1758590156377 391.9238334131724 197300
1758590159245 391.9100812496289 197400
1758590161985 391.8830848824955 197500
1758590164756 391.85547469679716 197600
1758590167576 391.831153839264 197700
1758590170359 391.80694478011776 197800
1758590173596 391.7961637717544 197900
1758590176404 391.7750965450234 198000
1758590179264 391.79930391918856 198100
1758590182049 391.8328040091831 198200
1758590184450 391.8339190732296 198300
1758590186901 391.80840417359434 198400
1758590189484 391.8109827649757 198500
1758590192255 391.80252435764953 198600
1758590194711 391.7985820604107 198700
1758590197189 391.8177672385738 198800
1758590200048 391.8372320941861 198900
1758590202968 391.83837815054875 199000
1758590205702 391.8317528597844 199100
1758590208417 391.81591817106414 199200
1758590211159 391.8373750092455 199300
1758590213985 391.8687068115386 199400
1758590216844 391.8855152645859 199500
1758590219681 391.85345573695963 199600
1758590222695 391.83796767217945 199700
1758590225504 391.85253527097933 199800
1758590228460 391.83687586147295 199900
1758590231481 391.8219799335054 200000
1758590234519 391.80434784408686 200100
1758590237555 391.79309378382465 200200
1758590240378 391.7871253933887 200300
1758590243395 391.81257714907434 200400
1758590246401 391.796180027861 200500
1758590249251 391.77587239449934 200600
1758590252189 391.7836096975372 200700
1758590255312 391.81659390440234 200800
1758590258498 391.83559014141935 200900
1758590261329 391.82591351588036 201000
1758590264220 391.8380478729289 201100
1758590267330 391.8274288654967 201200
1758590270473 391.8301497068226 201300
1758590273359 391.8246985440171 201400
1758590276439 391.8253171316495 201500
1758590279059 391.8171425529444 201600
1758590282027 391.80815402756224 201700
1758590284884 391.81804844954246 201800
1758590287891 391.81629168926196 201900
1758590290933 391.8191939578824 202000
1758590293950 391.82647081974113 202100
1758590296991 391.82070820758554 202200
1758590300126 391.79727226886746 202300
1758590303160 391.77293103216596 202400
1758590306257 391.77319187689403 202500
1758590309119 391.7586711157037 202600
1758590312202 391.7487142535131 202700
1758590315164 391.72217291930787 202800
1758590318276 391.72017077380207 202900
1758590321259 391.7038124817564 203000
1758590324510 391.71114434727906 203100
1758590327566 391.7094452466934 203200
1758590330626 391.7007785439887 203300
1758590333857 391.7245823678381 203400
1758590336883 391.70467868682994 203500
1758590340833 391.68594066731634 203600
1758590343937 391.6849743989255 203700
1758590347015 391.67704882072985 203800
1758590350106 391.6843306115459 203900
1758590353219 391.647336864282 204000
1758590356442 391.6341790773168 204100
1758590359360 391.6006285815077 204200
1758590362582 391.60198758080213 204300
1758590365509 391.6230950006189 204400
1758590368331 391.61475078882665 204500
1758590370952 391.5884791784124 204600
1758590374019 391.5779330312045 204700
1758590377362 391.5577367213933 204800
1758590380407 391.53444358806394 204900
1758590383442 391.51009046317535 205000
1758590386438 391.47942296063337 205100
1758590389600 391.4597972464446 205200
1758590392830 391.43210418691126 205300
1758590396706 391.42360578109066 205400
1758590399994 391.4198654695257 205500
1758590403795 391.4163834394403 205600
1758590407074 391.39771689637064 205700
1758590409521 391.3874648569813 205800
1758590412184 391.3447401111083 205900
1758590415211 391.33477452256426 206000
1758590417979 391.30005106626993 206100
1758590420923 391.2896933932671 206200
1758590424031 391.2750810877774 206300
1758590427094 391.2603176418334 206400
1758590429998 391.2414163561352 206500
1758590433013 391.19962151022713 206600
1758590436098 391.186967918431 206700
1758590439218 391.1790507439896 206800
1758590442246 391.1437972744514 206900
1758590446593 391.12025731232717 207000
1758590450334 391.0817438766937 207100
1758590454951 391.0597080048665 207200
1758590458157 391.0370652812209 207300
1758590461618 391.0336962513516 207400
1758590465668 390.99595487392827 207500
1758590469650 390.95603917716505 207600
1758590473106 390.91954898149623 207700
1758590476586 390.92133202912015 207800
1758590479793 390.8999130648651 207900
1758590482942 390.8638931123583 208000
1758590485955 390.8522097939375 208100
1758590491051 390.7953755962191 208200
1758590495544 390.763237843083 208300
1758590498931 390.7535791715676 208400
1758590502615 390.7501716692355 208500
1758590507866 390.7185795297082 208600
1758590514041 390.6958617709489 208700
1758590518649 390.662623640312 208800
1758590522807 390.63236621139345 208900
1758590529693 390.61664321838305 209000
1758590535026 390.6033282880399 209100
1758590539425 390.5741862233837 209200
1758590543000 390.54486486568965 209300
1758590546652 390.5105911604484 209400
