1758585935307 -0.1802509785629809 100
1758585936575 0.02227114699780941 200
1758585937869 -0.08642636655041805 300
1758585939140 -0.14090185868553817 400
1758585940431 -0.16511597987264395 500
1758585941784 -0.1358962666405284 600
1758585943146 -0.18153884248541935 700
1758585944639 -0.1507137775188312 800
1758585945975 -0.1181631139605432 900
1758585947316 -0.10337013813356559 1000
1758585948924 -0.08943969407118857 1100
1758585950297 -0.06301415718670161 1200
1758585951707 -0.08175455001664572 1300
1758585953553 -0.046020513760947415 1400
1758585955458 0.004495880651203069 1500
1758585957378 0.010237184890978773 1600
1758585959254 0.01525840697515952 1700
1758585961115 -0.002306340285289435 1800
1758585962520 0.0002488130053808523 1900
1758585964453 0.04648095369338989 2000
1758585965856 0.07274864629371879 2100
1758585967767 0.07422235608100891 2200
1758585969183 0.0548539012670517 2300
1758585971095 0.06374700031838976 2400
1758585973010 0.051924874556475674 2500
1758585974401 0.040971915183727406 2600
1758585975804 0.0548951451681436 2700
1758585977684 0.04755790619791009 2800
1758585979555 0.04267715933897039 2900
1758585980918 0.058642551382171344 3000
1758585982799 0.06304788586908373 3100
1758585984647 0.05012146808207035 3200
1758585986047 0.042530746828135735 3300
1758585987961 0.03146287413466277 3400
1758585989378 0.035426525524022374 3500
1758585991279 0.02738993142086726 3600
1758585992679 0.03413028363138437 3700
1758585994100 0.04272971754924878 3800
1758585996005 0.045473326473375375 3900
1758585997836 0.050741867719109726 4000
1758585999100 0.05699935291985465 4100
1758586000362 0.0555189899874456 4200
1758586001698 0.05985714582835927 4300
1758586003671 0.0607781453201404 4400
1758586005068 0.06579248190905566 4500
1758586006379 0.04696838212532735 4600
1758586007684 0.05726622001410605 4700
1758586008998 0.04906190771674901 4800
1758586010292 0.03561572800589423 4900
1758586011601 0.03166814410287466 5000
1758586012877 0.027395064125255664 5100
1758586014209 0.02555470545607877 5200
1758586015535 0.02246097381424716 5300
1758586017478 0.0274887154576401 5400
1758586019383 0.024944108431086395 5500
1758586020818 0.027231066588132354 5600
1758586022191 0.024046113870360635 5700
1758586023748 0.01821668681064387 5800
1758586025290 0.019781512201724336 5900
1758586027257 0.02854617711504644 6000
1758586029238 0.02710905857384205 6100
1758586031155 0.02914125620443749 6200
1758586033130 0.02964010626984466 6300
1758586034764 0.03368992785829749 6400
1758586036213 0.03305964205698792 6500
1758586037658 0.03379316331941319 6600
1758586039038 0.03236017723993203 6700
1758586040688 0.024472067857268732 6800
1758586042206 0.020949867922076565 6900
1758586043878 0.020614376771070902 7000
1758586045579 0.022031695587387264 7100
1758586046999 0.01647489001830362 7200
1758586048451 0.022654495633465086 7300
1758586049855 0.02671829484984237 7400
1758586051500 0.018773901100232176 7500
1758586053207 0.01811005276300617 7600
1758586054621 0.01428831146063811 7700
1758586056317 0.009088987411048851 7800
1758586057707 0.004011070249336107 7900
1758586059537 -0.0011442617202798526 8000
1758586061209 0.0013771293126992163 8100
1758586063232 0.0021839351731732974 8200
1758586065044 0.0029421563785855132 8300
1758586066491 0.0012922297188588635 8400
1758586068486 -0.00041725861745468086 8500
1758586070138 -0.006475983458728949 8600
1758586071992 -0.0015934509014324198 8700
1758586073768 -0.004096510587802856 8800
1758586075884 -0.005033918583448032 8900
1758586077725 -0.0021302487217483867 9000
1758586079720 -0.008894532751124184 9100
1758586081721 -0.010381517220853962 9200
1758586083678 -0.009395074753078403 9300
1758586085308 -0.010315627953663925 9400
1758586087033 -0.008884766969620149 9500
1758586088851 -0.010423473714665376 9600
1758586090397 -0.005969926040082917 9700
1758586091950 -0.008706274229556759 9800
1758586093519 -0.011561771349486783 9900
1758586095417 -0.01206958540323242 10000
1758586097211 -0.01147744964045717 10100
1758586098976 -0.010300893788113288 10200
1758586100868 -0.010609188314668271 10300
1758586103325 -0.006999406854289582 10400
1758586105661 -0.009758896573657694 10500
1758586108008 -0.0056350027009253924 10600
1758586110164 -0.0065633196349880775 10700
1758586111534 0.0017389097335824364 10800
1758586113116 0.0014436114780381182 10900
1758586114818 0.0058047826112798484 11000
1758586116220 0.005772554258169335 11100
1758586117680 0.007391006525191241 11200
1758586119701 0.004666207775062667 11300
1758586121064 0.005714777939682526 11400
1758586122545 0.007090826880279432 11500
1758586123970 0.006979629294913997 11600
1758586125660 0.006231531035155058 11700
1758586127131 0.0030212805394102564 11800
1758586128831 0.0017515196148114105 11900
1758586130374 0.008407183471469546 12000
1758586132083 0.014504834019748182 12100
1758586133673 0.017488773990717747 12200
1758586135184 0.023506158033083233 12300
1758586136898 0.026254835072130014 12400
1758586138634 0.03269381047619029 12500
1758586140574 0.0355575111328212 12600
1758586142457 0.038527679178348886 12700
1758586143972 0.04127958376165208 12800
1758586145827 0.043814394218572535 12900
1758586147804 0.052011064600217226 13000
1758586149387 0.05541945367280576 13100
1758586151163 0.05993243227610627 13200
1758586152645 0.06642248031372826 13300
1758586154073 0.0730181632367707 13400
1758586155772 0.07249246361005919 13500
1758586157559 0.07494110496293195 13600
1758586159449 0.07588314052280548 13700
1758586161193 0.08063841225835038 13800
1758586162664 0.08127648380167525 13900
1758586164367 0.08043654747667633 14000
1758586165835 0.08237651279940099 14100
1758586167809 0.08280583737601312 14200
1758586169623 0.08337784623345959 14300
1758586171255 0.08489779476481875 14400
1758586172754 0.08727914575347812 14500
1758586174644 0.0892941778349586 14600
1758586177003 0.09039454158411427 14700
1758586178589 0.09074563037240523 14800
1758586180046 0.09155180104286738 14900
1758586181469 0.09425748127619592 15000
1758586183308 0.09577144340965611 15100
1758586185480 0.09519522013849226 15200
1758586187953 0.09739340803391494 15300
1758586191087 0.10012058314002065 15400
1758586193900 0.10058068411280698 15500
1758586198209 0.10310530169513027 15600
1758586200456 0.1027872415092416 15700
1758586202929 0.1054378902507368 15800
1758586208119 0.10288641984185214 15900
1758586213627 0.10463078645499128 16000
1758586219114 0.10414511112411037 16100
1758586223502 0.10740090015453177 16200
1758586228299 0.10735177829380958 16300
1758586233145 0.10887483267092046 16400
1758586237745 0.11019091450610456 16500
1758586242422 0.1126062576428264 16600
1758586246419 0.11477422249748023 16700
1758586251089 0.11911290141998077 16800
1758586256494 0.11880616283976704 16900
1758586261893 0.11769018026655793 17000
1758586267060 0.11995387803326774 17100
1758586270390 0.1230203192886513 17200
1758586274831 0.12253594476865923 17300
1758586279876 0.12116933196895953 17400
1758586285723 0.11957316010835412 17500
1758586289180 0.1209018141185554 17600
1758586293127 0.1200442602046652 17700
1758586295573 0.11991533592029202 17800
1758586298181 0.12117470539732449 17900
1758586300900 0.11894225470061488 18000
1758586303748 0.1214845047420371 18100
1758586306253 0.12193427104762518 18200
1758586308811 0.12470972607359634 18300
1758586311663 0.12370133476717204 18400
1758586314799 0.12592166430290255 18500
1758586317914 0.12911431991152966 18600
1758586320932 0.12915540090841182 18700
1758586324017 0.13016243401845615 18800
1758586327728 0.1320245166099317 18900
1758586331702 0.13200389455491002 19000
1758586335568 0.1315353699808036 19100
1758586339393 0.1328727025369071 19200
1758586342985 0.13650491087349478 19300
1758586346591 0.13888286912732356 19400
1758586350643 0.1401658471145741 19500
1758586354019 0.13819676351845506 19600
1758586357465 0.138815550406058 19700
1758586361054 0.13960884255606906 19800
1758586364330 0.1403150980493994 19900
1758586366879 0.14159272404834944 20000
1758586369522 0.14183724623903962 20100
1758586372603 0.14038127896911637 20200
1758586374996 0.1382648680646811 20300
1758586377908 0.13959929494061118 20400
1758586380308 0.1401154784297503 20500
1758586383096 0.13825213157514243 20600
1758586385772 0.14147979182644915 20700
1758586388640 0.1431701370796514 20800
1758586391402 0.14361891174278169 20900
1758586394242 0.14369037687068445 21000
1758586397344 0.14484603741952037 21100
1758586400179 0.1476091575507403 21200
1758586403063 0.14757127990665475 21300
1758586405673 0.14859348699004715 21400
1758586407843 0.1493485683879885 21500
1758586410025 0.14738719610774187 21600
1758586412191 0.15030214147748067 21700
1758586414851 0.15115584237864468 21800
1758586417439 0.1517249043805541 21900
1758586420206 0.1526855887616381 22000
1758586422528 0.1545731202620288 22100
1758586424402 0.1541329879101191 22200
1758586426630 0.1585036967872137 22300
1758586428887 0.16101055944927484 22400
1758586431103 0.16043711944536967 22500
1758586433255 0.16012331709641045 22600
1758586435088 0.16188040139034782 22700
1758586437120 0.16123817513879632 22800
1758586438847 0.1634341481634289 22900
1758586440648 0.16378670799803396 23000
1758586442346 0.1638912539318589 23100
1758586444243 0.16223745233027814 23200
1758586445826 0.16278384163059717 23300
1758586447655 0.16040778913720086 23400
1758586449152 0.16022854580031792 23500
1758586450856 0.16200170283438847 23600
1758586452855 0.16421696245016465 23700
1758586455029 0.16220831410795797 23800
1758586456892 0.16485847453408137 23900
1758586458819 0.16415569302522473 24000
1758586461340 0.16422008303719168 24100
1758586463752 0.1633750223525901 24200
1758586466002 0.16466290704666808 24300
1758586467981 0.16553580875922316 24400
1758586469843 0.16427120274892607 24500
1758586471759 0.16380437988312907 24600
1758586473357 0.16587123070808785 24700
1758586474802 0.1648152671285482 24800
1758586476735 0.1661812758845703 24900
1758586478836 0.16510289712597181 25000
1758586481071 0.16549652182719965 25100
1758586483096 0.16391310260849112 25200
1758586485159 0.16266381139791966 25300
1758586487299 0.15979152446104578 25400
1758586489370 0.15985497507628882 25500
1758586491248 0.15930960143347211 25600
1758586493055 0.15891554925719908 25700
1758586494941 0.15890356160881627 25800
1758586496719 0.1590568937664731 25900
1758586498584 0.15936965558910166 26000
1758586500478 0.1605431194064579 26100
1758586502341 0.16039070599674995 26200
1758586504698 0.1618524688053298 26300
1758586507205 0.16121895806682035 26400
1758586511390 0.1604595963033354 26500
1758586515076 0.16147165273253014 26600
1758586517895 0.16287713042751326 26700
1758586520790 0.16266603704128166 26800
1758586523473 0.1639774161329219 26900
1758586525559 0.16508760529532496 27000
1758586527358 0.16421902406866265 27100
1758586529703 0.1650604549266145 27200
1758586532597 0.16469227669716585 27300
1758586534210 0.16545862428551794 27400
1758586535778 0.16590318665694212 27500
1758586537706 0.16628021936622664 27600
1758586539195 0.1672246545851115 27700
1758586540979 0.16693282271403784 27800
1758586542547 0.1678340979359912 27900
1758586544324 0.16920772588993502 28000
1758586546273 0.16849088399980508 28100
1758586548075 0.16599962738584825 28200
1758586550229 0.16655183412247965 28300
1758586552322 0.16829035899559544 28400
1758586554219 0.1680105711838184 28500
1758586556896 0.16810345206429328 28600
1758586559115 0.16966525773942895 28700
1758586561344 0.16881284213477918 28800
1758586563931 0.16923013127198488 28900
1758586566355 0.169536334590564 29000
1758586568766 0.1710823835860248 29100
1758586570475 0.17280812505838836 29200
1758586572034 0.17222269229601858 29300
1758586573671 0.17254502623480686 29400
1758586575459 0.1736903200783816 29500
1758586576951 0.17391458967613713 29600
1758586578522 0.17481095883684178 29700
1758586580057 0.1757234980775061 29800
1758586581666 0.17581896742516692 29900
1758586583168 0.1772482286830493 30000
1758586584631 0.17877826245641837 30100
1758586586257 0.1798712214335267 30200
1758586587820 0.18088176483925208 30300
1758586589400 0.1822744606801747 30400
1758586590874 0.1851486386658765 30500
1758586592406 0.18308511903254665 30600
1758586593944 0.1839027311495603 30700
1758586595539 0.18320192340565356 30800
1758586597113 0.18399223544459034 30900
1758586598702 0.18487906824755826 31000
1758586600232 0.1845857994617998 31100
1758586601798 0.18512439960871832 31200
1758586603401 0.1863877704426214 31300
1758586605195 0.1889588271972133 31400
1758586607089 0.18970368675089855 31500
1758586610152 0.18892287964117316 31600
1758586612392 0.18824877340613574 31700
1758586614678 0.1892372119862401 31800
1758586616451 0.1877635360142942 31900
1758586618954 0.18747014028698386 32000
1758586621008 0.18675382297598955 32100
1758586623093 0.18778808875030684 32200
1758586624711 0.18754980625108464 32300
1758586626407 0.1898987262104057 32400
1758586628914 0.19053259627931984 32500
1758586631173 0.19054373259043483 32600
1758586633423 0.19121032471350602 32700
1758586635435 0.192185949084468 32800
1758586637403 0.1923747315982041 32900
1758586638862 0.1947894196287237 33000
1758586640500 0.19382847651194027 33100
1758586642090 0.19338479077910659 33200
1758586643504 0.19409948707902544 33300
1758586644932 0.19461509022394852 33400
1758586646427 0.19460948319201404 33500
1758586648579 0.1951316919454229 33600
1758586650675 0.19442073852738392 33700
1758586652539 0.19465316279984005 33800
1758586654693 0.1961243993315446 33900
1758586656906 0.19691639997889615 34000
1758586659023 0.19633771108463408 34100
1758586661349 0.19520913316656502 34200
1758586663951 0.19535722186750112 34300
1758586666366 0.1956489292293426 34400
1758586668582 0.19615857400630332 34500
1758586671162 0.1968382493325707 34600
1758586673229 0.19797140359384394 34700
1758586675876 0.1993247513815292 34800
1758586678364 0.2000622450793451 34900
1758586681225 0.200877153846381 35000
1758586683958 0.2009983843096392 35100
1758586686204 0.20250705112513898 35200
1758586687767 0.20309413405549195 35300
1758586689314 0.20267624007178883 35400
1758586690823 0.20198998672766008 35500
1758586692543 0.20333961801748726 35600
1758586694166 0.2030863484748518 35700
1758586695725 0.20403352121245466 35800
1758586697492 0.2036535546682991 35900
1758586698944 0.20186742747954975 36000
1758586700358 0.20234612003640415 36100
1758586702121 0.20399114617898195 36200
1758586703663 0.20381535982920063 36300
1758586705360 0.20330797170685144 36400
1758586707080 0.20359419433447626 36500
1758586708696 0.20310731520534012 36600
1758586710704 0.2042424957580032 36700
1758586712983 0.204218821604198 36800
1758586715237 0.20348240623113645 36900
1758586717363 0.20336480185261552 37000
1758586720052 0.20414589912182404 37100
1758586724011 0.20522579797772064 37200
1758586728809 0.2051629169101528 37300
1758586732141 0.2058700452272427 37400
1758586734924 0.2057229777218543 37500
1758586737217 0.20373034351389663 37600
1758586740221 0.20386346745302616 37700
1758586742403 0.20396344958377136 37800
1758586744014 0.20371203811780514 37900
1758586745638 0.2036281329462571 38000
1758586747498 0.20316105490410222 38100
1758586749728 0.2037461870191015 38200
1758586751727 0.20359679604222827 38300
1758586753606 0.20308182737091687 38400
1758586755337 0.2032552048977294 38500
1758586757066 0.20406717415070497 38600
1758586758442 0.20352265033619935 38700
1758586759825 0.20256369989887088 38800
1758586761277 0.20197801797510276 38900
1758586762724 0.20263823313187174 39000
1758586764164 0.20215782448701147 39100
1758586766161 0.2020062329082484 39200
1758586767844 0.2017100733159663 39300
1758586769835 0.2020134331321501 39400
1758586771591 0.2009188717213737 39500
1758586773174 0.20108796385215474 39600
1758586774614 0.20110572298185186 39700
1758586776108 0.19990473140321566 39800
1758586777634 0.19795196713720686 39900
1758586779347 0.1968664937938509 40000
1758586780754 0.19551743463078677 40100
1758586782249 0.19539707902760647 40200
1758586783924 0.19475926433636287 40300
1758586785697 0.1946836368589514 40400
1758586787569 0.1953991900544167 40500
1758586789827 0.19555925750753528 40600
1758586792373 0.1960030370545802 40700
1758586794331 0.19600014143692765 40800
1758586796091 0.19523978357167712 40900
1758586797914 0.19567374018528025 41000
1758586799859 0.19630651036695598 41100
1758586801949 0.19657634454398845 41200
1758586803862 0.19718352787245652 41300
1758586805352 0.19804443732078164 41400
1758586806925 0.1982054272847176 41500
1758586808673 0.196424784149996 41600
1758586810277 0.19855041747594232 41700
1758586811976 0.19770075468458895 41800
1758586813703 0.1988794297123928 41900
1758586815390 0.19928112675537177 42000
1758586817029 0.19972446265194843 42100
1758586818490 0.19908811970057025 42200
1758586820006 0.19903375072821325 42300
1758586821446 0.20024541240250487 42400
1758586822994 0.2008857059671322 42500
1758586824607 0.20094505162251944 42600
1758586826393 0.20097921721525225 42700
1758586828262 0.20107342257014327 42800
1758586829885 0.2011473067298645 42900
1758586831432 0.2012504111407023 43000
1758586833181 0.20208075528935224 43100
1758586834908 0.20221037857292715 43200
1758586836775 0.2023159024128559 43300
1758586838439 0.20316453677196294 43400
1758586839967 0.2039847831821473 43500
1758586841534 0.20318617352464058 43600
1758586843051 0.20291043517940258 43700
1758586844584 0.20249795042347 43800
1758586846127 0.20196291399216057 43900
1758586847726 0.20359327079648062 44000
1758586849170 0.20530077149424655 44100
1758586850613 0.20433834277671473 44200
1758586852490 0.20509465723348858 44300
1758586854330 0.20434771826896556 44400
1758586856226 0.20514515327585242 44500
1758586858174 0.20548203327480927 44600
1758586860135 0.20686335206306064 44700
1758586862079 0.20781398289846004 44800
1758586864113 0.2073568537465107 44900
1758586866135 0.20874272626001594 45000
1758586868553 0.20826936217996736 45100
1758586870500 0.2085678249736687 45200
1758586872413 0.20903096591820158 45300
1758586874321 0.20976158449073418 45400
1758586876158 0.2104331558022167 45500
1758586877997 0.21067716987134663 45600
1758586879832 0.21322519087914613 45700
1758586881380 0.213162627965265 45800
1758586883080 0.21230722620572534 45900
1758586884976 0.2128058232563617 46000
1758586886722 0.21311881990041312 46100
1758586888302 0.21311050100152795 46200
1758586889811 0.21413075445986846 46300
1758586891306 0.21396445476626316 46400
1758586892872 0.214287937605263 46500
1758586894951 0.21454954718634264 46600
1758586896483 0.21465945327059094 46700
1758586897982 0.2144301543116368 46800
1758586899510 0.21535231545524217 46900
1758586901577 0.2165035999277244 47000
1758586903276 0.21662638454689404 47100
1758586904873 0.216798197639296 47200
1758586906930 0.21775321119211716 47300
1758586908842 0.21755488537466047 47400
1758586910838 0.2189161333293919 47500
1758586912797 0.21863511515458903 47600
1758586914849 0.21837451068370473 47700
1758586916925 0.21883519260813852 47800
1758586919014 0.21908424014897918 47900
1758586921194 0.2198252520874163 48000
1758586923371 0.22009312941179593 48100
1758586925456 0.22103638157155786 48200
1758586927523 0.222923387849859 48300
1758586929668 0.22376939536592513 48400
1758586932200 0.22395060069817171 48500
1758586934284 0.22388491267296595 48600
1758586936362 0.2236670861525568 48700
1758586938610 0.22529185886103884 48800
1758586940841 0.2253054642287996 48900
1758586943174 0.22514776298394784 49000
1758586945311 0.22557586627577741 49100
1758586947462 0.22544346455173775 49200
1758586949309 0.22582433475684655 49300
1758586951545 0.2260672764788414 49400
1758586953374 0.22602336684958357 49500
1758586954968 0.22565811148883191 49600
1758586956550 0.2251663191988819 49700
1758586958054 0.22568867077555518 49800
1758586959597 0.2260991868072891 49900
1758586961511 0.22714110820431024 50000
1758586963384 0.22684797347707913 50100
1758586964878 0.2276657644013958 50200
1758586966444 0.22762413719546803 50300
1758586968117 0.22659613979910914 50400
1758586970051 0.2269642911639925 50500
1758586971733 0.22726377084297375 50600
1758586973223 0.22764958777508243 50700
1758586974826 0.2284941284411594 50800
1758586976512 0.2281146597919058 50900
1758586978191 0.22841610566195425 51000
1758586979801 0.22796936368805248 51100
1758586981405 0.22769706129677633 51200
1758586983046 0.22741965420682855 51300
1758586984728 0.2271505112130978 51400
1758586986513 0.226628570567308 51500
1758586988128 0.22707712775086053 51600
1758586989719 0.22791025734713422 51700
1758586991568 0.22938560675590144 51800
1758586993397 0.2289279026922025 51900
1758586995107 0.22926742863242508 52000
1758586996666 0.22900194727329526 52100
1758586998330 0.22931611919931474 52200
1758587000099 0.2298364392880327 52300
1758587001896 0.22939457637640265 52400
1758587003580 0.2291533476630452 52500
1758587005436 0.22960816655250768 52600
1758587007224 0.2295665642882667 52700
1758587008962 0.2301946677020277 52800
1758587010595 0.2311427537194191 52900
1758587012269 0.23119792515441903 53000
1758587013905 0.23178577818716325 53100
1758587015745 0.23167652629846508 53200
1758587017479 0.2313529041831163 53300
1758587019117 0.2314035478329784 53400
1758587020788 0.23187643758914606 53500
1758587022536 0.2327398441427561 53600
1758587024285 0.23365571510927272 53700
1758587026351 0.23356994582809754 53800
1758587027880 0.23302483793334489 53900
1758587029429 0.23244604607347324 54000
1758587030989 0.23273318509473873 54100
1758587032626 0.23257003787751823 54200
1758587034229 0.233106033592082 54300
1758587035813 0.23268712619095144 54400
1758587037493 0.2334486474131863 54500
1758587039235 0.23353076175491766 54600
1758587040908 0.23372424969906375 54700
1758587042562 0.23466666406384437 54800
1758587044470 0.23614045218260554 54900
1758587046309 0.23568056193876283 55000
1758587047910 0.235545307194208 55100
1758587050328 0.23472610891787427 55200
1758587052004 0.23469661992860466 55300
1758587053787 0.23490680183735857 55400
1758587055894 0.2358853265755407 55500
1758587057695 0.23594513080385707 55600
1758587059643 0.23595677714760516 55700
1758587061308 0.23600628945504265 55800
1758587063314 0.23640758193112213 55900
1758587065115 0.23626900595521547 56000
1758587067017 0.2370412311709139 56100
1758587068637 0.23653267045679288 56200
1758587070756 0.23541635105928893 56300
1758587072529 0.23494090506905915 56400
1758587074215 0.23342038436011403 56500
1758587076038 0.233437403189342 56600
1758587077737 0.23387221763904614 56700
1758587079263 0.23449834043582204 56800
1758587080789 0.2345801898465705 56900
1758587082302 0.23338475846676546 57000
1758587083824 0.2332502637577244 57100
1758587085341 0.2344151386715907 57200
1758587086887 0.23497138651009056 57300
1758587088415 0.2358486830732999 57400
1758587090389 0.23673985336302963 57500
1758587092092 0.2358554475700514 57600
1758587093674 0.23569428931540726 57700
1758587095385 0.23584462626289668 57800
1758587097176 0.2363041757520537 57900
1758587098873 0.2371251105022783 58000
1758587100589 0.23703325326103 58100
1758587102106 0.2366930619112999 58200
1758587103869 0.23602648407033738 58300
1758587105670 0.2367679903348521 58400
1758587107238 0.23744840812888504 58500
1758587108850 0.23748866085374226 58600
1758587110387 0.23759979258790023 58700
1758587112141 0.23700694321813592 58800
1758587113828 0.23683667517659596 58900
1758587115423 0.23646692242197417 59000
1758587116993 0.23595643805240085 59100
1758587118593 0.23743798872284125 59200
1758587120431 0.2372031743482425 59300
1758587122499 0.2371890303432788 59400
1758587124650 0.23704642287957087 59500
1758587126339 0.23638100759886127 59600
1758587128004 0.23649594622126366 59700
1758587129714 0.23648279205822748 59800
1758587131300 0.23716719138533607 59900
1758587132961 0.23761821940006173 60000
1758587134784 0.23710878727693838 60100
1758587136886 0.23747369085321077 60200
1758587138614 0.2382134731635857 60300
1758587140285 0.23832543678581714 60400
1758587141862 0.23854490037313636 60500
1758587143429 0.24006818521646817 60600
1758587144959 0.23970491914061812 60700
1758587146511 0.2398836827559109 60800
1758587148264 0.23988811371890154 60900
1758587149899 0.24057460203900488 61000
1758587151743 0.24010512800316622 61100
1758587153371 0.24082731943117697 61200
1758587154977 0.24160689794059312 61300
1758587156579 0.24165405056701067 61400
1758587158244 0.24149584207231567 61500
1758587159823 0.2417572073005643 61600
1758587161730 0.24153714823269304 61700
1758587163663 0.24206118953015876 61800
1758587165902 0.24210963896251794 61900
1758587167904 0.24195894267045667 62000
1758587169517 0.2419425540748847 62100
1758587171224 0.2421203138725029 62200
1758587173212 0.24252563768765367 62300
1758587175309 0.2433438733041616 62400
1758587177497 0.24377097390207172 62500
1758587179742 0.2433034179884655 62600
1758587181906 0.24413855048644423 62700
1758587183640 0.24427786106896207 62800
1758587185650 0.2439476101498509 62900
1758587187762 0.24376357254449893 63000
1758587190122 0.2433864518834011 63100
1758587192142 0.2429225383683719 63200
1758587194089 0.2423141694880177 63300
1758587195658 0.24237237522894392 63400
1758587197493 0.24291093343941406 63500
1758587199401 0.24371115070336502 63600
1758587201364 0.2447106264465661 63700
1758587203466 0.24491638527906967 63800
1758587205799 0.2455816659198677 63900
1758587207617 0.24557086399327363 64000
1758587209615 0.24630781819010109 64100
1758587211846 0.24640802834405479 64200
1758587213683 0.24634517511497642 64300
1758587215621 0.2464490802971283 64400
1758587218441 0.24650675592126944 64500
1758587220862 0.246010959346554 64600
1758587222543 0.2457008319247519 64700
1758587224107 0.2450278746600379 64800
1758587225632 0.2448650550601104 64900
1758587227341 0.2444687291809602 65000
1758587229378 0.24466345605331663 65100
1758587231471 0.24486593024476486 65200
1758587233419 0.2459808311304162 65300
1758587234952 0.24611007869699447 65400
1758587236527 0.24581839499017957 65500
1758587238047 0.24565342073000293 65600
1758587240049 0.24580263150498297 65700
1758587241813 0.24598606431495898 65800
1758587243515 0.24729684268722135 65900
1758587245065 0.24766774487618526 66000
1758587246784 0.24812603167110142 66100
1758587248853 0.24850232390619575 66200
1758587250760 0.24804081265000388 66300
1758587252410 0.24872791698825425 66400
1758587253968 0.249233398841319 66500
1758587255514 0.24882365297004286 66600
1758587257185 0.24778626678654309 66700
1758587258888 0.24815806566735144 66800
1758587260823 0.24748832705589827 66900
1758587262599 0.24662769780803495 67000
1758587264394 0.24679930580065196 67100
1758587266311 0.24673003314001493 67200
1758587268169 0.2468058906930087 67300
1758587269810 0.24653323868241053 67400
1758587271568 0.24628448664021443 67500
1758587273356 0.24635662387953708 67600
1758587274947 0.24617668678144528 67700
1758587276475 0.2459003767300145 67800
1758587278038 0.246173413780728 67900
1758587279608 0.24695205909271237 68000
1758587281412 0.24727665190629994 68100
1758587283009 0.2471227485792652 68200
1758587284677 0.24709918749782434 68300
1758587286317 0.24619515842354028 68400
1758587287954 0.24640043643809012 68500
1758587289586 0.24598376178203515 68600
1758587291238 0.245712157954881 68700
1758587293091 0.24595069025258462 68800
1758587294854 0.24634114675272487 68900
1758587296533 0.24625068201841052 69000
1758587298237 0.2461937237486584 69100
1758587300221 0.24666763069970354 69200
1758587302043 0.24743112426120234 69300
1758587304146 0.2471004831311689 69400
1758587305878 0.24729548614428642 69500
1758587308861 0.2477132414017239 69600
1758587310651 0.24785778161944114 69700
1758587312366 0.24747435104439175 69800
1758587314066 0.24711717511943923 69900
1758587315746 0.24724171573389614 70000
1758587317548 0.2472426451800383 70100
1758587319381 0.24702701101050478 70200
1758587320934 0.24691943403496153 70300
1758587322528 0.24702799361042468 70400
1758587324463 0.24700038844381078 70500
1758587326149 0.24625501180465184 70600
1758587327938 0.2464224466826956 70700
1758587329728 0.24551491961661645 70800
1758587331514 0.24547090795340226 70900
1758587333262 0.24560235025388208 71000
1758587334979 0.24568202008571333 71100
1758587336572 0.24566236335185673 71200
1758587338252 0.24686599412748045 71300
1758587339929 0.24664961136197197 71400
1758587341623 0.2468201356057741 71500
1758587343258 0.24708184748825301 71600
1758587344886 0.24786906548483129 71700
1758587346756 0.24770563107659158 71800
1758587348536 0.24816817663472596 71900
1758587350276 0.24867698644575273 72000
1758587352047 0.24898750316894994 72100
1758587353911 0.2494538659074466 72200
1758587355637 0.2495014803141008 72300
1758587357330 0.24974828046936423 72400
1758587359001 0.24956242864171216 72500
1758587360599 0.2490055988353438 72600
1758587362400 0.2482061593576557 72700
1758587364078 0.24921490704122568 72800
1758587365877 0.24937181408704445 72900
1758587367673 0.2492121499241225 73000
1758587369339 0.24890925911824013 73100
1758587370926 0.24915847158914234 73200
1758587372532 0.24895518017154353 73300
1758587374108 0.2489148516448051 73400
1758587375705 0.2485975286866233 73500
1758587377355 0.24880037811990632 73600
1758587379010 0.24882347647663297 73700
1758587380838 0.24856833608632176 73800
1758587382609 0.24800345504531265 73900
1758587384249 0.24801690454373387 74000
1758587385978 0.24808730019156383 74100
1758587387772 0.24779076197276326 74200
1758587389836 0.2473425419409237 74300
1758587391863 0.24736416441917328 74400
1758587393951 0.24780405808884937 74500
1758587395896 0.2470383974606113 74600
1758587397852 0.24715167733083263 74700
1758587399564 0.24706318505144836 74800
1758587401534 0.2467526445063307 74900
1758587403823 0.2469632247999126 75000
1758587406075 0.24732874684785935 75100
1758587408461 0.24714228036705385 75200
1758587410747 0.24667585605318323 75300
1758587412493 0.2458383722862568 75400
1758587414427 0.245945370745436 75500
1758587416081 0.24524952986447093 75600
1758587417795 0.24518975296707696 75700
1758587419447 0.24575377174462873 75800
1758587421157 0.24551972290806878 75900
1758587422806 0.24559174084928717 76000
1758587424563 0.24536348661480087 76100
1758587426433 0.24566284452459455 76200
1758587428136 0.24486541824385447 76300
1758587429860 0.2444007994868959 76400
1758587431426 0.24390591810470713 76500
1758587433086 0.2441796047205156 76600
1758587434693 0.24429085205172937 76700
1758587436335 0.24386160695489925 76800
1758587438013 0.2432843382154661 76900
1758587439716 0.24345736886435507 77000
1758587441389 0.24335526099318067 77100
1758587443145 0.2428825951422034 77200
1758587444792 0.24318022977960801 77300
1758587446523 0.24318375274864878 77400
1758587448160 0.24392986291967425 77500
1758587449820 0.24323671587897297 77600
1758587451436 0.24321921887796535 77700
1758587453125 0.2430586773640014 77800
1758587454809 0.24278784360503777 77900
1758587456492 0.2426463099647193 78000
1758587458276 0.24304329099417965 78100
1758587460232 0.24280527786447634 78200
1758587462016 0.24320381400701183 78300
1758587463808 0.24311139523198538 78400
1758587465706 0.2433170050216186 78500
1758587467449 0.24339466139275306 78600
1758587469196 0.2428878945915057 78700
1758587470986 0.24313727515563577 78800
1758587472700 0.24271259780483626 78900
1758587474311 0.2428204486631208 79000
1758587476210 0.24304611318995153 79100
1758587478069 0.24264156084754443 79200
1758587479991 0.24207694339096542 79300
1758587482039 0.24183119467403597 79400
1758587483795 0.24168455679644382 79500
1758587485510 0.24122578575558773 79600
1758587487225 0.24105636828626112 79700
1758587489009 0.2411146505894615 79800
1758587490925 0.24117161607682946 79900
1758587492869 0.24081511610085526 80000
1758587494737 0.24059764453190566 80100
1758587496392 0.24046274796130818 80200
1758587498018 0.24099506120332992 80300
1758587499742 0.24036760448879696 80400
1758587501372 0.24029515700965806 80500
1758587503097 0.24054699675832578 80600
1758587504829 0.24029198677504293 80700
1758587506521 0.24023101329194213 80800
1758587508199 0.24044882377683854 80900
1758587509911 0.24034938953033602 81000
1758587511543 0.2408543388111685 81100
1758587513311 0.24107600425758466 81200
1758587515041 0.24091590163555604 81300
1758587516925 0.24110392185738888 81400
1758587518653 0.24124415471458252 81500
1758587520277 0.24094178367385596 81600
1758587522020 0.24044108868836175 81700
1758587523909 0.24090607935333397 81800
1758587525983 0.24069783202278436 81900
1758587527893 0.24090381231593108 82000
1758587529792 0.24085273984777328 82100
1758587531534 0.2405234738659547 82200
1758587533420 0.24035576594669705 82300
1758587535414 0.24056958067832335 82400
1758587537352 0.23976036187897912 82500
1758587539329 0.24029528139583176 82600
1758587541118 0.2402070384537102 82700
1758587542913 0.23960180175583193 82800
1758587544651 0.2396326287019654 82900
1758587546621 0.2396510881830812 83000
1758587548478 0.23952132988832725 83100
1758587550571 0.23901559258482244 83200
1758587552517 0.23894658101262697 83300
1758587554380 0.23856810707739456 83400
1758587556330 0.23837502291924853 83500
1758587558055 0.23779815934512005 83600
1758587559900 0.2381345977182971 83700
1758587561965 0.23782294004399107 83800
1758587563751 0.2373908265125709 83900
1758587565583 0.23729874719891134 84000
1758587567254 0.23690501312650508 84100
1758587568968 0.23681852301616146 84200
1758587570884 0.2374065236182661 84300
1758587572697 0.23713258868032586 84400
1758587574437 0.23687675317275508 84500
1758587576437 0.23683653384236278 84600
1758587578252 0.23695241137450118 84700
1758587580027 0.23679243464148464 84800
1758587581766 0.23638541607839278 84900
1758587583482 0.23599301479433832 85000
1758587585339 0.23679358184726346 85100
1758587587132 0.23644869906355803 85200
1758587588924 0.23619874658814136 85300
1758587590831 0.23552913542694137 85400
1758587592723 0.23616885295824627 85500
1758587594804 0.23589637757259924 85600
1758587596472 0.2363309633155964 85700
1758587598295 0.2363047999017127 85800
1758587600387 0.23637446550158941 85900
1758587602548 0.23591847655424805 86000
1758587604466 0.23635168265443768 86100
1758587606120 0.23646368135081597 86200
1758587607834 0.23682132998375469 86300
1758587609685 0.2365083250293412 86400
1758587611513 0.23646132089704686 86500
1758587613362 0.23585191700579738 86600
1758587615654 0.23562455529870843 86700
1758587617660 0.23591335646792633 86800
1758587620013 0.23544521094153123 86900
1758587622340 0.23484694032821773 87000
1758587624392 0.23416229598783847 87100
1758587626370 0.23449325886609276 87200
1758587628413 0.23429779346870197 87300
1758587630416 0.23412733863493734 87400
1758587632335 0.23463966661178087 87500
1758587634340 0.23551072732861308 87600
1758587636214 0.23580115649017355 87700
1758587637945 0.23568317626236782 87800
1758587639633 0.23521396363943917 87900
1758587641541 0.23531938434464236 88000
1758587643363 0.23545118128345302 88100
1758587645063 0.23484518932392204 88200
1758587646910 0.2348765336856211 88300
1758587649027 0.23500792522510627 88400
1758587651175 0.2350657441539977 88500
1758587653243 0.2342946570887269 88600
1758587655894 0.23391298206257427 88700
1758587658076 0.23379184384559482 88800
1758587659757 0.23374308038692268 88900
1758587661857 0.23343543140499257 89000
1758587663923 0.23374972004964417 89100
1758587665617 0.23376889150602043 89200
1758587667348 0.23372584640469948 89300
1758587669248 0.23393690115220597 89400
1758587671218 0.23487755171260125 89500
1758587673131 0.2348596977839822 89600
1758587675041 0.23501831878919335 89700
1758587676999 0.23516029409179645 89800
1758587678982 0.23528137816348307 89900
1758587680747 0.23394223016563392 90000
1758587682674 0.23418600926191538 90100
1758587684423 0.23364787388643068 90200
1758587686169 0.2335618343667666 90300
1758587687936 0.23358321256041437 90400
1758587689849 0.2332469561484818 90500
1758587691865 0.23337665826251724 90600
1758587693665 0.23310408703895288 90700
1758587695506 0.23282986224720703 90800
1758587697229 0.23305378541246885 90900
1758587699018 0.23274491251901003 91000
1758587700883 0.23250821385091325 91100
1758587702705 0.23256437970169944 91200
1758587704554 0.23298108212170218 91300
1758587706430 0.23318902926029672 91400
1758587708264 0.23352212175712644 91500
1758587710097 0.23328657878002992 91600
1758587711904 0.23276063341278855 91700
1758587713669 0.23243330224326436 91800
1758587715486 0.23252855995306648 91900
1758587717239 0.23236119106808448 92000
1758587719092 0.23151262392085284 92100
1758587720970 0.23116074527809619 92200
1758587722987 0.23168943590115604 92300
1758587724801 0.2313011770145688 92400
1758587726526 0.23174640342163522 92500
1758587728251 0.2311179223721029 92600
1758587730060 0.2312119375572638 92700
1758587732295 0.23120360485542596 92800
1758587734441 0.23101867759046876 92900
1758587736416 0.2301096058839274 93000
1758587738776 0.2304673044526941 93100
1758587741085 0.23023334143275506 93200
1758587743393 0.22966848481450866 93300
1758587745765 0.22970097017159966 93400
1758587748238 0.2294088625392624 93500
1758587750488 0.22910030193303546 93600
1758587752648 0.22897636007500638 93700
1758587754958 0.22928030003488156 93800
1758587756984 0.22912974354941892 93900
1758587759057 0.22900713629561342 94000
1758587761127 0.22903774720040374 94100
1758587763092 0.22876394582911894 94200
1758587765026 0.22913822770950343 94300
1758587766817 0.22929289961843838 94400
1758587768807 0.2294874657370753 94500
1758587770640 0.22930605633556067 94600
1758587772530 0.2291977599951476 94700
1758587774550 0.2292557506868852 94800
1758587776437 0.22943187571826987 94900
1758587778593 0.22922343573393097 95000
1758587780553 0.22961625679419853 95100
1758587782663 0.22991162941253282 95200
1758587784602 0.22994391177033305 95300
1758587786618 0.22973272990742602 95400
1758587788656 0.2293362185578512 95500
1758587790706 0.2292804742930191 95600
1758587792604 0.22911734775061715 95700
1758587794715 0.22914870082546046 95800
1758587796807 0.22963892208850684 95900
1758587799021 0.22958914264031696 96000
1758587801017 0.22978082155637705 96100
1758587803059 0.22955091438477665 96200
1758587805122 0.22939963824814555 96300
1758587807352 0.22921689629537018 96400
1758587809425 0.22956634571348614 96500
1758587811590 0.2300111587588869 96600
1758587813558 0.2293594565385194 96700
1758587815838 0.2290607382217811 96800
1758587817974 0.22855515530558826 96900
1758587819992 0.2288100481563053 97000
1758587822053 0.22828349517071825 97100
1758587824635 0.22798974738090058 97200
1758587826694 0.2278963606434506 97300
1758587828562 0.2280893042292191 97400
1758587830462 0.2278867310593589 97500
1758587832500 0.22831988529487277 97600
1758587834607 0.22827943989670993 97700
1758587837479 0.22763951231636917 97800
1758587839677 0.22766515367581885 97900
1758587841828 0.2274714663591131 98000
1758587843616 0.2274173868980165 98100
1758587845548 0.2277819465402948 98200
1758587847433 0.22818269289908336 98300
1758587849326 0.22821877759991918 98400
1758587851187 0.22853914363631883 98500
1758587853532 0.2290108592817735 98600
1758587855248 0.22925492951143175 98700
1758587857067 0.22917449514672125 98800
1758587858854 0.2291292808898527 98900
1758587860572 0.22873506922375933 99000
1758587862291 0.22841991771672027 99100
1758587864103 0.22835782878867916 99200
1758587865883 0.22842743173589966 99300
1758587867810 0.22796430086471386 99400
1758587869660 0.22792288474268232 99500
1758587871480 0.22729043227202256 99600
1758587873328 0.22770116836633322 99700
1758587875118 0.22841284297953768 99800
1758587877144 0.2283481824638938 99900
1758587879353 0.22821342231061165 100000
1758587881232 0.22824562063824022 100100
1758587883205 0.22827686229984656 100200
1758587885160 0.22859759697171808 100300
1758587886917 0.22869076542777161 100400
1758587888710 0.22817630942866782 100500
1758587890572 0.22782370315966186 100600
1758587892486 0.22836755907694342 100700
1758587894309 0.22838937070468926 100800
1758587896156 0.22804854547162948 100900
1758587898027 0.2279960415289797 101000
1758587899859 0.2283767634620904 101100
1758587901734 0.2281956431567323 101200
1758587903826 0.2277133238033674 101300
1758587905651 0.22690010088152684 101400
1758587907389 0.22717465709171092 101500
1758587909263 0.2273029345866981 101600
1758587911103 0.22753551093418717 101700
1758587913119 0.2272605765947833 101800
1758587915171 0.22743253723349852 101900
1758587917140 0.22767520408274625 102000
1758587918965 0.2275318625513249 102100
1758587920775 0.22741418485040862 102200
1758587922628 0.22668904718896982 102300
1758587924429 0.2269382243674833 102400
1758587926286 0.2268704409894746 102500
1758587928148 0.2269235555299769 102600
1758587929957 0.22714583549163048 102700
1758587931718 0.22723831947681106 102800
1758587933695 0.22763528266623395 102900
1758587935520 0.22793233164330873 103000
1758587937327 0.22780632694040862 103100
1758587939094 0.22745550871295594 103200
1758587940869 0.2275893420695299 103300
1758587942586 0.22687997876561825 103400
1758587944321 0.22750057035264734 103500
1758587946046 0.22710290457484034 103600
1758587947817 0.22731642132933333 103700
1758587949657 0.22739652262413435 103800
1758587951373 0.22776125515608514 103900
1758587953281 0.22801360634473056 104000
1758587955046 0.2280804151790324 104100
1758587956779 0.22773572188749347 104200
1758587958826 0.22806651386868163 104300
1758587960729 0.22799018977241495 104400
1758587962485 0.22797948486433944 104500
1758587964258 0.22829618326967166 104600
1758587965972 0.22842472707304656 104700
1758587967806 0.22859941936632525 104800
1758587969586 0.22837845340717977 104900
1758587971328 0.22847738461113465 105000
1758587973076 0.227752763416941 105100
1758587974876 0.2271736114109136 105200
1758587976682 0.22774298904034698 105300
1758587978555 0.22794266611858816 105400
1758587980513 0.2278097662305219 105500
1758587982464 0.22765850979555766 105600
1758587984317 0.22774932284386304 105700
1758587986255 0.2277192459630217 105800
1758587988168 0.22749703897608187 105900
1758587990116 0.22766792360575747 106000
1758587992004 0.2273486596138123 106100
1758587993955 0.22712361466477451 106200
1758587995888 0.22680196009032108 106300
1758587998405 0.2270679091872213 106400
1758588000278 0.2275443435014379 106500
1758588002276 0.22742946147502746 106600
1758588004241 0.22738470570319624 106700
1758588006073 0.22774569703768824 106800
1758588007928 0.22865329700010983 106900
1758588009807 0.22864439178434598 107000
1758588011627 0.22887882725974837 107100
1758588013523 0.2291205413895716 107200
1758588015470 0.22880166181818684 107300
1758588017456 0.2287025650921147 107400
1758588019349 0.2286959470454823 107500
1758588021202 0.2285890419254284 107600
1758588023145 0.2286161373232842 107700
1758588025235 0.228347959488025 107800
1758588027164 0.2285688256435775 107900
1758588029178 0.22856644408191631 108000
1758588031307 0.22825299641004565 108100
1758588033286 0.22803252828932405 108200
1758588035775 0.22814536598161794 108300
1758588038204 0.2273272564674064 108400
1758588040845 0.226593235993409 108500
1758588043340 0.2266724446009676 108600
1758588045696 0.22691000039898698 108700
1758588047916 0.22598258885821196 108800
1758588049912 0.2260378174023435 108900
1758588052000 0.22594791613746754 109000
1758588054155 0.22563645836333332 109100
1758588056255 0.22534490971785623 109200
1758588058927 0.22490073079165196 109300
1758588061259 0.22472895572748597 109400
1758588063672 0.22484884461263271 109500
1758588065772 0.22459366175798104 109600
1758588067778 0.22419244976540476 109700
1758588070015 0.22394516642833948 109800
1758588071976 0.2236924770954298 109900
1758588074250 0.22373661254025498 110000
1758588076631 0.22352736928399627 110100
1758588079290 0.22368430820413598 110200
1758588082446 0.22375415751436334 110300
1758588085060 0.22379131960647777 110400
1758588087289 0.22380624425534051 110500
1758588089571 0.22301963098024685 110600
1758588091773 0.22344848778376972 110700
1758588094164 0.22366073882437126 110800
1758588096506 0.22350847015437564 110900
1758588098731 0.2239716947135437 111000
1758588100985 0.22415292983206261 111100
1758588103158 0.22434543727477566 111200
1758588105421 0.2252363662331984 111300
1758588107726 0.2252105675758422 111400
1758588110054 0.225217289131032 111500
1758588112566 0.22503524713195644 111600
1758588114830 0.22460584455631216 111700
1758588117244 0.22442665876613965 111800
1758588119407 0.22448564405278654 111900
1758588121653 0.22393089699337188 112000
1758588123873 0.2235069424462858 112100
1758588126067 0.2236651966475001 112200
1758588128385 0.2236532912041379 112300
1758588130663 0.2233573627603426 112400
1758588132905 0.2234945274395099 112500
1758588135138 0.22342976520287852 112600
1758588137387 0.22378481955728105 112700
1758588139665 0.22373153055318978 112800
1758588141860 0.22369841185469266 112900
1758588144165 0.22343989153669747 113000
1758588146590 0.22291836105175755 113100
1758588148945 0.222253305386739 113200
1758588151429 0.22258705011973426 113300
1758588153586 0.22261467550223496 113400
1758588155502 0.22234496621656885 113500
1758588157589 0.22203768847513436 113600
1758588159983 0.22248065974716913 113700
1758588162308 0.22322993741931385 113800
1758588164671 0.22370469296697515 113900
1758588167005 0.22406722997751247 114000
1758588169223 0.22402436250477112 114100
1758588171443 0.22430450326624463 114200
1758588173654 0.22435577822435432 114300
1758588176023 0.224347002428025 114400
1758588178078 0.22448180410475657 114500
1758588179851 0.22449471243133237 114600
1758588181653 0.224347160293351 114700
1758588183449 0.22448857306768524 114800
1758588185231 0.22408399331027978 114900
1758588186996 0.22418446283573626 115000
1758588188934 0.22375449858279378 115100
1758588190728 0.22350392243687525 115200
1758588192523 0.22328137518723304 115300
1758588194299 0.2236033863994056 115400
1758588196248 0.22269211022940932 115500
1758588198195 0.22258506608793144 115600
1758588200063 0.22280184954261012 115700
1758588202215 0.22304042158797313 115800
1758588204350 0.22330394014558563 115900
1758588206458 0.22278364929881375 116000
1758588208516 0.22333500323267325 116100
1758588210403 0.22315268292216453 116200
1758588212327 0.22286937039875196 116300
1758588214219 0.22290761981001875 116400
1758588216159 0.2224198178861502 116500
1758588217963 0.22269872932260074 116600
1758588220003 0.22246456169688428 116700
1758588222076 0.22258923068334838 116800
1758588224066 0.222615961750276 116900
1758588226206 0.22281093600166896 117000
1758588228375 0.22280397632798246 117100
1758588230472 0.22271291243107258 117200
1758588233140 0.22280996413602305 117300
1758588235428 0.22300077163685336 117400
1758588237453 0.22280981880487516 117500
1758588239670 0.22319769736870917 117600
1758588242084 0.22281122240244783 117700
1758588244332 0.22311696403130965 117800
1758588246391 0.223356090480288 117900
1758588248443 0.2234294725643702 118000
1758588250351 0.22319415446817614 118100
1758588252312 0.2232237396360186 118200
1758588254577 0.2230794023463443 118300
1758588256926 0.2232964698919257 118400
1758588258900 0.22283231557035868 118500
1758588261117 0.22272311947881904 118600
1758588263420 0.22313241350413116 118700
1758588265531 0.22311196369446606 118800
1758588267622 0.22350202624061885 118900
1758588269870 0.22340936668262487 119000
1758588272170 0.22360231746398307 119100
1758588274455 0.22307969150170834 119200
1758588276773 0.2228407420809261 119300
1758588278950 0.2225386713175463 119400
1758588280789 0.22284892022356406 119500
1758588282616 0.22262096899179196 119600
1758588284555 0.2228015593529155 119700
1758588286696 0.22258362359089454 119800
1758588288781 0.2227669995558818 119900
1758588290687 0.22322920734676358 120000
1758588292555 0.2228108515740797 120100
1758588294438 0.22226922380952882 120200
1758588296280 0.22234048311292087 120300
1758588298311 0.22254569352271905 120400
1758588300291 0.22195760153245772 120500
1758588302097 0.22170711299940382 120600
1758588304158 0.222141793001662 120700
1758588306293 0.22213702912168723 120800
1758588308723 0.22233337246593035 120900
1758588310558 0.2223641333731406 121000
1758588312599 0.22248931475819675 121100
1758588314556 0.22263770107584702 121200
1758588316550 0.22245869616508118 121300
1758588318640 0.22335752688869848 121400
1758588320708 0.22281102375479933 121500
1758588323104 0.22304436442892245 121600
1758588325218 0.2233615191740729 121700
1758588327169 0.2231350351806575 121800
1758588329111 0.2231294218097095 121900
1758588331059 0.22330959500264255 122000
1758588333271 0.22334140477305015 122100
1758588335309 0.22296435306887755 122200
1758588337173 0.2230744594377776 122300
1758588339107 0.22290929570342505 122400
1758588340992 0.22315852248466045 122500
1758588343029 0.2231612164984829 122600
1758588345294 0.22358336456113084 122700
1758588347593 0.22334081543758538 122800
1758588349788 0.22331155553503285 122900
1758588351825 0.2229818864295094 123000
1758588353867 0.2232743598278467 123100
1758588356008 0.2232381100244485 123200
1758588358197 0.22340894014035834 123300
1758588360356 0.22298710814287417 123400
1758588362245 0.22252624246486935 123500
1758588364142 0.222576942293771 123600
1758588366052 0.22246870818410694 123700
1758588368131 0.22240459731247178 123800
1758588370263 0.22220733515077662 123900
1758588372484 0.22221770523478918 124000
1758588374634 0.2223284356930165 124100
1758588376591 0.22235132086357698 124200
1758588378464 0.22217553147195301 124300
1758588380289 0.2217942531928101 124400
1758588382193 0.22197694499723852 124500
1758588384252 0.22230865100601468 124600
1758588386200 0.22227459125319168 124700
1758588388050 0.22252381989778455 124800
1758588390091 0.22217398912113345 124900
1758588392546 0.22245484943149954 125000
1758588395033 0.22232666430505413 125100
1758588397487 0.22255660403444832 125200
1758588399940 0.22205735085998055 125300
1758588402526 0.22212327241979593 125400
1758588405170 0.22200678323883385 125500
1758588407818 0.22205287470899845 125600
1758588409819 0.22233645802020466 125700
1758588411804 0.22249090653504885 125800
1758588413743 0.22235554508140143 125900
1758588415598 0.22243427885272232 126000
1758588417602 0.2225800858526156 126100
1758588419472 0.2221016780649358 126200
1758588421546 0.22203194769684134 126300
1758588423543 0.2218319267037252 126400
1758588425399 0.22179647576524894 126500
1758588427241 0.2218247202101322 126600
1758588429159 0.2218549590388671 126700
1758588431107 0.2217851244370377 126800
1758588432973 0.22170476275733042 126900
1758588435110 0.22176143263055267 127000
1758588437317 0.22134147152515185 127100
1758588439876 0.22057155793592229 127200
1758588441887 0.22087812741648263 127300
1758588443744 0.2211484266140796 127400
1758588445941 0.22088987563300364 127500
1758588448154 0.2211183688279948 127600
1758588450364 0.22157329159661673 127700
1758588452216 0.22132533003502144 127800
1758588454498 0.22134155989834245 127900
1758588456745 0.22169015710268186 128000
1758588458781 0.22185405276244563 128100
1758588461168 0.2219383032183536 128200
1758588463310 0.2220969189931861 128300
1758588465417 0.22217118701493468 128400
1758588468142 0.22221262384711185 128500
1758588470778 0.22218539885192054 128600
1758588472858 0.2223683610204447 128700
1758588474889 0.22231705356529155 128800
1758588476858 0.22184764515038446 128900
1758588478739 0.22187960906324575 129000
1758588480635 0.22188298104696214 129100
1758588482597 0.22221619371974385 129200
1758588484536 0.22193518361771172 129300
1758588486445 0.22186543629567307 129400
1758588488501 0.2219059286271973 129500
1758588490490 0.22208201213516937 129600
1758588492610 0.22189136623505107 129700
1758588494649 0.22164247123503966 129800
1758588496540 0.22203613072392267 129900
1758588498441 0.22221691477083363 130000
1758588500418 0.22190554740733878 130100
1758588502592 0.2220952317548952 130200
1758588504536 0.22223503752108495 130300
1758588506706 0.22222988594032658 130400
1758588508665 0.2221785051244827 130500
1758588510498 0.2220279418478622 130600
1758588512387 0.22215421135669178 130700
1758588514257 0.2218431617489486 130800
1758588516280 0.22187393422332635 130900
1758588518312 0.2216863196392745 131000
1758588520366 0.22123165436884143 131100
1758588522462 0.22130317376103906 131200
1758588524610 0.22113140325952332 131300
1758588526692 0.22139945083849255 131400
1758588529046 0.22124292155038172 131500
1758588531376 0.2211131099551594 131600
1758588533357 0.22145107639720127 131700
1758588535383 0.22156374716511193 131800
1758588537304 0.22202166565387357 131900
1758588539182 0.22244976602148533 132000
1758588541199 0.2225400916312193 132100
1758588543124 0.22222361867746626 132200
1758588545214 0.22264046683919123 132300
1758588547404 0.2227679210251931 132400
1758588549758 0.2226407873172172 132500
1758588551804 0.2228618708883101 132600
1758588553827 0.2231402569150257 132700
1758588555957 0.22333766201019478 132800
1758588558845 0.22327321381445098 132900
1758588560879 0.22286879882566174 133000
1758588563011 0.22248930568939004 133100
1758588565312 0.22258361662072362 133200
1758588567528 0.2225790567846259 133300
1758588569831 0.22254219435691905 133400
1758588572016 0.22259101015568628 133500
1758588573974 0.2223835666321925 133600
1758588575916 0.2224807200105525 133700
1758588577851 0.22200757122241804 133800
1758588579792 0.22206528255961783 133900
1758588581707 0.22255401441650294 134000
1758588583701 0.2222720749762757 134100
1758588585692 0.22181547588026945 134200
1758588587794 0.22189749694270228 134300
1758588589766 0.22212249524118283 134400
1758588591806 0.22243921669527386 134500
1758588594103 0.22242358140812646 134600
1758588596114 0.22267425307309094 134700
1758588598134 0.22300396733814548 134800
1758588600093 0.2231904812666511 134900
1758588602079 0.2235140094568611 135000
1758588604134 0.22324444419605288 135100
1758588606365 0.22304900074477862 135200
1758588608626 0.22289289401104587 135300
1758588610819 0.2228701721618939 135400
1758588613103 0.22271211402809482 135500
1758588615412 0.22254777527974906 135600
1758588617349 0.22209271950520576 135700
1758588619233 0.2222875430856159 135800
1758588621117 0.2222024899390422 135900
1758588623047 0.2224171368966782 136000
1758588625199 0.22236849716058588 136100
1758588627241 0.22225733287550822 136200
1758588629361 0.22200635819774353 136300
1758588631549 0.22223614611510867 136400
1758588633839 0.2223835229719794 136500
1758588636376 0.22260327148754333 136600
1758588638423 0.22244287605884872 136700
1758588640460 0.2222825992095482 136800
1758588642385 0.22239658794477607 136900
1758588644402 0.22239574216988875 137000
1758588646401 0.2226897273817972 137100
1758588648377 0.22287687336284773 137200
1758588650648 0.22298495602267593 137300
1758588653045 0.2227292603935964 137400
1758588655495 0.22314080220361218 137500
1758588657810 0.22290101811728488 137600
1758588660236 0.22303129703754532 137700
1758588662534 0.22323305527795523 137800
1758588664885 0.22306663622523562 137900
1758588667188 0.22247488622404699 138000
1758588669534 0.2224692458455614 138100
1758588671922 0.22275099983877894 138200
1758588674282 0.2228895077995825 138300
1758588676631 0.22311109331088433 138400
1758588679089 0.22319337742939294 138500
1758588681341 0.2232422128146895 138600
1758588683467 0.2234574400321014 138700
1758588685464 0.2236738474700952 138800
1758588687468 0.22371536332012396 138900
1758588689419 0.2240612000515449 139000
1758588691426 0.22417741624152568 139100
1758588693862 0.22393153478481231 139200
1758588696282 0.22409578444558143 139300
1758588698702 0.22401730180014434 139400
1758588700755 0.2243218610532118 139500
1758588702822 0.22477672638303212 139600
1758588704887 0.22477949506972006 139700
1758588706919 0.2250277000418074 139800
1758588708989 0.225292433894466 139900
1758588711063 0.2251836364210217 140000
1758588713668 0.22524024521207212 140100
1758588716268 0.2252867560463818 140200
1758588718236 0.22564037393814887 140300
1758588720325 0.22575879592662795 140400
1758588722477 0.225601176033696 140500
1758588724527 0.22596716761100016 140600
1758588727028 0.2258309361073591 140700
1758588729211 0.22590753639445518 140800
1758588731691 0.22573345710906204 140900
1758588733864 0.22589309721692866 141000
1758588736183 0.22585179922037646 141100
1758588738324 0.22589666983987733 141200
1758588740607 0.22632173253005783 141300
1758588742662 0.2263322077335158 141400
1758588745106 0.2261365127988538 141500
1758588747586 0.2260165477805371 141600
1758588749669 0.22583118140231676 141700
1758588751670 0.22593931762022598 141800
1758588753705 0.22635735296121168 141900
1758588755734 0.22615985209551 142000
1758588757828 0.2258969651037613 142100
1758588759956 0.22602666990629844 142200
1758588762177 0.22591090503390945 142300
1758588764227 0.22597064569124328 142400
1758588766398 0.22618595152100987 142500
1758588768410 0.22602896510962484 142600
1758588770626 0.22608455487152354 142700
1758588772738 0.22616779328623385 142800
1758588774926 0.22627614039160915 142900
1758588776916 0.22648960933497045 143000
1758588778882 0.2266078804428849 143100
1758588780930 0.22649905832324668 143200
1758588782976 0.2261764800096778 143300
1758588785507 0.2266451146631612 143400
1758588788073 0.22652541434868503 143500
1758588790627 0.22648559018708195 143600
1758588793298 0.22625360252366375 143700
1758588795911 0.22645619363692096 143800
1758588798497 0.22633455396662228 143900
1758588801043 0.22662584325565763 144000
1758588803557 0.2266129354215164 144100
1758588805759 0.22629098271924966 144200
1758588807713 0.22695053734609416 144300
1758588809679 0.2272933301509989 144400
1758588811620 0.2272166974228999 144500
1758588813820 0.2270735614271223 144600
1758588816713 0.2271598913005654 144700
1758588818709 0.22695286628016847 144800
1758588820667 0.22688891632909994 144900
1758588822580 0.22683029395133428 145000
1758588824775 0.22696163880754758 145100
1758588826849 0.2267253390232625 145200
1758588828835 0.2263074299982106 145300
1758588830852 0.2266576694137039 145400
1758588832898 0.22678683631160246 145500
1758588835124 0.22679133810932048 145600
1758588837370 0.22665323456797956 145700
1758588839636 0.22639335955100046 145800
1758588842100 0.22654731834866662 145900
1758588844743 0.22633848166738804 146000
1758588847296 0.22608010101921203 146100
1758588849410 0.22653599686740306 146200
1758588851804 0.22671935524921322 146300
1758588854614 0.22636342419161462 146400
1758588857373 0.2267260195150904 146500
1758588860155 0.22706889992614634 146600
1758588863001 0.22707320813382562 146700
1758588865725 0.22689482648512005 146800
1758588868525 0.22662426172635022 146900
1758588871351 0.22662508317510105 147000
1758588874053 0.2266833744166581 147100
1758588876684 0.2266813994536119 147200
1758588879385 0.2265372514835852 147300
1758588882104 0.2267653250332135 147400
1758588884688 0.22662612845547922 147500
1758588887366 0.22671534649714795 147600
1758588889807 0.22650367413786004 147700
1758588892478 0.22618159754222328 147800
1758588895051 0.22618928949955036 147900
1758588897696 0.22619678463178003 148000
1758588900364 0.22636171661483695 148100
1758588903015 0.2266325281470091 148200
1758588905733 0.2267564587911384 148300
1758588908433 0.22697621934884207 148400
1758588911253 0.22703813947259754 148500
1758588913746 0.2268739020311455 148600
1758588916279 0.22675898414426746 148700
1758588918892 0.22657116325369228 148800
1758588921230 0.22649144105154306 148900
1758588923491 0.226578593252865 149000
1758588925786 0.22693038260509824 149100
1758588928137 0.22713928470017156 149200
1758588930376 0.22711232481074914 149300
1758588932536 0.2272110160484975 149400
1758588934646 0.2273620854379046 149500
1758588937385 0.2276582224813601 149600
1758588939659 0.22754176698478287 149700
1758588941829 0.22752685846075743 149800
1758588943990 0.2275712496454279 149900
1758588946075 0.227660084623811 150000
1758588948369 0.22731995540094208 150100
1758588950589 0.227478895904391 150200
1758588952684 0.22771464989230053 150300
1758588954882 0.22809421732889557 150400
1758588957231 0.22819706688129962 150500
1758588959420 0.22820973456310556 150600
1758588961543 0.2283480162487289 150700
1758588963648 0.22823414539744522 150800
1758588965709 0.22798228480755814 150900
1758588967765 0.22791597073217731 151000
1758588969827 0.22806180867294812 151100
1758588971935 0.22815386588717143 151200
1758588974491 0.2281813319815924 151300
1758588976561 0.22811984549832645 151400
1758588978598 0.22837401681280367 151500
1758588980664 0.22855915743349142 151600
1758588982764 0.22847961069827488 151700
1758588984856 0.22858213439644182 151800
1758588987084 0.22863995246089736 151900
1758588989213 0.228493461051086 152000
1758588991362 0.228543100095469 152100
1758588993993 0.22856168530899001 152200
1758588996616 0.22857076703008472 152300
1758588999220 0.22875676858754207 152400
1758589001799 0.22890026214678794 152500
1758589004376 0.2288134876980699 152600
1758589006927 0.22885050899420262 152700
1758589009524 0.22903483372217254 152800
1758589012151 0.22871855062592564 152900
1758589014838 0.22863204980250232 153000
1758589017456 0.22860499511262164 153100
1758589019749 0.22838509624784703 153200
1758589021969 0.2283345730384669 153300
1758589024077 0.22799935486418033 153400
1758589026132 0.22786057679018587 153500
1758589028198 0.22736206172744 153600
1758589030278 0.22715235177789866 153700
1758589032360 0.2270658871225471 153800
1758589034548 0.22670321272162833 153900
1758589036720 0.22681943466814397 154000
1758589038912 0.22674024512522353 154100
1758589041247 0.2272024216997451 154200
1758589043545 0.22743524493350653 154300
1758589045834 0.22742588374422912 154400
1758589048132 0.2273456093968086 154500
1758589050339 0.2273924180937314 154600
1758589052617 0.22757185258224855 154700
1758589054882 0.22766152878801174 154800
1758589057141 0.22763590114901727 154900
1758589059364 0.2277938785233478 155000
1758589061574 0.22743848783985193 155100
1758589063828 0.22756179333940552 155200
1758589066043 0.22768938023718877 155300
1758589068237 0.2280938657678438 155400
1758589070440 0.22799137128887156 155500
1758589072647 0.2282465867313601 155600
1758589074886 0.22868295542758554 155700
1758589077086 0.2287632256894146 155800
1758589079197 0.22880433055652874 155900
1758589081350 0.22879852679903437 156000
1758589083602 0.2288920558429994 156100
1758589085968 0.22883575588116353 156200
1758589088301 0.22910557700159098 156300
1758589090941 0.22943711205455647 156400
1758589093561 0.2291976274156687 156500
1758589096156 0.22917630652150522 156600
1758589098778 0.2292315084656425 156700
1758589101097 0.22885153663517158 156800
1758589103657 0.22849199945114612 156900
1758589106256 0.22842052663588833 157000
1758589108819 0.22863112326071133 157100
1758589111447 0.22869851186381632 157200
1758589114053 0.2288863125982489 157300
1758589116711 0.22864087222928822 157400
1758589119343 0.22889766592628122 157500
1758589121969 0.2286936441366922 157600
1758589124245 0.2288724991633244 157700
1758589126667 0.2287090182125792 157800
1758589129272 0.22854178131180813 157900
1758589131911 0.22858749583855556 158000
1758589134490 0.2284056589543142 158100
1758589137040 0.22854676816828004 158200
1758589139564 0.22835633641658112 158300
1758589142185 0.22801451887780158 158400
1758589144753 0.22781121369641294 158500
1758589147139 0.2278783130121838 158600
1758589149798 0.22761880963656803 158700
1758589152399 0.22748756840840695 158800
1758589155052 0.22754208177521715 158900
1758589157412 0.22745769301923421 159000
1758589160042 0.22737470577198574 159100
1758589162644 0.22736617426603084 159200
1758589165256 0.22755064719528828 159300
1758589168136 0.22763087456742484 159400
1758589170813 0.22762728543067293 159500
1758589173553 0.22750936161339871 159600
1758589176292 0.22734720371099865 159700
1758589179114 0.22716586727524102 159800
1758589181830 0.2274991016740533 159900
1758589184795 0.22731802944482374 160000
1758589187408 0.2270127095839196 160100
1758589190075 0.22685874240374465 160200
1758589192834 0.22681170837456643 160300
1758589195477 0.22697294306977955 160400
1758589198155 0.22701959570453856 160500
1758589200818 0.22702820091003867 160600
1758589203466 0.22729719046804678 160700
1758589206067 0.2272568509588157 160800
1758589208821 0.22728983991946192 160900
1758589211548 0.22734058742168436 161000
1758589214291 0.22733425607840171 161100
1758589216866 0.22717073846291275 161200
1758589219167 0.2273247763578187 161300
1758589221725 0.22716460424281093 161400
1758589224425 0.22699225664158185 161500
1758589227010 0.22743984426412903 161600
1758589229580 0.22726545076008184 161700
1758589232158 0.22733706881571183 161800
1758589234736 0.2274242839650991 161900
1758589237171 0.2277229724232595 162000
1758589239588 0.22795609039720274 162100
1758589242468 0.22803988458480612 162200
1758589245307 0.22830111721316437 162300
1758589248324 0.2287439000428191 162400
1758589251131 0.22897409864696572 162500
1758589254031 0.22909555819763944 162600
1758589257102 0.2293963640476866 162700
1758589260111 0.2294770525122724 162800
1758589263016 0.22945068027719961 162900
1758589265795 0.22914165601738368 163000
1758589268954 0.2290722184113681 163100
1758589271957 0.22945006843213528 163200
1758589275033 0.22945476985993887 163300
1758589277842 0.2296899606140755 163400
1758589281327 0.22964878169474826 163500
1758589284046 0.2298750404137466 163600
1758589286694 0.2300049376441539 163700
1758589289454 0.22997727085672393 163800
1758589292197 0.23008582419419543 163900
1758589295089 0.23012392488223202 164000
1758589297969 0.23016850246795312 164100
1758589300904 0.2304745624524033 164200
1758589303692 0.23072372449909992 164300
1758589306460 0.23088535627629683 164400
1758589308797 0.23089381368234346 164500
1758589311094 0.23058217149843957 164600
1758589313710 0.23096483490325817 164700
1758589316756 0.2313301551116812 164800
1758589320053 0.23106228428551884 164900
1758589322727 0.2310192665656286 165000
1758589325575 0.23112554117757383 165100
1758589328198 0.23125514591769614 165200
1758589330786 0.23125045727945806 165300
1758589333329 0.2311256520896687 165400
1758589335984 0.23111402181546103 165500
1758589338607 0.23086275457521538 165600
1758589341121 0.23074564955542956 165700
1758589343630 0.23062453460658466 165800
1758589345925 0.23062571243764657 165900
1758589348163 0.230485741713335 166000
1758589350324 0.23023838158844037 166100
1758589352494 0.23001845842533697 166200
1758589354717 0.22994497692730476 166300
1758589356856 0.2300459572718327 166400
1758589358972 0.22988171410665764 166500
1758589361076 0.2299590652550471 166600
1758589363322 0.23014227625861622 166700
1758589365619 0.23028713185798075 166800
1758589367917 0.23043419471739904 166900
1758589370356 0.23055318008526457 167000
1758589372748 0.23058072268549618 167100
1758589375154 0.23075206959913747 167200
1758589377489 0.23068826357723363 167300
1758589379887 0.23076384021996368 167400
1758589382190 0.23057365146822828 167500
1758589384453 0.23078726329347768 167600
1758589386754 0.2310064072257718 167700
1758589389147 0.23102106328591016 167800
1758589391526 0.2311705335278356 167900
1758589394586 0.23153439210133375 168000
1758589397474 0.2315946324320233 168100
1758589400306 0.23128548913963767 168200
1758589403379 0.2311331477067426 168300
1758589406367 0.23127127333326128 168400
1758589409181 0.23160156833891726 168500
1758589411907 0.23174333300732805 168600
1758589414678 0.23183172647958475 168700
1758589417531 0.23190713571041538 168800
1758589419895 0.23177922396556663 168900
1758589422469 0.2320712480158165 169000
1758589425409 0.23177093153316997 169100
1758589427845 0.2320312710209245 169200
1758589430433 0.2318060813133045 169300
1758589432829 0.23189752343371328 169400
1758589435990 0.23208906567601584 169500
1758589438947 0.23202232328703862 169600
1758589441823 0.2321375684315086 169700
1758589444618 0.2320851269629217 169800
1758589447011 0.2315688660153772 169900
1758589449644 0.23172175319158453 170000
1758589452480 0.2315431403980165 170100
1758589455264 0.23177588925701464 170200
1758589457700 0.23186728148655253 170300
1758589460303 0.23197512908922768 170400
1758589462786 0.2315755679344888 170500
1758589465269 0.23150020817201405 170600
1758589467989 0.23154207740035218 170700
1758589470507 0.23167416527990395 170800
1758589473225 0.23196800457773764 170900
1758589476467 0.23199876606354342 171000
1758589479423 0.23200153053994776 171100
1758589481962 0.23226422271234662 171200
1758589484323 0.2323327544061281 171300
1758589486793 0.23225515881080486 171400
1758589489213 0.2322808759344017 171500
1758589491627 0.23250719141299556 171600
1758589494019 0.23257710371446863 171700
1758589496815 0.23259196393190626 171800
1758589499568 0.2327931781438992 171900
1758589502312 0.23318265301413113 172000
1758589504975 0.23322807042094074 172100
1758589508625 0.23333977003037829 172200
1758589511854 0.23379411055528995 172300
1758589515284 0.23380857780536657 172400
1758589518305 0.2336867366478117 172500
1758589521180 0.23388527672812873 172600
1758589524069 0.23393604426904868 172700
1758589526806 0.2340694069022319 172800
1758589529001 0.23407241250108846 172900
1758589531275 0.23413190301867956 173000
1758589533761 0.23434664685774245 173100
1758589536237 0.2343863931129759 173200
1758589538611 0.23438506541854098 173300
1758589541158 0.23445327013838962 173400
1758589543554 0.23460632194949857 173500
1758589545995 0.2346437921777 173600
1758589548095 0.2348490923130667 173700
1758589550347 0.2347679825243946 173800
1758589552772 0.23481386487807604 173900
1758589555038 0.23503015285469972 174000
1758589557382 0.23504496313381082 174100
1758589559680 0.23528986792591505 174200
1758589562000 0.23563773128156637 174300
1758589564747 0.23564435441635775 174400
1758589567257 0.23576440791421724 174500
1758589569612 0.23575324326728775 174600
1758589571976 0.235414090151323 174700
1758589574300 0.2352379068469614 174800
1758589576797 0.23521860654456495 174900
1758589579186 0.2353361672090319 175000
1758589581548 0.23523069292022677 175100
1758589583964 0.23545701301675823 175200
1758589586272 0.2358532712926552 175300
1758589588714 0.23599744864965888 175400
1758589591133 0.23587800382347046 175500
1758589593473 0.2359319781268022 175600
1758589595871 0.23617993822569275 175700
1758589598275 0.2365555763719841 175800
1758589600926 0.23660661483649165 175900
1758589603662 0.2369543455050511 176000
1758589607068 0.2372069862330673 176100
1758589610140 0.23734809338791646 176200
1758589612847 0.23730789978273273 176300
1758589615429 0.23740874368899048 176400
1758589618003 0.2376174238602947 176500
1758589620453 0.23769806454732495 176600
1758589622892 0.2378657558564083 176700
1758589625279 0.23811878118536975 176800
1758589627732 0.2380816181646588 176900
1758589630304 0.23830364620158542 177000
1758589632830 0.23838979492425594 177100
1758589635173 0.23852252539548074 177200
1758589637970 0.2386327516604444 177300
1758589640239 0.2384870175983809 177400
1758589642416 0.2382399874525957 177500
1758589644939 0.23825780665900348 177600
1758589647404 0.2383523245176679 177700
1758589649845 0.23836918278539268 177800
1758589652147 0.23867033760945322 177900
1758589654314 0.23855435252604582 178000
1758589656550 0.23853200507264657 178100
1758589659128 0.23847992941958288 178200
1758589661499 0.23856068226993452 178300
1758589664023 0.23866498293959115 178400
1758589666434 0.23859302845100133 178500
1758589668871 0.23902186886730445 178600
1758589671304 0.2393747172950963 178700
1758589673829 0.2394651872628301 178800
1758589676330 0.23988529703262054 178900
1758589678808 0.23971869894925335 179000
1758589681303 0.2396478879719679 179100
1758589683810 0.239747224307625 179200
1758589686614 0.24028544563455892 179300
1758589689105 0.24043004943431065 179400
1758589691533 0.24049613959727778 179500
1758589694055 0.2405476926768262 179600
1758589696527 0.2404527253591648 179700
1758589698817 0.2405342656400822 179800
1758589701062 0.24033736496185262 179900
1758589703371 0.24018780802433207 180000
1758589705745 0.2400662366847517 180100
1758589707985 0.24029275582176654 180200
1758589710257 0.24037370201550062 180300
1758589712563 0.2401451116888882 180400
1758589715307 0.2404861146210485 180500
1758589718061 0.2403755544274107 180600
1758589720707 0.240106979870426 180700
1758589723430 0.24036394909555317 180800
1758589726109 0.2401659345978664 180900
1758589728868 0.2403964127989 181000
1758589731656 0.24040671446921533 181100
1758589734493 0.24059582195846682 181200
1758589737217 0.2407284270858252 181300
1758589739991 0.24076120685867713 181400
1758589742714 0.24094179896675227 181500
1758589745435 0.24084883760978318 181600
1758589748176 0.24096254703329717 181700
1758589751122 0.2412540217184393 181800
1758589753985 0.24154385369520148 181900
1758589756814 0.2419628591507244 182000
1758589759626 0.24227152895395038 182100
1758589762485 0.24264049165064366 182200
1758589764885 0.24268416378426438 182300
1758589767335 0.24289204649008586 182400
1758589769581 0.2428705194961391 182500
1758589771941 0.2429368776797394 182600
1758589774509 0.24288489361457766 182700
1758589776694 0.24314783354331332 182800
1758589779044 0.24367031712920842 182900
1758589781206 0.2440050905403054 183000
1758589783420 0.2438891368566946 183100
1758589785623 0.24402732984345799 183200
1758589788000 0.24430541487671967 183300
1758589790464 0.24439264250435958 183400
1758589792656 0.24446474070970312 183500
1758589794950 0.2445438186704484 183600
1758589797195 0.244530259282918 183700
1758589799650 0.2442709477935514 183800
1758589802703 0.24417266655868858 183900
1758589805765 0.2445292691059687 184000
1758589808643 0.2445292004141488 184100
1758589811932 0.24455886164609517 184200
1758589815469 0.24475417713106215 184300
1758589818567 0.24478733580761278 184400
1758589821774 0.24492149099527383 184500
1758589824206 0.24488125147725875 184600
1758589826480 0.2448202616948278 184700
1758589828785 0.24488070613373683 184800
1758589831203 0.2449949790073316 184900
1758589833431 0.245071395040691 185000
1758589835605 0.24518268349907804 185100
1758589837821 0.24497079624715745 185200
1758589840170 0.24487147052453426 185300
1758589842484 0.2450692819574044 185400
1758589845295 0.24506437745584003 185500
1758589848207 0.24496531855803638 185600
1758589850858 0.24477996637710184 185700
1758589853397 0.24470557205827692 185800
1758589855740 0.24464742027792655 185900
1758589858020 0.2445183743615512 186000
1758589860310 0.24472722389014973 186100
1758589862777 0.24500644713638658 186200
1758589865027 0.2450964569603418 186300
1758589867420 0.24543443858738767 186400
1758589869960 0.24558058962202603 186500
1758589872453 0.24574596826616193 186600
1758589874778 0.245832585643082 186700
1758589877261 0.2457817469465746 186800
1758589880140 0.24604948662051898 186900
1758589883175 0.24617223858209256 187000
1758589885591 0.24620647527289652 187100
1758589888147 0.24647629141084854 187200
1758589890847 0.2467575029089554 187300
1758589893106 0.24644197955161243 187400
1758589895568 0.2464640864517958 187500
1758589898009 0.2464437471795805 187600
1758589900314 0.24641687920205785 187700
1758589902808 0.24663760655673256 187800
1758589905272 0.24662467007873132 187900
1758589907571 0.24691938049887296 188000
1758589909887 0.2470511173209473 188100
1758589912136 0.24697310193718902 188200
1758589914556 0.2471500341436304 188300
1758589916824 0.24721242928141002 188400
1758589919235 0.24762425506204702 188500
1758589921439 0.24763065240510648 188600
1758589923662 0.24763882646808585 188700
1758589925929 0.24777430018552946 188800
1758589928237 0.2482623386906544 188900
1758589930453 0.24810771958716873 189000
1758589932643 0.24802474865534013 189100
1758589935161 0.24791879238267214 189200
1758589937526 0.24796144473258427 189300
1758589939746 0.24822428011295647 189400
1758589941937 0.248571738099852 189500
1758589944202 0.24868422804458135 189600
1758589946654 0.24887074039946247 189700
1758589949151 0.2489890767247817 189800
1758589951363 0.24903934344109818 189900
1758589953629 0.248861895407388 190000
1758589956029 0.24886002008455582 190100
1758589958418 0.24894470630481522 190200
1758589960913 0.24894294716532675 190300
1758589963166 0.24894246229801462 190400
1758589965414 0.24892283660161804 190500
1758589967712 0.24899868114146786 190600
1758589969957 0.2493330931617056 190700
1758589972311 0.2496402229435448 190800
1758589975240 0.24981417658549693 190900
1758589978007 0.24966468352014812 191000
1758589980938 0.24985230414550125 191100
1758589984034 0.25009198158850104 191200
1758589986819 0.25010556345359447 191300
1758589989991 0.2501323797026869 191400
1758589993141 0.25038350388800323 191500
1758589996206 0.2502599912153438 191600
1758589999524 0.25008511077895024 191700
1758590003171 0.2501436871728218 191800
1758590009819 0.2504536266062314 191900
1758590014089 0.25055294043623694 192000
1758590018108 0.25051226323726344 192100
1758590023845 0.2504667571133349 192200
1758590027077 0.2504841685609302 192300
1758590029559 0.25053484921885355 192400
1758590032854 0.250742276577363 192500
1758590035372 0.25095575217422056 192600
1758590037773 0.25102612018807624 192700
1758590040026 0.2510931560917417 192800
1758590042360 0.2512359229325643 192900
1758590044659 0.2512543463943567 193000
1758590046911 0.251267131190938 193100
1758590049743 0.2514734622674144 193200
1758590052048 0.2511593953364228 193300
1758590054393 0.25100269527790453 193400
1758590056828 0.25104227206612717 193500
1758590059254 0.25112435644011005 193600
1758590061739 0.25137676329533143 193700
1758590064134 0.2513602432752879 193800
1758590066910 0.2512330974247509 193900
1758590069607 0.25084789377792194 194000
1758590072194 0.25100674801018563 194100
1758590074703 0.25114862276906336 194200
1758590077234 0.2511490909743629 194300
1758590080021 0.2511249929505428 194400
1758590082349 0.25135782271483637 194500
1758590084598 0.25163934326361576 194600
1758590087000 0.25184034844772474 194700
1758590089288 0.2518095430782296 194800
1758590091590 0.2518754109065075 194900
1758590093891 0.25196660857381536 195000
1758590096665 0.25205317395538474 195100
1758590099524 0.2517149376605238 195200
1758590102309 0.2517778391246152 195300
1758590104689 0.25173134302696903 195400
1758590107279 0.25187479510551947 195500
1758590109910 0.251928291684304 195600
1758590112422 0.2523994495302589 195700
1758590115111 0.252559626919287 195800
1758590117821 0.2525165588968932 195900
1758590120534 0.2522991445604667 196000
1758590123394 0.2524400236791997 196100
1758590125768 0.2525625890238065 196200
1758590128054 0.2526406651928622 196300
1758590130744 0.2526961749119988 196400
1758590133590 0.2528712333077216 196500
1758590136474 0.25278144843433514 196600
1758590139286 0.25267158013239044 196700
1758590142193 0.25262012780148324 196800
1758590144620 0.252515463983817 196900
1758590147373 0.2525029280343469 197000
1758590150345 0.25255250533047496 197100
1758590153325 0.25265572911676565 197200
1758590156161 0.25280422699436256 197300
1758590159035 0.25287432438381946 197400
1758590161766 0.2531657963076483 197500
1758590164544 0.2535589535325957 197600
1758590167360 0.25369319105046395 197700
1758590170139 0.2536890872702922 197800
1758590173375 0.25371769993864146 197900
1758590176191 0.2540048601356672 198000
1758590179044 0.25373252171817157 198100
1758590181840 0.253435422056194 198200
1758590184224 0.2535065482223271 198300
1758590186686 0.25380359778682 198400
1758590189256 0.2537604946286998 198500
1758590192034 0.25376475603927584 198600
1758590194484 0.2538618439801534 198700
1758590196972 0.2537365345053092 198800
1758590199793 0.25363522462407057 198900
1758590202750 0.25356216340275073 199000
1758590205488 0.25367844770276626 199100
1758590208190 0.25377043838232516 199200
1758590210940 0.25338336997832483 199300
1758590213756 0.2531196314745353 199400
1758590216631 0.2528650981530215 199500
1758590219460 0.25308707497236943 199600
1758590222475 0.2532446347451718 199700
1758590225282 0.25314817279614976 199800
1758590228225 0.25328395792291075 199900
1758590231252 0.2533517319287371 200000
1758590234283 0.25364359798375047 200100
1758590237193 0.2536832091090537 200200
1758590240154 0.2536741779317026 200300
1758590243164 0.25347106220027416 200400
1758590246169 0.2534516437211431 200500
1758590249029 0.2536733004320275 200600
1758590251967 0.25353981030667955 200700
1758590255069 0.253124609890111 200800
1758590258258 0.2529272936201582 200900
1758590260963 0.2529115047099556 201000
1758590263984 0.252767589032585 201100
1758590267085 0.25284328491638913 201200
1758590270245 0.25289430223855625 201300
1758590273136 0.2528580355286588 201400
1758590276192 0.25283816800285547 201500
1758590278830 0.25285067943868167 201600
1758590281796 0.2529051416716686 201700
1758590284659 0.25281593676387487 201800
1758590287662 0.25275189173361173 201900
1758590290684 0.2527205502586176 202000
1758590293704 0.2526234569286709 202100
1758590296757 0.2526936021661417 202200
1758590299882 0.252810237460975 202300
1758590302923 0.2529992068970543 202400
1758590306023 0.252949842907519 202500
1758590308886 0.252941375698011 202600
1758590311956 0.2530079203679412 202700
1758590314939 0.25328013817183564 202800
1758590318042 0.25334499051154524 202900
1758590321029 0.2534418641766598 203000
1758590324275 0.2532892784008215 203100
1758590327321 0.2532486299042728 203200
1758590330234 0.2532422162944157 203300
1758590333629 0.25296690868938515 203400
1758590336635 0.25301253074484875 203500
1758590340605 0.25293118745652826 203600
1758590343546 0.25287552073853975 203700
1758590346783 0.25296030284271964 203800
1758590349857 0.25284503537967806 203900
1758590352972 0.2532978737863495 204000
1758590356043 0.25339676250179155 204100
1758590359128 0.2535897815142182 204200
1758590362278 0.2535029266235508 204300
1758590365251 0.25325728101294476 204400
1758590367952 0.2535059774897261 204500
1758590370717 0.25365492814140017 204600
1758590373676 0.25371128325089803 204700
1758590377115 0.25399589038888365 204800
1758590379959 0.25421287676943366 204900
1758590383181 0.25453196721931853 205000
1758590386163 0.25464453772481727 205100
1758590389353 0.25498515481428274 205200
1758590392364 0.25516109499899237 205300
1758590396417 0.2551736052117903 205400
1758590399695 0.2551168546814575 205500
1758590403544 0.2550522627508279 205600
1758590406704 0.25511930955732115 205700
1758590409287 0.2552927520724134 205800
1758590411955 0.25556516804282836 205900
1758590414983 0.25561387054840323 206000
1758590417751 0.2558874485152934 206100
1758590420689 0.2559819795719136 206200
1758590423801 0.2560425774068352 206300
1758590426857 0.256282068979015 206400
1758590429754 0.2564632221510108 206500
1758590432781 0.25683622662537675 206600
1758590435844 0.2567867983771576 206700
1758590438974 0.2567980515845303 206800
1758590442000 0.2570650333872457 206900
1758590446274 0.2572385746955415 207000
1758590450072 0.2576051602976483 207100
1758590454633 0.2578197980246217 207200
1758590457892 0.25788935384555084 207300
1758590461315 0.25783759438436304 207400
1758590465322 0.25802407848193 207500
1758590469400 0.2582712537266509 207600
1758590472820 0.2586097276067794 207700
1758590476318 0.25850692852399737 207800
1758590479521 0.2586316803557901 207900
1758590482690 0.2588551936897949 208000
1758590485680 0.2589092132033579 208100
1758590490267 0.2593671922893249 208200
1758590495267 0.2596954193996781 208300
1758590498463 0.2597426857822524 208400
1758590502342 0.2597388817681234 208500
1758590507594 0.25995132096293055 208600
1758590513739 0.2601132533015517 208700
1758590518107 0.26035973620896513 208800
1758590522218 0.26051347338066877 208900
1758590529221 0.26066152640471313 209000
1758590534528 0.26064894754753526 209100
1758590538899 0.26081376455329836 209200
1758590542724 0.26101487784601146 209300
1758590546382 0.2612882388800368 209400
