1758585935322 0.0 100
1758585936593 0.0 200
1758585937887 0.0 300
1758585939157 0.0 400
1758585940449 0.0 500
1758585941803 0.0 600
1758585943165 0.0 700
1758585944659 0.0 800
1758585945995 0.0 900
1758585947336 0.0 1000
1758585948944 0.0 1100
1758585950318 0.0 1200
1758585951729 0.0 1300
1758585953574 0.0 1400
1758585955479 0.0 1500
1758585957400 0.0 1600
1758585959278 0.0 1700
1758585961137 0.0 1800
1758585962542 0.0 1900
1758585964476 0.0 2000
1758585965881 0.0 2100
1758585967793 0.0 2200
1758585969207 0.0 2300
1758585971119 0.0 2400
1758585973036 0.0 2500
1758585974426 0.0 2600
1758585975828 0.0 2700
1758585977711 0.0 2800
1758585979582 0.0 2900
1758585980944 0.0 3000
1758585982827 0.0 3100
1758585984673 0.0 3200
1758585986074 0.0 3300
1758585987990 0.0 3400
1758585989406 0.0 3500
1758585991307 0.0 3600
1758585992707 0.0 3700
1758585994128 0.0 3800
1758585996036 0.0 3900
1758585997866 0.0 4000
1758585999130 0.0 4100
1758586000390 0.0 4200
1758586001729 0.0 4300
1758586003702 0.0 4400
1758586005097 0.0 4500
1758586006413 0.0 4600
1758586007716 0.0 4700
1758586009031 0.0 4800
1758586010322 0.0 4900
1758586011634 0.0 5000
1758586012911 0.0 5100
1758586014241 0.0 5200
1758586015572 0.0 5300
1758586017510 0.0 5400
1758586019416 0.0 5500
1758586020856 0.0 5600
1758586022225 0.0 5700
1758586023785 0.0 5800
1758586025328 0.0 5900
1758586027295 0.0 6000
1758586029278 0.0 6100
1758586031193 0.0 6200
1758586033166 0.0 6300
1758586034804 0.0 6400
1758586036255 0.0 6500
1758586037697 0.0 6600
1758586039077 0.0 6700
1758586040725 0.0 6800
1758586042244 0.0 6900
1758586043924 0.0 7000
1758586045619 0.0 7100
1758586047041 0.0 7200
1758586048500 0.0 7300
1758586049894 0.0 7400
1758586051549 0.0 7500
1758586053248 0.0 7600
1758586054670 0.0 7700
1758586056360 0.0 7800
1758586057757 0.0 7900
1758586059581 0.0 8000
1758586061255 0.0 8100
1758586063278 0.0 8200
1758586065094 0.0 8300
1758586066549 0.0 8400
1758586068536 0.0 8500
1758586070184 0.0 8600
1758586072043 0.0 8700
1758586073832 0.0 8800
1758586075953 0.0 8900
1758586077777 0.0 9000
1758586079772 0.0 9100
1758586081774 0.0 9200
1758586083728 0.0 9300
1758586085364 0.0 9400
1758586087102 0.0 9500
1758586088902 0.0 9600
1758586090448 0.0 9700
1758586091999 0.0 9800
1758586093569 0.0 9900
1758586095471 0.0 10000
1758586097261 0.0 10100
1758586099033 0.0 10200
1758586100922 0.0 10300
1758586103404 0.0 10400
1758586105729 0.0 10500
1758586108069 0.0 10600
1758586110216 0.0 10700
1758586111587 0.0 10800
1758586113169 0.0 10900
1758586114869 0.0 11000
1758586116272 0.0 11100
1758586117740 0.0 11200
1758586119757 0.0 11300
1758586121122 0.0 11400
1758586122600 0.0 11500
1758586124024 0.0 11600
1758586125711 0.0 11700
1758586127189 0.0 11800
1758586128888 0.0 11900
1758586130429 0.0 12000
1758586132142 0.0 12100
1758586133728 0.0 12200
1758586135245 0.0 12300
1758586136960 0.0 12400
1758586138695 0.0 12500
1758586140633 0.0 12600
1758586142511 0.0 12700
1758586144029 0.0 12800
1758586145904 0.0 12900
1758586147863 0.0 13000
1758586149449 0.0 13100
1758586151221 0.0 13200
1758586152710 0.0 13300
1758586154137 0.0 13400
1758586155831 0.0 13500
1758586157636 0.0 13600
1758586159509 0.0 13700
1758586161256 0.0 13800
1758586162729 0.0 13900
1758586164429 0.0 14000
1758586165909 0.0 14100
1758586167879 0.0 14200
1758586169685 0.0 14300
1758586171317 0.0 14400
1758586172816 0.0 14500
1758586174795 0.0 14600
1758586177067 0.0 14700
1758586178657 0.0 14800
1758586180115 0.0 14900
1758586181541 0.0 15000
1758586183379 0.0 15100
1758586185546 0.0 15200
1758586188037 0.0 15300
1758586191215 0.0 15400
1758586194013 0.0 15500
1758586198347 0.0 15600
1758586200525 0.0 15700
1758586203237 0.0 15800
1758586208405 0.0 15900
1758586213943 0.0 16000
1758586219345 0.0 16100
1758586223716 0.0 16200
1758586228653 0.0 16300
1758586233343 0.0 16400
1758586237958 0.0 16500
1758586242549 0.0 16600
1758586246563 0.0 16700
1758586251368 0.0 16800
1758586256780 0.0 16900
1758586262229 0.0 17000
1758586267266 0.0 17100
1758586270534 0.0 17200
1758586275056 0.0 17300
1758586280181 0.0 17400
1758586285881 0.0 17500
1758586289387 0.0 17600
1758586293237 0.0 17700
1758586295700 0.0 17800
1758586298315 0.0 17900
1758586301031 0.0 18000
1758586303854 0.0 18100
1758586306357 0.0 18200
1758586308941 0.0 18300
1758586311786 0.0 18400
1758586314981 0.0 18500
1758586318051 0.0 18600
1758586321080 0.0 18700
1758586324163 0.0 18800
1758586327873 0.0 18900
1758586331874 0.0 19000
1758586335775 0.0 19100
1758586339579 0.0 19200
1758586343143 0.0 19300
1758586346760 0.0 19400
1758586350959 0.0 19500
1758586354167 0.0 19600
1758586357600 0.0 19700
1758586361239 0.0 19800
1758586364461 0.0 19900
1758586366995 0.0 20000
1758586369665 0.0 20100
1758586372747 0.0 20200
1758586375109 0.0 20300
1758586378014 0.0 20400
1758586380421 0.0 20500
1758586383215 0.0 20600
1758586385894 0.0 20700
1758586388762 0.0 20800
1758586391538 0.0 20900
1758586394349 0.0 21000
1758586397481 0.0 21100
1758586400332 0.0 21200
1758586403203 0.0 21300
1758586405783 0.0 21400
1758586407963 0.0 21500
1758586410119 0.0 21600
1758586412344 0.0 21700
1758586414982 0.0 21800
1758586417557 0.0 21900
1758586420323 0.0 22000
1758586422622 0.0 22100
1758586424490 0.0 22200
1758586426721 0.0 22300
1758586428990 0.0 22400
1758586431189 0.0 22500
1758586433344 0.0 22600
1758586435172 0.0 22700
1758586437207 0.0 22800
1758586438930 0.0 22900
1758586440734 0.0 23000
1758586442451 0.0 23100
1758586444334 0.0 23200
1758586445927 0.0 23300
1758586447743 0.0 23400
1758586449240 0.0 23500
1758586450983 0.0 23600
1758586452969 0.0 23700
1758586455135 0.0 23800
1758586457002 0.0 23900
1758586458943 0.0 24000
1758586461520 0.0 24100
1758586463879 0.0 24200
1758586466152 0.0 24300
1758586468085 0.0 24400
1758586469953 0.0 24500
1758586471868 0.0 24600
1758586473447 0.0 24700
1758586474894 0.0 24800
1758586476849 0.0 24900
1758586478952 0.0 25000
1758586481172 0.0 25100
1758586483190 0.0 25200
1758586485268 0.0 25300
1758586487398 0.0 25400
1758586489475 0.0 25500
1758586491350 0.0 25600
1758586493147 0.0 25700
1758586495037 0.0 25800
1758586496811 0.0 25900
1758586498678 0.0 26000
1758586500587 0.0 26100
1758586502448 0.0 26200
1758586504834 0.0 26300
1758586507340 0.0 26400
1758586511842 0.0 26500
1758586515238 0.0 26600
1758586518089 0.0 26700
1758586520966 0.0 26800
1758586523586 0.0 26900
1758586525659 0.0 27000
1758586527470 0.0 27100
1758586529828 0.0 27200
1758586532735 0.0 27300
1758586534311 0.0 27400
1758586535874 0.0 27500
1758586537809 0.0 27600
1758586539317 0.0 27700
1758586541074 0.0 27800
1758586542685 0.0 27900
1758586544424 0.0 28000
1758586546379 0.0 28100
1758586548206 0.0 28200
1758586550341 0.0 28300
1758586552423 0.0 28400
1758586554331 0.0 28500
1758586557031 0.0 28600
1758586559223 0.0 28700
1758586561494 0.0 28800
1758586564144 0.0 28900
1758586566479 0.0 29000
1758586568878 0.0 29100
1758586570580 0.0 29200
1758586572154 0.0 29300
1758586573777 0.0 29400
1758586575559 0.0 29500
1758586577058 0.0 29600
1758586578618 0.0 29700
1758586580160 0.0 29800
1758586581782 0.0 29900
1758586583267 0.0 30000
1758586584736 0.0 30100
1758586586368 0.0 30200
1758586587932 0.0 30300
1758586589505 0.0 30400
1758586590977 0.0 30500
1758586592514 0.0 30600
1758586594052 0.0 30700
1758586595666 0.0 30800
1758586597217 0.0 30900
1758586598814 0.0 31000
1758586600341 0.0 31100
1758586601907 0.0 31200
1758586603515 0.0 31300
1758586605320 0.0 31400
1758586607280 0.0 31500
1758586610308 0.0 31600
1758586612610 0.0 31700
1758586614794 0.0 31800
1758586616595 0.0 31900
1758586619072 0.0 32000
1758586621134 0.0 32100
1758586623206 0.0 32200
1758586624833 0.0 32300
1758586626521 0.0 32400
1758586629063 0.0 32500
1758586631314 0.0 32600
1758586633530 0.0 32700
1758586635546 0.0 32800
1758586637516 0.0 32900
1758586638972 0.0 33000
1758586640611 0.0 33100
1758586642198 0.0 33200
1758586643614 0.0 33300
1758586645045 0.0 33400
1758586646539 0.0 33500
1758586648715 0.0 33600
1758586650799 0.0 33700
1758586652686 0.0 33800
1758586654822 0.0 33900
1758586657026 0.0 34000
1758586659167 0.0 34100
1758586661497 0.0 34200
1758586664114 0.0 34300
1758586666491 0.0 34400
1758586668753 0.0 34500
1758586671303 0.0 34600
1758586673383 0.0 34700
1758586676039 0.0 34800
1758586678550 0.0 34900
1758586681560 0.0 35000
1758586684126 0.0 35100
1758586686334 0.0 35200
1758586687898 0.0 35300
1758586689433 0.0 35400
1758586690946 0.0 35500
1758586692670 0.0 35600
1758586694280 0.0 35700
1758586695852 0.0 35800
1758586697614 0.0 35900
1758586699070 0.0 36000
1758586700499 0.0 36100
1758586702243 0.0 36200
1758586703792 0.0 36300
1758586705493 0.0 36400
1758586707213 0.0 36500
1758586708848 0.0 36600
1758586710859 0.0 36700
1758586713103 0.0 36800
1758586715409 0.0 36900
1758586717577 0.0 37000
1758586720352 0.0 37100
1758586724556 0.0 37200
1758586729154 0.0 37300
1758586732329 0.0 37400
1758586735102 0.0 37500
1758586737378 0.0 37600
1758586740390 0.0 37700
1758586742528 0.0 37800
1758586744140 0.0 37900
1758586745769 0.0 38000
1758586747625 0.0 38100
1758586749887 0.0 38200
1758586751877 0.0 38300
1758586753752 0.0 38400
1758586755471 0.0 38500
1758586757197 0.0 38600
1758586758575 0.0 38700
1758586759959 0.0 38800
1758586761423 0.0 38900
1758586762857 0.0 39000
1758586764300 0.0 39100
1758586766293 0.0 39200
1758586767994 0.0 39300
1758586770000 0.0 39400
1758586771737 0.0 39500
1758586773307 0.0 39600
1758586774743 0.0 39700
1758586776237 0.0 39800
1758586777761 0.0 39900
1758586779476 0.0 40000
1758586780883 0.0 40100
1758586782409 0.0 40200
1758586784063 0.0 40300
1758586785838 0.0 40400
1758586787710 0.0 40500
1758586790022 0.0 40600
1758586792517 0.0 40700
1758586794480 0.0 40800
1758586796252 0.0 40900
1758586798072 0.0 41000
1758586800030 0.0 41100
1758586802148 0.0 41200
1758586804012 0.0 41300
1758586805489 0.0 41400
1758586807056 0.0 41500
1758586808810 0.0 41600
1758586810422 0.0 41700
1758586812135 0.0 41800
1758586813841 0.0 41900
1758586815556 0.0 42000
1758586817168 0.0 42100
1758586818626 0.0 42200
1758586820144 0.0 42300
1758586821580 0.0 42400
1758586823130 0.0 42500
1758586824746 0.0 42600
1758586826548 0.0 42700
1758586828419 0.0 42800
1758586830036 0.0 42900
1758586831594 0.0 43000
1758586833340 0.0 43100
1758586835058 0.0 43200
1758586836913 0.0 43300
1758586838579 0.0 43400
1758586840107 0.0 43500
1758586841677 0.0 43600
1758586843190 0.0 43700
1758586844731 0.0 43800
1758586846272 0.0 43900
1758586847872 0.0 44000
1758586849341 0.0 44100
1758586850763 0.0 44200
1758586852645 0.0 44300
1758586854489 0.0 44400
1758586856387 0.0 44500
1758586858334 0.0 44600
1758586860289 0.0 44700
1758586862240 0.0 44800
1758586864282 0.0 44900
1758586866305 0.0 45000
1758586868722 0.0 45100
1758586870661 0.0 45200
1758586872569 0.0 45300
1758586874481 0.0 45400
1758586876320 0.0 45500
1758586878186 0.0 45600
1758586879984 0.0 45700
1758586881529 0.0 45800
1758586883237 0.0 45900
1758586885129 0.0 46000
1758586886875 0.0 46100
1758586888448 0.0 46200
1758586889969 0.0 46300
1758586891459 0.0 46400
1758586893028 0.0 46500
1758586895102 0.0 46600
1758586896632 0.0 46700
1758586898138 0.0 46800
1758586899664 0.0 46900
1758586901723 0.0 47000
1758586903425 0.0 47100
1758586905028 0.0 47200
1758586907076 0.0 47300
1758586908990 0.0 47400
1758586910997 0.0 47500
1758586912951 0.0 47600
1758586915004 0.0 47700
1758586917079 0.0 47800
1758586919175 0.0 47900
1758586921361 0.0 48000
1758586923518 0.0 48100
1758586925640 0.0 48200
1758586927683 0.0 48300
1758586929829 0.0 48400
1758586932366 0.0 48500
1758586934452 0.0 48600
1758586936581 0.0 48700
1758586938772 0.0 48800
1758586941042 0.0 48900
1758586943344 0.0 49000
1758586945471 0.0 49100
1758586947646 0.0 49200
1758586949524 0.0 49300
1758586951701 0.0 49400
1758586953537 0.0 49500
1758586955148 0.0 49600
1758586956704 0.0 49700
1758586958222 0.0 49800
1758586959768 0.0 49900
1758586961691 0.0 50000
1758586963539 0.0 50100
1758586965033 0.0 50200
1758586966615 0.0 50300
1758586968280 0.0 50400
1758586970238 0.0 50500
1758586971911 0.0 50600
1758586973391 0.0 50700
1758586974988 0.0 50800
1758586976686 0.0 50900
1758586978351 0.0 51000
1758586979965 0.0 51100
1758586981568 0.0 51200
1758586983219 0.0 51300
1758586984888 0.0 51400
1758586986676 0.0 51500
1758586988290 0.0 51600
1758586989881 0.0 51700
1758586991730 0.0 51800
1758586993559 0.0 51900
1758586995267 0.0 52000
1758586996856 0.0 52100
1758586998495 0.0 52200
1758587000294 0.0 52300
1758587002065 0.0 52400
1758587003751 0.0 52500
1758587005620 0.0 52600
1758587007411 0.0 52700
1758587009131 0.0 52800
1758587010758 0.0 52900
1758587012433 0.0 53000
1758587014081 0.0 53100
1758587015941 0.0 53200
1758587017646 0.0 53300
1758587019279 0.0 53400
1758587020949 0.0 53500
1758587022707 0.0 53600
1758587024464 0.0 53700
1758587026532 0.0 53800
1758587028064 0.0 53900
1758587029596 0.0 54000
1758587031163 0.0 54100
1758587032799 0.0 54200
1758587034402 0.0 54300
1758587035991 0.0 54400
1758587037674 0.0 54500
1758587039415 0.0 54600
1758587041110 0.0 54700
1758587042737 0.0 54800
1758587044677 0.0 54900
1758587046478 0.0 55000
1758587048118 0.0 55100
1758587050499 0.0 55200
1758587052226 0.0 55300
1758587053979 0.0 55400
1758587056079 0.0 55500
1758587057911 0.0 55600
1758587059823 0.0 55700
1758587061504 0.0 55800
1758587063515 0.0 55900
1758587065293 0.0 56000
1758587067203 0.0 56100
1758587068843 0.0 56200
1758587070949 0.0 56300
1758587072717 0.0 56400
1758587074399 0.0 56500
1758587076265 0.0 56600
1758587077921 0.0 56700
1758587079442 0.0 56800
1758587080976 0.0 56900
1758587082493 0.0 57000
1758587084001 0.0 57100
1758587085512 0.0 57200
1758587087063 0.0 57300
1758587088607 0.0 57400
1758587090584 0.0 57500
1758587092291 0.0 57600
1758587093888 0.0 57700
1758587095575 0.0 57800
1758587097363 0.0 57900
1758587099090 0.0 58000
1758587100781 0.0 58100
1758587102294 0.0 58200
1758587104076 0.0 58300
1758587105865 0.0 58400
1758587107422 0.0 58500
1758587109035 0.0 58600
1758587110566 0.0 58700
1758587112338 0.0 58800
1758587114016 0.0 58900
1758587115608 0.0 59000
1758587117184 0.0 59100
1758587118777 0.0 59200
1758587120627 0.0 59300
1758587122751 0.0 59400
1758587124840 0.0 59500
1758587126531 0.0 59600
1758587128204 0.0 59700
1758587129913 0.0 59800
1758587131498 0.0 59900
1758587133149 0.0 60000
1758587135033 0.0 60100
1758587137088 0.0 60200
1758587138838 0.0 60300
1758587140479 0.0 60400
1758587142070 0.0 60500
1758587143623 0.0 60600
1758587145146 0.0 60700
1758587146741 0.0 60800
1758587148472 0.0 60900
1758587150101 0.0 61000
1758587151948 0.0 61100
1758587153572 0.0 61200
1758587155169 0.0 61300
1758587156789 0.0 61400
1758587158429 0.0 61500
1758587160045 0.0 61600
1758587161925 0.0 61700
1758587163857 0.0 61800
1758587166099 0.0 61900
1758587168110 0.0 62000
1758587169726 0.0 62100
1758587171418 0.0 62200
1758587173399 0.0 62300
1758587175500 0.0 62400
1758587177694 0.0 62500
1758587179932 0.0 62600
1758587182146 0.0 62700
1758587183832 0.0 62800
1758587185850 0.0 62900
1758587188023 0.0 63000
1758587190399 0.0 63100
1758587192406 0.0 63200
1758587194287 0.0 63300
1758587195884 0.0 63400
1758587197697 0.0 63500
1758587199609 0.0 63600
1758587201569 0.0 63700
1758587203682 0.0 63800
1758587206088 0.0 63900
1758587207816 0.0 64000
1758587209810 0.0 64100
1758587212060 0.0 64200
1758587213884 0.0 64300
1758587215846 0.0 64400
1758587218667 0.0 64500
1758587221078 0.0 64600
1758587222753 0.0 64700
1758587224303 0.0 64800
1758587225841 0.0 64900
1758587227548 0.0 65000
1758587229618 0.0 65100
1758587231776 0.0 65200
1758587233621 0.0 65300
1758587235162 0.0 65400
1758587236722 0.0 65500
1758587238310 0.0 65600
1758587240263 0.0 65700
1758587242026 0.0 65800
1758587243729 0.0 65900
1758587245296 0.0 66000
1758587247016 0.0 66100
1758587249063 0.0 66200
1758587250968 0.0 66300
1758587252619 0.0 66400
1758587254189 0.0 66500
1758587255724 0.0 66600
1758587257396 0.0 66700
1758587259120 0.0 66800
1758587261046 0.0 66900
1758587262802 0.0 67000
1758587264617 0.0 67100
1758587266529 0.0 67200
1758587268416 0.0 67300
1758587270032 0.0 67400
1758587271784 0.0 67500
1758587273556 0.0 67600
1758587275161 0.0 67700
1758587276702 0.0 67800
1758587278249 0.0 67900
1758587279865 0.0 68000
1758587281619 0.0 68100
1758587283223 0.0 68200
1758587284909 0.0 68300
1758587286536 0.0 68400
1758587288170 0.0 68500
1758587289794 0.0 68600
1758587291466 0.0 68700
1758587293311 0.0 68800
1758587295069 0.0 68900
1758587296743 0.0 69000
1758587298467 0.0 69100
1758587300432 0.0 69200
1758587302302 0.0 69300
1758587304364 0.0 69400
1758587306108 0.0 69500
1758587309076 0.0 69600
1758587310875 0.0 69700
1758587312593 0.0 69800
1758587314297 0.0 69900
1758587315965 0.0 70000
1758587317764 0.0 70100
1758587319597 0.0 70200
1758587321157 0.0 70300
1758587322755 0.0 70400
1758587324677 0.0 70500
1758587326373 0.0 70600
1758587328193 0.0 70700
1758587329966 0.0 70800
1758587331742 0.0 70900
1758587333492 0.0 71000
1758587335194 0.0 71100
1758587336795 0.0 71200
1758587338477 0.0 71300
1758587340194 0.0 71400
1758587341855 0.0 71500
1758587343475 0.0 71600
1758587345121 0.0 71700
1758587347023 0.0 71800
1758587348754 0.0 71900
1758587350499 0.0 72000
1758587352317 0.0 72100
1758587354137 0.0 72200
1758587355893 0.0 72300
1758587357558 0.0 72400
1758587359227 0.0 72500
1758587360827 0.0 72600
1758587362628 0.0 72700
1758587364317 0.0 72800
1758587366109 0.0 72900
1758587367915 0.0 73000
1758587369563 0.0 73100
1758587371149 0.0 73200
1758587372764 0.0 73300
1758587374336 0.0 73400
1758587375940 0.0 73500
1758587377579 0.0 73600
1758587379245 0.0 73700
1758587381065 0.0 73800
1758587382837 0.0 73900
1758587384478 0.0 74000
1758587386203 0.0 74100
1758587388015 0.0 74200
1758587390087 0.0 74300
1758587392123 0.0 74400
1758587394241 0.0 74500
1758587396142 0.0 74600
1758587398092 0.0 74700
1758587399798 0.0 74800
1758587401783 0.0 74900
1758587404052 0.0 75000
1758587406307 0.0 75100
1758587408702 0.0 75200
1758587410974 0.0 75300
1758587412727 0.0 75400
1758587414666 0.0 75500
1758587416304 0.0 75600
1758587418030 0.0 75700
1758587419679 0.0 75800
1758587421402 0.0 75900
1758587423061 0.0 76000
1758587424816 0.0 76100
1758587426712 0.0 76200
1758587428379 0.0 76300
1758587430087 0.0 76400
1758587431654 0.0 76500
1758587433316 0.0 76600
1758587434933 0.0 76700
1758587436566 0.0 76800
1758587438250 0.0 76900
1758587439950 0.0 77000
1758587441632 0.0 77100
1758587443382 0.0 77200
1758587445038 0.0 77300
1758587446757 0.0 77400
1758587448397 0.0 77500
1758587450065 0.0 77600
1758587451673 0.0 77700
1758587453368 0.0 77800
1758587455058 0.0 77900
1758587456740 0.0 78000
1758587458535 0.0 78100
1758587460498 0.0 78200
1758587462284 0.0 78300
1758587464067 0.0 78400
1758587465964 0.0 78500
1758587467688 0.0 78600
1758587469448 0.0 78700
1758587471270 0.0 78800
1758587472950 0.0 78900
1758587474586 0.0 79000
1758587476446 0.0 79100
1758587478357 0.0 79200
1758587480310 0.0 79300
1758587482291 0.0 79400
1758587484049 0.0 79500
1758587485755 0.0 79600
1758587487466 0.0 79700
1758587489282 0.0 79800
1758587491178 0.0 79900
1758587493132 0.0 80000
1758587495000 0.0 80100
1758587496642 0.0 80200
1758587498258 0.0 80300
1758587499999 0.0 80400
1758587501630 0.0 80500
1758587503343 0.0 80600
1758587505106 0.0 80700
1758587506768 0.0 80800
1758587508437 0.0 80900
1758587510157 0.0 81000
1758587511809 0.0 81100
1758587513579 0.0 81200
1758587515287 0.0 81300
1758587517187 0.0 81400
1758587518901 0.0 81500
1758587520529 0.0 81600
1758587522268 0.0 81700
1758587524228 0.0 81800
1758587526273 0.0 81900
1758587528180 0.0 82000
1758587530048 0.0 82100
1758587531807 0.0 82200
1758587533675 0.0 82300
1758587535662 0.0 82400
1758587537607 0.0 82500
1758587539621 0.0 82600
1758587541383 0.0 82700
1758587543160 0.0 82800
1758587544995 0.0 82900
1758587546888 0.0 83000
1758587548729 0.0 83100
1758587550862 0.0 83200
1758587552777 0.0 83300
1758587554675 0.0 83400
1758587556591 0.0 83500
1758587558340 0.0 83600
1758587560170 0.0 83700
1758587562217 0.0 83800
1758587564057 0.0 83900
1758587565840 0.0 84000
1758587567509 0.0 84100
1758587569231 0.0 84200
1758587571141 0.0 84300
1758587572962 0.0 84400
1758587574693 0.0 84500
1758587576694 0.0 84600
1758587578522 0.0 84700
1758587580281 0.0 84800
1758587582028 0.0 84900
1758587583733 0.0 85000
1758587585597 0.0 85100
1758587587388 0.0 85200
1758587589193 0.0 85300
1758587591109 0.0 85400
1758587593018 0.0 85500
1758587595068 0.0 85600
1758587596741 0.0 85700
1758587598570 0.0 85800
1758587600655 0.0 85900
1758587602852 0.0 86000
1758587604730 0.0 86100
1758587606378 0.0 86200
1758587608115 0.0 86300
1758587609962 0.0 86400
1758587611788 0.0 86500
1758587613630 0.0 86600
1758587616046 0.0 86700
1758587618008 0.0 86800
1758587620308 0.0 86900
1758587622677 0.0 87000
1758587624663 0.0 87100
1758587626649 0.0 87200
1758587628700 0.0 87300
1758587630767 0.0 87400
1758587632603 0.0 87500
1758587634644 0.0 87600
1758587636481 0.0 87700
1758587638220 0.0 87800
1758587639947 0.0 87900
1758587641805 0.0 88000
1758587643671 0.0 88100
1758587645351 0.0 88200
1758587647263 0.0 88300
1758587649343 0.0 88400
1758587651469 0.0 88500
1758587653542 0.0 88600
1758587656234 0.0 88700
1758587658362 0.0 88800
1758587660026 0.0 88900
1758587662155 0.0 89000
1758587664201 0.0 89100
1758587665883 0.0 89200
1758587667617 0.0 89300
1758587669524 0.0 89400
1758587671493 0.0 89500
1758587673405 0.0 89600
1758587675341 0.0 89700
1758587677296 0.0 89800
1758587679252 0.0 89900
1758587681022 0.0 90000
1758587682969 0.0 90100
1758587684697 0.0 90200
1758587686469 0.0 90300
1758587688211 0.0 90400
1758587690145 0.0 90500
1758587692153 0.0 90600
1758587693945 0.0 90700
1758587695779 0.0 90800
1758587697519 0.0 90900
1758587699291 0.0 91000
1758587701159 0.0 91100
1758587702973 0.0 91200
1758587704839 0.0 91300
1758587706720 0.0 91400
1758587708556 0.0 91500
1758587710384 0.0 91600
1758587712183 0.0 91700
1758587713945 0.0 91800
1758587715761 0.0 91900
1758587717506 0.0 92000
1758587719388 0.0 92100
1758587721277 0.0 92200
1758587723277 0.0 92300
1758587725088 0.0 92400
1758587726802 0.0 92500
1758587728532 0.0 92600
1758587730343 0.0 92700
1758587732744 0.0 92800
1758587734725 0.0 92900
1758587736706 0.0 93000
1758587739065 0.0 93100
1758587741410 0.0 93200
1758587743710 0.0 93300
1758587746067 0.0 93400
1758587748531 0.0 93500
1758587750787 0.0 93600
1758587752956 0.0 93700
1758587755243 0.0 93800
1758587757283 0.0 93900
1758587759332 0.0 94000
1758587761413 0.0 94100
1758587763378 0.0 94200
1758587765312 0.0 94300
1758587767101 0.0 94400
1758587769096 0.0 94500
1758587770936 0.0 94600
1758587772820 0.0 94700
1758587774879 0.0 94800
1758587776781 0.0 94900
1758587778899 0.0 95000
1758587780832 0.0 95100
1758587782947 0.0 95200
1758587784894 0.0 95300
1758587786937 0.0 95400
1758587788944 0.0 95500
1758587790986 0.0 95600
1758587792910 0.0 95700
1758587795013 0.0 95800
1758587797095 0.0 95900
1758587799375 0.0 96000
1758587801314 0.0 96100
1758587803346 0.0 96200
1758587805463 0.0 96300
1758587807652 0.0 96400
1758587809709 0.0 96500
1758587811884 0.0 96600
1758587813908 0.0 96700
1758587816139 0.0 96800
1758587818271 0.0 96900
1758587820331 0.0 97000
1758587822362 0.0 97100
1758587824996 0.0 97200
1758587826997 0.0 97300
1758587828858 0.0 97400
1758587830753 0.0 97500
1758587832851 0.0 97600
1758587834917 0.0 97700
1758587837841 0.0 97800
1758587839976 0.0 97900
1758587842119 0.0 98000
1758587843918 0.0 98100
1758587845841 0.0 98200
1758587847723 0.0 98300
1758587849633 0.0 98400
1758587851526 0.0 98500
1758587853833 0.0 98600
1758587855543 0.0 98700
1758587857374 0.0 98800
1758587859152 0.0 98900
1758587860862 0.0 99000
1758587862608 0.0 99100
1758587864399 0.0 99200
1758587866175 0.0 99300
1758587868125 0.0 99400
1758587869955 0.0 99500
1758587871782 0.0 99600
1758587873639 0.0 99700
1758587875444 0.0 99800
1758587877466 0.0 99900
1758587879682 0.0 100000
1758587881533 0.0 100100
1758587883525 0.0 100200
1758587885454 0.0 100300
1758587887211 0.0 100400
1758587889009 0.0 100500
1758587890874 0.0 100600
1758587892797 0.0 100700
1758587894633 0.0 100800
1758587896460 0.0 100900
1758587898346 0.0 101000
1758587900172 0.0 101100
1758587902062 0.0 101200
1758587904154 0.0 101300
1758587905954 0.0 101400
1758587907727 0.0 101500
1758587909592 0.0 101600
1758587911410 0.0 101700
1758587913434 0.0 101800
1758587915505 0.0 101900
1758587917456 0.0 102000
1758587919279 0.0 102100
1758587921075 0.0 102200
1758587922944 0.0 102300
1758587924767 0.0 102400
1758587926602 0.0 102500
1758587928481 0.0 102600
1758587930258 0.0 102700
1758587932034 0.0 102800
1758587933991 0.0 102900
1758587935820 0.0 103000
1758587937636 0.0 103100
1758587939401 0.0 103200
1758587941179 0.0 103300
1758587942905 0.0 103400
1758587944626 0.0 103500
1758587946353 0.0 103600
1758587948135 0.0 103700
1758587949974 0.0 103800
1758587951695 0.0 103900
1758587953619 0.0 104000
1758587955354 0.0 104100
1758587957085 0.0 104200
1758587959138 0.0 104300
1758587961039 0.0 104400
1758587962816 0.0 104500
1758587964571 0.0 104600
1758587966299 0.0 104700
1758587968126 0.0 104800
1758587969896 0.0 104900
1758587971644 0.0 105000
1758587973393 0.0 105100
1758587975182 0.0 105200
1758587977008 0.0 105300
1758587978885 0.0 105400
1758587980847 0.0 105500
1758587982808 0.0 105600
1758587984655 0.0 105700
1758587986582 0.0 105800
1758587988488 0.0 105900
1758587990446 0.0 106000
1758587992366 0.0 106100
1758587994390 0.0 106200
1758587996280 0.0 106300
1758587998734 0.0 106400
1758588000676 0.0 106500
1758588002631 0.0 106600
1758588004591 0.0 106700
1758588006443 0.0 106800
1758588008259 0.0 106900
1758588010136 0.0 107000
1758588011940 0.0 107100
1758588013853 0.0 107200
1758588015948 0.0 107300
1758588017764 0.0 107400
1758588019673 0.0 107500
1758588021532 0.0 107600
1758588023459 0.0 107700
1758588025556 0.0 107800
1758588027477 0.0 107900
1758588029506 0.0 108000
1758588031629 0.0 108100
1758588033633 0.0 108200
1758588036141 0.0 108300
1758588038568 0.0 108400
1758588041244 0.0 108500
1758588043699 0.0 108600
1758588046057 0.0 108700
1758588048297 0.0 108800
1758588050275 0.0 108900
1758588052351 0.0 109000
1758588054541 0.0 109100
1758588056671 0.0 109200
1758588059344 0.0 109300
1758588061603 0.0 109400
1758588064023 0.0 109500
1758588066098 0.0 109600
1758588068113 0.0 109700
1758588070341 0.0 109800
1758588072372 0.0 109900
1758588074617 0.0 110000
1758588077030 0.0 110100
1758588079686 0.0 110200
1758588083041 0.0 110300
1758588085394 0.0 110400
1758588087606 0.0 110500
1758588089903 0.0 110600
1758588092158 0.0 110700
1758588094523 0.0 110800
1758588096838 0.0 110900
1758588099083 0.0 111000
1758588101339 0.0 111100
1758588103516 0.0 111200
1758588105751 0.0 111300
1758588108051 0.0 111400
1758588110434 0.0 111500
1758588112924 0.0 111600
1758588115193 0.0 111700
1758588117584 0.0 111800
1758588119746 0.0 111900
1758588121984 0.0 112000
1758588124212 0.0 112100
1758588126396 0.0 112200
1758588128754 0.0 112300
1758588131001 0.0 112400
1758588133232 0.0 112500
1758588135473 0.0 112600
1758588137713 0.0 112700
1758588139997 0.0 112800
1758588142214 0.0 112900
1758588144549 0.0 113000
1758588146945 0.0 113100
1758588149279 0.0 113200
1758588151825 0.0 113300
1758588153943 0.0 113400
1758588155862 0.0 113500
1758588157951 0.0 113600
1758588160324 0.0 113700
1758588162653 0.0 113800
1758588165019 0.0 113900
1758588167342 0.0 114000
1758588169563 0.0 114100
1758588171777 0.0 114200
1758588174020 0.0 114300
1758588176375 0.0 114400
1758588178409 0.0 114500
1758588180197 0.0 114600
1758588181981 0.0 114700
1758588183779 0.0 114800
1758588185567 0.0 114900
1758588187341 0.0 115000
1758588189286 0.0 115100
1758588191072 0.0 115200
1758588192861 0.0 115300
1758588194643 0.0 115400
1758588196599 0.0 115500
1758588198533 0.0 115600
1758588200397 0.0 115700
1758588202571 0.0 115800
1758588204813 0.0 115900
1758588206856 0.0 116000
1758588208852 0.0 116100
1758588210746 0.0 116200
1758588212671 0.0 116300
1758588214554 0.0 116400
1758588216502 0.0 116500
1758588218328 0.0 116600
1758588220370 0.0 116700
1758588222438 0.0 116800
1758588224419 0.0 116900
1758588226584 0.0 117000
1758588228721 0.0 117100
1758588230865 0.0 117200
1758588233625 0.0 117300
1758588235786 0.0 117400
1758588237786 0.0 117500
1758588240053 0.0 117600
1758588242450 0.0 117700
1758588244726 0.0 117800
1758588246729 0.0 117900
1758588248812 0.0 118000
1758588250691 0.0 118100
1758588252650 0.0 118200
1758588254947 0.0 118300
1758588257273 0.0 118400
1758588259248 0.0 118500
1758588261466 0.0 118600
1758588263803 0.0 118700
1758588265876 0.0 118800
1758588267990 0.0 118900
1758588270224 0.0 119000
1758588272542 0.0 119100
1758588274799 0.0 119200
1758588277159 0.0 119300
1758588279312 0.0 119400
1758588281145 0.0 119500
1758588282996 0.0 119600
1758588284949 0.0 119700
1758588287067 0.0 119800
1758588289142 0.0 119900
1758588291036 0.0 120000
1758588292906 0.0 120100
1758588294786 0.0 120200
1758588296691 0.0 120300
1758588298666 0.0 120400
1758588300639 0.0 120500
1758588302497 0.0 120600
1758588304556 0.0 120700
1758588306712 0.0 120800
1758588309093 0.0 120900
1758588310912 0.0 121000
1758588312975 0.0 121100
1758588314936 0.0 121200
1758588316896 0.0 121300
1758588319012 0.0 121400
1758588321069 0.0 121500
1758588323470 0.0 121600
1758588325575 0.0 121700
1758588327528 0.0 121800
1758588329471 0.0 121900
1758588331420 0.0 122000
1758588333646 0.0 122100
1758588335684 0.0 122200
1758588337541 0.0 122300
1758588339477 0.0 122400
1758588341385 0.0 122500
1758588343417 0.0 122600
1758588345692 0.0 122700
1758588347981 0.0 122800
1758588350174 0.0 122900
1758588352189 0.0 123000
1758588354288 0.0 123100
1758588356424 0.0 123200
1758588358598 0.0 123300
1758588360713 0.0 123400
1758588362619 0.0 123500
1758588364502 0.0 123600
1758588366436 0.0 123700
1758588368524 0.0 123800
1758588370742 0.0 123900
1758588372871 0.0 124000
1758588375000 0.0 124100
1758588376956 0.0 124200
1758588378823 0.0 124300
1758588380639 0.0 124400
1758588382554 0.0 124500
1758588384608 0.0 124600
1758588386558 0.0 124700
1758588388448 0.0 124800
1758588390479 0.0 124900
1758588392938 0.0 125000
1758588395395 0.0 125100
1758588397860 0.0 125200
1758588400331 0.0 125300
1758588402912 0.0 125400
1758588405591 0.0 125500
1758588408187 0.0 125600
1758588410185 0.0 125700
1758588412200 0.0 125800
1758588414121 0.0 125900
1758588415952 0.0 126000
1758588417960 0.0 126100
1758588419865 0.0 126200
1758588421917 0.0 126300
1758588423935 0.0 126400
1758588425759 0.0 126500
1758588427618 0.0 126600
1758588429574 0.0 126700
1758588431483 0.0 126800
1758588433356 0.0 126900
1758588435534 0.0 127000
1758588437886 0.0 127100
1758588440312 0.0 127200
1758588442259 0.0 127300
1758588444112 0.0 127400
1758588446344 0.0 127500
1758588448596 0.0 127600
1758588450735 0.0 127700
1758588452613 0.0 127800
1758588454900 0.0 127900
1758588457129 0.0 128000
1758588459155 0.0 128100
1758588461572 0.0 128200
1758588463696 0.0 128300
1758588465818 0.0 128400
1758588468656 0.0 128500
1758588471261 0.0 128600
1758588473259 0.0 128700
1758588475290 0.0 128800
1758588477247 0.0 128900
1758588479125 0.0 129000
1758588481022 0.0 129100
1758588482997 0.0 129200
1758588484922 0.0 129300
1758588486986 0.0 129400
1758588488872 0.0 129500
1758588490916 0.0 129600
1758588492994 0.0 129700
1758588495090 0.0 129800
1758588496923 0.0 129900
1758588498848 0.0 130000
1758588500813 0.0 130100
1758588503015 0.0 130200
1758588504942 0.0 130300
1758588507127 0.0 130400
1758588509050 0.0 130500
1758588510886 0.0 130600
1758588512760 0.0 130700
1758588514650 0.0 130800
1758588516660 0.0 130900
1758588518758 0.0 131000
1758588520759 0.0 131100
1758588522874 0.0 131200
1758588525037 0.0 131300
1758588527258 0.0 131400
1758588529467 0.0 131500
1758588531775 0.0 131600
1758588533743 0.0 131700
1758588535764 0.0 131800
1758588537699 0.0 131900
1758588539596 0.0 132000
1758588541595 0.0 132100
1758588543512 0.0 132200
1758588545689 0.0 132300
1758588547867 0.0 132400
1758588550173 0.0 132500
1758588552191 0.0 132600
1758588554211 0.0 132700
1758588556375 0.0 132800
1758588559237 0.0 132900
1758588561291 0.0 133000
1758588563421 0.0 133100
1758588565713 0.0 133200
1758588567945 0.0 133300
1758588570300 0.0 133400
1758588572399 0.0 133500
1758588574356 0.0 133600
1758588576320 0.0 133700
1758588578256 0.0 133800
1758588580171 0.0 133900
1758588582099 0.0 134000
1758588584095 0.0 134100
1758588586081 0.0 134200
1758588588187 0.0 134300
1758588590164 0.0 134400
1758588592241 0.0 134500
1758588594500 0.0 134600
1758588596517 0.0 134700
1758588598518 0.0 134800
1758588600480 0.0 134900
1758588602491 0.0 135000
1758588604527 0.0 135100
1758588606784 0.0 135200
1758588609033 0.0 135300
1758588611245 0.0 135400
1758588613521 0.0 135500
1758588615821 0.0 135600
1758588617744 0.0 135700
1758588619622 0.0 135800
1758588621533 0.0 135900
1758588623493 0.0 136000
1758588625642 0.0 136100
1758588627663 0.0 136200
1758588629789 0.0 136300
1758588631993 0.0 136400
1758588634294 0.0 136500
1758588636785 0.0 136600
1758588638868 0.0 136700
1758588640858 0.0 136800
1758588642788 0.0 136900
1758588644808 0.0 137000
1758588646799 0.0 137100
1758588648788 0.0 137200
1758588651051 0.0 137300
1758588653489 0.0 137400
1758588655889 0.0 137500
1758588658226 0.0 137600
1758588660634 0.0 137700
1758588662950 0.0 137800
1758588665288 0.0 137900
1758588667582 0.0 138000
1758588669980 0.0 138100
1758588672321 0.0 138200
1758588674692 0.0 138300
1758588677026 0.0 138400
1758588679494 0.0 138500
1758588681821 0.0 138600
1758588683883 0.0 138700
1758588685861 0.0 138800
1758588687900 0.0 138900
1758588689818 0.0 139000
1758588691837 0.0 139100
1758588694309 0.0 139200
1758588696843 0.0 139300
1758588699110 0.0 139400
1758588701183 0.0 139500
1758588703266 0.0 139600
1758588705314 0.0 139700
1758588707331 0.0 139800
1758588709405 0.0 139900
1758588711473 0.0 140000
1758588714093 0.0 140100
1758588716665 0.0 140200
1758588718658 0.0 140300
1758588720744 0.0 140400
1758588722895 0.0 140500
1758588725024 0.0 140600
1758588727438 0.0 140700
1758588729665 0.0 140800
1758588732176 0.0 140900
1758588734321 0.0 141000
1758588736611 0.0 141100
1758588738737 0.0 141200
1758588741056 0.0 141300
1758588743126 0.0 141400
1758588745561 0.0 141500
1758588748005 0.0 141600
1758588750110 0.0 141700
1758588752083 0.0 141800
1758588754123 0.0 141900
1758588756150 0.0 142000
1758588758245 0.0 142100
1758588760374 0.0 142200
1758588762631 0.0 142300
1758588764646 0.0 142400
1758588766840 0.0 142500
1758588768816 0.0 142600
1758588771046 0.0 142700
1758588773215 0.0 142800
1758588775351 0.0 142900
1758588777342 0.0 143000
1758588779294 0.0 143100
1758588781350 0.0 143200
1758588783390 0.0 143300
1758588785918 0.0 143400
1758588788489 0.0 143500
1758588791060 0.0 143600
1758588793716 0.0 143700
1758588796329 0.0 143800
1758588798908 0.0 143900
1758588801455 0.0 144000
1758588803985 0.0 144100
1758588806211 0.0 144200
1758588808140 0.0 144300
1758588810095 0.0 144400
1758588812041 0.0 144500
1758588814274 0.0 144600
1758588817143 0.0 144700
1758588819132 0.0 144800
1758588821092 0.0 144900
1758588822993 0.0 145000
1758588825221 0.0 145100
1758588827290 0.0 145200
1758588829255 0.0 145300
1758588831267 0.0 145400
1758588833331 0.0 145500
1758588835551 0.0 145600
1758588837877 0.0 145700
1758588840106 0.0 145800
1758588842543 0.0 145900
1758588845207 0.0 146000
1758588847717 0.0 146100
1758588849836 0.0 146200
1758588852269 0.0 146300
1758588855065 0.0 146400
1758588857843 0.0 146500
1758588860596 0.0 146600
1758588863453 0.0 146700
1758588866191 0.0 146800
1758588868999 0.0 146900
1758588871790 0.0 147000
1758588874505 0.0 147100
1758588877143 0.0 147200
1758588879824 0.0 147300
1758588882547 0.0 147400
1758588885132 0.0 147500
1758588887825 0.0 147600
1758588890244 0.0 147700
1758588892917 0.0 147800
1758588895503 0.0 147900
1758588898147 0.0 148000
1758588900799 0.0 148100
1758588903457 0.0 148200
1758588906178 0.0 148300
1758588908890 0.0 148400
1758588911732 0.0 148500
1758588914177 0.0 148600
1758588916721 0.0 148700
1758588919357 0.0 148800
1758588921756 0.0 148900
1758588923945 0.0 149000
1758588926248 0.0 149100
1758588928596 0.0 149200
1758588930844 0.0 149300
1758588932969 0.0 149400
1758588935302 0.0 149500
1758588937855 0.0 149600
1758588940134 0.0 149700
1758588942325 0.0 149800
1758588944445 0.0 149900
1758588946556 0.0 150000
1758588948839 0.0 150100
1758588951056 0.0 150200
1758588953140 0.0 150300
1758588955367 0.0 150400
1758588957710 0.0 150500
1758588959861 0.0 150600
1758588961989 0.0 150700
1758588964088 0.0 150800
1758588966149 0.0 150900
1758588968210 0.0 151000
1758588970265 0.0 151100
1758588972390 0.0 151200
1758588974941 0.0 151300
1758588977001 0.0 151400
1758588979054 0.0 151500
1758588981119 0.0 151600
1758588983208 0.0 151700
1758588985299 0.0 151800
1758588987529 0.0 151900
1758588989661 0.0 152000
1758588991812 0.0 152100
1758588994453 0.0 152200
1758588997070 0.0 152300
1758588999677 0.0 152400
1758589002259 0.0 152500
1758589004840 0.0 152600
1758589007417 0.0 152700
1758589009985 0.0 152800
1758589012606 0.0 152900
1758589015301 0.0 153000
1758589017913 0.0 153100
1758589020247 0.0 153200
1758589022435 0.0 153300
1758589024544 0.0 153400
1758589026585 0.0 153500
1758589028675 0.0 153600
1758589030724 0.0 153700
1758589032817 0.0 153800
1758589035008 0.0 153900
1758589037187 0.0 154000
1758589039383 0.0 154100
1758589041717 0.0 154200
1758589044005 0.0 154300
1758589046298 0.0 154400
1758589048581 0.0 154500
1758589050787 0.0 154600
1758589053086 0.0 154700
1758589055342 0.0 154800
1758589057588 0.0 154900
1758589059810 0.0 155000
1758589062062 0.0 155100
1758589064284 0.0 155200
1758589066508 0.0 155300
1758589068691 0.0 155400
1758589070899 0.0 155500
1758589073107 0.0 155600
1758589075343 0.0 155700
1758589077563 0.0 155800
1758589079646 0.0 155900
1758589081811 0.0 156000
1758589084088 0.0 156100
1758589086451 0.0 156200
1758589088773 0.0 156300
1758589091412 0.0 156400
1758589094028 0.0 156500
1758589096626 0.0 156600
1758589099245 0.0 156700
1758589101577 0.0 156800
1758589104131 0.0 156900
1758589106720 0.0 157000
1758589109288 0.0 157100
1758589111918 0.0 157200
1758589114524 0.0 157300
1758589117177 0.0 157400
1758589119820 0.0 157500
1758589122455 0.0 157600
1758589124709 0.0 157700
1758589127132 0.0 157800
1758589129749 0.0 157900
1758589132384 0.0 158000
1758589134965 0.0 158100
1758589137515 0.0 158200
1758589140038 0.0 158300
1758589142649 0.0 158400
1758589145224 0.0 158500
1758589147607 0.0 158600
1758589150281 0.0 158700
1758589152899 0.0 158800
1758589155518 0.0 158900
1758589157923 0.0 159000
1758589160516 0.0 159100
1758589163121 0.0 159200
1758589165741 0.0 159300
1758589168619 0.0 159400
1758589171426 0.0 159500
1758589174069 0.0 159600
1758589176848 0.0 159700
1758589179602 0.0 159800
1758589182306 0.0 159900
1758589185281 0.0 160000
1758589187902 0.0 160100
1758589190561 0.0 160200
1758589193327 0.0 160300
1758589195965 0.0 160400
1758589198638 0.0 160500
1758589201307 0.0 160600
1758589203961 0.0 160700
1758589206550 0.0 160800
1758589209339 0.0 160900
1758589212040 0.0 161000
1758589214839 0.0 161100
1758589217371 0.0 161200
1758589219657 0.0 161300
1758589222221 0.0 161400
1758589224924 0.0 161500
1758589227515 0.0 161600
1758589230077 0.0 161700
1758589232645 0.0 161800
1758589235233 0.0 161900
1758589237656 0.0 162000
1758589240094 0.0 162100
1758589243028 0.0 162200
1758589245911 0.0 162300
1758589248812 0.0 162400
1758589251625 0.0 162500
1758589254546 0.0 162600
1758589257622 0.0 162700
1758589260622 0.0 162800
1758589263512 0.0 162900
1758589266334 0.0 163000
1758589269461 0.0 163100
1758589272574 0.0 163200
1758589275534 0.0 163300
1758589278376 0.0 163400
1758589281905 0.0 163500
1758589284535 0.0 163600
1758589287189 0.0 163700
1758589289952 0.0 163800
1758589292689 0.0 163900
1758589295596 0.0 164000
1758589298531 0.0 164100
1758589301416 0.0 164200
1758589304207 0.0 164300
1758589306961 0.0 164400
1758589309284 0.0 164500
1758589311581 0.0 164600
1758589314302 0.0 164700
1758589317329 0.0 164800
1758589320625 0.0 164900
1758589323289 0.0 165000
1758589326061 0.0 165100
1758589328683 0.0 165200
1758589331278 0.0 165300
1758589333825 0.0 165400
1758589336473 0.0 165500
1758589339093 0.0 165600
1758589341613 0.0 165700
1758589344116 0.0 165800
1758589346422 0.0 165900
1758589348668 0.0 166000
1758589350818 0.0 166100
1758589353002 0.0 166200
1758589355194 0.0 166300
1758589357331 0.0 166400
1758589359444 0.0 166500
1758589361559 0.0 166600
1758589363814 0.0 166700
1758589366096 0.0 166800
1758589368419 0.0 166900
1758589370841 0.0 167000
1758589373298 0.0 167100
1758589375662 0.0 167200
1758589378000 0.0 167300
1758589380385 0.0 167400
1758589382666 0.0 167500
1758589384925 0.0 167600
1758589387230 0.0 167700
1758589389636 0.0 167800
1758589392047 0.0 167900
1758589395218 0.0 168000
1758589398012 0.0 168100
1758589400862 0.0 168200
1758589404063 0.0 168300
1758589406990 0.0 168400
1758589409708 0.0 168500
1758589412424 0.0 168600
1758589415361 0.0 168700
1758589418062 0.0 168800
1758589420405 0.0 168900
1758589423019 0.0 169000
1758589425937 0.0 169100
1758589428420 0.0 169200
1758589430977 0.0 169300
1758589433537 0.0 169400
1758589436524 0.0 169500
1758589439558 0.0 169600
1758589442411 0.0 169700
1758589445111 0.0 169800
1758589447530 0.0 169900
1758589450239 0.0 170000
1758589453004 0.0 170100
1758589455785 0.0 170200
1758589458229 0.0 170300
1758589460833 0.0 170400
1758589463299 0.0 170500
1758589465852 0.0 170600
1758589468513 0.0 170700
1758589471035 0.0 170800
1758589473794 0.0 170900
1758589477025 0.0 171000
1758589479993 0.0 171100
1758589482461 0.0 171200
1758589484866 0.0 171300
1758589487295 0.0 171400
1758589489720 0.0 171500
1758589492137 0.0 171600
1758589494536 0.0 171700
1758589497382 0.0 171800
1758589500104 0.0 171900
1758589502834 0.0 172000
1758589505559 0.0 172100
1758589509258 0.0 172200
1758589512642 0.0 172300
1758589515968 0.0 172400
1758589518985 0.0 172500
1758589521723 0.0 172600
1758589524607 0.0 172700
1758589527311 0.0 172800
1758589529515 0.0 172900
1758589531819 0.0 173000
1758589534276 0.0 173100
1758589536753 0.0 173200
1758589539173 0.0 173300
1758589541697 0.0 173400
1758589544085 0.0 173500
1758589546508 0.0 173600
1758589548588 0.0 173700
1758589550859 0.0 173800
1758589553284 0.0 173900
1758589555558 0.0 174000
1758589557925 0.0 174100
1758589560259 0.0 174200
1758589562580 0.0 174300
1758589565275 0.0 174400
1758589567762 0.0 174500
1758589570123 0.0 174600
1758589572482 0.0 174700
1758589574817 0.0 174800
1758589577326 0.0 174900
1758589579709 0.0 175000
1758589582051 0.0 175100
1758589584477 0.0 175200
1758589586807 0.0 175300
1758589589241 0.0 175400
1758589591641 0.0 175500
1758589593975 0.0 175600
1758589596377 0.0 175700
1758589598779 0.0 175800
1758589601504 0.0 175900
1758589604692 0.0 176000
1758589607810 0.0 176100
1758589610690 0.0 176200
1758589613346 0.0 176300
1758589615992 0.0 176400
1758589618552 0.0 176500
1758589620970 0.0 176600
1758589623399 0.0 176700
1758589625793 0.0 176800
1758589628247 0.0 176900
1758589630880 0.0 177000
1758589633346 0.0 177100
1758589635753 0.0 177200
1758589638498 0.0 177300
1758589640761 0.0 177400
1758589642931 0.0 177500
1758589645492 0.0 177600
1758589647933 0.0 177700
1758589650353 0.0 177800
1758589652675 0.0 177900
1758589654832 0.0 178000
1758589657067 0.0 178100
1758589659636 0.0 178200
1758589662047 0.0 178300
1758589664541 0.0 178400
1758589666944 0.0 178500
1758589669395 0.0 178600
1758589671838 0.0 178700
1758589674378 0.0 178800
1758589676871 0.0 178900
1758589679319 0.0 179000
1758589681825 0.0 179100
1758589684435 0.0 179200
1758589687172 0.0 179300
1758589689624 0.0 179400
1758589692102 0.0 179500
1758589694594 0.0 179600
1758589697056 0.0 179700
1758589699339 0.0 179800
1758589701598 0.0 179900
1758589703890 0.0 180000
1758589706285 0.0 180100
1758589708516 0.0 180200
1758589710788 0.0 180300
1758589713104 0.0 180400
1758589715842 0.0 180500
1758589718585 0.0 180600
1758589721259 0.0 180700
1758589723959 0.0 180800
1758589726635 0.0 180900
1758589729401 0.0 181000
1758589732258 0.0 181100
1758589735041 0.0 181200
1758589737761 0.0 181300
1758589740544 0.0 181400
1758589743243 0.0 181500
1758589745961 0.0 181600
1758589748708 0.0 181700
1758589751657 0.0 181800
1758589754529 0.0 181900
1758589757350 0.0 182000
1758589760194 0.0 182100
1758589763010 0.0 182200
1758589765460 0.0 182300
1758589767880 0.0 182400
1758589770109 0.0 182500
1758589772463 0.0 182600
1758589775052 0.0 182700
1758589777303 0.0 182800
1758589779567 0.0 182900
1758589781742 0.0 183000
1758589783939 0.0 183100
1758589786174 0.0 183200
1758589788573 0.0 183300
1758589790985 0.0 183400
1758589793183 0.0 183500
1758589795472 0.0 183600
1758589797751 0.0 183700
1758589800420 0.0 183800
1758589803385 0.0 183900
1758589806328 0.0 184000
1758589809324 0.0 184100
1758589812657 0.0 184200
1758589816044 0.0 184300
1758589819390 0.0 184400
1758589822402 0.0 184500
1758589824756 0.0 184600
1758589827032 0.0 184700
1758589829360 0.0 184800
1758589831748 0.0 184900
1758589833949 0.0 185000
1758589836140 0.0 185100
1758589838384 0.0 185200
1758589840691 0.0 185300
1758589843115 0.0 185400
1758589845907 0.0 185500
1758589848819 0.0 185600
1758589851405 0.0 185700
1758589853952 0.0 185800
1758589856267 0.0 185900
1758589858547 0.0 186000
1758589860875 0.0 186100
1758589863335 0.0 186200
1758589865587 0.0 186300
1758589867976 0.0 186400
1758589870513 0.0 186500
1758589873019 0.0 186600
1758589875310 0.0 186700
1758589877796 0.0 186800
1758589880811 0.0 186900
1758589883729 0.0 187000
1758589886147 0.0 187100
1758589888734 0.0 187200
1758589891397 0.0 187300
1758589893656 0.0 187400
1758589896115 0.0 187500
1758589898548 0.0 187600
1758589900871 0.0 187700
1758589903360 0.0 187800
1758589905811 0.0 187900
1758589908123 0.0 188000
1758589910424 0.0 188100
1758589912728 0.0 188200
1758589915092 0.0 188300
1758589917440 0.0 188400
1758589919770 0.0 188500
1758589921971 0.0 188600
1758589924203 0.0 188700
1758589926480 0.0 188800
1758589928782 0.0 188900
1758589930987 0.0 189000
1758589933190 0.0 189100
1758589935739 0.0 189200
1758589938132 0.0 189300
1758589940291 0.0 189400
1758589942485 0.0 189500
1758589944817 0.0 189600
1758589947200 0.0 189700
1758589949685 0.0 189800
1758589951904 0.0 189900
1758589954184 0.0 190000
1758589956624 0.0 190100
1758589958997 0.0 190200
1758589961459 0.0 190300
1758589963714 0.0 190400
1758589965959 0.0 190500
1758589968276 0.0 190600
1758589970512 0.0 190700
1758589972858 0.0 190800
1758589975880 0.0 190900
1758589978599 0.0 191000
1758589981559 0.0 191100
1758589984636 0.0 191200
1758589987435 0.0 191300
1758589990635 0.0 191400
1758589993740 0.0 191500
1758589996915 0.0 191600
1758590000204 0.0 191700
1758590004266 0.0 191800
1758590011263 0.0 191900
1758590014932 0.0 192000
1758590018954 0.0 192100
1758590024580 0.0 192200
1758590027638 0.0 192300
1758590030453 0.0 192400
1758590033468 0.0 192500
1758590035929 0.0 192600
1758590038325 0.0 192700
1758590040585 0.0 192800
1758590042901 0.0 192900
1758590045210 0.0 193000
1758590047485 0.0 193100
1758590050385 0.0 193200
1758590052605 0.0 193300
1758590054955 0.0 193400
1758590057390 0.0 193500
1758590059828 0.0 193600
1758590062360 0.0 193700
1758590064795 0.0 193800
1758590067613 0.0 193900
1758590070214 0.0 194000
1758590072782 0.0 194100
1758590075280 0.0 194200
1758590077980 0.0 194300
1758590080622 0.0 194400
1758590082937 0.0 194500
1758590085173 0.0 194600
1758590087593 0.0 194700
1758590089860 0.0 194800
1758590092226 0.0 194900
1758590094460 0.0 195000
1758590097354 0.0 195100
1758590100325 0.0 195200
1758590102862 0.0 195300
1758590105260 0.0 195400
1758590107942 0.0 195500
1758590110500 0.0 195600
1758590113047 0.0 195700
1758590115691 0.0 195800
1758590118422 0.0 195900
1758590121124 0.0 196000
1758590123959 0.0 196100
1758590126326 0.0 196200
1758590128750 0.0 196300
1758590131450 0.0 196400
1758590134325 0.0 196500
1758590137080 0.0 196600
1758590139934 0.0 196700
1758590142777 0.0 196800
1758590145193 0.0 196900
1758590147972 0.0 197000
1758590150925 0.0 197100
1758590153913 0.0 197200
1758590156765 0.0 197300
1758590159602 0.0 197400
1758590162347 0.0 197500
1758590165116 0.0 197600
1758590167933 0.0 197700
1758590170954 0.0 197800
1758590173971 0.0 197900
1758590176773 0.0 198000
1758590179629 0.0 198100
1758590182409 0.0 198200
1758590184814 0.0 198300
1758590187273 0.0 198400
1758590189862 0.0 198500
1758590192611 0.0 198600
1758590195112 0.0 198700
1758590197580 0.0 198800
1758590200437 0.0 198900
1758590203332 0.0 199000
1758590206064 0.0 199100
1758590208793 0.0 199200
1758590211521 0.0 199300
1758590214352 0.0 199400
1758590217201 0.0 199500
1758590220250 0.0 199600
1758590223067 0.0 199700
1758590225881 0.0 199800
1758590228987 0.0 199900
1758590231862 0.0 200000
1758590234892 0.0 200100
1758590237924 0.0 200200
1758590240923 0.0 200300
1758590243771 0.0 200400
1758590246775 0.0 200500
1758590249772 0.0 200600
1758590252571 0.0 200700
1758590255717 0.0 200800
1758590258888 0.0 200900
1758590261714 0.0 201000
1758590264659 0.0 201100
1758590267739 0.0 201200
1758590270858 0.0 201300
1758590273896 0.0 201400
1758590276834 0.0 201500
1758590279437 0.0 201600
1758590282400 0.0 201700
1758590285404 0.0 201800
1758590288290 0.0 201900
1758590291311 0.0 202000
1758590294340 0.0 202100
1758590297548 0.0 202200
1758590300525 0.0 202300
1758590303542 0.0 202400
1758590306649 0.0 202500
1758590309646 0.0 202600
1758590312584 0.0 202700
1758590315556 0.0 202800
1758590318688 0.0 202900
1758590321788 0.0 203000
1758590324914 0.0 203100
1758590327973 0.0 203200
1758590331067 0.0 203300
1758590334390 0.0 203400
1758590337292 0.0 203500
1758590341240 0.0 203600
1758590344399 0.0 203700
1758590347539 0.0 203800
1758590350504 0.0 203900
1758590353626 0.0 204000
1758590356829 0.0 204100
1758590359915 0.0 204200
1758590363136 0.0 204300
1758590365898 0.0 204400
1758590368715 0.0 204500
1758590371520 0.0 204600
1758590374524 0.0 204700
1758590377757 0.0 204800
1758590380823 0.0 204900
1758590383976 0.0 205000
1758590386846 0.0 205100
1758590390027 0.0 205200
1758590393341 0.0 205300
1758590397371 0.0 205400
1758590400526 0.0 205500
1758590404247 0.0 205600
1758590407456 0.0 205700
1758590409902 0.0 205800
1758590412577 0.0 205900
1758590415602 0.0 206000
1758590418505 0.0 206100
1758590421308 0.0 206200
1758590424437 0.0 206300
1758590427495 0.0 206400
1758590430523 0.0 206500
1758590433396 0.0 206600
1758590436495 0.0 206700
1758590439630 0.0 206800
1758590442769 0.0 206900
1758590447087 0.0 207000
1758590450823 0.0 207100
1758590455461 0.0 207200
1758590458834 0.0 207300
1758590462234 0.0 207400
1758590466250 0.0 207500
1758590470072 0.0 207600
1758590473700 0.0 207700
1758590477079 0.0 207800
1758590480207 0.0 207900
1758590483361 0.0 208000
1758590486736 0.0 208100
1758590492163 0.0 208200
1758590496006 0.0 208300
1758590499369 0.0 208400
1758590503301 0.0 208500
1758590508390 0.0 208600
1758590514631 0.0 208700
1758590519188 0.0 208800
1758590523914 0.0 208900
1758590530427 0.0 209000
1758590535698 0.0 209100
1758590539956 0.0 209200
1758590543647 0.0 209300
