1758585935329 0.0 100
1758585936599 0.0 200
1758585937893 0.0 300
1758585939163 0.0 400
1758585940456 0.0 500
1758585941811 0.0 600
1758585943172 0.0 700
1758585944667 0.0 800
1758585946002 0.0 900
1758585947346 0.0 1000
1758585948951 0.0 1100
1758585950325 0.0 1200
1758585951737 0.0 1300
1758585953582 0.0 1400
1758585955487 0.0 1500
1758585957408 0.0 1600
1758585959286 0.0 1700
1758585961145 0.0 1800
1758585962551 0.0 1900
1758585964485 0.0 2000
1758585965890 0.0 2100
1758585967804 0.0 2200
1758585969216 0.0 2300
1758585971128 0.0 2400
1758585973047 0.0 2500
1758585974435 0.0 2600
1758585975838 0.0 2700
1758585977721 0.0 2800
1758585979591 0.0 2900
1758585980954 0.0 3000
1758585982837 0.0 3100
1758585984682 0.0 3200
1758585986085 0.0 3300
1758585988001 0.0 3400
1758585989417 0.0 3500
1758585991317 0.0 3600
1758585992718 0.0 3700
1758585994139 0.0 3800
1758585996047 0.0 3900
1758585997877 0.0 4000
1758585999140 0.0 4100
1758586000401 0.0 4200
1758586001741 0.0 4300
1758586003714 0.0 4400
1758586005108 0.0 4500
1758586006425 0.0 4600
1758586007727 0.0 4700
1758586009046 0.0 4800
1758586010334 0.0 4900
1758586011646 0.0 5000
1758586012923 0.0 5100
1758586014254 0.0 5200
1758586015586 0.0 5300
1758586017522 0.0 5400
1758586019428 0.0 5500
1758586020869 0.0 5600
1758586022238 0.0 5700
1758586023797 0.0 5800
1758586025341 0.0 5900
1758586027309 0.0 6000
1758586029291 0.0 6100
1758586031208 0.0 6200
1758586033180 0.0 6300
1758586034817 0.0 6400
1758586036269 0.0 6500
1758586037713 0.0 6600
1758586039091 0.0 6700
1758586040740 0.0 6800
1758586042259 0.0 6900
1758586043938 0.0 7000
1758586045633 0.0 7100
1758586047055 0.0 7200
1758586048517 0.0 7300
1758586049913 0.0 7400
1758586051566 0.0 7500
1758586053263 0.0 7600
1758586054685 0.0 7700
1758586056378 0.0 7800
1758586057775 0.0 7900
1758586059597 0.0 8000
1758586061274 0.0 8100
1758586063297 0.0 8200
1758586065112 0.0 8300
1758586066573 0.0 8400
1758586068556 0.0 8500
1758586070201 0.0 8600
1758586072062 0.0 8700
1758586073853 0.0 8800
1758586075971 0.0 8900
1758586077796 0.0 9000
1758586079791 0.0 9100
1758586081794 0.0 9200
1758586083747 0.0 9300
1758586085387 0.0 9400
1758586087128 0.0 9500
1758586088921 0.0 9600
1758586090466 0.0 9700
1758586092018 0.0 9800
1758586093589 0.0 9900
1758586095489 0.0 10000
1758586097279 0.0 10100
1758586099054 0.0 10200
1758586100945 0.0 10300
1758586103430 0.0 10400
1758586105756 0.0 10500
1758586108093 0.0 10600
1758586110236 0.0 10700
1758586111608 0.0 10800
1758586113188 0.0 10900
1758586114888 0.0 11000
1758586116291 0.0 11100
1758586117759 0.0 11200
1758586119777 0.0 11300
1758586121143 0.0 11400
1758586122619 0.0 11500
1758586124046 0.0 11600
1758586125730 0.0 11700
1758586127211 0.0 11800
1758586128908 0.0 11900
1758586130451 0.0 12000
1758586132162 0.0 12100
1758586133749 0.0 12200
1758586135266 0.0 12300
1758586136983 0.0 12400
1758586138718 0.0 12500
1758586140654 0.0 12600
1758586142532 0.0 12700
1758586144052 0.0 12800
1758586145935 0.0 12900
1758586147884 0.0 13000
1758586149471 0.0 13100
1758586151242 0.0 13200
1758586152735 0.0 13300
1758586154160 0.0 13400
1758586155852 0.0 13500
1758586157666 0.0 13600
1758586159531 0.0 13700
1758586161278 0.0 13800
1758586162751 0.0 13900
1758586164451 0.0 14000
1758586165935 0.0 14100
1758586167904 0.0 14200
1758586169709 0.0 14300
1758586171338 0.0 14400
1758586172837 0.0 14500
1758586174850 0.0 14600
1758586177092 0.0 14700
1758586178680 0.0 14800
1758586180143 0.0 14900
1758586181567 0.0 15000
1758586183408 0.0 15100
1758586185573 0.0 15200
1758586188072 0.0 15300
1758586191254 0.0 15400
1758586194054 0.0 15500
1758586198386 0.0 15600
1758586200551 0.0 15700
1758586203339 0.0 15800
1758586208491 0.0 15900
1758586214050 0.0 16000
1758586219429 0.0 16100
1758586223810 0.0 16200
1758586228747 0.0 16300
1758586233408 0.0 16400
1758586238049 0.0 16500
1758586242600 0.0 16600
1758586246607 0.0 16700
1758586251462 0.0 16800
1758586256881 0.0 16900
1758586262326 0.0 17000
1758586267349 0.0 17100
1758586270594 0.0 17200
1758586275124 0.0 17300
1758586280279 0.0 17400
1758586285936 0.0 17500
1758586289440 0.0 17600
1758586293287 0.0 17700
1758586295735 0.0 17800
1758586298357 0.0 17900
1758586301076 0.0 18000
1758586303896 0.0 18100
1758586306399 0.0 18200
1758586308981 0.0 18300
1758586311830 0.0 18400
1758586315045 0.0 18500
1758586318103 0.0 18600
1758586321129 0.0 18700
1758586324229 0.0 18800
1758586327926 0.0 18900
1758586331947 0.0 19000
1758586335868 0.0 19100
1758586339651 0.0 19200
1758586343198 0.0 19300
1758586346835 0.0 19400
1758586351035 0.0 19500
1758586354230 0.0 19600
1758586357651 0.0 19700
1758586361305 0.0 19800
1758586364531 0.0 19900
1758586367042 0.0 20000
1758586369716 0.0 20100
1758586372804 0.0 20200
1758586375157 0.0 20300
1758586378055 0.0 20400
1758586380476 0.0 20500
1758586383259 0.0 20600
1758586385944 0.0 20700
1758586388804 0.0 20800
1758586391591 0.0 20900
1758586394387 0.0 21000
1758586397532 0.0 21100
1758586400411 0.0 21200
1758586403253 0.0 21300
1758586405822 0.0 21400
1758586408005 0.0 21500
1758586410155 0.0 21600
1758586412407 0.0 21700
1758586415028 0.0 21800
1758586417605 0.0 21900
1758586420368 0.0 22000
1758586422655 0.0 22100
1758586424522 0.0 22200
1758586426754 0.0 22300
1758586429030 0.0 22400
1758586431221 0.0 22500
1758586433377 0.0 22600
1758586435203 0.0 22700
1758586437236 0.0 22800
1758586438959 0.0 22900
1758586440765 0.0 23000
1758586442494 0.0 23100
1758586444366 0.0 23200
1758586445968 0.0 23300
1758586447774 0.0 23400
1758586449272 0.0 23500
1758586451036 0.0 23600
1758586453008 0.0 23700
1758586455176 0.0 23800
1758586457041 0.0 23900
1758586458988 0.0 24000
1758586461589 0.0 24100
1758586463925 0.0 24200
1758586466201 0.0 24300
1758586468124 0.0 24400
1758586469991 0.0 24500
1758586471906 0.0 24600
1758586473481 0.0 24700
1758586474927 0.0 24800
1758586476886 0.0 24900
1758586478991 0.0 25000
1758586481223 0.0 25100
1758586483224 0.0 25200
1758586485309 0.0 25300
1758586487438 0.0 25400
1758586489517 0.0 25500
1758586491388 0.0 25600
1758586493181 0.0 25700
1758586495070 0.0 25800
1758586496848 0.0 25900
1758586498711 0.0 26000
1758586500622 0.0 26100
1758586502490 0.0 26200
1758586504883 0.0 26300
1758586507383 0.0 26400
1758586512026 0.0 26500
1758586515303 0.0 26600
1758586518149 0.0 26700
1758586521027 0.0 26800
1758586523626 0.0 26900
1758586525696 0.0 27000
1758586527510 0.0 27100
1758586529873 0.0 27200
1758586532784 0.0 27300
1758586534350 0.0 27400
1758586535910 0.0 27500
1758586537844 0.0 27600
1758586539354 0.0 27700
1758586541108 0.0 27800
1758586542732 0.0 27900
1758586544459 0.0 28000
1758586546417 0.0 28100
1758586548250 0.0 28200
1758586550393 0.0 28300
1758586552462 0.0 28400
1758586554385 0.0 28500
1758586557082 0.0 28600
1758586559263 0.0 28700
1758586561564 0.0 28800
1758586564221 0.0 28900
1758586566535 0.0 29000
1758586568919 0.0 29100
1758586570617 0.0 29200
1758586572193 0.0 29300
1758586573817 0.0 29400
1758586575595 0.0 29500
1758586577098 0.0 29600
1758586578655 0.0 29700
1758586580200 0.0 29800
1758586581823 0.0 29900
1758586583305 0.0 30000
1758586584776 0.0 30100
1758586586409 0.0 30200
1758586587974 0.0 30300
1758586589542 0.0 30400
1758586591016 0.0 30500
1758586592557 0.0 30600
1758586594090 0.0 30700
1758586595706 0.0 30800
1758586597256 0.0 30900
1758586598854 0.0 31000
1758586600378 0.0 31100
1758586601944 0.0 31200
1758586603556 0.0 31300
1758586605367 0.0 31400
1758586607364 0.0 31500
1758586610358 0.0 31600
1758586612683 0.0 31700
1758586614838 0.0 31800
1758586616652 0.0 31900
1758586619129 0.0 32000
1758586621192 0.0 32100
1758586623244 0.0 32200
1758586624877 0.0 32300
1758586626565 0.0 32400
1758586629121 0.0 32500
1758586631369 0.0 32600
1758586633570 0.0 32700
1758586635591 0.0 32800
1758586637556 0.0 32900
1758586639012 0.0 33000
1758586640652 0.0 33100
1758586642238 0.0 33200
1758586643653 0.0 33300
1758586645091 0.0 33400
1758586646582 0.0 33500
1758586648764 0.0 33600
1758586650846 0.0 33700
1758586652740 0.0 33800
1758586654874 0.0 33900
1758586657081 0.0 34000
1758586659228 0.0 34100
1758586661565 0.0 34200
1758586664173 0.0 34300
1758586666537 0.0 34400
1758586668813 0.0 34500
1758586671352 0.0 34600
1758586673438 0.0 34700
1758586676101 0.0 34800
1758586678614 0.0 34900
1758586681685 0.0 35000
1758586684202 0.0 35100
1758586686379 0.0 35200
1758586687945 0.0 35300
1758586689477 0.0 35400
1758586690995 0.0 35500
1758586692714 0.0 35600
1758586694322 0.0 35700
1758586695898 0.0 35800
1758586697662 0.0 35900
1758586699113 0.0 36000
1758586700555 0.0 36100
1758586702287 0.0 36200
1758586703838 0.0 36300
1758586705555 0.0 36400
1758586707259 0.0 36500
1758586708895 0.0 36600
1758586710913 0.0 36700
1758586713147 0.0 36800
1758586715468 0.0 36900
1758586717662 0.0 37000
1758586720425 0.0 37100
1758586724752 0.0 37200
1758586729398 0.0 37300
1758586732398 0.0 37400
1758586735162 0.0 37500
1758586737445 0.0 37600
1758586740448 0.0 37700
1758586742572 0.0 37800
1758586744186 0.0 37900
1758586745818 0.0 38000
1758586747673 0.0 38100
1758586749941 0.0 38200
1758586751932 0.0 38300
1758586753805 0.0 38400
1758586755522 0.0 38500
1758586757242 0.0 38600
1758586758627 0.0 38700
1758586760008 0.0 38800
1758586761481 0.0 38900
1758586762909 0.0 39000
1758586764359 0.0 39100
1758586766339 0.0 39200
1758586768049 0.0 39300
1758586770057 0.0 39400
1758586771790 0.0 39500
1758586773354 0.0 39600
1758586774793 0.0 39700
1758586776288 0.0 39800
1758586777809 0.0 39900
1758586779523 0.0 40000
1758586780930 0.0 40100
1758586782466 0.0 40200
1758586784118 0.0 40300
1758586785892 0.0 40400
1758586787762 0.0 40500
1758586790103 0.0 40600
1758586792567 0.0 40700
1758586794532 0.0 40800
1758586796318 0.0 40900
1758586798126 0.0 41000
1758586800093 0.0 41100
1758586802208 0.0 41200
1758586804065 0.0 41300
1758586805540 0.0 41400
1758586807107 0.0 41500
1758586808862 0.0 41600
1758586810473 0.0 41700
1758586812189 0.0 41800
1758586813893 0.0 41900
1758586815614 0.0 42000
1758586817217 0.0 42100
1758586818678 0.0 42200
1758586820199 0.0 42300
1758586821633 0.0 42400
1758586823182 0.0 42500
1758586824803 0.0 42600
1758586826601 0.0 42700
1758586828471 0.0 42800
1758586830089 0.0 42900
1758586831657 0.0 43000
1758586833400 0.0 43100
1758586835116 0.0 43200
1758586836971 0.0 43300
1758586838629 0.0 43400
1758586840161 0.0 43500
1758586841734 0.0 43600
1758586843242 0.0 43700
1758586844784 0.0 43800
1758586846324 0.0 43900
1758586847926 0.0 44000
1758586849400 0.0 44100
1758586850816 0.0 44200
1758586852709 0.0 44300
1758586854552 0.0 44400
1758586856447 0.0 44500
1758586858393 0.0 44600
1758586860346 0.0 44700
1758586862299 0.0 44800
1758586864339 0.0 44900
1758586866367 0.0 45000
1758586868779 0.0 45100
1758586870725 0.0 45200
1758586872624 0.0 45300
1758586874536 0.0 45400
1758586876382 0.0 45500
1758586878247 0.0 45600
1758586880040 0.0 45700
1758586881584 0.0 45800
1758586883293 0.0 45900
1758586885186 0.0 46000
1758586886935 0.0 46100
1758586888506 0.0 46200
1758586890028 0.0 46300
1758586891515 0.0 46400
1758586893082 0.0 46500
1758586895159 0.0 46600
1758586896688 0.0 46700
1758586898192 0.0 46800
1758586899719 0.0 46900
1758586901782 0.0 47000
1758586903481 0.0 47100
1758586905085 0.0 47200
1758586907132 0.0 47300
1758586909053 0.0 47400
1758586911055 0.0 47500
1758586913007 0.0 47600
1758586915058 0.0 47700
1758586917138 0.0 47800
1758586919229 0.0 47900
1758586921416 0.0 48000
1758586923571 0.0 48100
1758586925698 0.0 48200
1758586927746 0.0 48300
1758586929891 0.0 48400
1758586932431 0.0 48500
1758586934514 0.0 48600
1758586936644 0.0 48700
1758586938836 0.0 48800
1758586941102 0.0 48900
1758586943410 0.0 49000
1758586945562 0.0 49100
1758586947720 0.0 49200
1758586949594 0.0 49300
1758586951758 0.0 49400
1758586953596 0.0 49500
1758586955215 0.0 49600
1758586956762 0.0 49700
1758586958281 0.0 49800
1758586959827 0.0 49900
1758586961769 0.0 50000
1758586963596 0.0 50100
1758586965095 0.0 50200
1758586966688 0.0 50300
1758586968339 0.0 50400
1758586970311 0.0 50500
1758586971971 0.0 50600
1758586973455 0.0 50700
1758586975050 0.0 50800
1758586976750 0.0 50900
1758586978409 0.0 51000
1758586980025 0.0 51100
1758586981638 0.0 51200
1758586983322 0.0 51300
1758586984947 0.0 51400
1758586986737 0.0 51500
1758586988353 0.0 51600
1758586989939 0.0 51700
1758586991789 0.0 51800
1758586993619 0.0 51900
1758586995329 0.0 52000
1758586996920 0.0 52100
1758586998562 0.0 52200
1758587000367 0.0 52300
1758587002127 0.0 52400
1758587003816 0.0 52500
1758587005692 0.0 52600
1758587007476 0.0 52700
1758587009192 0.0 52800
1758587010819 0.0 52900
1758587012494 0.0 53000
1758587014143 0.0 53100
1758587016010 0.0 53200
1758587017706 0.0 53300
1758587019339 0.0 53400
1758587021009 0.0 53500
1758587022772 0.0 53600
1758587024528 0.0 53700
1758587026601 0.0 53800
1758587028129 0.0 53900
1758587029658 0.0 54000
1758587031231 0.0 54100
1758587032865 0.0 54200
1758587034470 0.0 54300
1758587036061 0.0 54400
1758587037736 0.0 54500
1758587039485 0.0 54600
1758587041178 0.0 54700
1758587042825 0.0 54800
1758587044745 0.0 54900
1758587046544 0.0 55000
1758587048211 0.0 55100
1758587050564 0.0 55200
1758587052294 0.0 55300
1758587054049 0.0 55400
1758587056147 0.0 55500
1758587057989 0.0 55600
1758587059886 0.0 55700
1758587061578 0.0 55800
1758587063583 0.0 55900
1758587065360 0.0 56000
1758587067273 0.0 56100
1758587068928 0.0 56200
1758587071021 0.0 56300
1758587072785 0.0 56400
1758587074467 0.0 56500
1758587076336 0.0 56600
1758587077993 0.0 56700
1758587079511 0.0 56800
1758587081048 0.0 56900
1758587082564 0.0 57000
1758587084073 0.0 57100
1758587085580 0.0 57200
1758587087127 0.0 57300
1758587088678 0.0 57400
1758587090670 0.0 57500
1758587092358 0.0 57600
1758587093963 0.0 57700
1758587095639 0.0 57800
1758587097435 0.0 57900
1758587099165 0.0 58000
1758587100850 0.0 58100
1758587102366 0.0 58200
1758587104155 0.0 58300
1758587105936 0.0 58400
1758587107492 0.0 58500
1758587109104 0.0 58600
1758587110635 0.0 58700
1758587112406 0.0 58800
1758587114084 0.0 58900
1758587115678 0.0 59000
1758587117255 0.0 59100
1758587118847 0.0 59200
1758587120699 0.0 59300
1758587122865 0.0 59400
1758587124928 0.0 59500
1758587126601 0.0 59600
1758587128278 0.0 59700
1758587129986 0.0 59800
1758587131576 0.0 59900
1758587133223 0.0 60000
1758587135112 0.0 60100
1758587137164 0.0 60200
1758587138912 0.0 60300
1758587140565 0.0 60400
1758587142142 0.0 60500
1758587143692 0.0 60600
1758587145217 0.0 60700
1758587146815 0.0 60800
1758587148543 0.0 60900
1758587150177 0.0 61000
1758587152021 0.0 61100
1758587153644 0.0 61200
1758587155239 0.0 61300
1758587156862 0.0 61400
1758587158504 0.0 61500
1758587160147 0.0 61600
1758587162000 0.0 61700
1758587163931 0.0 61800
1758587166172 0.0 61900
1758587168184 0.0 62000
1758587169805 0.0 62100
1758587171495 0.0 62200
1758587173470 0.0 62300
1758587175575 0.0 62400
1758587177765 0.0 62500
1758587180004 0.0 62600
1758587182219 0.0 62700
1758587183909 0.0 62800
1758587185925 0.0 62900
1758587188106 0.0 63000
1758587190477 0.0 63100
1758587192479 0.0 63200
1758587194360 0.0 63300
1758587195968 0.0 63400
1758587197768 0.0 63500
1758587199685 0.0 63600
1758587201648 0.0 63700
1758587203762 0.0 63800
1758587206177 0.0 63900
1758587207888 0.0 64000
1758587209893 0.0 64100
1758587212142 0.0 64200
1758587213965 0.0 64300
1758587216035 0.0 64400
1758587218749 0.0 64500
1758587221152 0.0 64600
1758587222834 0.0 64700
1758587224378 0.0 64800
1758587225915 0.0 64900
1758587227630 0.0 65000
1758587229705 0.0 65100
1758587231867 0.0 65200
1758587233694 0.0 65300
1758587235234 0.0 65400
1758587236795 0.0 65500
1758587238394 0.0 65600
1758587240350 0.0 65700
1758587242108 0.0 65800
1758587243806 0.0 65900
1758587245370 0.0 66000
1758587247123 0.0 66100
1758587249139 0.0 66200
1758587251044 0.0 66300
1758587252693 0.0 66400
1758587254263 0.0 66500
1758587255810 0.0 66600
1758587257469 0.0 66700
1758587259197 0.0 66800
1758587261122 0.0 66900
1758587262882 0.0 67000
1758587264724 0.0 67100
1758587266616 0.0 67200
1758587268496 0.0 67300
1758587270113 0.0 67400
1758587271859 0.0 67500
1758587273639 0.0 67600
1758587275235 0.0 67700
1758587276789 0.0 67800
1758587278328 0.0 67900
1758587279957 0.0 68000
1758587281698 0.0 68100
1758587283308 0.0 68200
1758587284997 0.0 68300
1758587286616 0.0 68400
1758587288254 0.0 68500
1758587289871 0.0 68600
1758587291554 0.0 68700
1758587293389 0.0 68800
1758587295152 0.0 68900
1758587296822 0.0 69000
1758587298552 0.0 69100
1758587300514 0.0 69200
1758587302387 0.0 69300
1758587304445 0.0 69400
1758587306190 0.0 69500
1758587309170 0.0 69600
1758587310953 0.0 69700
1758587312676 0.0 69800
1758587314375 0.0 69900
1758587316050 0.0 70000
1758587317843 0.0 70100
1758587319680 0.0 70200
1758587321237 0.0 70300
1758587322835 0.0 70400
1758587324755 0.0 70500
1758587326474 0.0 70600
1758587328293 0.0 70700
1758587330062 0.0 70800
1758587331828 0.0 70900
1758587333576 0.0 71000
1758587335280 0.0 71100
1758587336880 0.0 71200
1758587338563 0.0 71300
1758587340279 0.0 71400
1758587341939 0.0 71500
1758587343554 0.0 71600
1758587345203 0.0 71700
1758587347112 0.0 71800
1758587348834 0.0 71900
1758587350587 0.0 72000
1758587352411 0.0 72100
1758587354224 0.0 72200
1758587355975 0.0 72300
1758587357640 0.0 72400
1758587359314 0.0 72500
1758587360933 0.0 72600
1758587362716 0.0 72700
1758587364408 0.0 72800
1758587366193 0.0 72900
1758587368006 0.0 73000
1758587369650 0.0 73100
1758587371236 0.0 73200
1758587372846 0.0 73300
1758587374419 0.0 73400
1758587376025 0.0 73500
1758587377664 0.0 73600
1758587379328 0.0 73700
1758587381153 0.0 73800
1758587382920 0.0 73900
1758587384574 0.0 74000
1758587386293 0.0 74100
1758587388100 0.0 74200
1758587390185 0.0 74300
1758587392220 0.0 74400
1758587394327 0.0 74500
1758587396234 0.0 74600
1758587398195 0.0 74700
1758587399888 0.0 74800
1758587401873 0.0 74900
1758587404137 0.0 75000
1758587406390 0.0 75100
1758587408790 0.0 75200
1758587411059 0.0 75300
1758587412813 0.0 75400
1758587414762 0.0 75500
1758587416389 0.0 75600
1758587418123 0.0 75700
1758587419770 0.0 75800
1758587421496 0.0 75900
1758587423147 0.0 76000
1758587424909 0.0 76100
1758587426800 0.0 76200
1758587428467 0.0 76300
1758587430181 0.0 76400
1758587431745 0.0 76500
1758587433401 0.0 76600
1758587435028 0.0 76700
1758587436659 0.0 76800
1758587438336 0.0 76900
1758587440040 0.0 77000
1758587441717 0.0 77100
1758587443474 0.0 77200
1758587445132 0.0 77300
1758587446846 0.0 77400
1758587448488 0.0 77500
1758587450151 0.0 77600
1758587451769 0.0 77700
1758587453456 0.0 77800
1758587455144 0.0 77900
1758587456850 0.0 78000
1758587458633 0.0 78100
1758587460591 0.0 78200
1758587462381 0.0 78300
1758587464167 0.0 78400
1758587466056 0.0 78500
1758587467779 0.0 78600
1758587469536 0.0 78700
1758587471364 0.0 78800
1758587473038 0.0 78900
1758587474678 0.0 79000
1758587476537 0.0 79100
1758587478444 0.0 79200
1758587480412 0.0 79300
1758587482380 0.0 79400
1758587484146 0.0 79500
1758587485844 0.0 79600
1758587487558 0.0 79700
1758587489370 0.0 79800
1758587491270 0.0 79900
1758587493227 0.0 80000
1758587495096 0.0 80100
1758587496737 0.0 80200
1758587498350 0.0 80300
1758587500087 0.0 80400
1758587501720 0.0 80500
1758587503438 0.0 80600
1758587505197 0.0 80700
1758587506859 0.0 80800
1758587508531 0.0 80900
1758587510246 0.0 81000
1758587511903 0.0 81100
1758587513674 0.0 81200
1758587515387 0.0 81300
1758587517281 0.0 81400
1758587518998 0.0 81500
1758587520619 0.0 81600
1758587522366 0.0 81700
1758587524324 0.0 81800
1758587526371 0.0 81900
1758587528274 0.0 82000
1758587530139 0.0 82100
1758587531902 0.0 82200
1758587533765 0.0 82300
1758587535756 0.0 82400
1758587537698 0.0 82500
1758587539721 0.0 82600
1758587541476 0.0 82700
1758587543255 0.0 82800
1758587545097 0.0 82900
1758587546987 0.0 83000
1758587548838 0.0 83100
1758587550969 0.0 83200
1758587552870 0.0 83300
1758587554776 0.0 83400
1758587556688 0.0 83500
1758587558450 0.0 83600
1758587560269 0.0 83700
1758587562317 0.0 83800
1758587564158 0.0 83900
1758587565933 0.0 84000
1758587567605 0.0 84100
1758587569390 0.0 84200
1758587571239 0.0 84300
1758587573058 0.0 84400
1758587574794 0.0 84500
1758587576821 0.0 84600
1758587578662 0.0 84700
1758587580377 0.0 84800
1758587582121 0.0 84900
1758587583828 0.0 85000
1758587585693 0.0 85100
1758587587488 0.0 85200
1758587589295 0.0 85300
1758587591211 0.0 85400
1758587593122 0.0 85500
1758587595164 0.0 85600
1758587596848 0.0 85700
1758587598666 0.0 85800
1758587600753 0.0 85900
1758587602964 0.0 86000
1758587604826 0.0 86100
1758587606472 0.0 86200
1758587608214 0.0 86300
1758587610063 0.0 86400
1758587611904 0.0 86500
1758587613733 0.0 86600
1758587616165 0.0 86700
1758587618161 0.0 86800
1758587620463 0.0 86900
1758587622783 0.0 87000
1758587624776 0.0 87100
1758587626750 0.0 87200
1758587628801 0.0 87300
1758587630866 0.0 87400
1758587632708 0.0 87500
1758587634746 0.0 87600
1758587636580 0.0 87700
1758587638317 0.0 87800
1758587640070 0.0 87900
1758587641911 0.0 88000
1758587643778 0.0 88100
1758587645452 0.0 88200
1758587647361 0.0 88300
1758587649497 0.0 88400
1758587651580 0.0 88500
1758587653644 0.0 88600
1758587656359 0.0 88700
1758587658467 0.0 88800
1758587660127 0.0 88900
1758587662254 0.0 89000
1758587664302 0.0 89100
1758587665980 0.0 89200
1758587667723 0.0 89300
1758587669626 0.0 89400
1758587671608 0.0 89500
1758587673508 0.0 89600
1758587675452 0.0 89700
1758587677403 0.0 89800
1758587679351 0.0 89900
1758587681133 0.0 90000
1758587683072 0.0 90100
1758587684800 0.0 90200
1758587686588 0.0 90300
1758587688312 0.0 90400
1758587690251 0.0 90500
1758587692251 0.0 90600
1758587694062 0.0 90700
1758587695881 0.0 90800
1758587697628 0.0 90900
1758587699400 0.0 91000
1758587701261 0.0 91100
1758587703074 0.0 91200
1758587704946 0.0 91300
1758587706834 0.0 91400
1758587708664 0.0 91500
1758587710485 0.0 91600
1758587712286 0.0 91700
1758587714051 0.0 91800
1758587715871 0.0 91900
1758587717608 0.0 92000
1758587719497 0.0 92100
1758587721388 0.0 92200
1758587723379 0.0 92300
1758587725205 0.0 92400
1758587726905 0.0 92500
1758587728637 0.0 92600
1758587730447 0.0 92700
1758587732850 0.0 92800
1758587734827 0.0 92900
1758587736816 0.0 93000
1758587739181 0.0 93100
1758587741523 0.0 93200
1758587743821 0.0 93300
1758587746216 0.0 93400
1758587748638 0.0 93500
1758587750898 0.0 93600
1758587753085 0.0 93700
1758587755345 0.0 93800
1758587757390 0.0 93900
1758587759437 0.0 94000
1758587761520 0.0 94100
1758587763495 0.0 94200
1758587765428 0.0 94300
1758587767204 0.0 94400
1758587769207 0.0 94500
1758587771041 0.0 94600
1758587772941 0.0 94700
1758587774993 0.0 94800
1758587776920 0.0 94900
1758587779011 0.0 95000
1758587780941 0.0 95100
1758587783057 0.0 95200
1758587785006 0.0 95300
1758587787054 0.0 95400
1758587789062 0.0 95500
1758587791089 0.0 95600
1758587793018 0.0 95700
1758587795120 0.0 95800
1758587797203 0.0 95900
1758587799488 0.0 96000
1758587801421 0.0 96100
1758587803456 0.0 96200
1758587805578 0.0 96300
1758587807765 0.0 96400
1758587809815 0.0 96500
1758587811993 0.0 96600
1758587814023 0.0 96700
1758587816247 0.0 96800
1758587818384 0.0 96900
1758587820451 0.0 97000
1758587822483 0.0 97100
1758587825117 0.0 97200
1758587827104 0.0 97300
1758587828973 0.0 97400
1758587830866 0.0 97500
1758587832988 0.0 97600
1758587835100 0.0 97700
1758587837958 0.0 97800
1758587840092 0.0 97900
1758587842262 0.0 98000
1758587844036 0.0 98100
1758587845951 0.0 98200
1758587847830 0.0 98300
1758587849744 0.0 98400
1758587851652 0.0 98500
1758587853948 0.0 98600
1758587855651 0.0 98700
1758587857484 0.0 98800
1758587859257 0.0 98900
1758587860972 0.0 99000
1758587862717 0.0 99100
1758587864524 0.0 99200
1758587866311 0.0 99300
1758587868232 0.0 99400
1758587870065 0.0 99500
1758587871899 0.0 99600
1758587873763 0.0 99700
1758587875560 0.0 99800
1758587877583 0.0 99900
1758587879797 0.0 100000
1758587881647 0.0 100100
1758587883651 0.0 100200
1758587885564 0.0 100300
1758587887322 0.0 100400
1758587889122 0.0 100500
1758587891008 0.0 100600
1758587892909 0.0 100700
1758587894753 0.0 100800
1758587896572 0.0 100900
1758587898454 0.0 101000
1758587900301 0.0 101100
1758587902200 0.0 101200
1758587904269 0.0 101300
1758587906072 0.0 101400
1758587907846 0.0 101500
1758587909707 0.0 101600
1758587911526 0.0 101700
1758587913553 0.0 101800
1758587915625 0.0 101900
1758587917571 0.0 102000
1758587919398 0.0 102100
1758587921194 0.0 102200
1758587923053 0.0 102300
1758587924888 0.0 102400
1758587926715 0.0 102500
1758587928600 0.0 102600
1758587930370 0.0 102700
1758587932153 0.0 102800
1758587934103 0.0 102900
1758587935931 0.0 103000
1758587937750 0.0 103100
1758587939513 0.0 103200
1758587941297 0.0 103300
1758587943013 0.0 103400
1758587944738 0.0 103500
1758587946467 0.0 103600
1758587948248 0.0 103700
1758587950088 0.0 103800
1758587951819 0.0 103900
1758587953732 0.0 104000
1758587955481 0.0 104100
1758587957199 0.0 104200
1758587959261 0.0 104300
1758587961162 0.0 104400
1758587962934 0.0 104500
1758587964688 0.0 104600
1758587966422 0.0 104700
1758587968249 0.0 104800
1758587970012 0.0 104900
1758587971762 0.0 105000
1758587973517 0.0 105100
1758587975298 0.0 105200
1758587977125 0.0 105300
1758587979011 0.0 105400
1758587980970 0.0 105500
1758587982938 0.0 105600
1758587984779 0.0 105700
1758587986705 0.0 105800
1758587988606 0.0 105900
1758587990570 0.0 106000
1758587992495 0.0 106100
1758587994510 0.0 106200
1758587996451 0.0 106300
1758587998854 0.0 106400
1758588000805 0.0 106500
1758588002752 0.0 106600
1758588004714 0.0 106700
1758588006574 0.0 106800
1758588008375 0.0 106900
1758588010258 0.0 107000
1758588012056 0.0 107100
1758588013973 0.0 107200
1758588016071 0.0 107300
1758588017885 0.0 107400
1758588019796 0.0 107500
1758588021656 0.0 107600
1758588023575 0.0 107700
1758588025677 0.0 107800
1758588027598 0.0 107900
1758588029631 0.0 108000
1758588031750 0.0 108100
1758588033767 0.0 108200
1758588036268 0.0 108300
1758588038708 0.0 108400
1758588041382 0.0 108500
1758588043828 0.0 108600
1758588046191 0.0 108700
1758588048422 0.0 108800
1758588050407 0.0 108900
1758588052480 0.0 109000
1758588054683 0.0 109100
1758588056866 0.0 109200
1758588059490 0.0 109300
1758588061725 0.0 109400
1758588064147 0.0 109500
1758588066249 0.0 109600
1758588068286 0.0 109700
1758588070458 0.0 109800
1758588072526 0.0 109900
1758588074740 0.0 110000
1758588077153 0.0 110100
1758588079876 0.0 110200
1758588083241 0.0 110300
1758588085514 0.0 110400
1758588087726 0.0 110500
1758588090023 0.0 110600
1758588092315 0.0 110700
1758588094679 0.0 110800
1758588096959 0.0 110900
1758588099215 0.0 111000
1758588101471 0.0 111100
1758588103657 0.0 111200
1758588105878 0.0 111300
1758588108177 0.0 111400
1758588110561 0.0 111500
1758588113056 0.0 111600
1758588115336 0.0 111700
1758588117704 0.0 111800
1758588119868 0.0 111900
1758588122116 0.0 112000
1758588124339 0.0 112100
1758588126530 0.0 112200
1758588128882 0.0 112300
1758588131128 0.0 112400
1758588133367 0.0 112500
1758588135598 0.0 112600
1758588137849 0.0 112700
1758588140123 0.0 112800
1758588142346 0.0 112900
1758588144680 0.0 113000
1758588147075 0.0 113100
1758588149413 0.0 113200
1758588151960 0.0 113300
1758588154073 0.0 113400
1758588155988 0.0 113500
1758588158087 0.0 113600
1758588160486 0.0 113700
1758588162781 0.0 113800
1758588165147 0.0 113900
1758588167467 0.0 114000
1758588169692 0.0 114100
1758588171900 0.0 114200
1758588174155 0.0 114300
1758588176500 0.0 114400
1758588178536 0.0 114500
1758588180334 0.0 114600
1758588182107 0.0 114700
1758588183903 0.0 114800
1758588185690 0.0 114900
1758588187471 0.0 115000
1758588189413 0.0 115100
1758588191202 0.0 115200
1758588192989 0.0 115300
1758588194775 0.0 115400
1758588196725 0.0 115500
1758588198660 0.0 115600
1758588200522 0.0 115700
1758588202701 0.0 115800
1758588204960 0.0 115900
1758588206994 0.0 116000
1758588208977 0.0 116100
1758588210872 0.0 116200
1758588212798 0.0 116300
1758588214683 0.0 116400
1758588216628 0.0 116500
1758588218461 0.0 116600
1758588220504 0.0 116700
1758588222570 0.0 116800
1758588224548 0.0 116900
1758588226717 0.0 117000
1758588228850 0.0 117100
1758588231022 0.0 117200
1758588233777 0.0 117300
1758588235925 0.0 117400
1758588237924 0.0 117500
1758588240220 0.0 117600
1758588242580 0.0 117700
1758588244870 0.0 117800
1758588246861 0.0 117900
1758588248945 0.0 118000
1758588250819 0.0 118100
1758588252799 0.0 118200
1758588255078 0.0 118300
1758588257402 0.0 118400
1758588259386 0.0 118500
1758588261593 0.0 118600
1758588263941 0.0 118700
1758588266008 0.0 118800
1758588268132 0.0 118900
1758588270355 0.0 119000
1758588272678 0.0 119100
1758588274927 0.0 119200
1758588277293 0.0 119300
1758588279443 0.0 119400
1758588281279 0.0 119500
1758588283133 0.0 119600
1758588285082 0.0 119700
1758588287208 0.0 119800
1758588289278 0.0 119900
1758588291189 0.0 120000
1758588293043 0.0 120100
1758588294919 0.0 120200
1758588296834 0.0 120300
1758588298795 0.0 120400
1758588300771 0.0 120500
1758588302645 0.0 120600
1758588304710 0.0 120700
1758588306888 0.0 120800
1758588309233 0.0 120900
1758588311044 0.0 121000
1758588313109 0.0 121100
1758588315073 0.0 121200
1758588317025 0.0 121300
1758588319154 0.0 121400
1758588321207 0.0 121500
1758588323604 0.0 121600
1758588325707 0.0 121700
1758588327659 0.0 121800
1758588329604 0.0 121900
1758588331563 0.0 122000
1758588333775 0.0 122100
1758588335821 0.0 122200
1758588337677 0.0 122300
1758588339615 0.0 122400
1758588341533 0.0 122500
1758588343557 0.0 122600
1758588345875 0.0 122700
1758588348163 0.0 122800
1758588350338 0.0 122900
1758588352324 0.0 123000
1758588354426 0.0 123100
1758588356586 0.0 123200
1758588358737 0.0 123300
1758588360850 0.0 123400
1758588362753 0.0 123500
1758588364636 0.0 123600
1758588366581 0.0 123700
1758588368664 0.0 123800
1758588370893 0.0 123900
1758588373016 0.0 124000
1758588375141 0.0 124100
1758588377092 0.0 124200
1758588378963 0.0 124300
1758588380777 0.0 124400
1758588382689 0.0 124500
1758588384745 0.0 124600
1758588386695 0.0 124700
1758588388589 0.0 124800
1758588390611 0.0 124900
1758588393079 0.0 125000
1758588395529 0.0 125100
1758588398003 0.0 125200
1758588400468 0.0 125300
1758588403086 0.0 125400
1758588405752 0.0 125500
1758588408333 0.0 125600
1758588410321 0.0 125700
1758588412337 0.0 125800
1758588414265 0.0 125900
1758588416091 0.0 126000
1758588418096 0.0 126100
1758588420013 0.0 126200
1758588422051 0.0 126300
1758588424075 0.0 126400
1758588425904 0.0 126500
1758588427758 0.0 126600
1758588429710 0.0 126700
1758588431625 0.0 126800
1758588433505 0.0 126900
1758588435725 0.0 127000
1758588438099 0.0 127100
1758588440460 0.0 127200
1758588442401 0.0 127300
1758588444255 0.0 127400
1758588446489 0.0 127500
1758588448772 0.0 127600
1758588450877 0.0 127700
1758588452751 0.0 127800
1758588455046 0.0 127900
1758588457278 0.0 128000
1758588459297 0.0 128100
1758588461715 0.0 128200
1758588463848 0.0 128300
1758588465979 0.0 128400
1758588468807 0.0 128500
1758588471412 0.0 128600
1758588473414 0.0 128700
1758588475437 0.0 128800
1758588477384 0.0 128900
1758588479267 0.0 129000
1758588481169 0.0 129100
1758588483142 0.0 129200
1758588485066 0.0 129300
1758588487134 0.0 129400
1758588489013 0.0 129500
1758588491063 0.0 129600
1758588493149 0.0 129700
1758588495238 0.0 129800
1758588497073 0.0 129900
1758588498996 0.0 130000
1758588500960 0.0 130100
1758588503170 0.0 130200
1758588505105 0.0 130300
1758588507275 0.0 130400
1758588509188 0.0 130500
1758588511031 0.0 130600
1758588512907 0.0 130700
1758588514793 0.0 130800
1758588516820 0.0 130900
1758588518938 0.0 131000
1758588520913 0.0 131100
1758588523024 0.0 131200
1758588525185 0.0 131300
1758588527434 0.0 131400
1758588529655 0.0 131500
1758588531930 0.0 131600
1758588533885 0.0 131700
1758588535909 0.0 131800
1758588537840 0.0 131900
1758588539743 0.0 132000
1758588541744 0.0 132100
1758588543659 0.0 132200
1758588545842 0.0 132300
1758588548041 0.0 132400
1758588550325 0.0 132500
1758588552346 0.0 132600
1758588554386 0.0 132700
1758588556520 0.0 132800
1758588559380 0.0 132900
1758588561438 0.0 133000
1758588563581 0.0 133100
1758588565870 0.0 133200
1758588568096 0.0 133300
1758588570453 0.0 133400
1758588572546 0.0 133500
1758588574500 0.0 133600
1758588576461 0.0 133700
1758588578396 0.0 133800
1758588580312 0.0 133900
1758588582253 0.0 134000
1758588584243 0.0 134100
1758588586225 0.0 134200
1758588588331 0.0 134300
1758588590305 0.0 134400
1758588592392 0.0 134500
1758588594646 0.0 134600
1758588596662 0.0 134700
1758588598675 0.0 134800
1758588600622 0.0 134900
1758588602651 0.0 135000
1758588604679 0.0 135100
1758588606938 0.0 135200
1758588609175 0.0 135300
1758588611417 0.0 135400
1758588613674 0.0 135500
1758588615971 0.0 135600
1758588617887 0.0 135700
1758588619769 0.0 135800
1758588621696 0.0 135900
1758588623661 0.0 136000
1758588625799 0.0 136100
1758588627815 0.0 136200
1758588629940 0.0 136300
1758588632151 0.0 136400
1758588634451 0.0 136500
1758588636940 0.0 136600
1758588639038 0.0 136700
1758588641009 0.0 136800
1758588642937 0.0 136900
1758588644964 0.0 137000
1758588646943 0.0 137100
1758588648942 0.0 137200
1758588651200 0.0 137300
1758588653650 0.0 137400
1758588656036 0.0 137500
1758588658385 0.0 137600
1758588660784 0.0 137700
1758588663093 0.0 137800
1758588665432 0.0 137900
1758588667734 0.0 138000
1758588670128 0.0 138100
1758588672491 0.0 138200
1758588674845 0.0 138300
1758588677174 0.0 138400
1758588679640 0.0 138500
1758588681992 0.0 138600
1758588684049 0.0 138700
1758588686011 0.0 138800
1758588688053 0.0 138900
1758588689966 0.0 139000
1758588691992 0.0 139100
1758588694467 0.0 139200
1758588697095 0.0 139300
1758588699265 0.0 139400
1758588701343 0.0 139500
1758588703431 0.0 139600
1758588705468 0.0 139700
1758588707482 0.0 139800
1758588709574 0.0 139900
1758588711622 0.0 140000
1758588714253 0.0 140100
1758588716812 0.0 140200
1758588718814 0.0 140300
1758588720902 0.0 140400
1758588723070 0.0 140500
1758588725180 0.0 140600
1758588727593 0.0 140700
1758588729850 0.0 140800
1758588732325 0.0 140900
1758588734542 0.0 141000
1758588736790 0.0 141100
1758588738885 0.0 141200
1758588741222 0.0 141300
1758588743296 0.0 141400
1758588745756 0.0 141500
1758588748163 0.0 141600
1758588750269 0.0 141700
1758588752242 0.0 141800
1758588754279 0.0 141900
1758588756310 0.0 142000
1758588758399 0.0 142100
1758588760532 0.0 142200
1758588762803 0.0 142300
1758588764800 0.0 142400
1758588766994 0.0 142500
1758588768977 0.0 142600
1758588771201 0.0 142700
1758588773388 0.0 142800
1758588775504 0.0 142900
1758588777490 0.0 143000
1758588779452 0.0 143100
1758588781501 0.0 143200
1758588783540 0.0 143300
1758588786075 0.0 143400
1758588788652 0.0 143500
1758588791238 0.0 143600
1758588793868 0.0 143700
1758588796477 0.0 143800
1758588799059 0.0 143900
1758588801618 0.0 144000
1758588804142 0.0 144100
1758588806367 0.0 144200
1758588808297 0.0 144300
1758588810257 0.0 144400
1758588812197 0.0 144500
1758588814445 0.0 144600
1758588817297 0.0 144700
1758588819285 0.0 144800
1758588821245 0.0 144900
1758588823151 0.0 145000
1758588825391 0.0 145100
1758588827458 0.0 145200
1758588829415 0.0 145300
1758588831419 0.0 145400
1758588833489 0.0 145500
1758588835717 0.0 145600
1758588838050 0.0 145700
1758588840280 0.0 145800
1758588842711 0.0 145900
1758588845399 0.0 146000
1758588847885 0.0 146100
1758588849997 0.0 146200
1758588852433 0.0 146300
1758588855227 0.0 146400
1758588858016 0.0 146500
1758588860771 0.0 146600
1758588863623 0.0 146700
1758588866378 0.0 146800
1758588869160 0.0 146900
1758588871947 0.0 147000
1758588874663 0.0 147100
1758588877336 0.0 147200
1758588879986 0.0 147300
1758588882707 0.0 147400
1758588885288 0.0 147500
1758588888053 0.0 147600
1758588890405 0.0 147700
1758588893078 0.0 147800
1758588895676 0.0 147900
1758588898314 0.0 148000
1758588900962 0.0 148100
1758588903629 0.0 148200
1758588906341 0.0 148300
1758588909064 0.0 148400
1758588911898 0.0 148500
1758588914338 0.0 148600
1758588916882 0.0 148700
1758588919544 0.0 148800
1758588921928 0.0 148900
1758588924121 0.0 149000
1758588926429 0.0 149100
1758588928759 0.0 149200
1758588931007 0.0 149300
1758588933130 0.0 149400
1758588935501 0.0 149500
1758588938049 0.0 149600
1758588940318 0.0 149700
1758588942496 0.0 149800
1758588944610 0.0 149900
1758588946745 0.0 150000
1758588949010 0.0 150100
1758588951224 0.0 150200
1758588953316 0.0 150300
1758588955540 0.0 150400
1758588957913 0.0 150500
1758588960039 0.0 150600
1758588962155 0.0 150700
1758588964258 0.0 150800
1758588966317 0.0 150900
1758588968379 0.0 151000
1758588970431 0.0 151100
1758588972560 0.0 151200
1758588975113 0.0 151300
1758588977166 0.0 151400
1758588979217 0.0 151500
1758588981285 0.0 151600
1758588983374 0.0 151700
1758588985482 0.0 151800
1758588987697 0.0 151900
1758588989829 0.0 152000
1758588991982 0.0 152100
1758588994625 0.0 152200
1758588997241 0.0 152300
1758588999847 0.0 152400
1758589002429 0.0 152500
1758589005020 0.0 152600
1758589007589 0.0 152700
1758589010158 0.0 152800
1758589012782 0.0 152900
1758589015474 0.0 153000
1758589018092 0.0 153100
1758589020424 0.0 153200
1758589022606 0.0 153300
1758589024720 0.0 153400
1758589026753 0.0 153500
1758589028848 0.0 153600
1758589030894 0.0 153700
1758589032988 0.0 153800
1758589035184 0.0 153900
1758589037366 0.0 154000
1758589039557 0.0 154100
1758589041889 0.0 154200
1758589044174 0.0 154300
1758589046469 0.0 154400
1758589048746 0.0 154500
1758589050958 0.0 154600
1758589053258 0.0 154700
1758589055515 0.0 154800
1758589057754 0.0 154900
1758589059979 0.0 155000
1758589062232 0.0 155100
1758589064455 0.0 155200
1758589066681 0.0 155300
1758589068858 0.0 155400
1758589071070 0.0 155500
1758589073281 0.0 155600
1758589075514 0.0 155700
1758589077749 0.0 155800
1758589079814 0.0 155900
1758589081982 0.0 156000
1758589084269 0.0 156100
1758589086631 0.0 156200
1758589088951 0.0 156300
1758589091589 0.0 156400
1758589094202 0.0 156500
1758589096804 0.0 156600
1758589099417 0.0 156700
1758589101751 0.0 156800
1758589104310 0.0 156900
1758589106903 0.0 157000
1758589109462 0.0 157100
1758589112097 0.0 157200
1758589114699 0.0 157300
1758589117349 0.0 157400
1758589120005 0.0 157500
1758589122634 0.0 157600
1758589124886 0.0 157700
1758589127308 0.0 157800
1758589129938 0.0 157900
1758589132561 0.0 158000
1758589135141 0.0 158100
1758589137690 0.0 158200
1758589140223 0.0 158300
1758589142825 0.0 158400
1758589145400 0.0 158500
1758589147783 0.0 158600
1758589150476 0.0 158700
1758589153077 0.0 158800
1758589155694 0.0 158900
1758589158106 0.0 159000
1758589160692 0.0 159100
1758589163305 0.0 159200
1758589165934 0.0 159300
1758589168802 0.0 159400
1758589171625 0.0 159500
1758589174261 0.0 159600
1758589177057 0.0 159700
1758589179785 0.0 159800
1758589182485 0.0 159900
1758589185460 0.0 160000
1758589188086 0.0 160100
1758589190742 0.0 160200
1758589193513 0.0 160300
1758589196152 0.0 160400
1758589198818 0.0 160500
1758589201493 0.0 160600
1758589204151 0.0 160700
1758589206732 0.0 160800
1758589209518 0.0 160900
1758589212222 0.0 161000
1758589215034 0.0 161100
1758589217555 0.0 161200
1758589219839 0.0 161300
1758589222417 0.0 161400
1758589225111 0.0 161500
1758589227701 0.0 161600
1758589230261 0.0 161700
1758589232832 0.0 161800
1758589235426 0.0 161900
1758589237847 0.0 162000
1758589240276 0.0 162100
1758589243222 0.0 162200
1758589246116 0.0 162300
1758589248994 0.0 162400
1758589251812 0.0 162500
1758589254732 0.0 162600
1758589257804 0.0 162700
1758589260808 0.0 162800
1758589263701 0.0 162900
1758589266525 0.0 163000
1758589269655 0.0 163100
1758589272765 0.0 163200
1758589275764 0.0 163300
1758589278567 0.0 163400
1758589282093 0.0 163500
1758589284719 0.0 163600
1758589287375 0.0 163700
1758589290138 0.0 163800
1758589292872 0.0 163900
1758589295802 0.0 164000
1758589298739 0.0 164100
1758589301599 0.0 164200
1758589304399 0.0 164300
1758589307140 0.0 164400
1758589309466 0.0 164500
1758589311769 0.0 164600
1758589314530 0.0 164700
1758589317581 0.0 164800
1758589320825 0.0 164900
1758589323485 0.0 165000
1758589326247 0.0 165100
1758589328864 0.0 165200
1758589331464 0.0 165300
1758589334007 0.0 165400
1758589336663 0.0 165500
1758589339273 0.0 165600
1758589341821 0.0 165700
1758589344309 0.0 165800
1758589346607 0.0 165900
1758589348858 0.0 166000
1758589351002 0.0 166100
1758589353181 0.0 166200
1758589355371 0.0 166300
1758589357508 0.0 166400
1758589359624 0.0 166500
1758589361737 0.0 166600
1758589363991 0.0 166700
1758589366274 0.0 166800
1758589368615 0.0 166900
1758589371025 0.0 167000
1758589373501 0.0 167100
1758589375847 0.0 167200
1758589378186 0.0 167300
1758589380569 0.0 167400
1758589382846 0.0 167500
1758589385107 0.0 167600
1758589387409 0.0 167700
1758589389819 0.0 167800
1758589392250 0.0 167900
1758589395410 0.0 168000
1758589398203 0.0 168100
1758589401059 0.0 168200
1758589404268 0.0 168300
1758589407215 0.0 168400
1758589409912 0.0 168500
1758589412624 0.0 168600
1758589415608 0.0 168700
1758589418260 0.0 168800
1758589420595 0.0 168900
1758589423262 0.0 169000
1758589426126 0.0 169100
1758589428641 0.0 169200
1758589431170 0.0 169300
1758589433759 0.0 169400
1758589436705 0.0 169500
1758589439756 0.0 169600
1758589442625 0.0 169700
1758589445299 0.0 169800
1758589447744 0.0 169900
1758589450443 0.0 170000
1758589453196 0.0 170100
1758589455986 0.0 170200
1758589458430 0.0 170300
1758589461036 0.0 170400
1758589463490 0.0 170500
1758589466046 0.0 170600
1758589468709 0.0 170700
1758589471231 0.0 170800
1758589474112 0.0 170900
1758589477241 0.0 171000
1758589480193 0.0 171100
1758589482650 0.0 171200
1758589485058 0.0 171300
1758589487497 0.0 171400
1758589489918 0.0 171500
1758589492332 0.0 171600
1758589494725 0.0 171700
1758589497585 0.0 171800
1758589500298 0.0 171900
1758589503037 0.0 172000
1758589505810 0.0 172100
1758589509487 0.0 172200
1758589512905 0.0 172300
1758589516211 0.0 172400
1758589519206 0.0 172500
1758589521936 0.0 172600
1758589524813 0.0 172700
1758589527498 0.0 172800
1758589529708 0.0 172900
1758589532010 0.0 173000
1758589534467 0.0 173100
1758589536943 0.0 173200
1758589539369 0.0 173300
1758589541893 0.0 173400
1758589544280 0.0 173500
1758589546699 0.0 173600
1758589548780 0.0 173700
1758589551056 0.0 173800
1758589553467 0.0 173900
1758589555748 0.0 174000
1758589558131 0.0 174100
1758589560519 0.0 174200
1758589562782 0.0 174300
1758589565464 0.0 174400
1758589567953 0.0 174500
1758589570326 0.0 174600
1758589572672 0.0 174700
1758589575029 0.0 174800
1758589577512 0.0 174900
1758589579896 0.0 175000
1758589582237 0.0 175100
1758589584669 0.0 175200
1758589587005 0.0 175300
1758589589430 0.0 175400
1758589591829 0.0 175500
1758589594161 0.0 175600
1758589596569 0.0 175700
1758589598993 0.0 175800
1758589601717 0.0 175900
1758589604956 0.0 176000
1758589608032 0.0 176100
1758589610910 0.0 176200
1758589613532 0.0 176300
1758589616192 0.0 176400
1758589618744 0.0 176500
1758589621159 0.0 176600
1758589623586 0.0 176700
1758589625984 0.0 176800
1758589628455 0.0 176900
1758589631082 0.0 177000
1758589633542 0.0 177100
1758589635951 0.0 177200
1758589638699 0.0 177300
1758589640958 0.0 177400
1758589643122 0.0 177500
1758589645698 0.0 177600
1758589648130 0.0 177700
1758589650549 0.0 177800
1758589652873 0.0 177900
1758589655022 0.0 178000
1758589657257 0.0 178100
1758589659844 0.0 178200
1758589662240 0.0 178300
1758589664734 0.0 178400
1758589667136 0.0 178500
1758589669608 0.0 178600
1758589672039 0.0 178700
1758589674588 0.0 178800
1758589677066 0.0 178900
1758589679512 0.0 179000
1758589682020 0.0 179100
1758589684637 0.0 179200
1758589687372 0.0 179300
1758589689816 0.0 179400
1758589692296 0.0 179500
1758589694788 0.0 179600
1758589697257 0.0 179700
1758589699534 0.0 179800
1758589701794 0.0 179900
1758589704099 0.0 180000
1758589706487 0.0 180100
1758589708708 0.0 180200
1758589710990 0.0 180300
1758589713298 0.0 180400
1758589716050 0.0 180500
1758589718782 0.0 180600
1758589721453 0.0 180700
1758589724159 0.0 180800
1758589726832 0.0 180900
1758589729598 0.0 181000
1758589732460 0.0 181100
1758589735240 0.0 181200
1758589737965 0.0 181300
1758589740751 0.0 181400
1758589743440 0.0 181500
1758589746159 0.0 181600
1758589748912 0.0 181700
1758589751891 0.0 181800
1758589754736 0.0 181900
1758589757570 0.0 182000
1758589760396 0.0 182100
1758589763211 0.0 182200
1758589765686 0.0 182300
1758589768077 0.0 182400
1758589770306 0.0 182500
1758589772676 0.0 182600
1758589775250 0.0 182700
1758589777499 0.0 182800
1758589779762 0.0 182900
1758589781942 0.0 183000
1758589784141 0.0 183100
1758589786382 0.0 183200
1758589788775 0.0 183300
1758589791178 0.0 183400
1758589793399 0.0 183500
1758589795669 0.0 183600
1758589797954 0.0 183700
1758589800676 0.0 183800
1758589803603 0.0 183900
1758589806535 0.0 184000
1758589809581 0.0 184100
1758589812941 0.0 184200
1758589816250 0.0 184300
1758589819702 0.0 184400
1758589822608 0.0 184500
1758589824954 0.0 184600
1758589827241 0.0 184700
1758589829564 0.0 184800
1758589831948 0.0 184900
1758589834150 0.0 185000
1758589836340 0.0 185100
1758589838586 0.0 185200
1758589840899 0.0 185300
1758589843334 0.0 185400
1758589846131 0.0 185500
1758589849076 0.0 185600
1758589851609 0.0 185700
1758589854188 0.0 185800
1758589856482 0.0 185900
1758589858766 0.0 186000
1758589861091 0.0 186100
1758589863550 0.0 186200
1758589865795 0.0 186300
1758589868186 0.0 186400
1758589870720 0.0 186500
1758589873214 0.0 186600
1758589875512 0.0 186700
1758589877995 0.0 186800
1758589881022 0.0 186900
1758589883931 0.0 187000
1758589886350 0.0 187100
1758589888983 0.0 187200
1758589891593 0.0 187300
1758589893858 0.0 187400
1758589896324 0.0 187500
1758589898748 0.0 187600
1758589901070 0.0 187700
1758589903574 0.0 187800
1758589906023 0.0 187900
1758589908327 0.0 188000
1758589910625 0.0 188100
1758589912942 0.0 188200
1758589915297 0.0 188300
1758589917646 0.0 188400
1758589919977 0.0 188500
1758589922172 0.0 188600
1758589924428 0.0 188700
1758589926689 0.0 188800
1758589928985 0.0 188900
1758589931187 0.0 189000
1758589933399 0.0 189100
1758589935951 0.0 189200
1758589938341 0.0 189300
1758589940498 0.0 189400
1758589942688 0.0 189500
1758589945031 0.0 189600
1758589947405 0.0 189700
1758589949907 0.0 189800
1758589952106 0.0 189900
1758589954395 0.0 190000
1758589956834 0.0 190100
1758589959215 0.0 190200
1758589961668 0.0 190300
1758589963920 0.0 190400
1758589966162 0.0 190500
1758589968480 0.0 190600
1758589970723 0.0 190700
1758589973102 0.0 190800
1758589976104 0.0 190900
1758589978827 0.0 191000
1758589981807 0.0 191100
1758589984857 0.0 191200
1758589987673 0.0 191300
1758589990877 0.0 191400
1758589993965 0.0 191500
1758589997164 0.0 191600
1758590000451 0.0 191700
1758590005046 0.0 191800
1758590011595 0.0 191900
1758590015203 0.0 192000
1758590019304 0.0 192100
1758590024831 0.0 192200
1758590027844 0.0 192300
1758590030740 0.0 192400
1758590033672 0.0 192500
1758590036140 0.0 192600
1758590038530 0.0 192700
1758590040791 0.0 192800
1758590043105 0.0 192900
1758590045417 0.0 193000
1758590047706 0.0 193100
1758590050593 0.0 193200
1758590052820 0.0 193300
1758590055163 0.0 193400
1758590057603 0.0 193500
1758590060042 0.0 193600
1758590062582 0.0 193700
1758590065048 0.0 193800
1758590067831 0.0 193900
1758590070438 0.0 194000
1758590073001 0.0 194100
1758590075496 0.0 194200
1758590078298 0.0 194300
1758590080842 0.0 194400
1758590083151 0.0 194500
1758590085403 0.0 194600
1758590087813 0.0 194700
1758590090075 0.0 194800
1758590092442 0.0 194900
1758590094676 0.0 195000
1758590097602 0.0 195100
1758590100547 0.0 195200
1758590103071 0.0 195300
1758590105473 0.0 195400
1758590108161 0.0 195500
1758590110721 0.0 195600
1758590113259 0.0 195700
1758590115915 0.0 195800
1758590118670 0.0 195900
1758590121355 0.0 196000
1758590124167 0.0 196100
1758590126537 0.0 196200
1758590128981 0.0 196300
1758590131678 0.0 196400
1758590134561 0.0 196500
1758590137296 0.0 196600
1758590140176 0.0 196700
1758590142992 0.0 196800
1758590145420 0.0 196900
1758590148196 0.0 197000
1758590151138 0.0 197100
1758590154136 0.0 197200
1758590156992 0.0 197300
1758590159819 0.0 197400
1758590162560 0.0 197500
1758590165334 0.0 197600
1758590168149 0.0 197700
1758590171238 0.0 197800
1758590174188 0.0 197900
1758590176997 0.0 198000
1758590179852 0.0 198100
1758590182623 0.0 198200
1758590185029 0.0 198300
1758590187499 0.0 198400
1758590190117 0.0 198500
1758590192830 0.0 198600
1758590195335 0.0 198700
1758590197802 0.0 198800
1758590200663 0.0 198900
1758590203551 0.0 199000
1758590206280 0.0 199100
1758590209010 0.0 199200
1758590211738 0.0 199300
1758590214589 0.0 199400
1758590217426 0.0 199500
1758590220468 0.0 199600
1758590223291 0.0 199700
1758590226110 0.0 199800
1758590229211 0.0 199900
1758590232087 0.0 200000
1758590235119 0.0 200100
1758590238146 0.0 200200
1758590241149 0.0 200300
1758590243993 0.0 200400
1758590246997 0.0 200500
1758590249997 0.0 200600
1758590252963 0.0 200700
1758590255955 0.0 200800
1758590259124 0.0 200900
1758590261948 0.0 201000
1758590265044 0.0 201100
1758590267991 0.0 201200
1758590271088 0.0 201300
1758590274126 0.0 201400
1758590277206 0.0 201500
1758590279665 0.0 201600
1758590282624 0.0 201700
1758590285638 0.0 201800
1758590288668 0.0 201900
1758590291547 0.0 202000
1758590294571 0.0 202100
1758590297792 0.0 202200
1758590300919 0.0 202300
1758590303775 0.0 202400
1758590306889 0.0 202500
1758590309879 0.0 202600
1758590312956 0.0 202700
1758590315822 0.0 202800
1758590318920 0.0 202900
1758590322024 0.0 203000
1758590325286 0.0 203100
1758590328211 0.0 203200
1758590331356 0.0 203300
1758590334625 0.0 203400
1758590337671 0.0 203500
1758590341474 0.0 203600
1758590344650 0.0 203700
1758590347775 0.0 203800
1758590350734 0.0 203900
1758590353889 0.0 204000
1758590357061 0.0 204100
1758590360148 0.0 204200
1758590363397 0.0 204300
1758590366131 0.0 204400
1758590368963 0.0 204500
1758590371856 0.0 204600
1758590374833 0.0 204700
1758590378018 0.0 204800
1758590381067 0.0 204900
1758590384210 0.0 205000
1758590387108 0.0 205100
1758590390296 0.0 205200
1758590393604 0.0 205300
1758590397616 0.0 205400
1758590400829 0.0 205500
1758590404534 0.0 205600
1758590407688 0.0 205700
1758590410278 0.0 205800
1758590412808 0.0 205900
1758590415837 0.0 206000
1758590418738 0.0 206100
1758590421700 0.0 206200
1758590424679 0.0 206300
1758590427739 0.0 206400
1758590430776 0.0 206500
1758590433773 0.0 206600
1758590436739 0.0 206700
1758590439870 0.0 206800
1758590443007 0.0 206900
1758590447568 0.0 207000
1758590451205 0.0 207100
1758590455757 0.0 207200
1758590459191 0.0 207300
1758590462884 0.0 207400
1758590466764 0.0 207500
1758590470328 0.0 207600
1758590473963 0.0 207700
1758590477488 0.0 207800
1758590480447 0.0 207900
1758590483604 0.0 208000
1758590487063 0.0 208100
1758590492833 0.0 208200
1758590496316 0.0 208300
1758590499639 0.0 208400
1758590503554 0.0 208500
1758590508688 0.0 208600
1758590515025 0.0 208700
1758590519514 0.0 208800
1758590524307 0.0 208900
1758590530812 0.0 209000
1758590536318 0.0 209100
1758590540237 0.0 209200
1758590543940 0.0 209300
