1758585935327 0.0 100
1758585936597 0.0 200
1758585937891 0.0 300
1758585939161 0.0 400
1758585940454 0.0 500
1758585941809 0.0 600
1758585943170 0.0 700
1758585944665 0.0 800
1758585945999 0.0 900
1758585947343 0.0 1000
1758585948949 0.0 1100
1758585950323 0.0 1200
1758585951735 0.0 1300
1758585953579 0.0 1400
1758585955484 0.0 1500
1758585957405 0.0 1600
1758585959284 0.0 1700
1758585961142 0.0 1800
1758585962548 0.0 1900
1758585964482 0.0 2000
1758585965887 0.0 2100
1758585967802 0.0 2200
1758585969213 0.0 2300
1758585971125 0.0 2400
1758585973043 0.0 2500
1758585974432 0.0 2600
1758585975835 0.0 2700
1758585977717 0.0 2800
1758585979588 0.0 2900
1758585980951 0.0 3000
1758585982834 0.0 3100
1758585984679 0.0 3200
1758585986081 0.0 3300
1758585987997 0.0 3400
1758585989413 0.0 3500
1758585991313 0.0 3600
1758585992714 0.0 3700
1758585994135 0.0 3800
1758585996043 0.0 3900
1758585997873 0.0 4000
1758585999137 0.0 4100
1758586000397 0.0 4200
1758586001737 0.0 4300
1758586003711 0.0 4400
1758586005104 0.0 4500
1758586006421 0.0 4600
1758586007724 0.0 4700
1758586009040 0.0 4800
1758586010330 0.0 4900
1758586011642 0.0 5000
1758586012919 0.0 5100
1758586014250 0.0 5200
1758586015582 0.0 5300
1758586017518 0.0 5400
1758586019424 0.0 5500
1758586020865 0.0 5600
1758586022234 0.0 5700
1758586023793 0.0 5800
1758586025337 0.0 5900
1758586027305 0.0 6000
1758586029286 0.0 6100
1758586031202 0.0 6200
1758586033175 0.0 6300
1758586034813 0.0 6400
1758586036264 0.0 6500
1758586037708 0.0 6600
1758586039086 0.0 6700
1758586040735 0.0 6800
1758586042255 0.0 6900
1758586043934 0.0 7000
1758586045628 0.0 7100
1758586047050 0.0 7200
1758586048511 0.0 7300
1758586049908 0.0 7400
1758586051560 0.0 7500
1758586053258 0.0 7600
1758586054680 0.0 7700
1758586056372 0.0 7800
1758586057769 0.0 7900
1758586059592 0.0 8000
1758586061268 0.0 8100
1758586063291 0.0 8200
1758586065106 0.0 8300
1758586066566 0.0 8400
1758586068549 0.0 8500
1758586070196 0.0 8600
1758586072056 0.0 8700
1758586073846 0.0 8800
1758586075965 0.0 8900
1758586077790 0.0 9000
1758586079785 0.0 9100
1758586081788 0.0 9200
1758586083740 0.0 9300
1758586085379 0.0 9400
1758586087117 0.0 9500
1758586088915 0.0 9600
1758586090460 0.0 9700
1758586092012 0.0 9800
1758586093582 0.0 9900
1758586095483 0.0 10000
1758586097273 0.0 10100
1758586099047 0.0 10200
1758586100938 0.0 10300
1758586103421 0.0 10400
1758586105747 0.0 10500
1758586108085 0.0 10600
1758586110230 0.0 10700
1758586111602 0.0 10800
1758586113182 0.0 10900
1758586114882 0.0 11000
1758586116285 0.0 11100
1758586117753 0.0 11200
1758586119771 0.0 11300
1758586121136 0.0 11400
1758586122613 0.0 11500
1758586124039 0.0 11600
1758586125724 0.0 11700
1758586127204 0.0 11800
1758586128902 0.0 11900
1758586130444 0.0 12000
1758586132156 0.0 12100
1758586133741 0.0 12200
1758586135259 0.0 12300
1758586136975 0.0 12400
1758586138710 0.0 12500
1758586140647 0.0 12600
1758586142525 0.0 12700
1758586144044 0.0 12800
1758586145923 0.0 12900
1758586147877 0.0 13000
1758586149464 0.0 13100
1758586151235 0.0 13200
1758586152726 0.0 13300
1758586154152 0.0 13400
1758586155845 0.0 13500
1758586157654 0.0 13600
1758586159523 0.0 13700
1758586161271 0.0 13800
1758586162743 0.0 13900
1758586164444 0.0 14000
1758586165927 0.0 14100
1758586167896 0.0 14200
1758586169701 0.0 14300
1758586171331 0.0 14400
1758586172830 0.0 14500
1758586174831 0.0 14600
1758586177083 0.0 14700
1758586178672 0.0 14800
1758586180134 0.0 14900
1758586181558 0.0 15000
1758586183398 0.0 15100
1758586185563 0.0 15200
1758586188060 0.0 15300
1758586191240 0.0 15400
1758586194040 0.0 15500
1758586198373 0.0 15600
1758586200542 0.0 15700
1758586203310 0.0 15800
1758586208462 0.0 15900
1758586214012 0.0 16000
1758586219399 0.0 16100
1758586223776 0.0 16200
1758586228712 0.0 16300
1758586233389 0.0 16400
1758586238020 0.0 16500
1758586242585 0.0 16600
1758586246591 0.0 16700
1758586251431 0.0 16800
1758586256854 0.0 16900
1758586262290 0.0 17000
1758586267315 0.0 17100
1758586270572 0.0 17200
1758586275104 0.0 17300
1758586280254 0.0 17400
1758586285917 0.0 17500
1758586289423 0.0 17600
1758586293269 0.0 17700
1758586295723 0.0 17800
1758586298344 0.0 17900
1758586301063 0.0 18000
1758586303883 0.0 18100
1758586306387 0.0 18200
1758586308969 0.0 18300
1758586311817 0.0 18400
1758586315025 0.0 18500
1758586318087 0.0 18600
1758586321115 0.0 18700
1758586324207 0.0 18800
1758586327905 0.0 18900
1758586331927 0.0 19000
1758586335836 0.0 19100
1758586339628 0.0 19200
1758586343178 0.0 19300
1758586346811 0.0 19400
1758586351016 0.0 19500
1758586354211 0.0 19600
1758586357633 0.0 19700
1758586361279 0.0 19800
1758586364508 0.0 19900
1758586367028 0.0 20000
1758586369700 0.0 20100
1758586372787 0.0 20200
1758586375137 0.0 20300
1758586378039 0.0 20400
1758586380456 0.0 20500
1758586383245 0.0 20600
1758586385927 0.0 20700
1758586388791 0.0 20800
1758586391571 0.0 20900
1758586394375 0.0 21000
1758586397516 0.0 21100
1758586400383 0.0 21200
1758586403237 0.0 21300
1758586405808 0.0 21400
1758586407990 0.0 21500
1758586410143 0.0 21600
1758586412388 0.0 21700
1758586415014 0.0 21800
1758586417589 0.0 21900
1758586420353 0.0 22000
1758586422644 0.0 22100
1758586424512 0.0 22200
1758586426743 0.0 22300
1758586429017 0.0 22400
1758586431210 0.0 22500
1758586433367 0.0 22600
1758586435192 0.0 22700
1758586437227 0.0 22800
1758586438949 0.0 22900
1758586440755 0.0 23000
1758586442476 0.0 23100
1758586444355 0.0 23200
1758586445953 0.0 23300
1758586447764 0.0 23400
1758586449261 0.0 23500
1758586451017 0.0 23600
1758586452994 0.0 23700
1758586455162 0.0 23800
1758586457028 0.0 23900
1758586458974 0.0 24000
1758586461564 0.0 24100
1758586463911 0.0 24200
1758586466184 0.0 24300
1758586468111 0.0 24400
1758586469979 0.0 24500
1758586471893 0.0 24600
1758586473470 0.0 24700
1758586474916 0.0 24800
1758586476874 0.0 24900
1758586478978 0.0 25000
1758586481197 0.0 25100
1758586483213 0.0 25200
1758586485295 0.0 25300
1758586487426 0.0 25400
1758586489504 0.0 25500
1758586491377 0.0 25600
1758586493169 0.0 25700
1758586495059 0.0 25800
1758586496837 0.0 25900
1758586498700 0.0 26000
1758586500611 0.0 26100
1758586502478 0.0 26200
1758586504867 0.0 26300
1758586507369 0.0 26400
1758586511965 0.0 26500
1758586515283 0.0 26600
1758586518130 0.0 26700
1758586521008 0.0 26800
1758586523612 0.0 26900
1758586525684 0.0 27000
1758586527496 0.0 27100
1758586529858 0.0 27200
1758586532768 0.0 27300
1758586534337 0.0 27400
1758586535897 0.0 27500
1758586537832 0.0 27600
1758586539342 0.0 27700
1758586541097 0.0 27800
1758586542713 0.0 27900
1758586544448 0.0 28000
1758586546404 0.0 28100
1758586548235 0.0 28200
1758586550377 0.0 28300
1758586552449 0.0 28400
1758586554369 0.0 28500
1758586557062 0.0 28600
1758586559249 0.0 28700
1758586561538 0.0 28800
1758586564197 0.0 28900
1758586566515 0.0 29000
1758586568904 0.0 29100
1758586570605 0.0 29200
1758586572180 0.0 29300
1758586573803 0.0 29400
1758586575583 0.0 29500
1758586577084 0.0 29600
1758586578642 0.0 29700
1758586580187 0.0 29800
1758586581809 0.0 29900
1758586583292 0.0 30000
1758586584763 0.0 30100
1758586586395 0.0 30200
1758586587960 0.0 30300
1758586589530 0.0 30400
1758586591003 0.0 30500
1758586592543 0.0 30600
1758586594078 0.0 30700
1758586595693 0.0 30800
1758586597242 0.0 30900
1758586598841 0.0 31000
1758586600366 0.0 31100
1758586601931 0.0 31200
1758586603542 0.0 31300
1758586605352 0.0 31400
1758586607339 0.0 31500
1758586610341 0.0 31600
1758586612660 0.0 31700
1758586614823 0.0 31800
1758586616632 0.0 31900
1758586619109 0.0 32000
1758586621176 0.0 32100
1758586623232 0.0 32200
1758586624861 0.0 32300
1758586626550 0.0 32400
1758586629104 0.0 32500
1758586631347 0.0 32600
1758586633556 0.0 32700
1758586635577 0.0 32800
1758586637542 0.0 32900
1758586638999 0.0 33000
1758586640638 0.0 33100
1758586642224 0.0 33200
1758586643640 0.0 33300
1758586645077 0.0 33400
1758586646568 0.0 33500
1758586648748 0.0 33600
1758586650830 0.0 33700
1758586652721 0.0 33800
1758586654857 0.0 33900
1758586657063 0.0 34000
1758586659209 0.0 34100
1758586661540 0.0 34200
1758586664154 0.0 34300
1758586666522 0.0 34400
1758586668792 0.0 34500
1758586671336 0.0 34600
1758586673419 0.0 34700
1758586676081 0.0 34800
1758586678592 0.0 34900
1758586681641 0.0 35000
1758586684176 0.0 35100
1758586686364 0.0 35200
1758586687928 0.0 35300
1758586689462 0.0 35400
1758586690977 0.0 35500
1758586692699 0.0 35600
1758586694308 0.0 35700
1758586695882 0.0 35800
1758586697647 0.0 35900
1758586699099 0.0 36000
1758586700536 0.0 36100
1758586702272 0.0 36200
1758586703822 0.0 36300
1758586705534 0.0 36400
1758586707244 0.0 36500
1758586708880 0.0 36600
1758586710895 0.0 36700
1758586713132 0.0 36800
1758586715447 0.0 36900
1758586717631 0.0 37000
1758586720402 0.0 37100
1758586724698 0.0 37200
1758586729314 0.0 37300
1758586732375 0.0 37400
1758586735142 0.0 37500
1758586737422 0.0 37600
1758586740429 0.0 37700
1758586742558 0.0 37800
1758586744171 0.0 37900
1758586745801 0.0 38000
1758586747657 0.0 38100
1758586749923 0.0 38200
1758586751913 0.0 38300
1758586753787 0.0 38400
1758586755506 0.0 38500
1758586757228 0.0 38600
1758586758611 0.0 38700
1758586759992 0.0 38800
1758586761463 0.0 38900
1758586762891 0.0 39000
1758586764339 0.0 39100
1758586766324 0.0 39200
1758586768031 0.0 39300
1758586770039 0.0 39400
1758586771773 0.0 39500
1758586773338 0.0 39600
1758586774776 0.0 39700
1758586776271 0.0 39800
1758586777794 0.0 39900
1758586779507 0.0 40000
1758586780914 0.0 40100
1758586782447 0.0 40200
1758586784100 0.0 40300
1758586785873 0.0 40400
1758586787746 0.0 40500
1758586790078 0.0 40600
1758586792550 0.0 40700
1758586794515 0.0 40800
1758586796297 0.0 40900
1758586798109 0.0 41000
1758586800072 0.0 41100
1758586802188 0.0 41200
1758586804047 0.0 41300
1758586805523 0.0 41400
1758586807090 0.0 41500
1758586808845 0.0 41600
1758586810456 0.0 41700
1758586812170 0.0 41800
1758586813876 0.0 41900
1758586815594 0.0 42000
1758586817201 0.0 42100
1758586818660 0.0 42200
1758586820180 0.0 42300
1758586821614 0.0 42400
1758586823165 0.0 42500
1758586824783 0.0 42600
1758586826584 0.0 42700
1758586828455 0.0 42800
1758586830073 0.0 42900
1758586831635 0.0 43000
1758586833381 0.0 43100
1758586835097 0.0 43200
1758586836952 0.0 43300
1758586838613 0.0 43400
1758586840144 0.0 43500
1758586841714 0.0 43600
1758586843224 0.0 43700
1758586844766 0.0 43800
1758586846306 0.0 43900
1758586847908 0.0 44000
1758586849380 0.0 44100
1758586850799 0.0 44200
1758586852687 0.0 44300
1758586854530 0.0 44400
1758586856427 0.0 44500
1758586858374 0.0 44600
1758586860327 0.0 44700
1758586862279 0.0 44800
1758586864320 0.0 44900
1758586866348 0.0 45000
1758586868760 0.0 45100
1758586870703 0.0 45200
1758586872605 0.0 45300
1758586874518 0.0 45400
1758586876362 0.0 45500
1758586878227 0.0 45600
1758586880021 0.0 45700
1758586881565 0.0 45800
1758586883274 0.0 45900
1758586885166 0.0 46000
1758586886915 0.0 46100
1758586888487 0.0 46200
1758586890008 0.0 46300
1758586891496 0.0 46400
1758586893064 0.0 46500
1758586895139 0.0 46600
1758586896670 0.0 46700
1758586898174 0.0 46800
1758586899701 0.0 46900
1758586901762 0.0 47000
1758586903461 0.0 47100
1758586905065 0.0 47200
1758586907113 0.0 47300
1758586909028 0.0 47400
1758586911036 0.0 47500
1758586912988 0.0 47600
1758586915041 0.0 47700
1758586917118 0.0 47800
1758586919211 0.0 47900
1758586921398 0.0 48000
1758586923553 0.0 48100
1758586925678 0.0 48200
1758586927726 0.0 48300
1758586929870 0.0 48400
1758586932409 0.0 48500
1758586934492 0.0 48600
1758586936623 0.0 48700
1758586938815 0.0 48800
1758586941081 0.0 48900
1758586943389 0.0 49000
1758586945540 0.0 49100
1758586947698 0.0 49200
1758586949569 0.0 49300
1758586951739 0.0 49400
1758586953576 0.0 49500
1758586955194 0.0 49600
1758586956743 0.0 49700
1758586958261 0.0 49800
1758586959808 0.0 49900
1758586961744 0.0 50000
1758586963577 0.0 50100
1758586965074 0.0 50200
1758586966666 0.0 50300
1758586968319 0.0 50400
1758586970286 0.0 50500
1758586971952 0.0 50600
1758586973435 0.0 50700
1758586975031 0.0 50800
1758586976729 0.0 50900
1758586978390 0.0 51000
1758586980005 0.0 51100
1758586981616 0.0 51200
1758586983294 0.0 51300
1758586984927 0.0 51400
1758586986715 0.0 51500
1758586988333 0.0 51600
1758586989920 0.0 51700
1758586991769 0.0 51800
1758586993599 0.0 51900
1758586995307 0.0 52000
1758586996899 0.0 52100
1758586998536 0.0 52200
1758587000343 0.0 52300
1758587002106 0.0 52400
1758587003794 0.0 52500
1758587005668 0.0 52600
1758587007454 0.0 52700
1758587009171 0.0 52800
1758587010798 0.0 52900
1758587012474 0.0 53000
1758587014123 0.0 53100
1758587015989 0.0 53200
1758587017685 0.0 53300
1758587019319 0.0 53400
1758587020989 0.0 53500
1758587022750 0.0 53600
1758587024506 0.0 53700
1758587026577 0.0 53800
1758587028109 0.0 53900
1758587029638 0.0 54000
1758587031210 0.0 54100
1758587032842 0.0 54200
1758587034447 0.0 54300
1758587036037 0.0 54400
1758587037714 0.0 54500
1758587039460 0.0 54600
1758587041155 0.0 54700
1758587042798 0.0 54800
1758587044724 0.0 54900
1758587046523 0.0 55000
1758587048178 0.0 55100
1758587050542 0.0 55200
1758587052269 0.0 55300
1758587054027 0.0 55400
1758587056123 0.0 55500
1758587057962 0.0 55600
1758587059865 0.0 55700
1758587061556 0.0 55800
1758587063561 0.0 55900
1758587065339 0.0 56000
1758587067250 0.0 56100
1758587068898 0.0 56200
1758587070997 0.0 56300
1758587072763 0.0 56400
1758587074444 0.0 56500
1758587076314 0.0 56600
1758587077972 0.0 56700
1758587079489 0.0 56800
1758587081022 0.0 56900
1758587082542 0.0 57000
1758587084049 0.0 57100
1758587085557 0.0 57200
1758587087105 0.0 57300
1758587088654 0.0 57400
1758587090638 0.0 57500
1758587092335 0.0 57600
1758587093938 0.0 57700
1758587095617 0.0 57800
1758587097413 0.0 57900
1758587099141 0.0 58000
1758587100827 0.0 58100
1758587102341 0.0 58200
1758587104131 0.0 58300
1758587105911 0.0 58400
1758587107468 0.0 58500
1758587109083 0.0 58600
1758587110612 0.0 58700
1758587112384 0.0 58800
1758587114063 0.0 58900
1758587115655 0.0 59000
1758587117232 0.0 59100
1758587118824 0.0 59200
1758587120674 0.0 59300
1758587122832 0.0 59400
1758587124889 0.0 59500
1758587126578 0.0 59600
1758587128252 0.0 59700
1758587129962 0.0 59800
1758587131549 0.0 59900
1758587133199 0.0 60000
1758587135087 0.0 60100
1758587137137 0.0 60200
1758587138888 0.0 60300
1758587140533 0.0 60400
1758587142118 0.0 60500
1758587143668 0.0 60600
1758587145193 0.0 60700
1758587146790 0.0 60800
1758587148520 0.0 60900
1758587150150 0.0 61000
1758587151998 0.0 61100
1758587153620 0.0 61200
1758587155216 0.0 61300
1758587156838 0.0 61400
1758587158478 0.0 61500
1758587160123 0.0 61600
1758587161974 0.0 61700
1758587163907 0.0 61800
1758587166149 0.0 61900
1758587168160 0.0 62000
1758587169780 0.0 62100
1758587171469 0.0 62200
1758587173447 0.0 62300
1758587175550 0.0 62400
1758587177741 0.0 62500
1758587179981 0.0 62600
1758587182196 0.0 62700
1758587183885 0.0 62800
1758587185901 0.0 62900
1758587188079 0.0 63000
1758587190454 0.0 63100
1758587192456 0.0 63200
1758587194336 0.0 63300
1758587195943 0.0 63400
1758587197744 0.0 63500
1758587199660 0.0 63600
1758587201622 0.0 63700
1758587203734 0.0 63800
1758587206153 0.0 63900
1758587207863 0.0 64000
1758587209858 0.0 64100
1758587212115 0.0 64200
1758587213940 0.0 64300
1758587215956 0.0 64400
1758587218720 0.0 64500
1758587221128 0.0 64600
1758587222807 0.0 64700
1758587224352 0.0 64800
1758587225891 0.0 64900
1758587227603 0.0 65000
1758587229671 0.0 65100
1758587231839 0.0 65200
1758587233669 0.0 65300
1758587235210 0.0 65400
1758587236771 0.0 65500
1758587238364 0.0 65600
1758587240321 0.0 65700
1758587242083 0.0 65800
1758587243782 0.0 65900
1758587245346 0.0 66000
1758587247092 0.0 66100
1758587249114 0.0 66200
1758587251018 0.0 66300
1758587252669 0.0 66400
1758587254239 0.0 66500
1758587255784 0.0 66600
1758587257445 0.0 66700
1758587259170 0.0 66800
1758587261096 0.0 66900
1758587262855 0.0 67000
1758587264698 0.0 67100
1758587266586 0.0 67200
1758587268469 0.0 67300
1758587270085 0.0 67400
1758587271834 0.0 67500
1758587273612 0.0 67600
1758587275210 0.0 67700
1758587276762 0.0 67800
1758587278300 0.0 67900
1758587279927 0.0 68000
1758587281672 0.0 68100
1758587283281 0.0 68200
1758587284970 0.0 68300
1758587286589 0.0 68400
1758587288224 0.0 68500
1758587289845 0.0 68600
1758587291526 0.0 68700
1758587293363 0.0 68800
1758587295126 0.0 68900
1758587296797 0.0 69000
1758587298524 0.0 69100
1758587300485 0.0 69200
1758587302357 0.0 69300
1758587304417 0.0 69400
1758587306162 0.0 69500
1758587309133 0.0 69600
1758587310926 0.0 69700
1758587312649 0.0 69800
1758587314349 0.0 69900
1758587316022 0.0 70000
1758587317817 0.0 70100
1758587319654 0.0 70200
1758587321211 0.0 70300
1758587322808 0.0 70400
1758587324729 0.0 70500
1758587326445 0.0 70600
1758587328263 0.0 70700
1758587330029 0.0 70800
1758587331799 0.0 70900
1758587333550 0.0 71000
1758587335251 0.0 71100
1758587336850 0.0 71200
1758587338533 0.0 71300
1758587340252 0.0 71400
1758587341913 0.0 71500
1758587343527 0.0 71600
1758587345177 0.0 71700
1758587347085 0.0 71800
1758587348807 0.0 71900
1758587350556 0.0 72000
1758587352379 0.0 72100
1758587354197 0.0 72200
1758587355947 0.0 72300
1758587357612 0.0 72400
1758587359284 0.0 72500
1758587360901 0.0 72600
1758587362687 0.0 72700
1758587364381 0.0 72800
1758587366165 0.0 72900
1758587367975 0.0 73000
1758587369620 0.0 73100
1758587371206 0.0 73200
1758587372819 0.0 73300
1758587374393 0.0 73400
1758587375997 0.0 73500
1758587377637 0.0 73600
1758587379301 0.0 73700
1758587381123 0.0 73800
1758587382893 0.0 73900
1758587384542 0.0 74000
1758587386261 0.0 74100
1758587388072 0.0 74200
1758587390151 0.0 74300
1758587392189 0.0 74400
1758587394298 0.0 74500
1758587396204 0.0 74600
1758587398159 0.0 74700
1758587399856 0.0 74800
1758587401844 0.0 74900
1758587404107 0.0 75000
1758587406362 0.0 75100
1758587408758 0.0 75200
1758587411032 0.0 75300
1758587412785 0.0 75400
1758587414730 0.0 75500
1758587416359 0.0 75600
1758587418093 0.0 75700
1758587419738 0.0 75800
1758587421463 0.0 75900
1758587423119 0.0 76000
1758587424877 0.0 76100
1758587426773 0.0 76200
1758587428438 0.0 76300
1758587430149 0.0 76400
1758587431713 0.0 76500
1758587433373 0.0 76600
1758587434997 0.0 76700
1758587436629 0.0 76800
1758587438308 0.0 76900
1758587440008 0.0 77000
1758587441688 0.0 77100
1758587443443 0.0 77200
1758587445102 0.0 77300
1758587446815 0.0 77400
1758587448457 0.0 77500
1758587450123 0.0 77600
1758587451738 0.0 77700
1758587453427 0.0 77800
1758587455116 0.0 77900
1758587456817 0.0 78000
1758587458600 0.0 78100
1758587460559 0.0 78200
1758587462350 0.0 78300
1758587464136 0.0 78400
1758587466027 0.0 78500
1758587467748 0.0 78600
1758587469506 0.0 78700
1758587471333 0.0 78800
1758587473010 0.0 78900
1758587474649 0.0 79000
1758587476506 0.0 79100
1758587478415 0.0 79200
1758587480382 0.0 79300
1758587482351 0.0 79400
1758587484114 0.0 79500
1758587485815 0.0 79600
1758587487526 0.0 79700
1758587489340 0.0 79800
1758587491240 0.0 79900
1758587493197 0.0 80000
1758587495063 0.0 80100
1758587496703 0.0 80200
1758587498321 0.0 80300
1758587500057 0.0 80400
1758587501691 0.0 80500
1758587503406 0.0 80600
1758587505167 0.0 80700
1758587506829 0.0 80800
1758587508498 0.0 80900
1758587510218 0.0 81000
1758587511871 0.0 81100
1758587513643 0.0 81200
1758587515354 0.0 81300
1758587517250 0.0 81400
1758587518964 0.0 81500
1758587520589 0.0 81600
1758587522337 0.0 81700
1758587524290 0.0 81800
1758587526338 0.0 81900
1758587528242 0.0 82000
1758587530108 0.0 82100
1758587531871 0.0 82200
1758587533735 0.0 82300
1758587535724 0.0 82400
1758587537668 0.0 82500
1758587539688 0.0 82600
1758587541445 0.0 82700
1758587543223 0.0 82800
1758587545063 0.0 82900
1758587546953 0.0 83000
1758587548803 0.0 83100
1758587550930 0.0 83200
1758587552839 0.0 83300
1758587554743 0.0 83400
1758587556654 0.0 83500
1758587558414 0.0 83600
1758587560233 0.0 83700
1758587562282 0.0 83800
1758587564125 0.0 83900
1758587565902 0.0 84000
1758587567573 0.0 84100
1758587569313 0.0 84200
1758587571205 0.0 84300
1758587573026 0.0 84400
1758587574759 0.0 84500
1758587576770 0.0 84600
1758587578615 0.0 84700
1758587580345 0.0 84800
1758587582090 0.0 84900
1758587583798 0.0 85000
1758587585662 0.0 85100
1758587587456 0.0 85200
1758587589263 0.0 85300
1758587591180 0.0 85400
1758587593089 0.0 85500
1758587595133 0.0 85600
1758587596815 0.0 85700
1758587598635 0.0 85800
1758587600719 0.0 85900
1758587602926 0.0 86000
1758587604794 0.0 86100
1758587606441 0.0 86200
1758587608179 0.0 86300
1758587610031 0.0 86400
1758587611860 0.0 86500
1758587613698 0.0 86600
1758587616122 0.0 86700
1758587618096 0.0 86800
1758587620409 0.0 86900
1758587622749 0.0 87000
1758587624742 0.0 87100
1758587626716 0.0 87200
1758587628766 0.0 87300
1758587630833 0.0 87400
1758587632672 0.0 87500
1758587634713 0.0 87600
1758587636547 0.0 87700
1758587638285 0.0 87800
1758587640033 0.0 87900
1758587641874 0.0 88000
1758587643744 0.0 88100
1758587645416 0.0 88200
1758587647329 0.0 88300
1758587649463 0.0 88400
1758587651544 0.0 88500
1758587653611 0.0 88600
1758587656315 0.0 88700
1758587658430 0.0 88800
1758587660093 0.0 88900
1758587662222 0.0 89000
1758587664268 0.0 89100
1758587665948 0.0 89200
1758587667690 0.0 89300
1758587669591 0.0 89400
1758587671568 0.0 89500
1758587673474 0.0 89600
1758587675417 0.0 89700
1758587677366 0.0 89800
1758587679319 0.0 89900
1758587681097 0.0 90000
1758587683037 0.0 90100
1758587684765 0.0 90200
1758587686549 0.0 90300
1758587688278 0.0 90400
1758587690217 0.0 90500
1758587692218 0.0 90600
1758587694023 0.0 90700
1758587695849 0.0 90800
1758587697592 0.0 90900
1758587699364 0.0 91000
1758587701227 0.0 91100
1758587703041 0.0 91200
1758587704911 0.0 91300
1758587706795 0.0 91400
1758587708627 0.0 91500
1758587710452 0.0 91600
1758587712253 0.0 91700
1758587714015 0.0 91800
1758587715836 0.0 91900
1758587717573 0.0 92000
1758587719461 0.0 92100
1758587721347 0.0 92200
1758587723344 0.0 92300
1758587725167 0.0 92400
1758587726871 0.0 92500
1758587728604 0.0 92600
1758587730411 0.0 92700
1758587732814 0.0 92800
1758587734793 0.0 92900
1758587736777 0.0 93000
1758587739147 0.0 93100
1758587741486 0.0 93200
1758587743785 0.0 93300
1758587746150 0.0 93400
1758587748603 0.0 93500
1758587750860 0.0 93600
1758587753039 0.0 93700
1758587755311 0.0 93800
1758587757353 0.0 93900
1758587759400 0.0 94000
1758587761484 0.0 94100
1758587763454 0.0 94200
1758587765392 0.0 94300
1758587767170 0.0 94400
1758587769171 0.0 94500
1758587771007 0.0 94600
1758587772893 0.0 94700
1758587774957 0.0 94800
1758587776877 0.0 94900
1758587778975 0.0 95000
1758587780904 0.0 95100
1758587783021 0.0 95200
1758587784967 0.0 95300
1758587787016 0.0 95400
1758587789020 0.0 95500
1758587791055 0.0 95600
1758587792983 0.0 95700
1758587795085 0.0 95800
1758587797168 0.0 95900
1758587799453 0.0 96000
1758587801387 0.0 96100
1758587803418 0.0 96200
1758587805540 0.0 96300
1758587807728 0.0 96400
1758587809780 0.0 96500
1758587811957 0.0 96600
1758587813983 0.0 96700
1758587816211 0.0 96800
1758587818346 0.0 96900
1758587820409 0.0 97000
1758587822441 0.0 97100
1758587825076 0.0 97200
1758587827068 0.0 97300
1758587828936 0.0 97400
1758587830830 0.0 97500
1758587832946 0.0 97600
1758587835056 0.0 97700
1758587837917 0.0 97800
1758587840056 0.0 97900
1758587842216 0.0 98000
1758587843997 0.0 98100
1758587845915 0.0 98200
1758587847795 0.0 98300
1758587849708 0.0 98400
1758587851608 0.0 98500
1758587853907 0.0 98600
1758587855615 0.0 98700
1758587857447 0.0 98800
1758587859222 0.0 98900
1758587860937 0.0 99000
1758587862681 0.0 99100
1758587864484 0.0 99200
1758587866260 0.0 99300
1758587868195 0.0 99400
1758587870029 0.0 99500
1758587871859 0.0 99600
1758587873722 0.0 99700
1758587875521 0.0 99800
1758587877542 0.0 99900
1758587879756 0.0 100000
1758587881608 0.0 100100
1758587883606 0.0 100200
1758587885527 0.0 100300
1758587887281 0.0 100400
1758587889083 0.0 100500
1758587890968 0.0 100600
1758587892871 0.0 100700
1758587894713 0.0 100800
1758587896535 0.0 100900
1758587898417 0.0 101000
1758587900259 0.0 101100
1758587902162 0.0 101200
1758587904232 0.0 101300
1758587906034 0.0 101400
1758587907810 0.0 101500
1758587909671 0.0 101600
1758587911487 0.0 101700
1758587913515 0.0 101800
1758587915585 0.0 101900
1758587917533 0.0 102000
1758587919361 0.0 102100
1758587921153 0.0 102200
1758587923017 0.0 102300
1758587924847 0.0 102400
1758587926677 0.0 102500
1758587928561 0.0 102600
1758587930332 0.0 102700
1758587932117 0.0 102800
1758587934067 0.0 102900
1758587935895 0.0 103000
1758587937712 0.0 103100
1758587939476 0.0 103200
1758587941259 0.0 103300
1758587942977 0.0 103400
1758587944702 0.0 103500
1758587946432 0.0 103600
1758587948210 0.0 103700
1758587950048 0.0 103800
1758587951777 0.0 103900
1758587953694 0.0 104000
1758587955441 0.0 104100
1758587957163 0.0 104200
1758587959221 0.0 104300
1758587961119 0.0 104400
1758587962898 0.0 104500
1758587964648 0.0 104600
1758587966383 0.0 104700
1758587968211 0.0 104800
1758587969973 0.0 104900
1758587971722 0.0 105000
1758587973477 0.0 105100
1758587975259 0.0 105200
1758587977088 0.0 105300
1758587978970 0.0 105400
1758587980927 0.0 105500
1758587982895 0.0 105600
1758587984740 0.0 105700
1758587986666 0.0 105800
1758587988564 0.0 105900
1758587990530 0.0 106000
1758587992450 0.0 106100
1758587994471 0.0 106200
1758587996403 0.0 106300
1758587998814 0.0 106400
1758588000761 0.0 106500
1758588002714 0.0 106600
1758588004673 0.0 106700
1758588006528 0.0 106800
1758588008335 0.0 106900
1758588010219 0.0 107000
1758588012017 0.0 107100
1758588013931 0.0 107200
1758588016032 0.0 107300
1758588017847 0.0 107400
1758588019754 0.0 107500
1758588021614 0.0 107600
1758588023537 0.0 107700
1758588025635 0.0 107800
1758588027558 0.0 107900
1758588029589 0.0 108000
1758588031711 0.0 108100
1758588033722 0.0 108200
1758588036226 0.0 108300
1758588038663 0.0 108400
1758588041335 0.0 108500
1758588043782 0.0 108600
1758588046149 0.0 108700
1758588048377 0.0 108800
1758588050365 0.0 108900
1758588052438 0.0 109000
1758588054640 0.0 109100
1758588056801 0.0 109200
1758588059443 0.0 109300
1758588061683 0.0 109400
1758588064106 0.0 109500
1758588066208 0.0 109600
1758588068229 0.0 109700
1758588070418 0.0 109800
1758588072481 0.0 109900
1758588074700 0.0 110000
1758588077111 0.0 110100
1758588079815 0.0 110200
1758588083174 0.0 110300
1758588085471 0.0 110400
1758588087685 0.0 110500
1758588089984 0.0 110600
1758588092265 0.0 110700
1758588094630 0.0 110800
1758588096919 0.0 110900
1758588099171 0.0 111000
1758588101427 0.0 111100
1758588103609 0.0 111200
1758588105836 0.0 111300
1758588108135 0.0 111400
1758588110519 0.0 111500
1758588113014 0.0 111600
1758588115292 0.0 111700
1758588117664 0.0 111800
1758588119825 0.0 111900
1758588122073 0.0 112000
1758588124296 0.0 112100
1758588126486 0.0 112200
1758588128837 0.0 112300
1758588131083 0.0 112400
1758588133325 0.0 112500
1758588135557 0.0 112600
1758588137803 0.0 112700
1758588140083 0.0 112800
1758588142303 0.0 112900
1758588144637 0.0 113000
1758588147033 0.0 113100
1758588149372 0.0 113200
1758588151916 0.0 113300
1758588154030 0.0 113400
1758588155946 0.0 113500
1758588158041 0.0 113600
1758588160431 0.0 113700
1758588162736 0.0 113800
1758588165104 0.0 113900
1758588167426 0.0 114000
1758588169650 0.0 114100
1758588171859 0.0 114200
1758588174111 0.0 114300
1758588176458 0.0 114400
1758588178495 0.0 114500
1758588180286 0.0 114600
1758588182064 0.0 114700
1758588183861 0.0 114800
1758588185648 0.0 114900
1758588187430 0.0 115000
1758588189372 0.0 115100
1758588191160 0.0 115200
1758588192947 0.0 115300
1758588194734 0.0 115400
1758588196683 0.0 115500
1758588198619 0.0 115600
1758588200479 0.0 115700
1758588202659 0.0 115800
1758588204913 0.0 115900
1758588206949 0.0 116000
1758588208936 0.0 116100
1758588210829 0.0 116200
1758588212753 0.0 116300
1758588214640 0.0 116400
1758588216585 0.0 116500
1758588218420 0.0 116600
1758588220457 0.0 116700
1758588222528 0.0 116800
1758588224506 0.0 116900
1758588226674 0.0 117000
1758588228808 0.0 117100
1758588230976 0.0 117200
1758588233728 0.0 117300
1758588235879 0.0 117400
1758588237877 0.0 117500
1758588240170 0.0 117600
1758588242537 0.0 117700
1758588244818 0.0 117800
1758588246817 0.0 117900
1758588248901 0.0 118000
1758588250777 0.0 118100
1758588252738 0.0 118200
1758588255033 0.0 118300
1758588257360 0.0 118400
1758588259342 0.0 118500
1758588261551 0.0 118600
1758588263892 0.0 118700
1758588265967 0.0 118800
1758588268086 0.0 118900
1758588270311 0.0 119000
1758588272632 0.0 119100
1758588274883 0.0 119200
1758588277248 0.0 119300
1758588279398 0.0 119400
1758588281231 0.0 119500
1758588283084 0.0 119600
1758588285039 0.0 119700
1758588287160 0.0 119800
1758588289233 0.0 119900
1758588291139 0.0 120000
1758588293000 0.0 120100
1758588294874 0.0 120200
1758588296786 0.0 120300
1758588298753 0.0 120400
1758588300728 0.0 120500
1758588302598 0.0 120600
1758588304661 0.0 120700
1758588306835 0.0 120800
1758588309183 0.0 120900
1758588310999 0.0 121000
1758588313062 0.0 121100
1758588315025 0.0 121200
1758588316982 0.0 121300
1758588319102 0.0 121400
1758588321163 0.0 121500
1758588323558 0.0 121600
1758588325665 0.0 121700
1758588327615 0.0 121800
1758588329557 0.0 121900
1758588331512 0.0 122000
1758588333732 0.0 122100
1758588335777 0.0 122200
1758588337630 0.0 122300
1758588339572 0.0 122400
1758588341484 0.0 122500
1758588343508 0.0 122600
1758588345810 0.0 122700
1758588348109 0.0 122800
1758588350283 0.0 122900
1758588352279 0.0 123000
1758588354379 0.0 123100
1758588356536 0.0 123200
1758588358690 0.0 123300
1758588360805 0.0 123400
1758588362708 0.0 123500
1758588364593 0.0 123600
1758588366533 0.0 123700
1758588368617 0.0 123800
1758588370845 0.0 123900
1758588372968 0.0 124000
1758588375091 0.0 124100
1758588377046 0.0 124200
1758588378915 0.0 124300
1758588380731 0.0 124400
1758588382644 0.0 124500
1758588384699 0.0 124600
1758588386652 0.0 124700
1758588388542 0.0 124800
1758588390567 0.0 124900
1758588393030 0.0 125000
1758588395484 0.0 125100
1758588397956 0.0 125200
1758588400421 0.0 125300
1758588403039 0.0 125400
1758588405698 0.0 125500
1758588408284 0.0 125600
1758588410276 0.0 125700
1758588412292 0.0 125800
1758588414220 0.0 125900
1758588416040 0.0 126000
1758588418049 0.0 126100
1758588419966 0.0 126200
1758588422005 0.0 126300
1758588424031 0.0 126400
1758588425854 0.0 126500
1758588427710 0.0 126600
1758588429666 0.0 126700
1758588431579 0.0 126800
1758588433458 0.0 126900
1758588435655 0.0 127000
1758588438043 0.0 127100
1758588440408 0.0 127200
1758588442356 0.0 127300
1758588444209 0.0 127400
1758588446441 0.0 127500
1758588448720 0.0 127600
1758588450828 0.0 127700
1758588452705 0.0 127800
1758588454996 0.0 127900
1758588457227 0.0 128000
1758588459250 0.0 128100
1758588461666 0.0 128200
1758588463799 0.0 128300
1758588465929 0.0 128400
1758588468758 0.0 128500
1758588471363 0.0 128600
1758588473362 0.0 128700
1758588475384 0.0 128800
1758588477338 0.0 128900
1758588479216 0.0 129000
1758588481120 0.0 129100
1758588483096 0.0 129200
1758588485021 0.0 129300
1758588487085 0.0 129400
1758588488968 0.0 129500
1758588491015 0.0 129600
1758588493095 0.0 129700
1758588495191 0.0 129800
1758588497023 0.0 129900
1758588498949 0.0 130000
1758588500909 0.0 130100
1758588503123 0.0 130200
1758588505053 0.0 130300
1758588507223 0.0 130400
1758588509142 0.0 130500
1758588510981 0.0 130600
1758588512857 0.0 130700
1758588514743 0.0 130800
1758588516765 0.0 130900
1758588518887 0.0 131000
1758588520863 0.0 131100
1758588522972 0.0 131200
1758588525140 0.0 131300
1758588527377 0.0 131400
1758588529581 0.0 131500
1758588531881 0.0 131600
1758588533835 0.0 131700
1758588535861 0.0 131800
1758588537792 0.0 131900
1758588539696 0.0 132000
1758588541695 0.0 132100
1758588543612 0.0 132200
1758588545792 0.0 132300
1758588547990 0.0 132400
1758588550272 0.0 132500
1758588552295 0.0 132600
1758588554312 0.0 132700
1758588556472 0.0 132800
1758588559335 0.0 132900
1758588561389 0.0 133000
1758588563529 0.0 133100
1758588565817 0.0 133200
1758588568043 0.0 133300
1758588570405 0.0 133400
1758588572497 0.0 133500
1758588574451 0.0 133600
1758588576414 0.0 133700
1758588578350 0.0 133800
1758588580265 0.0 133900
1758588582200 0.0 134000
1758588584196 0.0 134100
1758588586177 0.0 134200
1758588588282 0.0 134300
1758588590258 0.0 134400
1758588592340 0.0 134500
1758588594598 0.0 134600
1758588596615 0.0 134700
1758588598625 0.0 134800
1758588600576 0.0 134900
1758588602593 0.0 135000
1758588604629 0.0 135100
1758588606887 0.0 135200
1758588609129 0.0 135300
1758588611349 0.0 135400
1758588613621 0.0 135500
1758588615920 0.0 135600
1758588617839 0.0 135700
1758588619720 0.0 135800
1758588621647 0.0 135900
1758588623606 0.0 136000
1758588625748 0.0 136100
1758588627762 0.0 136200
1758588629889 0.0 136300
1758588632103 0.0 136400
1758588634398 0.0 136500
1758588636886 0.0 136600
1758588638983 0.0 136700
1758588640956 0.0 136800
1758588642887 0.0 136900
1758588644914 0.0 137000
1758588646895 0.0 137100
1758588648894 0.0 137200
1758588651150 0.0 137300
1758588653588 0.0 137400
1758588655988 0.0 137500
1758588658332 0.0 137600
1758588660734 0.0 137700
1758588663046 0.0 137800
1758588665384 0.0 137900
1758588667682 0.0 138000
1758588670078 0.0 138100
1758588672424 0.0 138200
1758588674796 0.0 138300
1758588677124 0.0 138400
1758588679590 0.0 138500
1758588681934 0.0 138600
1758588683998 0.0 138700
1758588685961 0.0 138800
1758588688000 0.0 138900
1758588689916 0.0 139000
1758588691940 0.0 139100
1758588694415 0.0 139200
1758588697009 0.0 139300
1758588699215 0.0 139400
1758588701290 0.0 139500
1758588703374 0.0 139600
1758588705418 0.0 139700
1758588707434 0.0 139800
1758588709524 0.0 139900
1758588711573 0.0 140000
1758588714200 0.0 140100
1758588716764 0.0 140200
1758588718763 0.0 140300
1758588720851 0.0 140400
1758588723006 0.0 140500
1758588725129 0.0 140600
1758588727541 0.0 140700
1758588729792 0.0 140800
1758588732275 0.0 140900
1758588734472 0.0 141000
1758588736739 0.0 141100
1758588738836 0.0 141200
1758588741167 0.0 141300
1758588743236 0.0 141400
1758588745700 0.0 141500
1758588748112 0.0 141600
1758588750219 0.0 141700
1758588752193 0.0 141800
1758588754229 0.0 141900
1758588756256 0.0 142000
1758588758348 0.0 142100
1758588760482 0.0 142200
1758588762743 0.0 142300
1758588764748 0.0 142400
1758588766945 0.0 142500
1758588768921 0.0 142600
1758588771149 0.0 142700
1758588773332 0.0 142800
1758588775453 0.0 142900
1758588777438 0.0 143000
1758588779396 0.0 143100
1758588781449 0.0 143200
1758588783490 0.0 143300
1758588786020 0.0 143400
1758588788599 0.0 143500
1758588791182 0.0 143600
1758588793818 0.0 143700
1758588796428 0.0 143800
1758588799008 0.0 143900
1758588801566 0.0 144000
1758588804088 0.0 144100
1758588806315 0.0 144200
1758588808242 0.0 144300
1758588810201 0.0 144400
1758588812145 0.0 144500
1758588814387 0.0 144600
1758588817245 0.0 144700
1758588819235 0.0 144800
1758588821194 0.0 144900
1758588823098 0.0 145000
1758588825335 0.0 145100
1758588827399 0.0 145200
1758588829362 0.0 145300
1758588831368 0.0 145400
1758588833437 0.0 145500
1758588835662 0.0 145600
1758588837996 0.0 145700
1758588840223 0.0 145800
1758588842653 0.0 145900
1758588845345 0.0 146000
1758588847828 0.0 146100
1758588849944 0.0 146200
1758588852376 0.0 146300
1758588855173 0.0 146400
1758588857959 0.0 146500
1758588860707 0.0 146600
1758588863565 0.0 146700
1758588866314 0.0 146800
1758588869105 0.0 146900
1758588871894 0.0 147000
1758588874610 0.0 147100
1758588877276 0.0 147200
1758588879933 0.0 147300
1758588882653 0.0 147400
1758588885237 0.0 147500
1758588887975 0.0 147600
1758588890349 0.0 147700
1758588893025 0.0 147800
1758588895614 0.0 147900
1758588898255 0.0 148000
1758588900908 0.0 148100
1758588903570 0.0 148200
1758588906286 0.0 148300
1758588909009 0.0 148400
1758588911841 0.0 148500
1758588914285 0.0 148600
1758588916830 0.0 148700
1758588919481 0.0 148800
1758588921875 0.0 148900
1758588924064 0.0 149000
1758588926366 0.0 149100
1758588928703 0.0 149200
1758588930954 0.0 149300
1758588933074 0.0 149400
1758588935431 0.0 149500
1758588937988 0.0 149600
1758588940254 0.0 149700
1758588942440 0.0 149800
1758588944556 0.0 149900
1758588946672 0.0 150000
1758588948952 0.0 150100
1758588951166 0.0 150200
1758588953254 0.0 150300
1758588955484 0.0 150400
1758588957852 0.0 150500
1758588959974 0.0 150600
1758588962100 0.0 150700
1758588964199 0.0 150800
1758588966261 0.0 150900
1758588968322 0.0 151000
1758588970377 0.0 151100
1758588972502 0.0 151200
1758588975055 0.0 151300
1758588977112 0.0 151400
1758588979162 0.0 151500
1758588981228 0.0 151600
1758588983318 0.0 151700
1758588985419 0.0 151800
1758588987639 0.0 151900
1758588989773 0.0 152000
1758588991926 0.0 152100
1758588994566 0.0 152200
1758588997183 0.0 152300
1758588999791 0.0 152400
1758589002373 0.0 152500
1758589004958 0.0 152600
1758589007531 0.0 152700
1758589010098 0.0 152800
1758589012724 0.0 152900
1758589015416 0.0 153000
1758589018030 0.0 153100
1758589020366 0.0 153200
1758589022548 0.0 153300
1758589024663 0.0 153400
1758589026698 0.0 153500
1758589028792 0.0 153600
1758589030838 0.0 153700
1758589032932 0.0 153800
1758589035128 0.0 153900
1758589037306 0.0 154000
1758589039500 0.0 154100
1758589041830 0.0 154200
1758589044118 0.0 154300
1758589046412 0.0 154400
1758589048692 0.0 154500
1758589050900 0.0 154600
1758589053200 0.0 154700
1758589055458 0.0 154800
1758589057698 0.0 154900
1758589059924 0.0 155000
1758589062176 0.0 155100
1758589064396 0.0 155200
1758589066621 0.0 155300
1758589068803 0.0 155400
1758589071012 0.0 155500
1758589073223 0.0 155600
1758589075457 0.0 155700
1758589077676 0.0 155800
1758589079757 0.0 155900
1758589081924 0.0 156000
1758589084208 0.0 156100
1758589086569 0.0 156200
1758589088891 0.0 156300
1758589091529 0.0 156400
1758589094144 0.0 156500
1758589096744 0.0 156600
1758589099361 0.0 156700
1758589101693 0.0 156800
1758589104249 0.0 156900
1758589106842 0.0 157000
1758589109404 0.0 157100
1758589112038 0.0 157200
1758589114642 0.0 157300
1758589117292 0.0 157400
1758589119945 0.0 157500
1758589122573 0.0 157600
1758589124825 0.0 157700
1758589127249 0.0 157800
1758589129875 0.0 157900
1758589132501 0.0 158000
1758589135083 0.0 158100
1758589137632 0.0 158200
1758589140162 0.0 158300
1758589142767 0.0 158400
1758589145341 0.0 158500
1758589147724 0.0 158600
1758589150411 0.0 158700
1758589153016 0.0 158800
1758589155634 0.0 158900
1758589158044 0.0 159000
1758589160633 0.0 159100
1758589163239 0.0 159200
1758589165872 0.0 159300
1758589168742 0.0 159400
1758589171557 0.0 159500
1758589174195 0.0 159600
1758589176992 0.0 159700
1758589179724 0.0 159800
1758589182424 0.0 159900
1758589185400 0.0 160000
1758589188024 0.0 160100
1758589190681 0.0 160200
1758589193449 0.0 160300
1758589196089 0.0 160400
1758589198759 0.0 160500
1758589201432 0.0 160600
1758589204091 0.0 160700
1758589206669 0.0 160800
1758589209460 0.0 160900
1758589212161 0.0 161000
1758589214968 0.0 161100
1758589217494 0.0 161200
1758589219779 0.0 161300
1758589222357 0.0 161400
1758589225047 0.0 161500
1758589227638 0.0 161600
1758589230197 0.0 161700
1758589232771 0.0 161800
1758589235361 0.0 161900
1758589237777 0.0 162000
1758589240216 0.0 162100
1758589243158 0.0 162200
1758589246050 0.0 162300
1758589248933 0.0 162400
1758589251751 0.0 162500
1758589254671 0.0 162600
1758589257744 0.0 162700
1758589260744 0.0 162800
1758589263639 0.0 162900
1758589266460 0.0 163000
1758589269587 0.0 163100
1758589272701 0.0 163200
1758589275680 0.0 163300
1758589278503 0.0 163400
1758589282032 0.0 163500
1758589284657 0.0 163600
1758589287312 0.0 163700
1758589290077 0.0 163800
1758589292811 0.0 163900
1758589295724 0.0 164000
1758589298671 0.0 164100
1758589301538 0.0 164200
1758589304335 0.0 164300
1758589307081 0.0 164400
1758589309406 0.0 164500
1758589311702 0.0 164600
1758589314466 0.0 164700
1758589317491 0.0 164800
1758589320760 0.0 164900
1758589323417 0.0 165000
1758589326186 0.0 165100
1758589328804 0.0 165200
1758589331402 0.0 165300
1758589333946 0.0 165400
1758589336599 0.0 165500
1758589339213 0.0 165600
1758589341760 0.0 165700
1758589344243 0.0 165800
1758589346546 0.0 165900
1758589348796 0.0 166000
1758589350942 0.0 166100
1758589353120 0.0 166200
1758589355314 0.0 166300
1758589357448 0.0 166400
1758589359565 0.0 166500
1758589361679 0.0 166600
1758589363932 0.0 166700
1758589366215 0.0 166800
1758589368538 0.0 166900
1758589370967 0.0 167000
1758589373434 0.0 167100
1758589375786 0.0 167200
1758589378127 0.0 167300
1758589380504 0.0 167400
1758589382787 0.0 167500
1758589385048 0.0 167600
1758589387349 0.0 167700
1758589389759 0.0 167800
1758589392175 0.0 167900
1758589395346 0.0 168000
1758589398143 0.0 168100
1758589400990 0.0 168200
1758589404201 0.0 168300
1758589407140 0.0 168400
1758589409844 0.0 168500
1758589412559 0.0 168600
1758589415531 0.0 168700
1758589418197 0.0 168800
1758589420531 0.0 168900
1758589423181 0.0 169000
1758589426063 0.0 169100
1758589428563 0.0 169200
1758589431109 0.0 169300
1758589433687 0.0 169400
1758589436644 0.0 169500
1758589439691 0.0 169600
1758589442555 0.0 169700
1758589445236 0.0 169800
1758589447671 0.0 169900
1758589450378 0.0 170000
1758589453130 0.0 170100
1758589455924 0.0 170200
1758589458362 0.0 170300
1758589460972 0.0 170400
1758589463429 0.0 170500
1758589465981 0.0 170600
1758589468643 0.0 170700
1758589471168 0.0 170800
1758589474038 0.0 170900
1758589477170 0.0 171000
1758589480126 0.0 171100
1758589482587 0.0 171200
1758589484994 0.0 171300
1758589487429 0.0 171400
1758589489853 0.0 171500
1758589492265 0.0 171600
1758589494661 0.0 171700
1758589497516 0.0 171800
1758589500236 0.0 171900
1758589502969 0.0 172000
1758589505722 0.0 172100
1758589509411 0.0 172200
1758589512818 0.0 172300
1758589516138 0.0 172400
1758589519131 0.0 172500
1758589521866 0.0 172600
1758589524750 0.0 172700
1758589527436 0.0 172800
1758589529643 0.0 172900
1758589531947 0.0 173000
1758589534404 0.0 173100
1758589536879 0.0 173200
1758589539303 0.0 173300
1758589541826 0.0 173400
1758589544215 0.0 173500
1758589546636 0.0 173600
1758589548714 0.0 173700
1758589550992 0.0 173800
1758589553406 0.0 173900
1758589555686 0.0 174000
1758589558058 0.0 174100
1758589560449 0.0 174200
1758589562713 0.0 174300
1758589565404 0.0 174400
1758589567887 0.0 174500
1758589570263 0.0 174600
1758589572608 0.0 174700
1758589574953 0.0 174800
1758589577450 0.0 174900
1758589579834 0.0 175000
1758589582175 0.0 175100
1758589584605 0.0 175200
1758589586940 0.0 175300
1758589589365 0.0 175400
1758589591766 0.0 175500
1758589594099 0.0 175600
1758589596504 0.0 175700
1758589598916 0.0 175800
1758589601645 0.0 175900
1758589604855 0.0 176000
1758589607960 0.0 176100
1758589610839 0.0 176200
1758589613470 0.0 176300
1758589616124 0.0 176400
1758589618677 0.0 176500
1758589621097 0.0 176600
1758589623523 0.0 176700
1758589625920 0.0 176800
1758589628380 0.0 176900
1758589631014 0.0 177000
1758589633479 0.0 177100
1758589635888 0.0 177200
1758589638630 0.0 177300
1758589640893 0.0 177400
1758589643058 0.0 177500
1758589645631 0.0 177600
1758589648065 0.0 177700
1758589650485 0.0 177800
1758589652807 0.0 177900
1758589654959 0.0 178000
1758589657193 0.0 178100
1758589659777 0.0 178200
1758589662177 0.0 178300
1758589664670 0.0 178400
1758589667072 0.0 178500
1758589669525 0.0 178600
1758589671971 0.0 178700
1758589674518 0.0 178800
1758589677003 0.0 178900
1758589679447 0.0 179000
1758589681954 0.0 179100
1758589684572 0.0 179200
1758589687306 0.0 179300
1758589689753 0.0 179400
1758589692232 0.0 179500
1758589694723 0.0 179600
1758589697188 0.0 179700
1758589699467 0.0 179800
1758589701728 0.0 179900
1758589704031 0.0 180000
1758589706418 0.0 180100
1758589708643 0.0 180200
1758589710924 0.0 180300
1758589713234 0.0 180400
1758589715979 0.0 180500
1758589718716 0.0 180600
1758589721390 0.0 180700
1758589724094 0.0 180800
1758589726766 0.0 180900
1758589729531 0.0 181000
1758589732394 0.0 181100
1758589735174 0.0 181200
1758589737896 0.0 181300
1758589740681 0.0 181400
1758589743374 0.0 181500
1758589746091 0.0 181600
1758589748840 0.0 181700
1758589751823 0.0 181800
1758589754668 0.0 181900
1758589757504 0.0 182000
1758589760327 0.0 182100
1758589763144 0.0 182200
1758589765619 0.0 182300
1758589768012 0.0 182400
1758589770240 0.0 182500
1758589772608 0.0 182600
1758589775185 0.0 182700
1758589777433 0.0 182800
1758589779697 0.0 182900
1758589781876 0.0 183000
1758589784072 0.0 183100
1758589786311 0.0 183200
1758589788706 0.0 183300
1758589791114 0.0 183400
1758589793317 0.0 183500
1758589795601 0.0 183600
1758589797886 0.0 183700
1758589800583 0.0 183800
1758589803531 0.0 183900
1758589806466 0.0 184000
1758589809499 0.0 184100
1758589812854 0.0 184200
1758589816181 0.0 184300
1758589819602 0.0 184400
1758589822538 0.0 184500
1758589824889 0.0 184600
1758589827172 0.0 184700
1758589829494 0.0 184800
1758589831883 0.0 184900
1758589834082 0.0 185000
1758589836274 0.0 185100
1758589838520 0.0 185200
1758589840828 0.0 185300
1758589843263 0.0 185400
1758589846057 0.0 185500
1758589848999 0.0 185600
1758589851540 0.0 185700
1758589854113 0.0 185800
1758589856398 0.0 185900
1758589858681 0.0 186000
1758589861020 0.0 186100
1758589863486 0.0 186200
1758589865723 0.0 186300
1758589868118 0.0 186400
1758589870651 0.0 186500
1758589873149 0.0 186600
1758589875443 0.0 186700
1758589877928 0.0 186800
1758589880952 0.0 186900
1758589883863 0.0 187000
1758589886284 0.0 187100
1758589888901 0.0 187200
1758589891527 0.0 187300
1758589893788 0.0 187400
1758589896254 0.0 187500
1758589898680 0.0 187600
1758589901005 0.0 187700
1758589903501 0.0 187800
1758589905949 0.0 187900
1758589908259 0.0 188000
1758589910557 0.0 188100
1758589912872 0.0 188200
1758589915230 0.0 188300
1758589917579 0.0 188400
1758589919906 0.0 188500
1758589922105 0.0 188600
1758589924357 0.0 188700
1758589926622 0.0 188800
1758589928917 0.0 188900
1758589931121 0.0 189000
1758589933330 0.0 189100
1758589935882 0.0 189200
1758589938274 0.0 189300
1758589940431 0.0 189400
1758589942620 0.0 189500
1758589944963 0.0 189600
1758589947335 0.0 189700
1758589949838 0.0 189800
1758589952039 0.0 189900
1758589954327 0.0 190000
1758589956766 0.0 190100
1758589959143 0.0 190200
1758589961598 0.0 190300
1758589963852 0.0 190400
1758589966094 0.0 190500
1758589968412 0.0 190600
1758589970655 0.0 190700
1758589973012 0.0 190800
1758589976032 0.0 190900
1758589978743 0.0 191000
1758589981720 0.0 191100
1758589984783 0.0 191200
1758589987594 0.0 191300
1758589990799 0.0 191400
1758589993888 0.0 191500
1758589997083 0.0 191600
1758590000366 0.0 191700
1758590004756 0.0 191800
1758590011496 0.0 191900
1758590015118 0.0 192000
1758590019181 0.0 192100
1758590024753 0.0 192200
1758590027775 0.0 192300
1758590030651 0.0 192400
1758590033604 0.0 192500
1758590036070 0.0 192600
1758590038462 0.0 192700
1758590040721 0.0 192800
1758590043036 0.0 192900
1758590045345 0.0 193000
1758590047636 0.0 193100
1758590050524 0.0 193200
1758590052745 0.0 193300
1758590055092 0.0 193400
1758590057534 0.0 193500
1758590059972 0.0 193600
1758590062511 0.0 193700
1758590064970 0.0 193800
1758590067760 0.0 193900
1758590070359 0.0 194000
1758590072926 0.0 194100
1758590075422 0.0 194200
1758590078195 0.0 194300
1758590080767 0.0 194400
1758590083081 0.0 194500
1758590085322 0.0 194600
1758590087740 0.0 194700
1758590090003 0.0 194800
1758590092368 0.0 194900
1758590094605 0.0 195000
1758590097509 0.0 195100
1758590100474 0.0 195200
1758590103001 0.0 195300
1758590105401 0.0 195400
1758590108087 0.0 195500
1758590110651 0.0 195600
1758590113187 0.0 195700
1758590115838 0.0 195800
1758590118594 0.0 195900
1758590121282 0.0 196000
1758590124096 0.0 196100
1758590126466 0.0 196200
1758590128909 0.0 196300
1758590131604 0.0 196400
1758590134488 0.0 196500
1758590137227 0.0 196600
1758590140096 0.0 196700
1758590142919 0.0 196800
1758590145342 0.0 196900
1758590148121 0.0 197000
1758590151068 0.0 197100
1758590154061 0.0 197200
1758590156913 0.0 197300
1758590159744 0.0 197400
1758590162487 0.0 197500
1758590165259 0.0 197600
1758590168077 0.0 197700
1758590171152 0.0 197800
1758590174116 0.0 197900
1758590176919 0.0 198000
1758590179777 0.0 198100
1758590182553 0.0 198200
1758590184958 0.0 198300
1758590187423 0.0 198400
1758590190042 0.0 198500
1758590192756 0.0 198600
1758590195261 0.0 198700
1758590197727 0.0 198800
1758590200590 0.0 198900
1758590203479 0.0 199000
1758590206208 0.0 199100
1758590208938 0.0 199200
1758590211665 0.0 199300
1758590214509 0.0 199400
1758590217352 0.0 199500
1758590220396 0.0 199600
1758590223216 0.0 199700
1758590226034 0.0 199800
1758590229136 0.0 199900
1758590232012 0.0 200000
1758590235040 0.0 200100
1758590238074 0.0 200200
1758590241074 0.0 200300
1758590243919 0.0 200400
1758590246923 0.0 200500
1758590249922 0.0 200600
1758590252863 0.0 200700
1758590255875 0.0 200800
1758590259046 0.0 200900
1758590261872 0.0 201000
1758590264966 0.0 201100
1758590267913 0.0 201200
1758590271011 0.0 201300
1758590274053 0.0 201400
1758590277127 0.0 201500
1758590279587 0.0 201600
1758590282549 0.0 201700
1758590285560 0.0 201800
1758590288590 0.0 201900
1758590291468 0.0 202000
1758590294491 0.0 202100
1758590297711 0.0 202200
1758590300840 0.0 202300
1758590303699 0.0 202400
1758590306806 0.0 202500
1758590309802 0.0 202600
1758590312738 0.0 202700
1758590315738 0.0 202800
1758590318844 0.0 202900
1758590321945 0.0 203000
1758590325070 0.0 203100
1758590328133 0.0 203200
1758590331256 0.0 203300
1758590334546 0.0 203400
1758590337448 0.0 203500
1758590341399 0.0 203600
1758590344569 0.0 203700
1758590347694 0.0 203800
1758590350658 0.0 203900
1758590353810 0.0 204000
1758590356985 0.0 204100
1758590360072 0.0 204200
1758590363305 0.0 204300
1758590366055 0.0 204400
1758590368876 0.0 204500
1758590371697 0.0 204600
1758590374747 0.0 204700
1758590377940 0.0 204800
1758590380981 0.0 204900
1758590384133 0.0 205000
1758590387023 0.0 205100
1758590390217 0.0 205200
1758590393520 0.0 205300
1758590397537 0.0 205400
1758590400734 0.0 205500
1758590404433 0.0 205600
1758590407611 0.0 205700
1758590410200 0.0 205800
1758590412733 0.0 205900
1758590415759 0.0 206000
1758590418659 0.0 206100
1758590421624 0.0 206200
1758590424597 0.0 206300
1758590427655 0.0 206400
1758590430679 0.0 206500
1758590433692 0.0 206600
1758590436652 0.0 206700
1758590439790 0.0 206800
1758590442925 0.0 206900
1758590447440 0.0 207000
1758590451056 0.0 207100
1758590455661 0.0 207200
1758590459089 0.0 207300
1758590462779 0.0 207400
1758590466634 0.0 207500
1758590470243 0.0 207600
1758590473876 0.0 207700
1758590477404 0.0 207800
1758590480367 0.0 207900
1758590483522 0.0 208000
1758590486962 0.0 208100
1758590492500 0.0 208200
1758590496212 0.0 208300
1758590499545 0.0 208400
1758590503467 0.0 208500
1758590508591 0.0 208600
1758590514894 0.0 208700
1758590519405 0.0 208800
1758590524185 0.0 208900
1758590530695 0.0 209000
1758590536070 0.0 209100
1758590540146 0.0 209200
1758590543841 0.0 209300
