1758585935314 22.0 100
1758585936584 22.22222222222222 200
1758585937878 22.923076923076923 300
1758585939149 24.3125 400
1758585940440 24.95 500
1758585941794 25.130434782608695 600
1758585943155 24.464285714285715 700
1758585944649 24.6875 800
1758585945985 23.972972972972972 900
1758585947326 23.452380952380953 1000
1758585948934 22.791666666666668 1100
1758585950307 22.528301886792452 1200
1758585951718 22.25862068965517 1300
1758585953564 22.56451612903226 1400
1758585955468 22.696969696969695 1500
1758585957389 22.507042253521128 1600
1758585959266 22.31578947368421 1700
1758585961126 22.160493827160494 1800
1758585962531 21.941860465116278 1900
1758585964464 21.824175824175825 2000
1758585965870 21.61855670103093 2100
1758585967780 21.693069306930692 2200
1758585969195 21.669811320754718 2300
1758585971107 21.576576576576578 2400
1758585973023 21.42241379310345 2500
1758585974414 21.33884297520661 2600
1758585975816 21.341269841269842 2700
1758585977697 21.267175572519083 2800
1758585979568 21.220588235294116 2900
1758585980931 21.21276595744681 3000
1758585982813 21.275862068965516 3100
1758585984660 21.333333333333332 3200
1758585986061 21.33116883116883 3300
1758585987976 21.31446540880503 3400
1758585989392 21.26219512195122 3500
1758585991293 21.19526627218935 3600
1758585992693 21.14367816091954 3700
1758585994114 21.22905027932961 3800
1758585996021 21.16304347826087 3900
1758585997851 21.15343915343915 4000
1758585999115 21.16062176165803 4100
1758586000376 21.141414141414142 4200
1758586001714 21.07843137254902 4300
1758586003687 21.10096153846154 4400
1758586005083 21.11737089201878 4500
1758586006396 21.059633027522935 4600
1758586007700 21.076576576576578 4700
1758586009014 21.00877192982456 4800
1758586010307 20.944444444444443 4900
1758586011618 20.87866108786611 5000
1758586012894 20.812244897959182 5100
1758586014225 20.823293172690764 5200
1758586015553 20.791338582677167 5300
1758586017494 20.7992277992278 5400
1758586019399 20.821969696969695 5500
1758586020837 20.78438661710037 5600
1758586022208 20.723636363636363 5700
1758586023768 20.738351254480285 5800
1758586025310 20.778169014084508 5900
1758586027277 20.747404844290656 6000
1758586029257 20.77133105802048 6100
1758586031174 20.748322147651006 6200
1758586033147 20.713815789473685 6300
1758586034785 20.71197411003236 6400
1758586036233 20.687898089171973 6500
1758586037678 20.689655172413794 6600
1758586039058 20.666666666666668 6700
1758586040707 20.65045592705167 6800
1758586042225 20.661676646706585 6900
1758586043900 20.650887573964496 7000
1758586045598 20.61627906976744 7100
1758586047021 20.573065902578797 7200
1758586048474 20.610169491525422 7300
1758586049874 20.58217270194986 7400
1758586051525 20.545205479452054 7500
1758586053228 20.521621621621623 7600
1758586054646 20.532085561497325 7700
1758586056337 20.523684210526316 7800
1758586057731 20.51948051948052 7900
1758586059558 20.505128205128205 8000
1758586061231 20.517766497461928 8100
1758586063254 20.521303258145362 8200
1758586065071 20.524752475247524 8300
1758586066520 20.533007334963326 8400
1758586068511 20.533816425120772 8500
1758586070162 20.505966587112173 8600
1758586072015 20.52122641509434 8700
1758586073798 20.503496503496503 8800
1758586075924 20.504608294930875 8900
1758586077752 20.49886104783599 9000
1758586079747 20.47747747747748 9100
1758586081750 20.502232142857142 9200
1758586083703 20.532008830022075 9300
1758586085336 20.50655021834061 9400
1758586087070 20.4978354978355 9500
1758586088876 20.52676659528908 9600
1758586090423 20.550847457627118 9700
1758586091974 20.532494758909852 9800
1758586093543 20.522821576763487 9900
1758586095443 20.531827515400412 10000
1758586097237 20.539714867617107 10100
1758586099005 20.532258064516128 10200
1758586100896 20.5 10300
1758586103367 20.49112426035503 10400
1758586105695 20.46484375 10500
1758586108039 20.475822050290134 10600
1758586110190 20.451242829827915 10700
1758586111560 20.453510436432637 10800
1758586113143 20.435272045028142 10900
1758586114843 20.436802973977695 11000
1758586116244 20.423572744014734 11100
1758586117710 20.42153284671533 11200
1758586119727 20.414104882459313 11300
1758586121093 20.42652329749104 11400
1758586122573 20.413854351687387 11500
1758586123996 20.41725352112676 11600
1758586125684 20.397905759162303 11700
1758586127163 20.381692573402418 11800
1758586128861 20.4106529209622 11900
1758586130400 20.465870307167236 12000
1758586132112 20.509337860780985 12100
1758586133700 20.57504215851602 12200
1758586135214 20.592964824120603 12300
1758586136929 20.58402662229617 12400
1758586138666 20.63471074380165 12500
1758586140604 20.637704918032785 12600
1758586142484 20.640650406504065 12700
1758586144001 20.64620355411955 12800
1758586145862 20.650641025641026 12900
1758586147833 20.66772655007949 13000
1758586149417 20.669826224328595 13100
1758586151191 20.691222570532915 13200
1758586152677 20.700934579439252 13300
1758586154104 20.71097372488408 13400
1758586155802 20.731182795698924 13500
1758586157599 20.756880733944953 13600
1758586159480 20.79483282674772 13700
1758586161226 20.815987933634993 13800
1758586162696 20.823088455772115 13900
1758586164397 20.825892857142858 14000
1758586165869 20.84171597633136 14100
1758586167846 20.851688693098385 14200
1758586169654 20.880116959064328 14300
1758586171285 20.892597968069666 14400
1758586172787 20.891930835734872 14500
1758586174722 20.901146131805156 14600
1758586177036 20.904694167852064 14700
1758586178624 20.93210749646393 14800
1758586180083 20.96056338028169 14900
1758586181505 20.978991596638654 15000
1758586183342 20.980528511821976 15100
1758586185514 20.966896551724137 15200
1758586187995 20.986263736263737 15300
1758586191157 20.99045020463847 15400
1758586193965 21.006784260515605 15500
1758586198288 21.00943396226415 15600
1758586200491 21.01338688085676 15700
1758586203093 21.030625832223702 15800
1758586208259 21.025132275132275 15900
1758586213799 21.03815789473684 16000
1758586219236 21.03921568627451 16100
1758586223605 21.025974025974026 16200
1758586228515 21.02709677419355 16300
1758586233248 21.047496790757382 16400
1758586237845 21.053639846743295 16500
1758586242485 21.06861499364676 16600
1758586246502 21.082070707070706 16700
1758586251243 21.076537013801758 16800
1758586256650 21.06741573033708 16900
1758586262095 21.073200992555833 17000
1758586267161 21.085080147965474 17100
1758586270468 21.07598039215686 17200
1758586274955 21.073170731707318 17300
1758586280054 21.072727272727274 17400
1758586285807 21.088057901085644 17500
1758586289289 21.1140456182473 17600
1758586293180 21.116945107398568 17700
1758586295647 21.119952494061756 17800
1758586298253 21.123966942148762 17900
1758586300965 21.109154929577464 18000
1758586303801 21.11901983663944 18100
1758586306303 21.13124274099884 18200
1758586308879 21.12240184757506 18300
1758586311722 21.128735632183908 18400
1758586314891 21.138285714285715 18500
1758586317982 21.150170648464165 18600
1758586321009 21.15515288788222 18700
1758586324088 21.164414414414413 18800
1758586327801 21.173766816143498 18900
1758586331788 21.16722408026756 19000
1758586335654 21.16851441241685 19100
1758586339494 21.17328918322296 19200
1758586343069 21.197802197802197 19300
1758586346669 21.201092896174863 19400
1758586350809 21.201305767138194 19500
1758586354089 21.223185265438786 19600
1758586357539 21.22198275862069 19700
1758586361144 21.22532188841202 19800
1758586364396 21.229455709711846 19900
1758586366933 21.232731137088205 20000
1758586369588 21.236786469344608 20100
1758586372680 21.23869610935857 20200
1758586375054 21.23874345549738 20300
1758586377961 21.234375 20400
1758586380366 21.229015544041452 20500
1758586383153 21.221649484536083 20600
1758586385828 21.22769230769231 20700
1758586388703 21.232890704800816 20800
1758586391478 21.23069105691057 20900
1758586394296 21.23154701718908 21000
1758586397414 21.22132796780684 21100
1758586400247 21.23246492985972 21200
1758586403136 21.235528942115767 21300
1758586405728 21.241310824230386 21400
1758586407900 21.23913043478261 21500
1758586410072 21.243110236220474 21600
1758586412265 21.25073457394711 21700
1758586414920 21.25560975609756 21800
1758586417499 21.267249757045676 21900
1758586420265 21.27369439071567 22000
1758586422576 21.269749518304433 22100
1758586424446 21.261744966442954 22200
1758586426674 21.27003816793893 22300
1758586428935 21.269705603038936 22400
1758586431148 21.276253547776726 22500
1758586433301 21.272128060263654 22600
1758586435131 21.28330206378987 22700
1758586437165 21.281308411214955 22800
1758586438889 21.303538175046555 22900
1758586440689 21.321892393320965 23000
1758586442401 21.313942751615883 23100
1758586444286 21.30119375573921 23200
1758586445874 21.295246800731263 23300
1758586447700 21.306010928961747 23400
1758586449197 21.312159709618875 23500
1758586450914 21.312556458897923 23600
1758586452912 21.326732673267326 23700
1758586455085 21.311827956989248 23800
1758586456946 21.31222123104371 23900
1758586458882 21.329777777777778 24000
1758586461417 21.341895482728077 24100
1758586463810 21.35304501323919 24200
1758586466076 21.360598065083554 24300
1758586468033 21.381244522348815 24400
1758586469898 21.381659388646288 24500
1758586471815 21.39686684073107 24600
1758586473403 21.408499566348656 24700
1758586474848 21.41105354058722 24800
1758586476783 21.44702842377261 24900
1758586478893 21.44549356223176 25000
1758586481122 21.445299145299145 25100
1758586483144 21.438297872340424 25200
1758586485214 21.44868532654792 25300
1758586487351 21.44679054054054 25400
1758586489423 21.447811447811446 25500
1758586491297 21.45766974015088 25600
1758586493101 21.453634085213032 25700
1758586494990 21.451747088186355 25800
1758586496763 21.458540630182423 25900
1758586498634 21.457473162675473 26000
1758586500531 21.4798353909465 26100
1758586502392 21.48400328137818 26200
1758586504767 21.481209150326798 26300
1758586507271 21.480878763222133 26400
1758586511605 21.474068071312804 26500
1758586515156 21.482229402261712 26600
1758586517987 21.491143317230275 26700
1758586520879 21.486768243785082 26800
1758586523528 21.483226837060702 26900
1758586525610 21.477326968973745 27000
1758586527413 21.469096671949288 27100
1758586529766 21.464088397790054 27200
1758586532671 21.473228346456693 27300
1758586534261 21.48549019607843 27400
1758586535826 21.48515625 27500
1758586537763 21.48791893998441 27600
1758586539261 21.503105590062113 27700
1758586541028 21.506965944272444 27800
1758586542622 21.498843484965306 27900
1758586544375 21.503072196620582 28000
1758586546325 21.506891271056663 28100
1758586548148 21.49809305873379 28200
1758586550287 21.50342205323194 28300
1758586552373 21.51439393939394 28400
1758586554274 21.527588813303097 28500
1758586556965 21.530873493975903 28600
1758586559170 21.53228228228228 28700
1758586561416 21.533283470456244 28800
1758586564034 21.544369873228934 28900
1758586566418 21.55390334572491 29000
1758586568822 21.548148148148147 29100
1758586570529 21.540221402214023 29200
1758586572095 21.556291390728475 29300
1758586573721 21.559794570799706 29400
1758586575508 21.56140350877193 29500
1758586577004 21.574344023323615 29600
1758586578569 21.568627450980394 29700
1758586580107 21.573497465604635 29800
1758586581728 21.579061371841156 29900
1758586583218 21.575539568345324 30000
1758586584682 21.576344086021507 30100
1758586586311 21.572142857142858 30200
1758586587874 21.56908831908832 30300
1758586589455 21.57345635202271 30400
1758586590926 21.580325548478413 30500
1758586592460 21.578279266572636 30600
1758586593997 21.58972554539057 30700
1758586595593 21.59859649122807 30800
1758586597164 21.604895104895103 30900
1758586598759 21.60599721059972 31000
1758586600286 21.59513888888889 31100
1758586601850 21.592797783933516 31200
1758586603460 21.61049723756906 31300
1758586605260 21.604267033723332 31400
1758586607177 21.610844200411805 31500
1758586610228 21.60917180013689 31600
1758586612509 21.62935153583618 31700
1758586614736 21.63784887678693 31800
1758586616525 21.625762711864407 31900
1758586619009 21.628127112914132 32000
1758586621065 21.614814814814814 32100
1758586623149 21.60913364674278 32200
1758586624772 21.610441767068274 32300
1758586626466 21.61440960640427 32400
1758586628982 21.61144377910845 32500
1758586631244 21.608753315649867 32600
1758586633477 21.60806345009914 32700
1758586635489 21.606719367588934 32800
1758586637461 21.611038107752957 32900
1758586638918 21.613368283093052 33000
1758586640557 21.62483660130719 33100
1758586642145 21.62410423452769 33200
1758586643558 21.627030539311242 33300
1758586644988 21.623056994818654 33400
1758586646483 21.623628147191738 33500
1758586648648 21.625885383129425 33600
1758586650736 21.62836970474968 33700
1758586652610 21.6386931454196 33800
1758586654758 21.64240102171137 33900
1758586656965 21.643949044585987 34000
1758586659097 21.644444444444446 34100
1758586661424 21.64914502849905 34200
1758586664035 21.646464646464647 34300
1758586666428 21.648835745752045 34400
1758586668671 21.657250470809792 34500
1758586671234 21.654351909830932 34600
1758586673305 21.65980024968789 34700
1758586675955 21.665006226650064 34800
1758586678457 21.667080745341615 34900
1758586681363 21.676579925650557 35000
1758586684044 21.66769610870908 35100
1758586686270 21.664408866995075 35200
1758586687834 21.664825046040516 35300
1758586689375 21.665238678090574 35400
1758586690883 21.66971916971917 35500
1758586692609 21.682510664229127 35600
1758586694223 21.681652490887 35700
1758586695788 21.67595396729255 35800
1758586697550 21.67451690821256 35900
1758586699011 21.671884406983743 36000
1758586700428 21.680889423076923 36100
1758586702181 21.689634511683643 36200
1758586703725 21.681600955794504 36300
1758586705422 21.68533969010727 36400
1758586707146 21.688057040998217 36500
1758586708760 21.688203912270303 36600
1758586710781 21.687352245862883 36700
1758586713043 21.69693396226415 36800
1758586715323 21.704117647058823 36900
1758586717485 21.724016441573692 37000
1758586720207 21.721896955503514 37100
1758586724294 21.7196261682243 37200
1758586728981 21.72218986604543 37300
1758586732236 21.725740848343985 37400
1758586735017 21.72653534183082 37500
1758586737301 21.720392836510687 37600
1758586740308 21.711405529953918 37700
1758586742468 21.708788052843193 37800
1758586744076 21.710601719197708 37900
1758586745706 21.710857142857144 38000
1758586747562 21.710946408209807 38100
1758586749811 21.71956769055745 38200
1758586751805 21.724900737379468 38300
1758586753677 21.71873231465761 38400
1758586755402 21.734613212874084 38500
1758586757132 21.730855855855857 38600
1758586758509 21.720943290286357 38700
1758586759897 21.72156862745098 38800
1758586761345 21.723463687150836 38900
1758586762788 21.721448467966574 39000
1758586764233 21.716666666666665 39100
1758586766230 21.71634349030471 39200
1758586767918 21.71862907683803 39300
1758586769927 21.713182570325426 39400
1758586771667 21.717821782178216 39500
1758586773241 21.716401535929787 39600
1758586774681 21.70366320393658 39700
1758586776170 21.695747001090513 39800
1758586777697 21.688961392060904 39900
1758586779415 21.68763557483731 40000
1758586780819 21.679826933477557 40100
1758586782328 21.680690399137003 40200
1758586783992 21.675094136632598 40300
1758586785770 21.670064377682404 40400
1758586787638 21.679871520342612 40500
1758586789924 21.68198824158204 40600
1758586792448 21.68869936034115 40700
1758586794406 21.697872340425533 40800
1758586796167 21.69904458598726 40900
1758586797991 21.711334745762713 41000
1758586799947 21.71051241415742 41100
1758586802055 21.71639430680021 41200
1758586803942 21.72 41300
1758586805419 21.73266806722689 41400
1758586806990 21.7458071278826 41500
1758586808741 21.73810768426555 41600
1758586810353 21.740875912408757 41700
1758586812052 21.738293444328825 41800
1758586813771 21.739491437467567 41900
1758586815477 21.750777202072538 42000
1758586817100 21.74780361757106 42100
1758586818558 21.75 42200
1758586820076 21.74858611825193 42300
1758586821511 21.751154438173423 42400
1758586823064 21.765368852459016 42500
1758586824676 21.760347470618292 42600
1758586826470 21.75586136595311 42700
1758586828335 21.755465175394 42800
1758586829962 21.766497461928935 42900
1758586831510 21.75910931174089 43000
1758586833268 21.775138959070237 43100
1758586834981 21.778618255168936 43200
1758586836843 21.772132796780685 43300
1758586838506 21.776606425702813 43400
1758586840036 21.779168753129696 43500
1758586841605 21.776223776223777 43600
1758586843123 21.77617148554337 43700
1758586844659 21.771755345599203 43800
1758586846201 21.770833333333332 43900
1758586847798 21.77140029688273 44000
1758586849261 21.77283950617284 44100
1758586850690 21.77093596059113 44200
1758586852572 21.773352999016716 44300
1758586854410 21.785083415112855 44400
1758586856305 21.786483839373165 44500
1758586858252 21.788367546432063 44600
1758586860213 21.78790833739639 44700
1758586862162 21.785505836575876 44800
1758586864201 21.7878640776699 44900
1758586866219 21.782566585956417 45000
1758586868638 21.779227053140097 45100
1758586870579 21.774939759036144 45200
1758586872487 21.766458433445457 45300
1758586874402 21.76546762589928 45400
1758586876240 21.770334928229666 45500
1758586878098 21.773638968481375 45600
1758586879905 21.77274892806098 45700
1758586881456 21.776509747979077 45800
1758586883160 21.76944971537002 45900
1758586885054 21.76762896355892 46000
1758586886798 21.77231931979216 46100
1758586888375 21.776520509193777 46200
1758586889893 21.78070588235294 46300
1758586891380 21.785345232503524 46400
1758586892948 21.783505154639176 46500
1758586895027 21.788587464920486 46600
1758586896559 21.78861409239384 46700
1758586898061 21.789939450395902 46800
1758586899587 21.792189679218968 46900
1758586901650 21.79499072356215 47000
1758586903352 21.79861111111111 47100
1758586904951 21.790858725761773 47200
1758586907004 21.789861751152074 47300
1758586908916 21.78390804597701 47400
1758586910917 21.788073394495413 47500
1758586912873 21.78434065934066 47600
1758586914930 21.784833257195068 47700
1758586917006 21.78714676390155 47800
1758586919093 21.797906235776058 47900
1758586921278 21.795186194368757 48000
1758586923445 21.802267573696145 48100
1758586925530 21.802262443438913 48200
1758586927604 21.8 48300
1758586929749 21.79954954954955 48400
1758586932280 21.79820224719101 48500
1758586934372 21.811938958707362 48600
1758586936454 21.813172043010752 48700
1758586938687 21.81135449262405 48800
1758586940958 21.80820695807315 48900
1758586943257 21.81032947462155 49000
1758586945390 21.814666666666668 49100
1758586947548 21.830892143808256 49200
1758586949413 21.83348095659876 49300
1758586951624 21.83289124668435 49400
1758586953454 21.829730921923247 49500
1758586955057 21.828785211267604 49600
1758586956628 21.82389108476065 49700
1758586958142 21.821647677475898 49800
1758586959682 21.819772528433944 49900
1758586961603 21.82453077258839 50000
1758586963461 21.829193899782133 50100
1758586964956 21.832535885167463 50200
1758586966526 21.840139009556907 50300
1758586968198 21.840918942349372 50400
1758586970142 21.840397923875432 50500
1758586971822 21.836858006042295 50600
1758586973307 21.835055986218777 50700
1758586974907 21.834479793637147 50800
1758586976596 21.832689832689834 50900
1758586978274 21.825770547945204 51000
1758586979885 21.823579666809056 51100
1758586981487 21.824808184143222 51200
1758586983137 21.823829787234043 51300
1758586984808 21.821231422505306 51400
1758586986596 21.82492581602374 51500
1758586988206 21.82402707275804 51600
1758586989799 21.828969594594593 51700
1758586991647 21.83347386172007 51800
1758586993478 21.83298275136727 51900
1758586995187 21.83242335153297 52000
1758586996766 21.841509433962266 52100
1758586998413 21.83765690376569 52200
1758587000204 21.836743215031316 52300
1758587001981 21.8374322634431 52400
1758587003666 21.83485856905158 52500
1758587005524 21.836794019933556 52600
1758587007319 21.83713220058019 52700
1758587009049 21.832919768403638 52800
1758587010678 21.834847233691164 52900
1758587012350 21.831067161104244 53000
1758587013995 21.82935855263158 53100
1758587015851 21.832922824302134 53200
1758587017559 21.825891028267105 53300
1758587019198 21.829108748977923 53400
1758587020869 21.835918367346938 53500
1758587022619 21.837000814995925 53600
1758587024380 21.838079739625712 53700
1758587026441 21.842468534307756 53800
1758587027967 21.835899513776337 53900
1758587029511 21.82976142337242 54000
1758587031077 21.83649576100121 54100
1758587032711 21.837968561064088 54200
1758587034315 21.845875251509053 54300
1758587035899 21.841767068273093 54400
1758587037584 21.844088176352706 54500
1758587039325 21.848339335734295 54600
1758587041002 21.84544728434505 54700
1758587042647 21.84609250398724 54800
1758587044573 21.8531050955414 54900
1758587046395 21.852941176470587 55000
1758587047994 21.858333333333334 55100
1758587050417 21.85821782178218 55200
1758587052136 21.85415019762846 55300
1758587053887 21.866956178444532 55400
1758587055987 21.8628841607565 55500
1758587057808 21.861974046401887 55600
1758587059737 21.859105180533753 55700
1758587061406 21.860109717868337 55800
1758587063419 21.858818928431756 55900
1758587065203 21.858258492776258 56000
1758587067112 21.8682261208577 56100
1758587068743 21.86498054474708 56200
1758587070853 21.861359223300973 56300
1758587072620 21.8596355176425 56400
1758587074308 21.854102167182663 56500
1758587076148 21.85289575289575 56600
1758587077825 21.84894026974952 56700
1758587079351 21.848018468641786 56800
1758587080885 21.84869431643625 56900
1758587082396 21.843234955921808 57000
1758587083913 21.84238714613619 57100
1758587085426 21.84077892325315 57200
1758587086978 21.843690430804422 57300
1758587088505 21.845451084887706 57400
1758587090491 21.84986697073356 57500
1758587092190 21.849013657056144 57600
1758587093777 21.849242424242423 57700
1758587095485 21.851795841209828 57800
1758587097271 21.854662136655342 57900
1758587098981 21.85380557648832 58000
1758587100682 21.847311019180143 58100
1758587102203 21.852797596695456 58200
1758587103975 21.847451274362818 58300
1758587105772 21.845491956603066 58400
1758587107334 21.85020545386627 58500
1758587108941 21.846383296047726 58600
1758587110478 21.850335070737156 58700
1758587112241 21.84429580081754 58800
1758587113926 21.842359050445104 58900
1758587115520 21.847037037037037 59000
1758587117091 21.848428835489834 59100
1758587118687 21.84538745387454 59200
1758587120527 21.847089167280767 59300
1758587122614 21.848050036791758 59400
1758587124746 21.85304922850845 59500
1758587126433 21.854418775210853 59600
1758587128108 21.855364335408275 59700
1758587129811 21.862888482632542 59800
1758587131404 21.866009492515516 59900
1758587133057 21.8698505286183 60000
1758587134892 21.875864579541318 60100
1758587136989 21.87968011632134 60200
1758587138730 21.88130671506352 60300
1758587140379 21.880797101449275 60400
1758587141971 21.87631103074141 60500
1758587143525 21.872924187725634 60600
1758587145053 21.872792792792794 60700
1758587146624 21.87261604893847 60800
1758587148365 21.87495508444125 60900
1758587150006 21.884822389666308 61000
1758587151845 21.886778932282336 61100
1758587153472 21.89159212880143 61200
1758587155074 21.891785714285714 61300
1758587156691 21.89265335235378 61400
1758587158335 21.89426842292631 61500
1758587159930 21.889836531627576 61600
1758587161828 21.883646683221 61700
1758587163763 21.88172804532578 61800
1758587166002 21.886138613861387 61900
1758587168002 21.892302259887007 62000
1758587169621 21.896685472496475 62100
1758587171322 21.894051390355507 62200
1758587173305 21.895957820738136 62300
1758587175404 21.896805896805898 62400
1758587177592 21.891768826619966 62500
1758587179837 21.892270024484084 62600
1758587182030 21.892807262569832 62700
1758587183736 21.88915998605786 62800
1758587185749 21.885873347251216 62900
1758587187893 21.886726893676165 63000
1758587190263 21.882067291016302 63100
1758587192284 21.883310249307478 63200
1758587194188 21.88589211618257 63300
1758587195776 21.888812154696133 63400
1758587197602 21.88693553946915 63500
1758587199508 21.88881239242685 63600
1758587201469 21.89377793056033 63700
1758587203570 21.892587508579272 63800
1758587205970 21.89821795750514 63900
1758587207717 21.899383983572896 64000
1758587209715 21.90498974709501 64100
1758587211957 21.907849829351537 64200
1758587213782 21.911042944785276 64300
1758587215741 21.90609050697516 64400
1758587218554 21.910295616717637 64500
1758587220975 21.914828639294196 64600
1758587222650 21.913279132791327 64700
1758587224207 21.913087588772406 64800
1758587225742 21.91354272205336 64900
1758587227444 21.914362778152395 65000
1758587229498 21.910467855940762 65100
1758587231656 21.9109243697479 65200
1758587233520 21.914400805639477 65300
1758587235056 21.91954408313778 65400
1758587236624 21.923669233344494 65500
1758587238178 21.92744901370779 65600
1758587240158 21.930550918196996 65700
1758587241922 21.93464488162721 65800
1758587243622 21.93508655126498 65900
1758587245182 21.93650265957447 66000
1758587246903 21.93826750746764 66100
1758587248959 21.939343718926086 66200
1758587250866 21.9361350099272 66300
1758587252517 21.93688037012558 66400
1758587254079 21.944224422442243 66500
1758587255613 21.945616348055374 66600
1758587257291 21.943731490621914 66700
1758587259002 21.941524310118265 66800
1758587260945 21.94030829780256 66900
1758587262703 21.937459070072038 67000
1758587264502 21.943081452404318 67100
1758587266421 21.950669715779156 67200
1758587268294 21.953017944535073 67300
1758587269924 21.95114006514658 67400
1758587271676 21.946341463414633 67500
1758587273456 21.946753246753246 67600
1758587275058 21.949092088197148 67700
1758587276589 21.94464227905471 67800
1758587278148 21.941822882999354 67900
1758587279749 21.940948693126813 68000
1758587281517 21.9464861379755 68100
1758587283114 21.946572256195687 68200
1758587284793 21.946640951462552 68300
1758587286422 21.94736842105263 68400
1758587288060 21.94264658763217 68500
1758587289692 21.943058221369164 68600
1758587291350 21.93803896518684 68700
1758587293199 21.94354066985646 68800
1758587294962 21.94106403313157 68900
1758587296639 21.939567430025445 69000
1758587298359 21.941886313115276 69100
1758587300326 21.94007609384908 69200
1758587302182 21.9401519949335 69300
1758587304258 21.938349668036675 69400
1758587305990 21.934343434343436 69500
1758587308969 21.935687263556115 69600
1758587310761 21.940491183879093 69700
1758587312485 21.938698522477207 69800
1758587314183 21.940973312401884 69900
1758587315859 21.93605015673981 70000
1758587317657 21.941139636819035 70100
1758587319494 21.936875 70200
1758587321044 21.931357254290173 70300
1758587322643 21.931464174454828 70400
1758587324571 21.932794026135657 70500
1758587326263 21.928238583410998 70600
1758587328052 21.925868486352357 70700
1758587329851 21.91795665634675 70800
1758587331626 21.914374034003092 70900
1758587333373 21.915405989502933 71000
1758587335088 21.915844636251542 71100
1758587336684 21.91012619267467 71200
1758587338368 21.912695972948047 71300
1758587340067 21.913443830570902 71400
1758587341732 21.912044131167637 71500
1758587343367 21.911539638812368 71600
1758587345008 21.910452322738386 71700
1758587346890 21.907537381751602 71800
1758587348642 21.90856446205425 71900
1758587350387 21.909312233718808 72000
1758587352189 21.907626861136432 72100
1758587354029 21.903519417475728 72200
1758587355776 21.9009391093608 72300
1758587357450 21.896551724137932 72400
1758587359111 21.89338568408336 72500
1758587360713 21.892038600723765 72600
1758587362511 21.889491117133392 72700
1758587364203 21.888721804511277 72800
1758587365990 21.89189189189189 72900
1758587367788 21.887556221889056 73000
1758587369452 21.88203592814371 73100
1758587371036 21.881913303437965 73200
1758587372649 21.878805970149255 73300
1758587374227 21.876005961251863 73400
1758587375830 21.876451324799046 73500
1758587377466 21.87782401902497 73600
1758587379132 21.88119988119988 73700
1758587380956 21.878742958790394 73800
1758587382723 21.87685020722321 73900
1758587384367 21.87344766410408 74000
1758587386091 21.87776793622675 74100
1758587387889 21.87323113207547 74200
1758587389956 21.869590815425376 74300
1758587391994 21.869194591416814 74400
1758587394114 21.86699941280094 74500
1758587396016 21.863969510407504 74600
1758587397969 21.866217798594846 74700
1758587399679 21.863490207541656 74800
1758587401657 21.867445255474454 74900
1758587403938 21.866180758017492 75000
1758587406188 21.8628421665696 75100
1758587408579 21.865367839488222 75200
1758587410858 21.867847807144933 75300
1758587412609 21.865719257540604 75400
1758587414549 21.86504488850275 75500
1758587416194 21.864333236910618 75600
1758587417908 21.862796071634893 75700
1758587419561 21.864974033467973 75800
1758587421271 21.864304235090753 75900
1758587422936 21.86589928057554 76000
1758587424689 21.863505747126435 76100
1758587426577 21.862266857962698 76200
1758587428259 21.856488112288744 76300
1758587429974 21.85383295194508 76400
1758587431538 21.856 76500
1758587433202 21.853922967189728 76600
1758587434809 21.855514391564547 76700
1758587436452 21.861617312072894 76800
1758587438136 21.862382712539095 76900
1758587439835 21.868181818181817 77000
1758587441510 21.875425652667424 77100
1758587443263 21.87531878719184 77200
1758587444915 21.870118845500848 77300
1758587446638 21.872526851328434 77400
1758587448275 21.876341050254094 77500
1758587449945 21.87930062041737 77600
1758587451552 21.87528153153153 77700
1758587453244 21.875984251968504 77800
1758587454936 21.87752808988764 77900
1758587456615 21.874894810659185 78000
1758587458409 21.873949579831933 78100
1758587460365 21.876608841634024 78200
1758587462150 21.880659586361094 78300
1758587463936 21.878314261791793 78400
1758587465836 21.88207415667689 78500
1758587467569 21.88526872737399 78600
1758587469322 21.889568845618914 78700
1758587471146 21.89497082522923 78800
1758587472822 21.898695531501527 78900
1758587474458 21.899362350984198 79000
1758587476330 21.90224314594295 79100
1758587478229 21.902931415929203 79200
1758587480156 21.899751449875726 79300
1758587482163 21.90369757174393 79400
1758587483929 21.899724517906336 79500
1758587485630 21.900385250412768 79600
1758587487344 21.903243540406816 79700
1758587489136 21.90911587040088 79800
1758587491051 21.911684037301153 79900
1758587493000 21.914246575342467 80000
1758587494875 21.9168035030104 80100
1758587496519 21.918010385351188 80200
1758587498143 21.921375921375923 80300
1758587499871 21.924734115080447 80400
1758587501502 21.925360937074366 80500
1758587503219 21.926802721088436 80600
1758587504971 21.92907608695652 80700
1758587506647 21.929695982627578 80800
1758587508318 21.929229934924077 80900
1758587510037 21.93013809910642 81000
1758587511676 21.930773391022175 81100
1758587513444 21.934359805510535 81200
1758587515162 21.9387314439946 81300
1758587517059 21.93989218328841 81400
1758587518778 21.93834141087776 81500
1758587520404 21.937348749663887 81600
1758587522144 21.937701396348015 81700
1758587524075 21.938036480686694 81800
1758587526124 21.939458880257167 81900
1758587528034 21.93925608777094 82000
1758587529921 21.941459502806737 82100
1758587531662 21.937800320341697 82200
1758587533554 21.940549186883498 82300
1758587535544 21.942210386151796 82400
1758587537481 21.936968085106383 82500
1758587539483 21.93836344314559 82600
1758587541248 21.938975855664633 82700
1758587543038 21.934039735099336 82800
1758587544816 21.934374173061656 82900
1758587546761 21.932610993657505 83000
1758587548603 21.929005014515702 83100
1758587550722 21.92725355824987 83200
1758587552648 21.92576993945775 83300
1758587554535 21.92192429022082 83400
1758587556464 21.920976634287214 83500
1758587558189 21.918458311484006 83600
1758587560028 21.91828182294395 83700
1758587562094 21.914487447698743 83800
1758587563888 21.912225705329153 83900
1758587565712 21.912079311244455 84000
1758587567383 21.910630536737884 84100
1758587569100 21.910463300364395 84200
1758587571015 21.91161944372238 84300
1758587572832 21.908618899273105 84400
1758587574563 21.908973029045644 84500
1758587576564 21.90727790727791 84600
1758587578386 21.906104500775996 84700
1758587580154 21.90235081374322 84800
1758587581901 21.89938080495356 84900
1758587583609 21.897706776603968 85000
1758587585468 21.898353062274833 85100
1758587587256 21.895656643536366 85200
1758587589061 21.892967145790553 85300
1758587590963 21.89105357600615 85400
1758587592875 21.89270166453265 85500
1758587594936 21.892583120204602 85600
1758587596610 21.89499233520695 85700
1758587598435 21.893340137790254 85800
1758587600518 21.895971443141253 85900
1758587602706 21.89737713267125 86000
1758587604601 21.901806156194354 86100
1758587606250 21.90343074968234 86200
1758587607976 21.903782685960905 86300
1758587609825 21.904158215010142 86400
1758587611651 21.90402633578121 86500
1758587613501 21.90184669870984 86600
1758587615832 21.904497220818595 86700
1758587617847 21.904846037354872 86800
1758587620164 21.902193093017395 86900
1758587622514 21.89755852001007 87000
1758587624529 21.89715866230827 87100
1758587626510 21.895278754394777 87200
1758587628557 21.89390519187359 87300
1758587630609 21.894038076152306 87400
1758587632471 21.89164164164164 87500
1758587634500 21.89077730567358 87600
1758587636346 21.890664003994008 87700
1758587638083 21.88930441286462 87800
1758587639780 21.88769920318725 87900
1758587641674 21.893754665339635 88000
1758587643516 21.893141153081512 88100
1758587645206 21.890791759741873 88200
1758587647131 21.890404165633523 88300
1758587649168 21.88930163447251 88400
1758587651327 21.889438535740787 88500
1758587653400 21.885375494071145 88600
1758587656065 21.88403651616087 88700
1758587658222 21.87999014292755 88800
1758587659895 21.877922717204036 88900
1758587662009 21.875368731563423 89000
1758587664059 21.87671905697446 89100
1758587665754 21.880765456329733 89200
1758587667483 21.87699093359471 89300
1758587669391 21.87860988742046 89400
1758587671354 21.881418092909534 89500
1758587673269 21.87985347985348 89600
1758587675187 21.87682926829268 89700
1758587677145 21.87768031189084 89800
1758587679112 21.876368946215624 89900
1758587680882 21.869744835965978 90000
1758587682828 21.866504854368934 90100
1758587684561 21.86136694134755 90200
1758587686309 21.863922518159807 90300
1758587688076 21.86118500604595 90400
1758587690001 21.85990338164251 90500
1758587692015 21.862659908279024 90600
1758587693801 21.860448300795372 90700
1758587695642 21.85961955213099 90800
1758587697375 21.86099086099086 90900
1758587699156 21.859923113887554 91000
1758587701028 21.86077772443591 91100
1758587702839 21.86334212419084 91200
1758587704694 21.866586826347305 91300
1758587706572 21.868628858578607 91400
1758587708414 21.86687380497132 91500
1758587710237 21.862258295535927 91600
1758587712040 21.858879618593562 91700
1758587713808 21.860204810669206 91800
1758587715626 21.858705994291153 91900
1758587717373 21.854834877643146 92000
1758587719234 21.85263407688657 92100
1758587721131 21.853756814410996 92200
1758587723131 21.85200094719394 92300
1758587724940 21.85758220960492 92400
1758587726667 21.860316709997637 92500
1758587728390 21.856232294617563 92600
1758587730198 21.854515444470643 92700
1758587732564 21.853038153556287 92800
1758587734582 21.85156433780287 92900
1758587736561 21.851033834586467 93000
1758587738918 21.84906103286385 93100
1758587741243 21.846694796061886 93200
1758587743548 21.844298759072817 93300
1758587745924 21.84284377923293 93400
1758587748383 21.84228971962617 93500
1758587750640 21.838077461502568 93600
1758587752799 21.843086966658895 93700
1758587755107 21.841872380065208 93800
1758587757140 21.844113541181944 93900
1758587759194 21.84522426214269 94000
1758587761269 21.844207104713256 94100
1758587763239 21.84577922077922 94200
1758587765168 21.84545875810936 94300
1758587766965 21.852083333333333 94400
1758587768954 21.84947976878613 94500
1758587770781 21.848925848925848 94600
1758587772673 21.849792339640054 94700
1758587774712 21.850161364684187 94800
1758587776588 21.85056412618006 94900
1758587778747 21.85024154589372 95000
1758587780692 21.85612502872903 95100
1758587782806 21.85763490241102 95200
1758587784748 21.857798165137616 95300
1758587786774 21.854066437571593 95400
1758587788801 21.850572082379863 95500
1758587790845 21.84982857142857 95600
1758587792763 21.849543378995435 95700
1758587794864 21.85036496350365 95800
1758587796949 21.849851902483483 95900
1758587799223 21.851582062371957 96000
1758587801166 21.848340154615734 96100
1758587803201 21.846241199182376 96200
1758587805278 21.84910369866122 96300
1758587807507 21.847008159564822 96400
1758587809570 21.84763414081956 96500
1758587811741 21.848676769961546 96600
1758587813762 21.843877089923183 96700
1758587815984 21.84427894380501 96800
1758587818128 21.843778178539225 96900
1758587820168 21.841927493807702 97000
1758587822213 21.839631129104813 97100
1758587824823 21.84269662921348 97200
1758587826847 21.840817242927706 97300
1758587828709 21.84346265978919 97400
1758587830611 21.83893369175627 97500
1758587832673 21.83952551477171 97600
1758587834755 21.838587078023696 97700
1758587837668 21.83675748101831 97800
1758587839826 21.840437402365545 97900
1758587841974 21.84306732055283 98000
1758587843766 21.841015364061455 98100
1758587845696 21.840080071174377 98200
1758587847582 21.83959120195512 98300
1758587849482 21.838845726970032 98400
1758587851341 21.83680709534368 98500
1758587853685 21.838316722037654 98600
1758587855395 21.840451427306927 98700
1758587857216 21.841476895865576 98800
1758587859005 21.84076855123675 98900
1758587860720 21.84046778464254 99000
1758587862445 21.844797178130513 99100
1758587864248 21.843866989649857 99200
1758587866028 21.84708470847085 99300
1758587867970 21.845054945054944 99400
1758587869806 21.84606938954765 99500
1758587871634 21.842289975871903 99600
1758587873484 21.844653812445223 99700
1758587875271 21.84219741737798 99800
1758587877318 21.844925634295713 99900
1758587879521 21.847279877649115 100000
1758587881382 21.846355303360976 100100
1758587883360 21.8432526705908 100200
1758587885308 21.842116724738677 100300
1758587887068 21.843994778067884 100400
1758587888858 21.84155618343838 100500
1758587890725 21.841293964394268 100600
1758587892645 21.84164859002169 100700
1758587894469 21.840520043336944 100800
1758587896312 21.843039618965143 100900
1758587898188 21.846636383300886 101000
1758587900012 21.848281824076075 101100
1758587901884 21.852299719283092 101200
1758587904002 21.853721682847898 101300
1758587905800 21.85043103448276 101400
1758587907542 21.85059203444564 101500
1758587909428 21.851365885136588 101600
1758587911257 21.85385772619815 101700
1758587913272 21.85165306998712 101800
1758587915335 21.853067353067352 101900
1758587917304 21.853621945992284 102000
1758587919122 21.853381849315067 102100
1758587920926 21.85033140902288 102200
1758587922785 21.85003204443495 102300
1758587924585 21.85357524012807 102400
1758587926446 21.850746268656717 102500
1758587928304 21.850692225772097 102600
1758587930110 21.848936170212767 102700
1758587931881 21.84930924548353 102800
1758587933843 21.847950732639625 102900
1758587935669 21.84832414085702 103000
1758587937479 21.846789574062303 103100
1758587939249 21.844834885690094 103200
1758587941020 21.84161556354409 103300
1758587942753 21.838614279678918 103400
1758587944477 21.839628613631568 103500
1758587946199 21.83790050590219 103600
1758587947974 21.83887952822241 103700
1758587949818 21.84090909090909 103800
1758587951534 21.840655875551818 103900
1758587953456 21.843730308758666 104000
1758587955199 21.84386149003148 104100
1758587956929 21.841719077568133 104200
1758587958976 21.842480100544616 104300
1758587960885 21.842644904791797 104400
1758587962658 21.843612795316748 104500
1758587964415 21.845864661654137 104600
1758587966133 21.84557595993322 104700
1758587967962 21.845945382530747 104800
1758587969740 21.846698604457405 104900
1758587971485 21.850156087408948 105000
1758587973239 21.845146539181044 105100
1758587975027 21.842400332225914 105200
1758587976845 21.844190871369296 105300
1758587978721 21.842901554404143 105400
1758587980679 21.844481259059847 105500
1758587982642 21.84647217049452 105600
1758587984483 21.84683753617197 105700
1758587986426 21.847170590665016 105800
1758587988328 21.84385313531353 105900
1758587990277 21.84439406430338 106000
1758587992193 21.841260037059914 106100
1758587994205 21.840806252570957 106200
1758587996097 21.83850421204027 106300
1758587998572 21.836206896551722 106400
1758588000504 21.83859721082855 106500
1758588002435 21.83876254865806 106600
1758588004428 21.83810888252149 106700
1758588006267 21.83967280163599 106800
1758588008091 21.840621168778096 106900
1758588009975 21.838742600530722 107000
1758588011783 21.840913726290026 107100
1758588013682 21.839445802770985 107200
1758588015721 21.839609200081416 107300
1758588017612 21.83814558763725 107400
1758588019509 21.83644859813084 107500
1758588021371 21.838441242135172 107600
1758588023304 21.838572297708374 107700
1758588025398 21.837722852512155 107800
1758588027321 21.838866396761134 107900
1758588029345 21.838422649140547 108000
1758588031472 21.835353535353537 108100
1758588033457 21.833501513622604 108200
1758588035970 21.832056451612903 108300
1758588038384 21.827225130890053 108400
1758588041053 21.825789579561455 108500
1758588043519 21.828341708542712 108600
1758588045888 21.826706827309238 108700
1758588048124 21.822266800401202 108800
1758588050093 21.82782120665464 108900
1758588052171 21.82835970358502 109000
1758588054343 21.826330532212886 109100
1758588056435 21.82510493703778 109200
1758588059146 21.822683706070286 109300
1758588061435 21.822661081188908 109400
1758588063845 21.821442805898766 109500
1758588065933 21.824536944831706 109600
1758588067943 21.821961408394667 109700
1758588070177 21.819554848966614 109800
1758588072161 21.82188244638602 109900
1758588074444 21.821265621900416 110000
1758588076820 21.819028741328047 110100
1758588079489 21.82059405940594 110200
1758588082769 21.822121092204195 110300
1758588085232 21.818541213678593 110400
1758588087449 21.815004935834157 110500
1758588089732 21.809899428120687 110600
1758588091966 21.80791962174941 110700
1758588094341 21.804959653611494 110800
1758588096673 21.806489675516225 110900
1758588098903 21.80742778541953 111000
1758588101160 21.80840204161759 111100
1758588103332 21.807413218278093 111200
1758588105588 21.808152067411328 111300
1758588107887 21.80873140172279 111400
1758588110242 21.807353804028946 111500
1758588112735 21.807113543091656 111600
1758588115023 21.804178055447093 111700
1758588117417 21.802418568363567 111800
1758588119579 21.80378020265004 111900
1758588121818 21.801245863344363 112000
1758588124036 21.801205991052324 112100
1758588126235 21.80524781341108 112200
1758588128576 21.80753544377549 112300
1758588130831 21.808655152338442 112400
1758588133073 21.807677394338892 112500
1758588135310 21.806895215959713 112600
1758588137547 21.80359907120743 112700
1758588139826 21.805722018171274 112800
1758588142042 21.80397837002704 112900
1758588144358 21.802778849864918 113000
1758588146759 21.802968960863698 113100
1758588149111 21.80026964560863 113200
1758588151640 21.80084664229363 113300
1758588153760 21.801768890597963 113400
1758588155686 21.79850172877449 113500
1758588157775 21.796200345423145 113600
1758588160158 21.795628834355828 113700
1758588162482 21.79371767860563 113800
1758588164842 21.79161882893226 113900
1758588167175 21.78971515962531 114000
1758588169389 21.790106951871657 114100
1758588171609 21.788358778625955 114200
1758588173829 21.78970448045758 114300
1758588176196 21.78838095238095 114400
1758588178242 21.791206699657405 114500
1758588180020 21.790985165462153 114600
1758588181816 21.79384381531446 114700
1758588183611 21.792671349914563 114800
1758588185398 21.79248861911988 114900
1758588187166 21.788177339901477 115000
1758588189109 21.785538519780427 115100
1758588190897 21.78498487140696 115200
1758588192689 21.784391534391535 115300
1758588194467 21.78232962053993 115400
1758588196430 21.77974731284179 115500
1758588198363 21.779159600527606 115600
1758588200228 21.78361581920904 115700
1758588202383 21.78739416745061 115800
1758588204588 21.785673998871967 115900
1758588206659 21.7854996243426 116000
1758588208686 21.785325577031337 116100
1758588210576 21.783652043494563 116200
1758588212499 21.786436867740726 116300
1758588214383 21.784577952461163 116400
1758588216329 21.781413612565444 116500
1758588218145 21.781430973286007 116600
1758588220192 21.779022023142964 116700
1758588222249 21.779559865721744 116800
1758588224243 21.777384500745157 116900
1758588226398 21.77848101265823 117000
1758588228548 21.778129068253673 117100
1758588230673 21.77629134150873 117200
1758588233403 21.775157816561457 117300
1758588235610 21.77592283435355 117400
1758588237621 21.776274328081556 117500
1758588239852 21.77462962962963 117600
1758588242263 21.770440251572328 117700
1758588244510 21.769913139900204 117800
1758588246560 21.771929824561404 117900
1758588248632 21.772098173094665 118000
1758588250521 21.772676991150444 118100
1758588252482 21.772149567139436 118200
1758588254765 21.769782848730216 118300
1758588257098 21.76760433903291 118400
1758588259077 21.764695077149156 118500
1758588261286 21.762708753899798 118600
1758588263621 21.765450210893086 118700
1758588265701 21.76328325393917 118800
1758588267805 21.760431918008784 118900
1758588270050 21.762253108997804 119000
1758588272344 21.762792397660817 119100
1758588274630 21.759583789704273 119200
1758588276966 21.756884917016233 119300
1758588279131 21.754190962099127 119400
1758588280966 21.75441470963044 119500
1758588282799 21.754593414589777 119600
1758588284765 21.75445292620865 119700
1758588286881 21.752859996368258 119800
1758588288965 21.75449101796407 119900
1758588290863 21.753807106598984 120000
1758588292731 21.75185654772686 120100
1758588294614 21.752217194570136 120200
1758588296462 21.75370705244123 120300
1758588298490 21.75334297072642 120400
1758588300463 21.749097472924188 120500
1758588302296 21.749098124098126 120600
1758588304356 21.75022526581366 120700
1758588306506 21.748109470651784 120800
1758588308914 21.750269881252247 120900
1758588310734 21.74815746899155 121000
1758588312784 21.747665229885058 121100
1758588314735 21.748564249820532 121200
1758588316724 21.74735520889367 121300
1758588318814 21.746506628448586 121400
1758588320891 21.74369071057813 121500
1758588323293 21.742489270386265 121600
1758588325400 21.74200464534572 121700
1758588327346 21.74147473665417 121800
1758588329292 21.742240456653587 121900
1758588331235 21.741935483870968 122000
1758588333458 21.740562678062677 122100
1758588335492 21.740213523131672 122200
1758588337364 21.741155555555554 122300
1758588339284 21.738010657193605 122400
1758588341176 21.737888198757766 122500
1758588343206 21.739670154282674 122600
1758588345495 21.73830616583983 122700
1758588347798 21.737121614445034 122800
1758588349985 21.738545904829294 122900
1758588352011 21.73771650759986 123000
1758588354096 21.7394913458142 123100
1758588356223 21.740028238616308 123200
1758588358409 21.744444444444444 123300
1758588360535 21.741674008810573 123400
1758588362431 21.741197183098592 123500
1758588364322 21.744018296973962 123600
1758588366252 21.746835443037973 123700
1758588368326 21.746003864394872 123800
1758588370538 21.745480077233633 123900
1758588372673 21.745527884952647 124000
1758588374819 21.744304241149667 124100
1758588376774 21.746104009805638 124200
1758588378645 21.744926522043386 124300
1758588380466 21.743226708617374 124400
1758588382375 21.742053789731052 124500
1758588384432 21.74088291746641 124600
1758588386380 21.737622036262202 124700
1758588388241 21.73663124891134 124800
1758588390291 21.738555265448216 124900
1758588392748 21.740476604626892 125000
1758588395213 21.73913799096281 125100
1758588397675 21.73919083174162 125200
1758588400127 21.73594725884802 125300
1758588402715 21.73409603050789 125400
1758588405380 21.73125541125541 125500
1758588408003 21.73040318394186 125600
1758588410008 21.729598893499308 125700
1758588412012 21.730523406460527 125800
1758588413938 21.731227343345417 125900
1758588415774 21.73076923076923 126000
1758588417780 21.729967258314666 126100
1758588419675 21.72658402203857 126200
1758588421732 21.724410803371754 126300
1758588423739 21.723444482640083 126400
1758588425579 21.725180350395053 126500
1758588427430 21.725587781019392 126600
1758588429390 21.727490996398558 126700
1758588431287 21.725839616175463 126800
1758588433167 21.731289604384312 126900
1758588435339 21.734211877460208 127000
1758588437582 21.732387140902873 127100
1758588440081 21.72890331397335 127200
1758588442074 21.730795493342438 127300
1758588443926 21.732002729443877 127400
1758588446144 21.729504005454235 127500
1758588448375 21.72717983651226 127600
1758588450554 21.731620149761742 127700
1758588452431 21.730828090460808 127800
1758588454710 21.731860662701784 127900
1758588456930 21.732552215995923 128000
1758588458974 21.73396674584323 128100
1758588461368 21.73516446252967 128200
1758588463505 21.73398847848187 128300
1758588465619 21.73641442356526 128400
1758588468414 21.737607849771614 128500
1758588471025 21.736139283299526 128600
1758588473057 21.736193210606316 128700
1758588475100 21.734390820114747 128800
1758588477057 21.734569983136595 128900
1758588478929 21.73445661331087 129000
1758588480821 21.733501683501682 129100
1758588482783 21.733344549125167 129200
1758588484732 21.731047234829383 129300
1758588486699 21.733456499832045 129400
1758588488686 21.731330760194663 129500
1758588490684 21.73134328358209 129600
1758588492805 21.7298927613941 129700
1758588494885 21.727607567386574 129800
1758588496729 21.726831716293074 129900
1758588498644 21.725555741266923 130000
1758588500619 21.72611890447562 130100
1758588502809 21.72317703987986 130200
1758588504745 21.722907635878627 130300
1758588506930 21.721306013659838 130400
1758588508853 21.72053928095872 130500
1758588510696 21.718110760019957 130600
1758588512575 21.718012628780325 130700
1758588514459 21.716871471272004 130800
1758588516469 21.71760411481666 130900
1758588518513 21.716180371352785 131000
1758588520560 21.713765115123405 131100
1758588522669 21.71544446283728 131200
1758588524807 21.713080866545393 131300
1758588526928 21.713270533796067 131400
1758588529248 21.71284676354029 131500
1758588531566 21.711928724632898 131600
1758588533546 21.711341905703925 131700
1758588535575 21.709932465821115 131800
1758588537510 21.708031599736668 131900
1758588539396 21.709375 132000
1758588541401 21.707641741988496 132100
1758588543319 21.708819182131712 132200
1758588545473 21.70971447325238 132300
1758588547614 21.711052804198097 132400
1758588549962 21.709814845158117 132500
1758588551995 21.71049615195677 132600
1758588554019 21.708769633507853 132700
1758588556177 21.70994113799869 132800
1758588559045 21.712581699346405 132900
1758588561090 21.713142857142856 133000
1758588563217 21.710766721044045 133100
1758588565515 21.710513447432763 133200
1758588567739 21.708631921824104 133300
1758588570071 21.706427990235966 133400
1758588572209 21.70569105691057 133500
1758588574165 21.70734481637959 133600
1758588576128 21.709321208184477 133700
1758588578048 21.70793444750933 133800
1758588579984 21.70752269779507 133900
1758588581900 21.707111615098007 134000
1758588583897 21.70443509226287 134100
1758588585891 21.70305676855895 134200
1758588587988 21.702440601260708 134300
1758588589965 21.704780361757106 134400
1758588592043 21.703243504921737 134500
1758588594299 21.704354838709676 134600
1758588596316 21.708299758259468 134700
1758588598324 21.70897084876792 134800
1758588600287 21.710445839369065 134900
1758588602275 21.710678674815053 135000
1758588604326 21.7103825136612 135100
1758588606571 21.711257427332583 135200
1758588608830 21.711924249719146 135300
1758588611044 21.712315586914688 135400
1758588613320 21.71126422047749 135500
1758588615626 21.709574127441563 135600
1758588617551 21.70976 135700
1758588619429 21.709032773780976 135800
1758588621308 21.706869009584665 135900
1758588623260 21.709929757343552 136000
1758588625407 21.709842080076566 136100
1758588627449 21.70752311125279 136200
1758588629568 21.70711896798853 136300
1758588631781 21.70607893061744 136400
1758588634051 21.70408650023851 136500
1758588636576 21.701938353987924 136600
1758588638640 21.701539926972536 136700
1758588640661 21.701887989846107 136800
1758588642591 21.705248136990644 136900
1758588644602 21.705118047852956 137000
1758588646599 21.705668144395187 137100
1758588648587 21.706645569620253 137200
1758588650850 21.70513833992095 137300
1758588653261 21.703791469194314 137400
1758588655696 21.70307813733228 137500
1758588658016 21.704369774412367 137600
1758588660437 21.704760403530894 137700
1758588662733 21.70478890989288 137800
1758588665091 21.702077431539188 137900
1758588667391 21.70089636735336 138000
1758588669773 21.69956002514142 138100
1758588672126 21.699748743718594 138200
1758588674489 21.700611956692295 138300
1758588676828 21.70205425748785 138400
1758588679295 21.700877467878406 138500
1758588681566 21.70477682067345 138600
1758588683672 21.705900766943184 138700
1758588685661 21.706912730685016 138800
1758588687695 21.705643270282945 138900
1758588689624 21.710090596688534 139000
1758588691633 21.712300967842648 139100
1758588694082 21.70929507174049 139200
1758588696538 21.71270459859704 139300
1758588698904 21.712616822429908 139400
1758588700975 21.711284046692608 139500
1758588703053 21.711619225384975 139600
1758588705094 21.710289089213553 139700
1758588707126 21.709892840503183 139800
1758588709196 21.709186840471755 139900
1758588711264 21.709832506203472 140000
1758588713877 21.709437470943747 140100
1758588716465 21.711586121437424 140200
1758588718456 21.713047515864417 140300
1758588720536 21.711877513145684 140400
1758588722690 21.712100139082057 140500
1758588724763 21.712277992277993 140600
1758588727236 21.71219135802469 140700
1758588729426 21.7140653917335 140800
1758588731942 21.71197411003236 140900
1758588734093 21.71153549976898 141000
1758588736393 21.713604185903353 141100
1758588738534 21.71151776103337 141200
1758588740837 21.71081745543946 141300
1758588742869 21.71007371007371 141400
1758588745335 21.71152370722725 141500
1758588747800 21.710933905842662 141600
1758588749878 21.71161507814894 141700
1758588751877 21.711441262061573 141800
1758588753920 21.715182124273035 141900
1758588755943 21.714788193913442 142000
1758588758040 21.713630806845966 142100
1758588760166 21.71186440677966 142200
1758588762416 21.717185592185594 142300
1758588764432 21.716333689187127 142400
1758588766627 21.71441633648278 142500
1758588768614 21.712045073854117 142600
1758588770831 21.715872774311368 142700
1758588772978 21.71721934895041 142800
1758588775145 21.722103982973547 142900
1758588777125 21.724703737465816 143000
1758588779092 21.727755845733373 143100
1758588781145 21.727162367223066 143200
1758588783178 21.729258304262096 143300
1758588785716 21.73173688996666 143400
1758588788285 21.732697258821748 143500
1758588790841 21.734069925836234 143600
1758588793506 21.73336358136721 143700
1758588796120 21.73367593712213 143800
1758588798703 21.733836858006043 143900
1758588801250 21.733584905660376 144000
1758588803777 21.732730015082957 144100
1758588805992 21.73349412119385 144200
1758588807921 21.733092333182707 144300
1758588809885 21.735812133072407 144400
1758588811830 21.737625996690237 144500
1758588814038 21.734255223207576 144600
1758588816937 21.7333633768965 144700
1758588818922 21.734163914740318 144800
1758588820883 21.73668417104276 144900
1758588822786 21.739352129574087 145000
1758588824996 21.74374344372846 145100
1758588827072 21.741090146750523 145200
1758588829043 21.73769265300015 145300
1758588831060 21.74058014354067 145400
1758588833118 21.74148236700538 145500
1758588835341 21.739734209347468 145600
1758588837610 21.739480752014323 145700
1758588839852 21.738034888922023 145800
1758588842320 21.738897168405366 145900
1758588844960 21.743669943401848 146000
1758588847504 21.742372376841793 146100
1758588849620 21.74241522903034 146200
1758588852026 21.744797859690845 146300
1758588854840 21.74320510916382 146400
1758588857609 21.74499035178863 146500
1758588860373 21.745290016318055 146600
1758588863218 21.745775274236586 146700
1758588865960 21.74637037037037 146800
1758588868761 21.74700222057735 146900
1758588871578 21.747299896434384 147000
1758588874287 21.74748669426375 147100
1758588876913 21.74926122931442 147200
1758588879615 21.747489663319552 147300
1758588882329 21.74988933156264 147400
1758588884906 21.75018433859313 147500
1758588887590 21.752247605011053 147600
1758588890026 21.751693667157586 147700
1758588892699 21.751287711552614 147800
1758588895278 21.751581114869833 147900
1758588897919 21.750146972369194 148000
1758588900577 21.752056404230316 148100
1758588903235 21.752385146044325 148200
1758588905953 21.750366676444706 148300
1758588908669 21.750952799765464 148400
1758588911502 21.75069576680826 148500
1758588913968 21.75402635431918 148600
1758588916499 21.753913679590344 148700
1758588919121 21.755958473461032 148800
1758588921521 21.75639339470992 148900
1758588923724 21.76278118609407 149000
1758588926015 21.763941605839417 149100
1758588928369 21.76469730123997 149200
1758588930610 21.76395976089809 149300
1758588932752 21.76270939548434 149400
1758588934945 21.76299315766487 149500
1758588937615 21.767753201396975 149600
1758588939885 21.768358295768504 149700
1758588942062 21.769219590175847 149800
1758588944220 21.769208424110385 149900
1758588946317 21.769521044992743 150000
1758588948603 21.769944879605454 150100
1758588950817 21.771238040011596 150200
1758588952902 21.777278655267352 150300
1758588955120 21.779145546705287 150400
1758588957475 21.781878708930382 150500
1758588959640 21.781313277408156 150600
1758588961764 21.779271465741544 150700
1758588963869 21.77845176198729 150800
1758588965933 21.780167436489606 150900
1758588967987 21.77873936246935 151000
1758588970046 21.778610550590948 151100
1758588972165 21.77772976087583 151200
1758588974715 21.78088108263749 151300
1758588976781 21.78230215827338 151400
1758588978834 21.781883537023724 151500
1758588980882 21.78117816091954 151600
1758588982989 21.780043072505386 151700
1758588985079 21.780456306500216 151800
1758588987306 21.779896759392027 151900
1758588989439 21.778191718011175 152000
1758588991590 21.78029217989115 152100
1758588994219 21.784425994846835 152200
1758588996844 21.785295379773995 152300
1758588999448 21.78796110952245 152400
1758589002028 21.788255465066438 152500
1758589004612 21.78937598172212 152600
1758589007184 21.792207792207794 152700
1758589009753 21.794037940379404 152800
1758589012379 21.795010691375623 152900
1758589015071 21.795554922353613 153000
1758589017680 21.796810479851914 153100
1758589019989 21.79624359704041 153200
1758589022200 21.79638845442912 153300
1758589024303 21.794401818698493 153400
1758589026356 21.79395058222096 153500
1758589028441 21.79355845629966 153600
1758589030502 21.792145186445484 153700
1758589032588 21.792688111095366 153800
1758589034771 21.79241008212971 153900
1758589036951 21.79142493278619 154000
1758589039150 21.792786421499294 154100
1758589041486 21.79474130619169 154200
1758589043775 21.79513987001978 154300
1758589046061 21.79740223069321 154400
1758589048357 21.79808099336814 154500
1758589050560 21.799887180933577 154600
1758589052847 21.8000281848929 154700
1758589055111 21.799464864103648 154800
1758589057364 21.79926801801802 154900
1758589059588 21.804867754642657 155000
1758589061805 21.80303669337832 155100
1758589064057 21.802332115762855 155200
1758589066276 21.804689693906205 155300
1758589068464 21.80550098231827 155400
1758589070668 21.804795961295753 155500
1758589072873 21.80824222035324 155600
1758589075114 21.80893682588598 155700
1758589077328 21.811143777124457 155800
1758589079422 21.812088988386737 155900
1758589081579 21.811381431767337 156000
1758589083846 21.81341719077568 156100
1758589086208 21.816315127811148 156200
1758589088539 21.81714126186488 156300
1758589091179 21.81573441205189 156400
1758589093791 21.81391134652913 156500
1758589096391 21.817333147554688 156600
1758589099010 21.817878028404344 156700
1758589101342 21.81633504939474 156800
1758589103892 21.815211345939932 156900
1758589106486 21.81339446991802 157000
1758589109056 21.816805555555554 157100
1758589111682 21.817487855655795 157200
1758589114290 21.816920943134534 157300
1758589116943 21.815384615384616 157400
1758589119580 21.81687214295609 157500
1758589122197 21.815753045404207 157600
1758589124478 21.81682346430548 157700
1758589126896 21.814876261578874 157800
1758589129508 21.81428768826862 157900
1758589132149 21.81648715824358 158000
1758589134727 21.81564785428453 158100
1758589137282 21.81768031995587 158200
1758589139799 21.819685690653433 158300
1758589142420 21.818983331037334 158400
1758589144991 21.819796255506606 158500
1758589147376 21.820858558062742 158600
1758589150038 21.820819581958197 158700
1758589152647 21.820393019101278 158800
1758589155283 21.81806947686393 158900
1758589157674 21.81668496158068 159000
1758589160280 21.815439462498286 159100
1758589162881 21.819602467443456 159200
1758589165499 21.82054794520548 159300
1758589168373 21.82067077344285 159400
1758589171122 21.821042550280477 159500
1758589173816 21.819660924254855 159600
1758589176583 21.81787129389261 159700
1758589179352 21.81854178044784 159800
1758589182071 21.82243755971066 159900
1758589185040 21.821058374249862 160000
1758589187649 21.821044023442823 160100
1758589190318 21.821413976297507 160200
1758589193079 21.8216473791695 160300
1758589195720 21.825010205470132 160400
1758589198394 21.82578539371685 160500
1758589201060 21.82955008835123 160600
1758589203717 21.830186116016847 160700
1758589206307 21.829622590279662 160800
1758589209096 21.83025780189959 160900
1758589211796 21.83251966368321 161000
1758589214557 21.83005827347879 161100
1758589217121 21.832046593525668 161200
1758589219416 21.834438879111953 161300
1758589221968 21.832521645021647 161400
1758589224671 21.831823712315803 161500
1758589227260 21.833400891771383 161600
1758589229829 21.832703213610586 161700
1758589232403 21.83400809716599 161800
1758589234984 21.83504181278662 161900
1758589237412 21.83542256368783 162000
1758589239842 21.839935327405012 162100
1758589242744 21.842041475895503 162200
1758589245601 21.845605061246467 162300
1758589248565 21.847033499260057 162400
1758589251374 21.850322754168907 162500
1758589254301 21.850154549119743 162600
1758589257376 21.848374966424927 162700
1758589260375 21.8496644295302 162800
1758589263265 21.85269653877113 162900
1758589266070 21.852124949725166 163000
1758589269209 21.85327616240118 163100
1758589272250 21.855631445024777 163200
1758589275284 21.855976442243342 163300
1758589278110 21.856206527554843 163400
1758589281625 21.856550802139036 163500
1758589284292 21.85742918225548 163600
1758589286946 21.859775641025642 163700
1758589289702 21.859316604378 163800
1758589292441 21.859543817527012 163900
1758589295341 21.863218237568326 164000
1758589298234 21.863824117255163 164100
1758589301163 21.864029830869622 164200
1758589303950 21.86425339366516 164300
1758589306713 21.865921787709496 164400
1758589309043 21.86614382560149 164500
1758589311337 21.86357598299681 164600
1758589313985 21.86602044881158 164700
1758589317040 21.868745852687457 164800
1758589320354 21.868169761273208 164900
1758589323004 21.869697773064686 165000
1758589325815 21.870959194488606 165100
1758589328442 21.869340746624307 165200
1758589331034 21.86993913733792 165300
1758589333580 21.871462576038084 165400
1758589336225 21.87139836108908 165500
1758589338848 21.87174745740325 165600
1758589341365 21.869588173178457 165700
1758589343875 21.87084432717678 165800
1758589346170 21.872626582278482 165900
1758589348411 21.871524575042827 166000
1758589350571 21.86965108624095 166100
1758589352752 21.867631578947368 166200
1758589354959 21.866929651545036 166300
1758589357094 21.868182415560522 166400
1758589359210 21.86785761197951 166500
1758589361320 21.867550538199 166600
1758589363565 21.868932038834952 166700
1758589365857 21.86901796250164 166800
1758589368167 21.87052810902896 166900
1758589370595 21.869941060903734 167000
1758589373010 21.870157068062827 167100
1758589375409 21.873103087388802 167200
1758589377737 21.87161720486338 167300
1758589380134 21.873252319351888 167400
1758589382429 21.872796134256237 167500
1758589384685 21.87586476961232 167600
1758589386995 21.874771719279938 167700
1758589389387 21.876923076923077 167800
1758589391791 21.879708067248796 167900
1758589394957 21.87977074378012 168000
1758589397731 21.881541265295496 168100
1758589400597 21.87953688044751 168200
1758589403729 21.877015080603226 168300
1758589406680 21.879287941787943 168400
1758589409446 21.8800155823919 168500
1758589412165 21.879948085658665 168600
1758589415008 21.885313959522573 168700
1758589417799 21.887952275969393 168800
1758589420149 21.88891769280622 168900
1758589422755 21.894791396734906 169000
1758589425678 21.896011396011396 169100
1758589428132 21.899171628268185 169200
1758589430703 21.898590091838056 169300
1758589433140 21.900568916472718 169400
1758589436272 21.90294649780305 169500
1758589439277 21.90184682939429 169600
1758589442098 21.90305924874145 169700
1758589444869 21.9031217750258 169800
1758589447272 21.900863735980405 169900
1758589449946 21.904896907216497 170000
1758589452744 21.908037094281298 170100
1758589455516 21.90859938208033 170200
1758589457956 21.911091096242924 170300
1758589460572 21.910493827160494 170400
1758589463047 21.90875208842051 170500
1758589465589 21.912267180475272 170600
1758589468264 21.91181001283697 170700
1758589470763 21.91442134975622 170800
1758589473492 21.916634603052454 170900
1758589476755 21.914776368063567 171000
1758589479705 21.915460484180862 171100
1758589482212 21.914490527393752 171200
1758589484601 21.915174002047085 171300
1758589487047 21.916368286445014 171400
1758589489463 21.917816973415132 171500
1758589491887 21.918114460909557 171600
1758589494279 21.920582226762 171700
1758589497106 21.920622766717713 171800
1758589499847 21.921938775510203 171900
1758589502580 21.92631310555839 172000
1758589505257 21.926350662589194 172100
1758589508925 21.927925633515855 172200
1758589512276 21.928725976835942 172300
1758589515664 21.929016664546495 172400
1758589518666 21.929307056579784 172500
1758589521439 21.933028339051976 172600
1758589524334 21.934840594436682 172700
1758589527062 21.93652405738225 172800
1758589529264 21.938078923994418 172900
1758589531550 21.938998097653773 173000
1758589534017 21.940676891874762 173100
1758589536494 21.938940967823665 173200
1758589538912 21.93998480628007 173300
1758589541437 21.94178688939509 173400
1758589543815 21.943460662787757 173500
1758589546253 21.946649810366626 173600
1758589548341 21.948439277138885 173700
1758589550603 21.948471836322305 173800
1758589553028 21.95164751925262 173900
1758589555300 21.9568345323741 174000
1758589557658 21.958375378405652 174100
1758589559953 21.96192157357206 174200
1758589562305 21.963079637096776 174300
1758589565017 21.964231738035263 174400
1758589567507 21.964501510574017 174500
1758589569871 21.96703573225969 174600
1758589572229 21.96642776310826 174700
1758589574556 21.967952746009804 174800
1758589577068 21.969723618090452 174900
1758589579457 21.972250125565044 175000
1758589581798 21.97251850922324 175100
1758589584223 21.974284997491218 175200
1758589586545 21.97617853560682 175300
1758589588979 21.979949874686717 175400
1758589591387 21.980333208067144 175500
1758589593720 21.981847771657485 175600
1758589596123 21.983733733733732 175700
1758589598523 21.983991995998 175800
1758589601208 21.986 175900
1758589604099 21.98950393602399 176000
1758589607424 21.99025974025974 176100
1758589610419 21.994757208837846 176200
1758589613097 21.99451029320025 176300
1758589615728 21.99725617360938 176400
1758589618296 21.998753583447588 176500
1758589620706 22.0 176600
1758589623147 22.002615193026152 176700
1758589625537 22.005103310928554 176800
1758589627994 22.005349589450113 176900
1758589630582 22.00845665961945 177000
1758589633089 22.009942828734776 177100
1758589635487 22.01105590062112 177200
1758589638234 22.013038619148144 177300
1758589640500 22.01824500434405 177400
1758589642675 22.017243518173924 177500
1758589645211 22.019714817110973 177600
1758589647667 22.02082042384434 177700
1758589650099 22.022420413724763 177800
1758589652417 22.025133093970535 177900
1758589654572 22.02747524752475 178000
1758589656805 22.031795125572188 178100
1758589659385 22.034747125015457 178200
1758589661772 22.03584672435105 178300
1758589664284 22.038171710932673 178400
1758589666687 22.038399802444747 178500
1758589669132 22.041594667983215 178600
1758589671570 22.044046884639112 178700
1758589674111 22.048593981253084 178800
1758589676606 22.052638067061142 178900
1758589679065 22.054953178905865 179000
1758589681568 22.054802955665025 179100
1758589684134 22.05539143279173 179200
1758589686890 22.057209645669293 179300
1758589689362 22.062476940105768 179400
1758589691836 22.064543889845094 179500
1758589694319 22.066355369869747 179600
1758589696793 22.068533529845247 179700
1758589699081 22.07070955069973 179800
1758589701331 22.06858054226475 179900
1758589703628 22.069519372241295 180000
1758589706014 22.06985294117647 180100
1758589708253 22.071542325125566 180200
1758589710525 22.072967678746327 180300
1758589712838 22.073421439060205 180400
1758589715577 22.07547400611621 180500
1758589718326 22.081061254432083 180600
1758589720969 22.080288402786262 180700
1758589723696 22.085389689714145 180800
1758589726372 22.087179487179487 180900
1758589729140 22.09007689491029 181000
1758589731932 22.091752074182526 181100
1758589734777 22.097317073170732 181200
1758589737488 22.09825673534073 181300
1758589740266 22.100036554161083 181400
1758589742977 22.102545365972475 181500
1758589745695 22.10432136335971 181600
1758589748440 22.10550012168411 181700
1758589751387 22.11092191680856 181800
1758589754261 22.115623100303953 181900
1758589757083 22.116782112042774 182000
1758589759932 22.117332685533828 182100
1758589762748 22.117275707174944 182200
1758589765154 22.12185944896225 182300
1758589767623 22.12493934983018 182400
1758589769844 22.1256214380987 182500
1758589772200 22.129438855896254 182600
1758589774787 22.13107207752877 182700
1758589777000 22.135262775490432 182800
1758589779312 22.136061009563008 182900
1758589781478 22.139866908650937 183000
1758589783678 22.141613254323378 183100
1758589785906 22.144324912365526 183200
1758589788300 22.14681005316578 183300
1758589790725 22.15098441840802 183400
1758589792920 22.153929735603043 183500
1758589795211 22.155684286748734 183600
1758589797487 22.15814234016888 183700
1758589799967 22.156962025316457 183800
1758589803048 22.156765875406677 183900
1758589806054 22.15885824400819 184000
1758589808956 22.16191164078488 184100
1758589812300 22.16377858002407 184200
1758589815765 22.168771803199807 184300
1758589818998 22.170494168570396 184400
1758589822045 22.172716346153845 184500
1758589824486 22.17685930553887 184600
1758589826759 22.179296265161522 184700
1758589829070 22.184393757503003 184800
1758589831483 22.183443311337733 184900
1758589833691 22.185656032621733 185000
1758589835870 22.188444018221052 185100
1758589838113 22.191372079089277 185200
1758589840431 22.194154988621392 185300
1758589842819 22.198036398467433 185400
1758589845613 22.201077199281865 185500
1758589848514 22.203732503888023 185600
1758589851128 22.204352505081907 185700
1758589853665 22.20944411237298 185800
1758589856006 22.212570199545944 185900
1758589858282 22.212946375253793 186000
1758589860583 22.2152321833592 186100
1758589863042 22.216799904545997 186200
1758589865322 22.219730406775618 186300
1758589867688 22.224394896864194 186400
1758589870241 22.228009535160904 186500
1758589872744 22.230164403145103 186600
1758589875045 22.236779418770844 186700
1758589877527 22.236071428571428 186800
1758589880505 22.2360499702558 186900
1758589883452 22.23905803996194 187000
1758589885860 22.243995243757432 187100
1758589888432 22.244800950683302 187200
1758589891131 22.2472083630316 187300
1758589893383 22.247417784637303 187400
1758589895844 22.24608448030375 187500
1758589898278 22.247035104364326 187600
1758589900591 22.246177551262296 187700
1758589903078 22.247630331753555 187800
1758589905542 22.251776409284698 187900
1758589907847 22.252634071267906 188000
1758589910156 22.259171597633134 188100
1758589912433 22.263811664497812 188200
1758589914824 22.26584673604541 188300
1758589917139 22.26808510638298 188400
1758589919504 22.270439508506616 188500
1758589921705 22.272083136513935 188600
1758589923932 22.271868728603472 188700
1758589926205 22.276814159292034 188800
1758589928509 22.280254777070063 188900
1758589930719 22.27995283018868 189000
1758589932914 22.284973482616383 189100
1758589935461 22.286134998233006 189200
1758589937839 22.287059931708466 189300
1758589940016 22.288454748734846 189400
1758589942210 22.2884027287697 189500
1758589944507 22.288854925934633 189600
1758589946932 22.293924080385473 189700
1758589949419 22.299612266478675 189800
1758589951632 22.30338266384778 189900
1758589953908 22.305705564686548 190000
1758589956337 22.309154929577463 190100
1758589958696 22.313350539652745 190200
1758589961186 22.314727954971858 190300
1758589963442 22.319929660023448 190400
1758589965684 22.324387671393414 190500
1758589967986 22.32470422865175 190600
1758589970232 22.327751756440282 190700
1758589972591 22.332318857544188 190800
1758589975553 22.3366881217086 190900
1758589978305 22.341560416422972 191000
1758589981265 22.345182413470532 191100
1758589984346 22.34513791491351 191200
1758589987126 22.34556074766355 191300
1758589990304 22.347501167678654 191400
1758589993447 22.349323062558355 191500
1758589996556 22.34904339710686 191600
1758589999860 22.35405247813411 191700
1758590003584 22.35551929129269 191800
1758590010701 22.355278489862503 191900
1758590014542 22.36249271986022 192000
1758590018474 22.363096623981374 192100
1758590024206 22.36518096124753 192200
1758590027357 22.365635179153095 192300
1758590029942 22.369491919544238 192400
1758590033172 22.371687587168758 192500
1758590035644 22.376321598698734 192600
1758590038056 22.383435939133467 192700
1758590040305 22.38868888630821 192800
1758590042630 22.389204875217644 192900
1758590044936 22.390532544378697 193000
1758590047190 22.39480398979355 193100
1758590050087 22.399536231884056 193200
1758590052333 22.397450753186558 193300
1758590054676 22.39796154737086 193400
1758590057111 22.397268202338232 193500
1758590059539 22.399907428835917 193600
1758590062058 22.401688642146656 193700
1758590064452 22.403468208092484 193800
1758590067268 22.404552807950083 193900
1758590069915 22.402124956692457 194000
1758590072484 22.405055985224518 194100
1758590074989 22.406715126341293 194200
1758590077560 22.41061130334487 194300
1758590080323 22.414437269372694 194400
1758590082642 22.417358229598893 194500
1758590084886 22.419354838709676 194600
1758590087310 22.419718958765262 194700
1758590089578 22.423900529587844 194800
1758590091922 22.426467203682392 194900
1758590094176 22.42954101000805 195000
1758590096976 22.43095320225365 195100
1758590099901 22.4312801654792 195200
1758590102585 22.432919825407765 195300
1758590104973 22.433869115958668 195400
1758590107640 22.434128987835667 195500
1758590110215 22.43627394745899 195600
1758590112764 22.438940488476092 195700
1758590115396 22.442342961944064 195800
1758590118130 22.442204147095886 195900
1758590120820 22.441658078552617 196000
1758590123674 22.443630536797528 196100
1758590126052 22.4458299965679 196200
1758590128359 22.448015555301385 196300
1758590131117 22.449931412894376 196400
1758590133975 22.45132541133455 196500
1758590136789 22.450610939819573 196600
1758590139611 22.45445205479452 196700
1758590142488 22.45282373074729 196800
1758590144902 22.45341544075721 196900
1758590147660 22.45604834112416 197000
1758590150632 22.458627763847733 197100
1758590153616 22.467927537883103 197200
1758590156448 22.47306071306527 197300
1758590159316 22.474834889546802 197400
1758590162059 22.476271765107544 197500
1758590164829 22.474863512283893 197600
1758590167646 22.47873550147828 197700
1758590170434 22.481245737667653 197800
1758590173668 22.483640081799592 197900
1758590176478 22.4834203951851 198000
1758590179337 22.482465100442628 198100
1758590182120 22.48049001814882 198200
1758590184527 22.48055775989117 198300
1758590186972 22.480226628895185 198400
1758590189565 22.480122324159023 198500
1758590192326 22.480416572334164 198600
1758590194792 22.47935286797149 198700
1758590197262 22.477272727272727 198800
1758590200131 22.476438015594983 198900
1758590203041 22.475830133273096 199000
1758590205774 22.47584104764055 199100
1758590208493 22.477995937711576 199200
1758590211232 22.477329122490413 199300
1758590214059 22.47497745716862 199400
1758590216916 22.47521406038756 199500
1758590219755 22.478432255884673 199600
1758590222766 22.479905437352247 199700
1758590225580 22.478172817281727 199800
1758590228533 22.479082321187583 199900
1758590231558 22.480777877697843 200000
1758590234595 22.480170767329515 200100
1758590237628 22.480516563728244 200200
1758590240455 22.482096756089348 200300
1758590243473 22.480085268708628 200400
1758590246479 22.48194662480377 200500
1758590249475 22.482739296121945 200600
1758590252264 22.484875644185525 200700
1758590255394 22.48303661404098 200800
1758590258576 22.481087735004476 200900
1758590261402 22.483221476510067 201000
1758590264306 22.483899821109123 201100
1758590267412 22.48513634331694 201200
1758590270548 22.485478105451296 201300
1758590273578 22.486712818222422 201400
1758590276518 22.484767325075328 201500
1758590279133 22.48483158599152 201600
1758590282103 22.486676329579662 201700
1758590284958 22.485179407176286 201800
1758590287967 22.487079527734462 201900
1758590291008 22.487530616789133 202000
1758590294029 22.487758735811262 202100
1758590297068 22.490322580645163 202200
1758590300203 22.49221703357794 202300
1758590303238 22.493220715714603 202400
1758590306337 22.49427841350961 202500
1758590309198 22.496835091615768 202600
1758590312278 22.4983904983905 202700
1758590315238 22.497559352118927 202800
1758590318356 22.49733865602129 202900
1758590321335 22.49817133990912 203000
1758590324596 22.498282928990804 203100
1758590327649 22.499058797475364 203200
1758590330708 22.502213858755812 203300
1758590333935 22.501936054873326 203400
1758590336960 22.504590200199093 203500
1758590340910 22.507131011608625 203600
1758590344021 22.508564482263232 203700
1758590347091 22.509056770488183 203800
1758590350188 22.509273570324574 203900
1758590353300 22.51103509159126 204000
1758590356519 22.512741312741312 204100
1758590359436 22.51797529775033 204200
1758590362720 22.51746941474705 204300
1758590365588 22.517351547868238 204400
1758590368407 22.516075754239154 204500
1758590371031 22.520528343423226 204600
1758590374136 22.521839586313124 204700
1758590377440 22.520510282634994 204800
1758590380505 22.523029570187973 204900
1758590383520 22.523568838589167 205000
1758590386518 22.526911247803163 205100
1758590389686 22.526899429073342 205200
1758590392924 22.530618964003512 205300
1758590396812 22.532638507953923 205400
1758590400098 22.537179205966222 205500
1758590403883 22.53941453787962 205600
1758590407149 22.542575342465753 205700
1758590409596 22.543433015664366 205800
1758590412263 22.545773105562855 205900
1758590415288 22.548161120840632 206000
1758590418200 22.550935550935552 206100
1758590420998 22.551132013562288 206200
1758590424108 22.552093582595386 206300
1758590427175 22.552945033329692 206400
1758590430216 22.554997269251775 206500
1758590433089 22.556720165956982 206600
1758590436181 22.560685439860293 206700
1758590439301 22.56290234588107 206800
1758590442324 22.56588132635253 206900
1758590446694 22.567488006977758 207000
1758590450415 22.571117166212534 207100
1758590455047 22.572673785138374 207200
1758590458236 22.574711391853626 207300
1758590461713 22.576810016330974 207400
1758590465783 22.58249891162386 207500
1758590469734 22.58650707290533 207600
1758590473199 22.588971068087883 207700
1758590476672 22.588759647787803 207800
1758590479873 22.591284503368833 207900
1758590483027 22.5940690853791 208000
1758590486071 22.59669888152894 208100
1758590491266 22.599326964828485 208200
1758590495631 22.600477430555557 208300
1758590499028 22.601409978308027 208400
1758590502713 22.60381654559254 208500
1758590507960 22.605830714208302 208600
1758590514163 22.60849312100531 208700
1758590518756 22.611760883690707 208800
1758590522956 22.61426870195951 208900
1758590529873 22.615434570841 209000
1758590535181 22.619536996971007 209100
1758590539532 22.623445441764897 209200
1758590543093 22.62681081081081 209300
