1758585933821 0.4766397476196289 0
1758585935303 5.748806272697921 100
1758585936571 2.0862761480891288 200
1758585937865 1.5597778697346532 300
1758585939135 1.0456591579979495 400
1758585940427 0.7678156098919714 500
1758585941779 0.6372353126126002 600
1758585943141 0.5439666191623487 700
1758585944634 0.43935834795943507 800
1758585945971 0.41607769665522265 900
1758585947311 0.39989311021048346 1000
1758585948919 0.38706283651623913 1100
1758585950292 0.31568055506252823 1200
1758585951702 0.2892913264920398 1300
1758585953548 0.2784795507544028 1400
1758585955452 0.2670585243484324 1500
1758585957373 0.24134272042845725 1600
1758585959247 0.22243695550634887 1700
1758585961109 0.2217439011955579 1800
1758585962514 0.19653591966704279 1900
1758585964447 0.19977300778321777 2000
1758585965850 0.2019213682580482 2100
1758585967761 0.18868613773884962 2200
1758585969177 0.180307176101731 2300
1758585971089 0.1682829481023195 2400
1758585973003 0.15486500216502755 2500
1758585974395 0.14631623994474546 2600
1758585975797 0.14042077493508714 2700
1758585977677 0.1369482793368769 2800
1758585979548 0.12766373482131826 2900
1758585980911 0.12453583549237657 3000
1758585982792 0.12268608418329037 3100
1758585984640 0.11940297563535576 3200
1758585986041 0.10990712675893714 3300
1758585987954 0.10470923410728027 3400
1758585989372 0.0982137697487346 3500
1758585991271 0.09969846575301874 3600
1758585992672 0.10205243124056107 3700
1758585994093 0.09046768100912149 3800
1758585995997 0.09046224886501364 3900
1758585997828 0.08720179180358834 4000
1758585999093 0.08966501295145068 4100
1758586000354 0.0802559716960868 4200
1758586001690 0.08545593366155067 4300
1758586003663 0.08645823629735086 4400
1758586005060 0.0853543145421928 4500
1758586006372 0.0875605628998791 4600
1758586007676 0.08562831695068139 4700
1758586008990 0.08611079648841646 4800
1758586010284 0.08211673062520473 4900
1758586011592 0.07799338081125688 5000
1758586012868 0.08064869898624266 5100
1758586014201 0.07691464976974689 5200
1758586015527 0.07936987974040577 5300
1758586017470 0.07811038380661534 5400
1758586019374 0.0793025825180112 5500
1758586020810 0.08088477707998899 5600
1758586022183 0.07348698587757185 5700
1758586023739 0.07674696276545874 5800
1758586025281 0.07721056115564665 5900
1758586027249 0.07800019540263899 6000
1758586029229 0.07412902379969928 6100
1758586031146 0.07261802869119138 6200
1758586033121 0.07186444387267911 6300
1758586034754 0.07698859086056796 6400
1758586036204 0.07419785758638874 6500
1758586037647 0.07184886260567931 6600
1758586039028 0.07674139674929181 6700
1758586040678 0.07129594954019644 6800
1758586042197 0.07322048142481119 6900
1758586043869 0.07222024448734235 7000
1758586045570 0.07222249044228433 7100
1758586046987 0.07108890591454396 7200
1758586048438 0.07573222160469978 7300
1758586049845 0.07140056288994545 7400
1758586051489 0.07323777019270356 7500
1758586053195 0.07202994012625621 7600
1758586054609 0.07373418428420773 7700
1758586056306 0.07056560746799172 7800
1758586057695 0.07212835513342937 7900
1758586059526 0.0738412237602418 8000
1758586061197 0.07179207887756664 8100
1758586063221 0.06943891444099835 8200
1758586065027 0.06710724163710274 8300
1758586066478 0.0692283630995449 8400
1758586068474 0.07125855810346919 8500
1758586070127 0.06970058969391901 8600
1758586071980 0.0676805685339488 8700
1758586073753 0.06899881086597631 8800
1758586075869 0.06996051044547683 8900
1758586077712 0.06981954483466206 9000
1758586079706 0.06734595832137298 9100
1758586081706 0.06824606489246403 9200
1758586083664 0.06517577248226633 9300
1758586085295 0.06494782937484755 9400
1758586087015 0.06763046513782177 9500
1758586088837 0.06611391326162097 9600
1758586090383 0.06293911312599917 9700
1758586091937 0.06365454331938922 9800
1758586093506 0.06142513374646087 9900
1758586095404 0.06095997789671106 10000
1758586097198 0.0574623209310633 10100
1758586098962 0.05620372303559867 10200
1758586100853 0.05690709107964378 10300
1758586103304 0.0574389676063889 10400
1758586105644 0.056366994396616944 10500
1758586107994 0.05488186864940167 10600
1758586110150 0.057300670783482534 10700
1758586111521 0.054581414151110036 10800
1758586113101 0.054003619565929625 10900
1758586114805 0.056642094803619314 11000
1758586116206 0.05325823297973968 11100
1758586117667 0.05331651024196459 11200
1758586119689 0.054458309154512184 11300
1758586121051 0.05239849234451255 11400
1758586122532 0.05346509898479022 11500
1758586123954 0.05039364773079749 11600
1758586125647 0.051700423369192894 11700
1758586127116 0.049716077934997625 11800
1758586128817 0.04994304355838982 11900
1758586130360 0.04963225243975844 12000
1758586132067 0.05080756764009604 12100
1758586133660 0.04967554763989042 12200
1758586135170 0.04837181093091742 12300
1758586136881 0.0473490634778557 12400
1758586138618 0.04845337586997557 12500
1758586140557 0.046691645498209915 12600
1758586142442 0.04790196220909138 12700
1758586143957 0.048922768254530034 12800
1758586145808 0.04581283704318443 12900
1758586147790 0.04365480942832865 13000
1758586149373 0.044264984662255646 13100
1758586151150 0.04579045161922071 13200
1758586152631 0.0438673583540412 13300
1758586154057 0.044786173766624145 13400
1758586155756 0.04341940868872994 13500
1758586157540 0.044351546223238454 13600
1758586159434 0.0431985425806404 13700
1758586161177 0.043528336388901884 13800
1758586162649 0.04262601174122052 13900
1758586164351 0.04122052661998469 14000
1758586165819 0.03984773156490912 14100
1758586167793 0.03901810156158239 14200
1758586169608 0.037629133370796056 14300
1758586171240 0.03800707912703337 14400
1758586172738 0.039259906719737316 14500
1758586174618 0.03997434603744203 14600
1758586176987 0.03794884435190375 14700
1758586178570 0.037110010825833005 14800
1758586180028 0.036329204624478875 14900
1758586181452 0.036294884160712325 15000
1758586183290 0.03493339495503834 15100
1758586185464 0.03479629015892746 15200
1758586187929 0.035267735344079204 15300
1758586191053 0.033175014550094056 15400
1758586193865 0.034723747992437125 15500
1758586198172 0.033389999456768134 15600
1758586200439 0.03422632691784426 15700
1758586202876 0.03366140199382051 15800
1758586208020 0.03223996496479449 15900
1758586213547 0.032512851226598756 16000
1758586219059 0.03157973911412628 16100
1758586223446 0.03346503404149096 16200
1758586228232 0.032440366616871275 16300
1758586233093 0.03252877295653229 16400
1758586237693 0.03302559651184729 16500
1758586242390 0.0331136644493348 16600
1758586246360 0.03159173289699245 16700
1758586250991 0.032279621582004 16800
1758586256425 0.03184587159429624 16900
1758586261802 0.034303407347641944 17000
1758586267019 0.030614307669685373 17100
1758586270349 0.031715008624937154 17200
1758586274768 0.03032603154161212 17300
1758586279759 0.031284859341990295 17400
1758586285687 0.032381525925721896 17500
1758586289133 0.029753117309118643 17600
1758586293096 0.02910532957281435 17700
1758586295543 0.029668619429005054 17800
1758586298133 0.029744158283397944 17900
1758586300862 0.030789161230430268 18000
1758586303719 0.030443835433665762 18100
1758586306225 0.029226671397754776 18200
1758586308782 0.029427066330544694 18300
1758586311635 0.029190669311893278 18400
1758586314749 0.030224817519922217 18500
1758586317878 0.03026792313628194 18600
1758586320883 0.030154052032365448 18700
1758586323974 0.02938324745319846 18800
1758586327688 0.02897457285322441 18900
1758586331668 0.02847266157051995 19000
1758586335522 0.028606179409467466 19100
1758586339349 0.030199750426734315 19200
1758586342949 0.02958752151524043 19300
1758586346556 0.028703956283015645 19400
1758586350561 0.029463186220513644 19500
1758586353988 0.02862580050850917 19600
1758586357437 0.02934757823672042 19700
1758586360999 0.028612126136607553 19800
1758586364301 0.027837029797762137 19900
1758586366854 0.02934183613561784 20000
1758586369486 0.028466636366787482 20100
1758586372577 0.028463670720110364 20200
1758586374963 0.02896111343043302 20300
1758586377880 0.028501094740329143 20400
1758586380280 0.0289380951489677 20500
1758586383066 0.02800785468091178 20600
1758586385742 0.02742912721981732 20700
1758586388609 0.02749917562303277 20800
1758586391366 0.027096115512189944 20900
1758586394215 0.028239048717646455 21000
1758586397304 0.02690047721976686 21100
1758586400147 0.028633878824930247 21200
1758586403023 0.027440474025632655 21300
1758586405647 0.02837894003077437 21400
1758586407817 0.027355785198219653 21500
1758586409999 0.026256103580966327 21600
1758586412162 0.026833256193747868 21700
1758586414821 0.027316308974082368 21800
1758586417404 0.026043106609215765 21900
1758586420177 0.026819292304028294 22000
1758586422502 0.0278363454709209 22100
1758586424380 0.027372749961876053 22200
1758586426608 0.027256843322200373 22300
1758586428861 0.027967258636602668 22400
1758586431083 0.026320204258622033 22500
1758586433231 0.027935043899713696 22600
1758586435068 0.027565476558401816 22700
1758586437092 0.02530648951875312 22800
1758586438824 0.027245712500983184 22900
1758586440626 0.02604804122547995 23000
1758586442323 0.026702122132833177 23100
1758586444221 0.026532886449717574 23200
1758586445803 0.02689059702277025 23300
1758586447633 0.02681400657622184 23400
1758586449129 0.02650825802120603 23500
1758586450831 0.026455608617804334 23600
1758586452830 0.026334531799830807 23700
1758586455002 0.025056514172617925 23800
1758586456867 0.02663871730343028 23900
1758586458789 0.025916177647038602 24000
1758586461307 0.025570199230509544 24100
1758586463724 0.026207111122282984 24200
1758586465976 0.02589190584618115 24300
1758586467956 0.02652108930651318 24400
1758586469816 0.026436951495079082 24500
1758586471734 0.025560730051487464 24600
1758586473336 0.026457765537603418 24700
1758586474779 0.024540851762287944 24800
1758586476712 0.025483820410714245 24900
1758586478805 0.024488334078621107 25000
1758586481044 0.02494797290195474 25100
1758586483070 0.025570880845919342 25200
1758586485131 0.02495760315704014 25300
1758586487273 0.02517469020055216 25400
1758586489342 0.024671980242772007 25500
1758586491227 0.024733132400771966 25600
1758586493032 0.024314928136443884 25700
1758586494905 0.024575103905250764 25800
1758586496695 0.024181330969405355 25900
1758586498560 0.024694331164250193 26000
1758586500451 0.023964138287866917 26100
1758586502305 0.024783227804130163 26200
1758586504668 0.02340311050632599 26300
1758586507176 0.02340004992373969 26400
1758586511294 0.024696243686013156 26500
1758586515038 0.023505970829523826 26600
1758586517851 0.02392232788175658 26700
1758586520738 0.023981468734721283 26800
1758586523445 0.02377429573399698 26900
1758586525532 0.023591092531647772 27000
1758586527333 0.023141141826519426 27100
1758586529663 0.022411169530205822 27200
1758586532555 0.02284102977656134 27300
1758586534178 0.022799407098898987 27400
1758586535753 0.0227540580278171 27500
1758586537680 0.023049432045091543 27600
1758586539158 0.023103050021788543 27700
1758586540956 0.02205704553560972 27800
1758586542508 0.022995065255881356 27900
1758586544298 0.023053750954016263 28000
1758586546249 0.022220441817490683 28100
1758586548042 0.02216938220754185 28200
1758586550198 0.02205246699782615 28300
1758586552296 0.02108134751940927 28400
1758586554191 0.021782841641778867 28500
1758586556857 0.02124980626283486 28600
1758586559087 0.02184947009435668 28700
1758586561310 0.021429721756381446 28800
1758586563894 0.021555595243518723 28900
1758586566322 0.02158493259225129 29000
1758586568736 0.021311144047039716 29100
1758586570450 0.022141533450538837 29200
1758586572006 0.02239579989403117 29300
1758586573644 0.02079021719449929 29400
1758586575434 0.021148339662991202 29500
1758586576924 0.021396447925896893 29600
1758586578498 0.021250866000561846 29700
1758586580030 0.02127752085347443 29800
1758586581636 0.020029050012698665 29900
1758586583142 0.020721170338887873 30000
1758586584607 0.020830342137636543 30100
1758586586232 0.020421919232665897 30200
1758586587793 0.020554958517049974 30300
1758586589372 0.020404267501667933 30400
1758586590848 0.020947011571364936 30500
1758586592380 0.0217301732811841 30600
1758586593918 0.01971396880834632 30700
1758586595511 0.020312793486838426 30800
1758586597088 0.020131375989398233 30900
1758586598676 0.019473979105576713 31000
1758586600206 0.019726426059964164 31100
1758586601773 0.01898176058535125 31200
1758586603369 0.019829872922658774 31300
1758586605158 0.019296411306120583 31400
1758586607051 0.020433858426304977 31500
1758586610118 0.019167154666189266 31600
1758586612332 0.019466379193386323 31700
1758586614649 0.01910567285129812 31800
1758586616416 0.019462579701941634 31900
1758586618925 0.019686307010380634 32000
1758586620980 0.018858992582927045 32100
1758586623065 0.018855017078044618 32200
1758586624682 0.018348131012700296 32300
1758586626377 0.01824410423585388 32400
1758586628882 0.018084423640541566 32500
1758586631141 0.018085144183441253 32600
1758586633395 0.01884706158662935 32700
1758586635404 0.018323016636967858 32800
1758586637370 0.018870267095270427 32900
1758586638836 0.01795105274393827 33000
1758586640472 0.01825322157263212 33100
1758586642063 0.017557216133684578 33200
1758586643471 0.017749154815795254 33300
1758586644905 0.018037576746224665 33400
1758586646399 0.018863846168906358 33500
1758586648540 0.017765864457144936 33600
1758586650643 0.017988620251916797 33700
1758586652500 0.018041252254053727 33800
1758586654661 0.018284349243766294 33900
1758586656876 0.017952651732956845 34000
1758586658987 0.017665943453827267 34100
1758586661312 0.017337796060750577 34200
1758586663905 0.01791165968457143 34300
1758586666333 0.017419188616078336 34400
1758586668527 0.01801563056288365 34500
1758586671126 0.01758951035018863 34600
1758586673190 0.017897135434805193 34700
1758586675835 0.01702585828286821 34800
1758586678316 0.017215168861047486 34900
1758586681172 0.017939671649683825 35000
1758586683916 0.016906005032554773 35100
1758586686170 0.01726811097625345 35200
1758586687734 0.01669524824351502 35300
1758586689284 0.01635118687322243 35400
1758586690791 0.016861228955496847 35500
1758586692508 0.017287340952015295 35600
1758586694135 0.01670903764997576 35700
1758586695692 0.016470039501186456 35800
1758586697460 0.016948720857043215 35900
1758586698909 0.016759399294750562 36000
1758586700324 0.016538114951378798 36100
1758586702092 0.016169638104348027 36200
1758586703632 0.01681050571612834 36300
1758586705328 0.016398368453308793 36400
1758586707043 0.016432687911669595 36500
1758586708664 0.016768006287534096 36600
1758586710667 0.01611997052787198 36700
1758586712951 0.015659819556035404 36800
1758586715192 0.016134839888681987 36900
1758586717300 0.016130806436371423 37000
1758586719927 0.016225904464875908 37100
1758586723892 0.015623677100857363 37200
1758586728722 0.015781719145584752 37300
1758586732091 0.01639691961216087 37400
1758586734879 0.015945733825332854 37500
1758586737179 0.01585869208183927 37600
1758586740167 0.01573822948016373 37700
1758586742372 0.015241300210458022 37800
1758586743982 0.01596235545158814 37900
1758586745602 0.015417839099832535 38000
1758586747466 0.01555383053042689 38100
1758586749689 0.01543986607289421 38200
1758586751686 0.014972544062533195 38300
1758586753571 0.01542497858374458 38400
1758586755305 0.01572998398412516 38500
1758586757033 0.015274448637634865 38600
1758586758411 0.015274077576108226 38700
1758586759793 0.014962061487311282 38800
1758586761243 0.015312126763286617 38900
1758586762687 0.015067874564595359 39000
1758586764126 0.015021896439133263 39100
1758586766127 0.014480044630661822 39200
1758586767808 0.01504360071918333 39300
1758586769792 0.015107215913684625 39400
1758586771554 0.014696629686399773 39500
1758586773143 0.015067654972572989 39600
1758586774579 0.014524097818081717 39700
1758586776073 0.014382611357121338 39800
1758586777603 0.01462245922017398 39900
1758586779316 0.014631166526315891 40000
1758586780723 0.01446244050813094 40100
1758586782216 0.014551275520934853 40200
1758586783889 0.014663368285298333 40300
1758586785657 0.014473938274518094 40400
1758586787535 0.014636391065894273 40500
1758586789768 0.014449362302542302 40600
1758586792333 0.014290880668966112 40700
1758586794292 0.014344326529630606 40800
1758586796050 0.014698005515944244 40900
1758586797876 0.01402128735087778 41000
1758586799816 0.01475103345045727 41100
1758586801896 0.013764126781514454 41200
1758586803824 0.015273717537257854 41300
1758586805315 0.014211291112328741 41400
1758586806890 0.014722656908961584 41500
1758586808639 0.014362883995921592 41600
1758586810239 0.014463678137786852 41700
1758586811939 0.013806465849836821 41800
1758586813667 0.013864007281453646 41900
1758586815349 0.014194118338270853 42000
1758586816996 0.013660704499766118 42100
1758586818458 0.014217271536114809 42200
1758586819973 0.013472546054658556 42300
1758586821411 0.013688630128378565 42400
1758586822960 0.014354894072646935 42500
1758586824567 0.013962006563871797 42600
1758586826351 0.014083896681943103 42700
1758586828221 0.01361931740370051 42800
1758586829844 0.013016766438809078 42900
1758586831392 0.014238062749000259 43000
1758586833144 0.014067831068414426 43100
1758586834873 0.013894503051651144 43200
1758586836743 0.013423077952946855 43300
1758586838403 0.013657250983031515 43400
1758586839930 0.013753348806940745 43500
1758586841497 0.013778662047816297 43600
1758586843017 0.01360540770711851 43700
1758586844546 0.013342487401351116 43800
1758586846089 0.013578360728236072 43900
1758586847689 0.0133784021730545 44000
1758586849129 0.013736941874377304 44100
1758586850578 0.01285931048966412 44200
1758586852445 0.01356192423671377 44300
1758586854279 0.01353284379458181 44400
1758586856185 0.013116746791970668 44500
1758586858130 0.01340927667370404 44600
1758586860094 0.013076056815594336 44700
1758586862034 0.013020550368372392 44800
1758586864071 0.013669005359127932 44900
1758586866092 0.013203322634437673 45000
1758586868508 0.013352329367658377 45100
1758586870459 0.012851718669364822 45200
1758586872372 0.01307564201619393 45300
1758586874278 0.012774114768827165 45400
1758586876116 0.012565220196937033 45500
1758586877955 0.012987310202879167 45600
1758586879796 0.013220982865529108 45700
1758586881340 0.012881469561026577 45800
1758586883040 0.013110510464241915 45900
1758586884939 0.012476451858064744 46000
1758586886685 0.01267131335130082 46100
1758586888267 0.012571913553897918 46200
1758586889775 0.012970137613123121 46300
1758586891269 0.013550981576400431 46400
1758586892835 0.012699442631080457 46500
1758586894914 0.012676706774746747 46600
1758586896438 0.012538447507389944 46700
1758586897945 0.01297701602537294 46800
1758586899470 0.012512583831325452 46900
1758586901540 0.012945722471929374 47000
1758586903239 0.01294517060004056 47100
1758586904836 0.012374054180641568 47200
1758586906893 0.012825139649904635 47300
1758586908804 0.012354745489844656 47400
1758586910801 0.012139517754866564 47500
1758586912760 0.012654496707805267 47600
1758586914808 0.01232147222794701 47700
1758586916885 0.012464258197520992 47800
1758586918974 0.01216164180967211 47900
1758586921153 0.012000310903032512 48000
1758586923331 0.01187185859390709 48100
1758586925418 0.012158254343371047 48200
1758586927483 0.012357286344573887 48300
1758586929618 0.012476038886989406 48400
1758586932160 0.012443281827972136 48500
1758586934248 0.012365854394030923 48600
1758586936324 0.012389706942592615 48700
1758586938571 0.01208092840437845 48800
1758586940797 0.011826159566417188 48900
1758586943134 0.012081615973637033 49000
1758586945269 0.011933176175792606 49100
1758586947420 0.01220542590663345 49200
1758586949258 0.012015521527545665 49300
1758586951508 0.012061941167854162 49400
1758586953332 0.01254228745967951 49500
1758586954924 0.01176639833348607 49600
1758586956512 0.01143402222529189 49700
1758586958012 0.012651363129295122 49800
1758586959557 0.011920743814100184 49900
1758586961465 0.012360262223733492 50000
1758586963344 0.011951255012192876 50100
1758586964840 0.011734266551456918 50200
1758586966404 0.012013971534216798 50300
1758586968074 0.011355932595079346 50400
1758586970005 0.011583982889034878 50500
1758586971693 0.011704788978659435 50600
1758586973179 0.01180394323936654 50700
1758586974786 0.011972522194001954 50800
1758586976469 0.011778399676429376 50900
1758586978152 0.011437521801539766 51000
1758586979757 0.011587604244931873 51100
1758586981365 0.011940808317716744 51200
1758586983002 0.011557164730094998 51300
1758586984689 0.011174730650564731 51400
1758586986474 0.01141378070837743 51500
1758586988083 0.011493066468836436 51600
1758586989680 0.011615411748425144 51700
1758586991529 0.011114497559496004 51800
1758586993355 0.011076206132048658 51900
1758586995067 0.011603186418041788 52000
1758586996620 0.011508514138847365 52100
1758586998290 0.011286362192940935 52200
1758587000053 0.011481617780783052 52300
1758587001846 0.011002675929289461 52400
1758587003535 0.011097029380277372 52500
1758587005386 0.011906801816871013 52600
1758587007176 0.011463782205583655 52700
1758587008919 0.011233242435736724 52800
1758587010555 0.010714554380612036 52900
1758587012223 0.010706731034743084 53000
1758587013853 0.011357242393281728 53100
1758587015693 0.011095572072750075 53200
1758587017433 0.010386171082578428 53300
1758587019076 0.010970793284538727 53400
1758587020747 0.010421498290035374 53500
1758587022494 0.010606951474347237 53600
1758587024237 0.010923212190479835 53700
1758587026307 0.010703086166146436 53800
1758587027837 0.011024657274380224 53900
1758587029386 0.011324252202085617 54000
1758587030945 0.010666586789064021 54100
1758587032581 0.010704397484397596 54200
1758587034181 0.011108832065928402 54300
1758587035767 0.010756059143552491 54400
1758587037451 0.010350711870490078 54500
1758587039191 0.010647001992376538 54600
1758587040855 0.010825371511679754 54700
1758587042521 0.0107900912443092 54800
1758587044422 0.010982093345323995 54900
1758587046262 0.011205003499156794 55000
1758587047863 0.010051803924983687 55100
1758587050287 0.010718434356381519 55200
1758587051961 0.010766059075623502 55300
1758587053740 0.01038998369813316 55400
1758587055848 0.01076535720575698 55500
1758587057641 0.010998397998566597 55600
1758587059599 0.010619368386828055 55700
1758587061264 0.009963479628005516 55800
1758587063265 0.010437981600121746 55900
1758587065069 0.01027519130589283 56000
1758587066968 0.010260427370634257 56100
1758587068590 0.010274786997604186 56200
1758587070704 0.010428130009469041 56300
1758587072475 0.010413017123475256 56400
1758587074172 0.010231440414279097 56500
1758587075988 0.01018665250149155 56600
1758587077693 0.010117946765432954 56700
1758587079219 0.010160406375296093 56800
1758587080744 0.010333669019921572 56900
1758587082253 0.01033987777446149 57000
1758587083777 0.010311896866840673 57100
1758587085297 0.010211500266480222 57200
1758587086840 0.010066775534511272 57300
1758587088371 0.009671100168136272 57400
1758587090337 0.010308172866113558 57500
1758587092046 0.009993130274008211 57600
1758587093620 0.010336497720797156 57700
1758587095334 0.009918243814382159 57800
1758587097128 0.010087713104309714 57900
1758587098820 0.009984340896438076 58000
1758587100541 0.010184084404167527 58100
1758587102055 0.010143399732210913 58200
1758587103814 0.01019830834679296 58300
1758587105614 0.009807993966796925 58400
1758587107193 0.010025899713176864 58500
1758587108801 0.009885631208360725 58600
1758587110343 0.01011931806245806 58700
1758587112089 0.009762303265310327 58800
1758587113782 0.010067686921511823 58900
1758587115375 0.009638397219350739 59000
1758587116944 0.010361812027619637 59100
1758587118542 0.010287298386738216 59200
1758587120385 0.009640169936515728 59300
1758587122443 0.010112327481056291 59400
1758587124603 0.010317383372513792 59500
1758587126293 0.010023940011752183 59600
1758587127955 0.010087341613796368 59700
1758587129659 0.009721947474610524 59800
1758587131252 0.009362511960328262 59900
1758587132912 0.010048141662435662 60000
1758587134727 0.009980987696018405 60100
1758587136836 0.010127990567124375 60200
1758587138563 0.00940522408853512 60300
1758587140233 0.00956531639981413 60400
1758587141815 0.009673542114224774 60500
1758587143382 0.009875766129519759 60600
1758587144907 0.00971225421885596 60700
1758587146458 0.009841590289922453 60800
1758587148215 0.009946882841228896 60900
1758587149850 0.00966261529943591 61000
1758587151690 0.009346957854542846 61100
1758587153319 0.009597972593218517 61200
1758587154927 0.009636342600351391 61300
1758587156521 0.009433482924598184 61400
1758587158193 0.009898520088186497 61500
1758587159776 0.009807863080039628 61600
1758587161681 0.009791610600335836 61700
1758587163612 0.009316178113190778 61800
1758587165851 0.009808711756338963 61900
1758587167857 0.009577164244119975 62000
1758587169462 0.009916060543012696 62100
1758587171172 0.009687583984392418 62200
1758587173163 0.009326631258514512 62300
1758587175259 0.00906558444554568 62400
1758587177453 0.009334986714278733 62500
1758587179694 0.009149870273261456 62600
1758587181846 0.009364406194921274 62700
1758587183590 0.00927679248415048 62800
1758587185598 0.009266109489749848 62900
1758587187682 0.00941374013504186 63000
1758587190049 0.00944630194895978 63100
1758587192081 0.009433914801340364 63200
1758587194039 0.009434853991265037 63300
1758587195606 0.00932834359783906 63400
1758587197442 0.00943678129853396 63500
1758587199348 0.009167772529916218 63600
1758587201312 0.009560054060529554 63700
1758587203415 0.009211504482363098 63800
1758587205744 0.009120851997194845 63900
1758587207570 0.009245956672902938 64000
1758587209565 0.009376270979574523 64100
1758587211795 0.009307398509909432 64200
1758587213633 0.009057629833499376 64300
1758587215566 0.009417841574084738 64400
1758587218373 0.009123984478186848 64500
1758587220806 0.009249730423207944 64600
1758587222486 0.009439334554544447 64700
1758587224059 0.009493698913891634 64800
1758587225583 0.009110614299458242 64900
1758587227290 0.009378104082916453 65000
1758587229319 0.008815969388585046 65100
1758587231395 0.008730786594243374 65200
1758587233370 0.008845999018853624 65300
1758587234903 0.009365572229229844 65400
1758587236477 0.009334198040037024 65500
1758587237992 0.008970741578655685 65600
1758587239997 0.00919815989252338 65700
1758587241761 0.009127597319978531 65800
1758587243456 0.009162270591008685 65900
1758587245011 0.008999501713673145 66000
1758587246719 0.009231049773447852 66100
1758587248799 0.009155498015765519 66200
1758587250708 0.009207366330974489 66300
1758587252352 0.008782521171872582 66400
1758587253912 0.008931372058518666 66500
1758587255462 0.00885391096097156 66600
1758587257128 0.008898766362036731 66700
1758587258820 0.008635310772941083 66800
1758587260752 0.00882447284603776 66900
1758587262542 0.008732702626720976 67000
1758587264338 0.008668672537313673 67100
1758587266255 0.008817273196279165 67200
1758587268113 0.00864131747414259 67300
1758587269757 0.008776166679912186 67400
1758587271514 0.008532488851716357 67500
1758587273300 0.008750935133102263 67600
1758587274892 0.008778079088075012 67700
1758587276420 0.009039597916315794 67800
1758587277986 0.00893277900457484 67900
1758587279549 0.00868353696993573 68000
1758587281360 0.008673374391096096 68100
1758587282954 0.008567238173522068 68200
1758587284623 0.008472080703773107 68300
1758587286263 0.008788389057529678 68400
1758587287901 0.008708130020139596 68500
1758587289531 0.00885507973604106 68600
1758587291185 0.008579128286647348 68700
1758587293032 0.00851067135034991 68800
1758587294801 0.008367465131713719 68900
1758587296479 0.00862824049043102 69000
1758587298179 0.008736290442933394 69100
1758587300167 0.008530252973901848 69200
1758587301981 0.008637895291815677 69300
1758587304087 0.008225913491022831 69400
1758587305815 0.008246131276805114 69500
1758587308805 0.008433672424753555 69600
1758587310592 0.008258196953931818 69700
1758587312311 0.008535371349526706 69800
1758587314000 0.008274819536752515 69900
1758587315682 0.00846003344415898 70000
1758587317489 0.008238110490805127 70100
1758587319319 0.008317331437655262 70200
1758587320878 0.008476543215568797 70300
1758587322475 0.008232201956356133 70400
1758587324410 0.008454645825261585 70500
1758587326090 0.008535817382649757 70600
1758587327884 0.008471278654912076 70700
1758587329669 0.008058427796202396 70800
1758587331451 0.008155704481127811 70900
1758587333206 0.008191420181346838 71000
1758587334925 0.008148363945301444 71100
1758587336517 0.00817145517512946 71200
1758587338196 0.00799483557145085 71300
1758587339870 0.008197996005666562 71400
1758587341563 0.008223109728066155 71500
1758587343204 0.008251151532974059 71600
1758587344820 0.00793116270013621 71700
1758587346682 0.00801761091486813 71800
1758587348481 0.008136855350764487 71900
1758587350218 0.008001479550740171 72000
1758587351981 0.008157810141951929 72100
1758587353853 0.008084627200413922 72200
1758587355582 0.008315592161281922 72300
1758587357269 0.008259300207512492 72400
1758587358942 0.008641319921681921 72500
1758587360544 0.008498865694952472 72600
1758587362344 0.008324090510430905 72700
1758587364011 0.008537433161872885 72800
1758587365821 0.008345392368089708 72900
1758587367615 0.008304099008103964 73000
1758587369284 0.008661104659845273 73100
1758587370870 0.00842422501389227 73200
1758587372469 0.008222201490426292 73300
1758587374053 0.008401723140653617 73400
1758587375644 0.008651983458821209 73500
1758587377299 0.008420080806967328 73600
1758587378951 0.008350963668615171 73700
1758587380774 0.008563526135369938 73800
1758587382552 0.008681224035498264 73900
1758587384195 0.00849338481929521 74000
1758587385921 0.008675448014616132 74100
1758587387712 0.008589193388174857 74200
1758587389774 0.008870455107216116 74300
1758587391793 0.008469785417104107 74400
1758587393887 0.00868999726503395 74500
1758587395838 0.008684181374146298 74600
1758587397790 0.008410047845517077 74700
1758587399510 0.008517516048032235 74800
1758587401477 0.008341045720614068 74900
1758587403763 0.008617330361356087 75000
1758587406016 0.008614362733005148 75100
1758587408404 0.008571463156500385 75200
1758587410692 0.00824864215169209 75300
1758587412433 0.008543788617590777 75400
1758587414355 0.008593125368016907 75500
1758587416023 0.008104172098695126 75600
1758587417732 0.008446950735852901 75700
1758587419390 0.008408988032139263 75800
1758587421102 0.008638190851857248 75900
1758587422748 0.00824665941691217 76000
1758587424496 0.008173086103071726 76100
1758587426369 0.008225965383486135 76200
1758587428067 0.00808122884514613 76300
1758587429798 0.008249104911576618 76400
1758587431370 0.008022270340263213 76500
1758587433020 0.007990669415773071 76600
1758587434630 0.0080246828060598 76700
1758587436276 0.008149531230294962 76800
1758587437946 0.007969383337666959 76900
1758587439648 0.008386222850601248 77000
1758587441328 0.008368287181914857 77100
1758587443084 0.008059808817896929 77200
1758587444733 0.008020556686603104 77300
1758587446462 0.008429363010123746 77400
1758587448100 0.008014053497386316 77500
1758587449761 0.008010665116344715 77600
1758587451372 0.007942322756436781 77700
1758587453060 0.008241885373485764 77800
1758587454750 0.007975801139390141 77900
1758587456430 0.007918141820204842 78000
1758587458208 0.007977011823432549 78100
1758587460164 0.0078744638060821 78200
1758587461950 0.007952893541985256 78300
1758587463744 0.007886108477090299 78400
1758587465644 0.007921263156618305 78500
1758587467391 0.008070040773786365 78600
1758587469137 0.007895947296394238 78700
1758587470915 0.007865175444653712 78800
1758587472635 0.007899369279827099 78900
1758587474251 0.007767395361111337 79000
1758587476148 0.007683997702742345 79100
1758587478007 0.00812155987791617 79200
1758587479920 0.007905779142725267 79300
1758587481973 0.00761109719271804 79400
1758587483730 0.0077754815667427195 79500
1758587485452 0.008036472475682519 79600
1758587487157 0.007938857913216201 79700
1758587488950 0.00779482270883717 79800
1758587490860 0.007753109821838974 79900
1758587492808 0.007901000478273898 80000
1758587494672 0.007958700114547461 80100
1758587496324 0.0074970835431035525 80200
1758587497957 0.007523445015335078 80300
1758587499675 0.007763813307649426 80400
1758587501306 0.0076320269921067605 80500
1758587503036 0.007949673205551603 80600
1758587504769 0.007956435294226996 80700
1758587506460 0.007530640576747698 80800
1758587508139 0.00748016531863137 80900
1758587509850 0.008168452666207032 81000
1758587511474 0.007671767910585643 81100
1758587513236 0.0073800547804348405 81200
1758587514970 0.007188895902906863 81300
1758587516862 0.007401264600865904 81400
1758587518586 0.007582517871432397 81500
1758587520214 0.00749562415735866 81600
1758587521957 0.0075622101448499755 81700
1758587523842 0.00753324165115266 81800
1758587525917 0.0075631140876611935 81900
1758587527827 0.007186935999933068 82000
1758587529730 0.007143714253971346 82100
1758587531474 0.0073246669656750266 82200
1758587533358 0.007251252977528321 82300
1758587535349 0.007639030992353289 82400
1758587537254 0.0070996579629037096 82500
1758587539265 0.007318177264596378 82600
1758587541055 0.0071522898919691835 82700
1758587542840 0.006918790004942749 82800
1758587544556 0.007211962096620757 82900
1758587546552 0.0071334350000089785 83000
1758587548415 0.007375714764583728 83100
1758587550506 0.007014353692727161 83200
1758587552452 0.007178602544224232 83300
1758587554312 0.007071399138134759 83400
1758587556255 0.007335767950295382 83500
1758587557991 0.006999962657914276 83600
1758587559794 0.006824881447607598 83700
1758587561900 0.006923164237781882 83800
1758587563687 0.0071312801267968285 83900
1758587565517 0.0069378574732276614 84000
1758587567190 0.006941988701171236 84100
1758587568902 0.006858320783033242 84200
1758587570815 0.006850080243155443 84300
1758587572633 0.006859928198266703 84400
1758587574373 0.0071770615330027515 84500
1758587576372 0.006935692424181005 84600
1758587578181 0.006710435315018186 84700
1758587579962 0.006937522986361407 84800
1758587581702 0.006909543620609293 84900
1758587583420 0.006731553161339617 85000
1758587585276 0.006886257393920653 85100
1758587587067 0.006876545443999202 85200
1758587588850 0.006639062812577906 85300
1758587590766 0.006965633066860142 85400
1758587592655 0.006599823498123299 85500
1758587594736 0.006800641278360167 85600
1758587596399 0.006757007087704582 85700
1758587598224 0.006721582706265708 85800
1758587600320 0.006544547112023788 85900
1758587602468 0.006436819170862033 86000
1758587604397 0.006919826913357053 86100
1758587606054 0.006716167955414823 86200
1758587607761 0.006612097763523172 86300
1758587609618 0.006707933158480243 86400
1758587611447 0.006749531639552381 86500
1758587613293 0.006795334932433847 86600
1758587615583 0.006739955802487441 86700
1758587617580 0.006585223258837425 86800
1758587619937 0.006528377725008565 86900
1758587622258 0.006584351934855949 87000
1758587624316 0.006562481857074517 87100
1758587626294 0.006474496087883483 87200
1758587628340 0.006407045015096569 87300
1758587630321 0.006513601159549147 87400
1758587632262 0.006636010362230556 87500
1758587634271 0.006624645825448961 87600
1758587636150 0.006288099658118011 87700
1758587637878 0.006286466555194001 87800
1758587639550 0.006481724324290771 87900
1758587641473 0.006360376736376538 88000
1758587643295 0.0064028105120552195 88100
1758587644988 0.0062830625773165494 88200
1758587646819 0.006358608562470217 88300
1758587648962 0.006323653863224257 88400
1758587651106 0.006395651512074013 88500
1758587653166 0.006179260818203828 88600
1758587655776 0.006218906110188406 88700
1758587658002 0.006356872100942628 88800
1758587659693 0.006322270974999098 88900
1758587661779 0.006191571923226764 89000
1758587663851 0.006131443679964896 89100
1758587665542 0.006231320716732266 89200
1758587667280 0.006000443360083082 89300
1758587669181 0.006122261134771782 89400
1758587671141 0.006359429915171546 89500
1758587673055 0.006046397139377607 89600
1758587674969 0.005900640426325977 89700
1758587676924 0.006161536566777144 89800
1758587678916 0.006131688237947396 89900
1758587680678 0.006022782038638868 90000
1758587682595 0.006205973231598357 90100
1758587684354 0.006223949999771256 90200
1758587686100 0.006127252907289941 90300
1758587687862 0.006055739259267808 90400
1758587689781 0.005930554754695761 90500
1758587691796 0.006137822453567081 90600
1758587693597 0.006234773883648614 90700
1758587695437 0.00608949240298433 90800
1758587697152 0.005959366646811346 90900
1758587698949 0.006309953370296927 91000
1758587700814 0.006253073068169202 91100
1758587702639 0.006215727003392856 91200
1758587704486 0.005712666703051822 91300
1758587706357 0.005948787956255739 91400
1758587708193 0.006028170543994212 91500
1758587710029 0.005895208171634135 91600
1758587711835 0.00585749672407688 91700
1758587713603 0.006123881125971896 91800
1758587715418 0.005920393013128917 91900
1758587717171 0.006150059803101207 92000
1758587719022 0.006017397377328196 92100
1758587720897 0.005974453934164643 92200
1758587722910 0.005870940299079632 92300
1758587724730 0.006193934799671416 92400
1758587726459 0.006079503079274968 92500
1758587728182 0.006005836464406332 92600
1758587729990 0.0059921620811603715 92700
1758587732177 0.006100291960509247 92800
1758587734360 0.006099329293887365 92900
1758587736345 0.006096893709896265 93000
1758587738706 0.006003254155280596 93100
1758587741008 0.006038043275439529 93200
1758587743318 0.006036764088106918 93300
1758587745690 0.006131520744917004 93400
1758587748164 0.005947177508883517 93500
1758587750415 0.006189254895192528 93600
1758587752569 0.00602983314440554 93700
1758587754883 0.005794803602690559 93800
1758587756910 0.005941471801299404 93900
1758587758985 0.005913918237049739 94000
1758587761056 0.006196548545504096 94100
1758587763016 0.006155836818954765 94200
1758587764951 0.005897651776669672 94300
1758587766744 0.006074026827299449 94400
1758587768730 0.005725838989405717 94500
1758587770558 0.006008246513520979 94600
1758587772443 0.005923257473422673 94700
1758587774470 0.006154501518996106 94800
1758587776365 0.005906360933041329 94900
1758587778514 0.0059947546536711065 95000
1758587780484 0.006096382263755913 95100
1758587782588 0.006064693939861002 95200
1758587784529 0.006003703612325384 95300
1758587786536 0.005898241416919236 95400
1758587788585 0.005964475679586818 95500
1758587790636 0.0059089346314370374 95600
1758587792528 0.0061067458690181285 95700
1758587794641 0.0057557432155350505 95800
1758587796732 0.005663391375354982 95900
1758587798943 0.005889273245130159 96000
1758587800943 0.005846549141780515 96100
1758587802986 0.005890085767038416 96200
1758587805035 0.005722014300257574 96300
1758587807267 0.0059691922011545434 96400
1758587809353 0.005633881523913519 96500
1758587811516 0.0059007168694797055 96600
1758587813446 0.006032613483518542 96700
1758587815763 0.0060379250042374545 96800
1758587817903 0.005710472279518323 96900
1758587819909 0.005824350125777279 97000
1758587821973 0.005750395223100728 97100
1758587824539 0.0059990034313258615 97200
1758587826613 0.005737401656460744 97300
1758587828491 0.005994839190511497 97400
1758587830388 0.005786897302269318 97500
1758587832419 0.005710332884964247 97600
1758587834532 0.005785873781296115 97700
1758587837385 0.0058323694330284625 97800
1758587839604 0.005838661256873293 97900
1758587841754 0.00563628041191131 98000
1758587843539 0.005878126294001339 98100
1758587845469 0.005857353665624983 98200
1758587847360 0.0056047600330258055 98300
1758587849247 0.005912388533220847 98400
1758587851108 0.005789073343486396 98500
1758587853444 0.005623295786385579 98600
1758587855177 0.0056283956453252616 98700
1758587856993 0.005677791217603145 98800
1758587858777 0.005848121400069947 98900
1758587860501 0.0056604661972450175 99000
1758587862215 0.005688315615464077 99100
1758587864030 0.0055446081277534635 99200
1758587865811 0.005707015463093892 99300
1758587867732 0.005601312817681108 99400
1758587869586 0.005763891666944604 99500
1758587871400 0.005416456106045372 99600
1758587873249 0.005799984640441957 99700
1758587875043 0.005616484296960791 99800
1758587877033 0.005614147433430257 99900
1758587879274 0.005533379507837765 100000
1758587881156 0.005635683794309611 100100
1758587883123 0.005713606086317741 100200
1758587885083 0.005726516656239231 100300
1758587886843 0.005711098389124923 100400
1758587888636 0.005772875932445301 100500
1758587890492 0.005542904511534754 100600
1758587892413 0.005688837872679812 100700
1758587894232 0.005523815186818126 100800
1758587896074 0.0054630767984719455 100900
1758587897953 0.0057331143029273075 101000
1758587899784 0.005475229929795733 101100
1758587901660 0.005478526255819192 101200
1758587903746 0.005594524633173535 101300
1758587905575 0.00560864605760999 101400
1758587907316 0.005693622742299041 101500
1758587909181 0.005505011434415477 101600
1758587911024 0.005266793696615739 101700
1758587913036 0.005403796820447068 101800
1758587915090 0.00552456116023786 101900
1758587917064 0.005498135903644999 102000
1758587918883 0.005590026165504749 102100
1758587920699 0.0055124803741419546 102200
1758587922546 0.0056375294498163895 102300
1758587924356 0.005609308438969723 102400
1758587926207 0.005452051252131636 102500
1758587928073 0.005464871451793847 102600
1758587929878 0.005186451041936756 102700
1758587931639 0.005419354783372087 102800
1758587933610 0.005308171064482651 102900
1758587935443 0.005204010914358597 103000
1758587937246 0.005522267203170461 103100
1758587939017 0.005382895600193814 103200
1758587940785 0.0053674029738033785 103300
1758587942508 0.005551014839694979 103400
1758587944243 0.0053232135261872295 103500
1758587945967 0.005361097118865822 103600
1758587947736 0.005456953846216558 103700
1758587949576 0.005595262054694142 103800
1758587951295 0.005327525337894716 103900
1758587953200 0.005312251571971596 104000
1758587954968 0.005180900579520252 104100
1758587956697 0.005333656580624034 104200
1758587958740 0.005538018410105788 104300
1758587960646 0.005337050506410272 104400
1758587962408 0.0053013857297957295 104500
1758587964182 0.005095426423674034 104600
1758587965891 0.005226391149516083 104700
1758587967724 0.005284870627831836 104800
1758587969501 0.005245881265133025 104900
1758587971242 0.005201178990487043 105000
1758587972994 0.005224953788797757 105100
1758587974791 0.005420764976272512 105200
1758587976606 0.005249903771063572 105300
1758587978476 0.005329184341658675 105400
1758587980434 0.005226896979357036 105500
1758587982379 0.005144487505283046 105600
1758587984236 0.005356944140440048 105700
1758587986176 0.005427156208722049 105800
1758587988090 0.005374625346449911 105900
1758587990035 0.005329103607320388 106000
1758587991912 0.00545514825927399 106100
1758587993864 0.005109785707668996 106200
1758587995779 0.005366701241884192 106300
1758587998326 0.005128328316713697 106400
1758588000160 0.005359091457271273 106500
1758588002172 0.005362028326422686 106600
1758588004155 0.005373126766614437 106700
1758588005989 0.005199781387343674 106800
1758588007851 0.0053474992094643785 106900
1758588009728 0.005075246315969654 107000
1758588011545 0.005193332333714842 107100
1758588013442 0.005309511881917884 107200
1758588015375 0.005231830618503508 107300
1758588017377 0.005359352623385989 107400
1758588019271 0.0054049587869860185 107500
1758588021121 0.005078948054499474 107600
1758588023066 0.005289901213938543 107700
1758588025154 0.005117882815370834 107800
1758588027082 0.0050451719286161165 107900
1758588029099 0.005317296362900284 108000
1758588031216 0.005259257966502244 108100
1758588033198 0.005151225432438603 108200
1758588035689 0.005184077519575586 108300
1758588038096 0.005011456607513114 108400
1758588040750 0.0051973457572688725 108500
1758588043256 0.0050695966632994865 108600
1758588045613 0.0051012339935764565 108700
1758588047816 0.004912791763285188 108800
1758588049823 0.004814686229498894 108900
1758588051907 0.005054078814430001 109000
1758588054068 0.005052504542243226 109100
1758588056163 0.005109364494674945 109200
1758588058808 0.005016947851406926 109300
1758588061171 0.004899644636804707 109400
1758588063585 0.005001280453889636 109500
1758588065687 0.005004449814810639 109600
1758588067699 0.004795332269917818 109700
1758588069934 0.004938678425911614 109800
1758588071860 0.004793679462227758 109900
1758588074162 0.004820845980874883 110000
1758588076548 0.004834162303372179 110100
1758588079199 0.0046587499295443575 110200
1758588082318 0.0047795335059444746 110300
1758588084970 0.004805332564734035 110400
1758588087208 0.004765774582074471 110500
1758588089485 0.004785972407189218 110600
1758588091690 0.005018988228183664 110700
1758588094080 0.004818402051402778 110800
1758588096422 0.004715345261457073 110900
1758588098643 0.004842513138169156 111000
1758588100906 0.004668484457234382 111100
1758588103066 0.0048117638877816305 111200
1758588105333 0.004927187357690792 111300
1758588107645 0.004764399056935391 111400
1758588109966 0.004775794306927914 111500
1758588112478 0.004848477374721072 111600
1758588114738 0.004813717875407782 111700
1758588117159 0.004700496019086056 111800
1758588119328 0.004883014457268263 111900
1758588121570 0.004870215347486494 112000
1758588123792 0.0047457906089893856 112100
1758588125981 0.004780751622029908 112200
1758588128292 0.004658434026093816 112300
1758588130580 0.004602568973482173 112400
1758588132821 0.004845414517420679 112500
1758588135050 0.004822308349721172 112600
1758588137303 0.004683388477833531 112700
1758588139570 0.00477016325429226 112800
1758588141773 0.004819947238673811 112900
1758588144079 0.004661696888548281 113000
1758588146502 0.004860706864191212 113100
1758588148855 0.004716607738959272 113200
1758588151310 0.004718919009562882 113300
1758588153501 0.004727701357818121 113400
1758588155409 0.004606445323355827 113500
1758588157504 0.004670460353580699 113600
1758588159895 0.004733281590961823 113700
1758588162222 0.004744369404748429 113800
1758588164587 0.0048486306907398 113900
1758588166919 0.004570228612364071 114000
1758588169135 0.004536023203768159 114100
1758588171361 0.004614032697644627 114200
1758588173566 0.004661789386892209 114300
1758588175937 0.004683756421707946 114400
1758588177995 0.0048587211584866 114500
1758588179764 0.004758019075804685 114600
1758588181570 0.004607555285290908 114700
1758588183363 0.004658382145222751 114800
1758588185146 0.00462879626707641 114900
1758588186909 0.004539743987236096 115000
1758588188849 0.004680552779517424 115100
1758588190640 0.0045894840904170476 115200
1758588192441 0.0046578573674614125 115300
1758588194216 0.0046179276364053 115400
1758588196166 0.004579706427997346 115500
1758588198105 0.004585185035166168 115600
1758588199974 0.004788372448857497 115700
1758588202126 0.004686953690985501 115800
1758588204228 0.0045282741433112506 115900
1758588206364 0.004539444529166825 116000
1758588208425 0.004446326554293366 116100
1758588210314 0.004537901483718079 116200
1758588212241 0.0046783407630670805 116300
1758588214132 0.004465211217236951 116400
1758588216066 0.004737434527923948 116500
1758588217874 0.004683706821973577 116600
1758588219915 0.004569911642984367 116700
1758588221990 0.004684174201973105 116800
1758588223982 0.0047127426747985085 116900
1758588226115 0.004460470123030836 117000
1758588228285 0.0045576683824501574 117100
1758588230275 0.0046237482015476766 117200
1758588232977 0.004470466483085556 117300
1758588235340 0.004554073154282027 117400
1758588237370 0.004790858229544141 117500
1758588239583 0.004890223416982786 117600
1758588241995 0.004566835537344573 117700
1758588244229 0.004543200027837313 117800
1758588246301 0.004567509147407269 117900
1758588248359 0.004620913237808363 118000
1758588250258 0.004559816863437693 118100
1758588252228 0.0046189894300107375 118200
1758588254484 0.004462834620848408 118300
1758588256831 0.004570082191853069 118400
1758588258810 0.004497236598337847 118500
1758588261026 0.004679831474193491 118600
1758588263325 0.004618006280173121 118700
1758588265440 0.004621385650007979 118800
1758588267536 0.00461612579813537 118900
1758588269783 0.004648356714927524 119000
1758588272080 0.0046194330564843485 119100
1758588274359 0.004636544745084082 119200
1758588276667 0.0046219727720041475 119300
1758588278860 0.004680859952816365 119400
1758588280695 0.004433890845314512 119500
1758588282522 0.004484572455117163 119600
1758588284458 0.004541569033519241 119700
1758588286602 0.004582530247100515 119800
1758588288692 0.004691376294249875 119900
1758588290598 0.004805850940545751 120000
1758588292457 0.004574152606638197 120100
1758588294349 0.004508493137060508 120200
1758588296192 0.004510223133710791 120300
1758588298219 0.004401651696379959 120400
1758588300202 0.00447640127880882 120500
1758588302007 0.004609567895795449 120600
1758588304056 0.004505089708635238 120700
1758588306193 0.004588883980665705 120800
1758588308626 0.00438389941735567 120900
1758588310448 0.004633562731209476 121000
1758588312503 0.004325469799547167 121100
1758588314463 0.0045353276648085385 121200
1758588316455 0.004553024859694968 121300
1758588318548 0.0044340492203161375 121400
1758588320613 0.0043049742393127255 121500
1758588323009 0.00454616948958903 121600
1758588325129 0.0048020549959135765 121700
1758588327078 0.004419665993487786 121800
1758588329025 0.004448245815031415 121900
1758588330964 0.0044649263283105005 122000
1758588333175 0.004508506841588704 122100
1758588335212 0.004337910317136506 122200
1758588337085 0.004535226215389342 122300
1758588339016 0.004473491316561366 122400
1758588340905 0.004444940719930218 122500
1758588342916 0.004410459046639935 122600
1758588345186 0.004497904242051252 122700
1758588347487 0.004365935777876398 122800
1758588349691 0.004508959967787759 122900
1758588351734 0.0044547728277386876 123000
1758588353764 0.004278991854950719 123100
1758588355910 0.004481187218076468 123200
1758588358084 0.004350297751756845 123300
1758588360266 0.004372940474155999 123400
1758588362147 0.004355733181746658 123500
1758588364050 0.004334066677260938 123600
1758588365950 0.004349666177942664 123700
1758588368037 0.004431663661579665 123800
1758588370158 0.004380222319432869 123900
1758588372390 0.004261921181230664 124000
1758588374539 0.00443637742520612 124100
1758588376495 0.004246339459276085 124200
1758588378368 0.004377068370834099 124300
1758588380198 0.0043440959835758545 124400
1758588382098 0.004395882509477467 124500
1758588384157 0.004338282631686956 124600
1758588386105 0.004284019524742858 124700
1758588387955 0.004393601740206371 124800
1758588389982 0.0044424202828503455 124900
1758588392444 0.004440935929040278 125000
1758588394938 0.004475154634366345 125100
1758588397395 0.004568644496800634 125200
1758588399846 0.004445696068112979 125300
1758588402434 0.0043633511187717465 125400
1758588405053 0.004473268848492473 125500
1758588407724 0.004322655264491742 125600
1758588409731 0.004251328401626777 125700
1758588411697 0.004318605487895747 125800
1758588413649 0.004435154173306212 125900
1758588415503 0.004349317003133366 126000
1758588417510 0.004447561396719525 126100
1758588419369 0.004437172951576904 126200
1758588421454 0.004402905767480679 126300
1758588423445 0.004524490980236937 126400
1758588425307 0.004367170418222236 126500
1758588427149 0.00437368264214386 126600
1758588429024 0.004191781645403529 126700
1758588431018 0.00429093675753821 126800
1758588432876 0.004387075044816814 126900
1758588434984 0.004252100947139749 127000
1758588437188 0.004533596299032089 127100
1758588439753 0.004467873770821716 127200
1758588441791 0.004315312502928274 127300
1758588443649 0.004322216977332119 127400
1758588445849 0.00435725648420315 127500
1758588448029 0.004392011448822821 127600
1758588450269 0.0042647893112849 127700
1758588452107 0.0042450865218274115 127800
1758588454395 0.004307231066399406 127900
1758588456650 0.004215977512129875 128000
1758588458683 0.004259729842108705 128100
1758588461050 0.004300638483420189 128200
1758588463203 0.004381580176841698 128300
1758588465316 0.004382391477147177 128400
1758588467974 0.0045016005789142366 128500
1758588470661 0.0044532999827481155 128600
1758588472756 0.0043575349594583215 128700
1758588474797 0.0044129371287662585 128800
1758588476757 0.00451850014390785 128900
1758588478645 0.004419186044275849 129000
1758588480540 0.004370037216138182 129100
1758588482501 0.004425767191399299 129200
1758588484442 0.0042928795662539624 129300
1758588486338 0.004258616610080635 129400
1758588488398 0.004221768709901885 129500
1758588490391 0.00429629631805414 129600
1758588492506 0.00432306017572623 129700
1758588494545 0.0046994091884918 129800
1758588496449 0.004321068900880352 129900
1758588498336 0.004392988101285118 130000
1758588500312 0.004324010396692585 130100
1758588502466 0.004388576731291897 130200
1758588504432 0.004299725649350456 130300
1758588506596 0.0043861909950832 130400
1758588508564 0.0043433467650930355 130500
1758588510402 0.004397908954548946 130600
1758588512289 0.004472460643043815 130700
1758588514158 0.004310322766996628 130800
1758588516187 0.004403504448074852 130900
1758588518206 0.004186159468742901 131000
1758588520270 0.00435486653370475 131100
1758588522366 0.00420286302689153 131200
1758588524494 0.004199475016606898 131300
1758588526575 0.00419938021875181 131400
1758588528945 0.004273073922416474 131500
1758588531276 0.004444925003561346 131600
1758588533258 0.004181283907763925 131700
1758588535287 0.004290772320461731 131800
1758588537205 0.004192698192649216 131900
1758588539083 0.004200092679685667 132000
1758588541105 0.004184025032293013 132100
1758588543024 0.004253495620610502 132200
1758588545108 0.004255915728638296 132300
1758588547281 0.004188320622181354 132400
1758588549646 0.004220049823595703 132500
1758588551707 0.004252967578723011 132600
1758588553713 0.004243834351215142 132700
1758588555857 0.0041370997025775786 132800
1758588558745 0.0042721581356251715 132900
1758588560773 0.00408092998443518 133000
1758588562908 0.004167794454022604 133100
1758588565204 0.0041544554397346225 133200
1758588567420 0.004216879498261849 133300
1758588569698 0.0040975982056698085 133400
1758588571917 0.004245184274035212 133500
1758588573878 0.004130761807780828 133600
1758588575817 0.0042447019950604264 133700
1758588577750 0.004362069347255948 133800
1758588579695 0.004158943312176009 133900
1758588581603 0.004240298404443515 134000
1758588583602 0.004293368064155613 134100
1758588585593 0.004229659285387482 134200
1758588587693 0.004169803130081764 134300
1758588589673 0.00419438619249849 134400
1758588591701 0.004022785952920429 134500
1758588594003 0.004168757557981435 134600
1758588596013 0.004204708199149838 134700
1758588598035 0.004079399301247344 134800
1758588599994 0.004275130786927281 134900
1758588601982 0.0042518889750110915 135000
1758588604033 0.004268282546060768 135100
1758588606252 0.004046395103939945 135200
1758588608526 0.004216345647071413 135300
1758588610713 0.004043277129229915 135400
1758588612992 0.004123004575260307 135500
1758588615301 0.004044536076088145 135600
1758588617252 0.004107335528445689 135700
1758588619136 0.00403730922893107 135800
1758588621018 0.004088618092352333 135900
1758588622941 0.004091057356423781 136000
1758588625100 0.004103373379683898 136100
1758588627130 0.004054744622025393 136200
1758588629262 0.00414233985889572 136300
1758588631444 0.004014848679573522 136400
1758588633728 0.004124733281423231 136500
1758588636263 0.004102603169931175 136600
1758588638323 0.004230644326868554 136700
1758588640349 0.004229238818066003 136800
1758588642276 0.00393983132853083 136900
1758588644300 0.004234393279338981 137000
1758588646305 0.004078098677640069 137100
1758588648273 0.004100105663274565 137200
1758588650550 0.003973494669954205 137300
1758588652946 0.00414203586891122 137400
1758588655394 0.0039691613459685755 137500
1758588657707 0.00400973135989717 137600
1758588660103 0.004170219160343645 137700
1758588662439 0.003918622863836744 137800
1758588664787 0.0041360094779274315 137900
1758588667083 0.004157213469144085 138000
1758588669426 0.004085297496521445 138100
1758588671819 0.00419139757515964 138200
1758588674178 0.004263855985329424 138300
1758588676526 0.004001856132736811 138400
1758588678992 0.004015087872207169 138500
1758588681220 0.004052497173619812 138600
1758588683371 0.0038725906858488837 138700
1758588685367 0.003912985363937311 138800
1758588687369 0.004042027951841982 138900
1758588689314 0.0041334624907983135 139000
1758588691323 0.00408867447408183 139100
1758588693753 0.004235536741921445 139200
1758588696169 0.004074656996980057 139300
1758588698602 0.00407233860669535 139400
1758588700649 0.004140583470960134 139500
1758588702705 0.004138209280264519 139600
1758588704787 0.004097555387859861 139700
1758588706818 0.004152664305081686 139800
1758588708888 0.0040497062073358145 139900
1758588710960 0.004014644810743352 140000
1758588713564 0.00403503576375578 140100
1758588716163 0.003910517537986073 140200
1758588718135 0.004033349248411504 140300
1758588720221 0.0039614216479707245 140400
1758588722373 0.004010246235803645 140500
1758588724409 0.0039892068374781054 140600
1758588726927 0.003926579370567183 140700
1758588729083 0.0038182627258066698 140800
1758588731546 0.003953391162575236 140900
1758588733757 0.004073171508870983 141000
1758588736077 0.0040257370984525314 141100
1758588738219 0.003761691738663067 141200
1758588740506 0.0039033895760458032 141300
1758588742558 0.003954455477870288 141400
1758588744979 0.004062217479586141 141500
1758588747472 0.004076452240297455 141600
1758588749562 0.0038684416870198596 141700
1758588751560 0.004104579714264093 141800
1758588753598 0.003874092295069339 141900
1758588755621 0.003954426179359426 142000
1758588757717 0.003993171711732965 142100
1758588759847 0.003996879995573836 142200
1758588762069 0.003921041625967556 142300
1758588764126 0.003903410484800496 142400
1758588766291 0.0039297114499335485 142500
1758588768310 0.003960578476947708 142600
1758588770516 0.003843702988168757 142700
1758588772627 0.003884369273102952 142800
1758588774811 0.0037713310398049993 142900
1758588776813 0.003948248824613348 143000
1758588778776 0.0038483397713965483 143100
1758588780821 0.003883502529003448 143200
1758588782876 0.003920484458154603 143300
1758588785407 0.00400934535520469 143400
1758588787969 0.0036857373621356428 143500
1758588790517 0.003897867291019537 143600
1758588793193 0.0037924286043329297 143700
1758588795810 0.0038834005218514774 143800
1758588798394 0.00398390605316617 143900
1758588800942 0.00382495126623512 144000
1758588803452 0.003945025819217267 144100
1758588805655 0.003890408686631404 144200
1758588807611 0.0038503677159110582 144300
1758588809577 0.003891105088042362 144400
1758588811514 0.003800011838753157 144500
1758588813703 0.003900291631151219 144600
1758588816546 0.003752771252235588 144700
1758588818601 0.003929104704785117 144800
1758588820565 0.003905733573125841 144900
1758588822473 0.0037538218125477436 145000
1758588824658 0.0038881443336216503 145100
1758588826738 0.0038134814738889043 145200
1758588828729 0.003978181862118818 145300
1758588830749 0.0037651382808761517 145400
1758588832784 0.003910335940368108 145500
1758588835014 0.003918673376284758 145600
1758588837261 0.0038236954057700432 145700
1758588839533 0.0040057124241624125 145800
1758588841992 0.0038750822185034464 145900
1758588844636 0.0038304424807793164 146000
1758588847192 0.003910996830831152 146100
1758588849306 0.0038473356962277364 146200
1758588851695 0.004004425522115918 146300
1758588854503 0.0038889466536753403 146400
1758588857267 0.003773230262868991 146500
1758588860043 0.003791459593027811 146600
1758588862892 0.003774856331572681 146700
1758588865613 0.0039565040162528545 146800
1758588868418 0.0037705625574216833 146900
1758588871242 0.0039971305283063715 147000
1758588873935 0.003960800333300743 147100
1758588876568 0.0038883878256953754 147200
1758588879280 0.0038400825941493294 147300
1758588881987 0.0038911056915161466 147400
1758588884584 0.0037206589673336654 147500
1758588887257 0.003910815965917619 147600
1758588889693 0.0038342042995638346 147700
1758588892363 0.003792691986191146 147800
1758588894935 0.00370870436191633 147900
1758588897587 0.003878636844767054 148000
1758588900261 0.003931800621788901 148100
1758588902910 0.003785229967343191 148200
1758588905625 0.0036646485527221154 148300
1758588908316 0.003746412512759655 148400
1758588911139 0.003922342025077952 148500
1758588913636 0.003868928351181418 148600
1758588916170 0.003858508055603301 148700
1758588918778 0.0037388119458609055 148800
1758588921105 0.003744331131751553 148900
1758588923367 0.0038316068106469337 149000
1758588925660 0.003846038202639129 149100
1758588928022 0.003679061984082016 149200
1758588930249 0.003749156770969282 149300
1758588932427 0.003721022760531911 149400
1758588934531 0.0037841147790740495 149500
1758588937259 0.0037410123097340454 149600
1758588939541 0.0039001358115119864 149700
1758588941718 0.003953691361291877 149800
1758588943872 0.0038601593581864533 149900
1758588945957 0.0038139312413739183 150000
1758588948256 0.003629907527761467 150100
1758588950470 0.0036997944679102537 150200
1758588952573 0.00375372430242249 150300
1758588954766 0.003720415114798448 150400
1758588957110 0.0036458143052808885 150500
1758588959309 0.003641753034257131 150600
1758588961422 0.0037077638093753187 150700
1758588963538 0.0036974529020958663 150800
1758588965597 0.003770293143894256 150900
1758588967656 0.0036868267696073243 151000
1758588969717 0.0037356554168420032 151100
1758588971818 0.0037783335102308437 151200
1758588974380 0.0036956046302205384 151300
1758588976451 0.003716718874883394 151400
1758588978484 0.003586409048688186 151500
1758588980549 0.0038031200424637097 151600
1758588982655 0.0037123604113627785 151700
1758588984743 0.0037044596599339345 151800
1758588986971 0.003637387317276732 151900
1758588989102 0.0037013243194012296 152000
1758588991250 0.00383820406690752 152100
1758588993880 0.0036141615379307883 152200
1758588996500 0.003788815982631326 152300
1758588999103 0.003640609228983558 152400
1758589001687 0.00376669709303702 152500
1758589004261 0.0038640553282211533 152600
1758589006814 0.003731627888074047 152700
1758589009412 0.0037257508427502866 152800
1758589012035 0.0037500833732311634 152900
1758589014723 0.0037916636476485496 153000
1758589017341 0.003659946371997115 153100
1758589019627 0.003657823097578151 153200
1758589021855 0.003702999029912838 153300
1758589023966 0.0037428480446687964 153400
1758589026022 0.003768369221631246 153500
1758589028088 0.0036793485853409877 153600
1758589030168 0.003540870823037017 153700
1758589032249 0.0037358902792633867 153800
1758589034438 0.0037048500257048345 153900
1758589036608 0.0036574332986758678 154000
1758589038801 0.0036913906641170037 154100
1758589041129 0.0037633380945801525 154200
1758589043427 0.003603903308032073 154300
1758589045717 0.0037486095845264246 154400
1758589048016 0.003858335079837758 154500
1758589050228 0.003856779391668084 154600
1758589052501 0.003727862429929687 154700
1758589054767 0.003740894273196367 154800
1758589057029 0.0038156218696855427 154900
1758589059248 0.0036751052740946867 155000
1758589061460 0.00368562331494078 155100
1758589063714 0.0037882911909411627 155200
1758589065928 0.00376020916882231 155300
1758589068123 0.0036192587639044143 155400
1758589070326 0.003656154992840281 155500
1758589072534 0.0036775866987211834 155600
1758589074770 0.003494664802430974 155700
1758589076968 0.0036606589546306204 155800
1758589079085 0.003655169831561851 155900
1758589081235 0.0036047070435420497 156000
1758589083475 0.0035872347381571464 156100
1758589085842 0.0035975506024524253 156200
1758589088185 0.003687900232071771 156300
1758589090822 0.0036625430912935854 156400
1758589093440 0.0036006631527070966 156500
1758589096038 0.003645526313164229 156600
1758589098663 0.0035832640537446464 156700
1758589100983 0.003492775585635265 156800
1758589103540 0.003570430705056838 156900
1758589106139 0.00359203689858453 157000
1758589108697 0.003605750462094382 157100
1758589111329 0.003655709944064318 157200
1758589113935 0.003764822205980587 157300
1758589116595 0.0036568266950949713 157400
1758589119224 0.0035068193122829426 157500
1758589121855 0.0036495513566135555 157600
1758589124129 0.0037364983785279507 157700
1758589126552 0.0036677019459259333 157800
1758589129154 0.0036348953892472416 157900
1758589131791 0.0037440801378891457 158000
1758589134369 0.003548487872828751 158100
1758589136923 0.0035888619537780796 158200
1758589139446 0.0036294577005026225 158300
1758589142069 0.003483657569718362 158400
1758589144635 0.0037024958406064574 158500
1758589147024 0.0037469977898859012 158600
1758589149675 0.003584990856640746 158700
1758589152279 0.003646759088129135 158800
1758589154936 0.0036395607369374343 158900
1758589157289 0.0036530317931417217 159000
1758589159924 0.003547014928989625 159100
1758589162526 0.0034848675152857715 159200
1758589165132 0.0035486411433514123 159300
1758589168013 0.003437080742033236 159400
1758589170680 0.0035729260849157924 159500
1758589173425 0.0034772468216283984 159600
1758589176121 0.0035885930917521915 159700
1758589178994 0.003571470894063583 159800
1758589181711 0.0034875070360398555 159900
1758589184674 0.003502580799328302 160000
1758589187288 0.003537534567662901 160100
1758589189953 0.0035429794923299905 160200
1758589192711 0.003542529643591457 160300
1758589195354 0.003496827560829959 160400
1758589198028 0.0036302530871224264 160500
1758589200700 0.0035555132790734603 160600
1758589203345 0.0035628530059477756 160700
1758589205945 0.003594315862102002 160800
1758589208673 0.003613470732766033 160900
1758589211422 0.003521005827197636 161000
1758589214167 0.0036235440935495316 161100
1758589216741 0.00371803691964421 161200
1758589219044 0.0034378653961274724 161300
1758589221604 0.0035303284949515868 161400
1758589224302 0.0035096846753458893 161500
1758589226885 0.0036275849141786656 161600
1758589229459 0.003647385393691275 161700
1758589232033 0.0035566510115690015 161800
1758589234613 0.0035075245857468496 161900
1758589237050 0.0034646804907833484 162000
1758589239467 0.0034094292830966714 162100
1758589242307 0.0034602496930627898 162200
1758589245179 0.0036767095819672663 162300
1758589248195 0.003497546065952604 162400
1758589251011 0.003437943580656034 162500
1758589253893 0.003576042294343167 162600
1758589256960 0.0035994312552067695 162700
1758589259973 0.003476688682755837 162800
1758589262881 0.003583587353686496 162900
1758589265669 0.0035833600303127595 163000
1758589268817 0.003453307544692979 163100
1758589271823 0.0038096117773624085 163200
1758589274911 0.003601192235953955 163300
1758589277710 0.0034578052858586384 163400
1758589281162 0.003463013727829244 163500
1758589283913 0.003529656409267114 163600
1758589286571 0.003462379115240164 163700
1758589289329 0.0034795109298106793 163800
1758589292072 0.003470868951042918 163900
1758589294963 0.003555249851217107 164000
1758589297841 0.0034238077321618213 164100
1758589300780 0.003422079093215194 164200
1758589303553 0.003441162512376855 164300
1758589306337 0.003505293800494664 164400
1758589308675 0.003390286964639448 164500
1758589310976 0.003422266996604772 164600
1758589313563 0.003387835896350066 164700
1758589316578 0.0034185926491531026 164800
1758589319923 0.003473615768679403 164900
1758589322607 0.003411089074764034 165000
1758589325454 0.003642700997075678 165100
1758589328076 0.0035212964751993323 165200
1758589330667 0.0035927535082735575 165300
1758589333210 0.0034952654080268666 165400
1758589335865 0.0035799061449421662 165500
1758589338486 0.0034850563988795113 165600
1758589341002 0.0035406128219091664 165700
1758589343510 0.0033643190363537826 165800
1758589345802 0.0033509865217338604 165900
1758589348036 0.0033999054342336503 166000
1758589350201 0.0034784049725290096 166100
1758589352371 0.003443252246952699 166200
1758589354601 0.003285682625532897 166300
1758589356740 0.0035676780988870317 166400
1758589358856 0.0035071180161497274 166500
1758589360956 0.003378552267566749 166600
1758589363202 0.0034236942069656245 166700
1758589365497 0.003358688416869432 166800
1758589367788 0.00344668874994817 166900
1758589370233 0.003442487562717286 167000
1758589372625 0.00351630238493475 167100
1758589375028 0.003423986497335654 167200
1758589377368 0.0034661785240788293 167300
1758589379765 0.0034164229636885896 167400
1758589382073 0.0036227750422067064 167500
1758589384336 0.0034360238309001892 167600
1758589386632 0.003390770446248976 167700
1758589389014 0.0033752422270360324 167800
1758589391392 0.0033694862940968308 167900
1758589394424 0.0034295921769139513 168000
1758589397351 0.0035333299128236456 168100
1758589400171 0.003401833681481038 168200
1758589403167 0.0033795552374390843 168300
1758589406222 0.0034517572006547343 168400
1758589409042 0.003445322383787999 168500
1758589411778 0.0033786784977466924 168600
1758589414527 0.0034228039942758855 168700
1758589417396 0.003388008029913405 168800
1758589419755 0.003299187246345409 168900
1758589422325 0.003402031846080616 169000
1758589425271 0.0033107633729603384 169100
1758589427720 0.0033878342541583555 169200
1758589430278 0.003438816544518147 169300
1758589432654 0.0035467106716371667 169400
1758589435832 0.003295716991482287 169500
1758589438794 0.0033406258169206998 169600
1758589441686 0.0033976852859759713 169700
1758589444494 0.003454168889162554 169800
1758589446888 0.003441568232083051 169900
1758589449508 0.003398512355869001 170000
1758589452352 0.003387210341091534 170100
1758589455140 0.0033757699754550356 170200
1758589457568 0.0033202300054160517 170300
1758589460179 0.003531466318067665 170400
1758589462662 0.003413876498779098 170500
1758589465103 0.0033434997163173403 170600
1758589467853 0.0033822504634853715 170700
1758589470378 0.0033085811903167932 170800
1758589473083 0.003300376839936608 170900
1758589476312 0.0034885460033438277 171000
1758589479281 0.0033678557037949775 171100
1758589481831 0.0033290987047469313 171200
1758589484187 0.0034748513246475985 171300
1758589486658 0.003480742786849541 171400
1758589489086 0.0033127661783584937 171500
1758589491506 0.0033633383297650547 171600
1758589493888 0.0034349478086548573 171700
1758589496622 0.0034966507321378924 171800
1758589499438 0.0034464333369620516 171900
1758589502183 0.003406199044080286 172000
1758589504827 0.003434541422830595 172100
1758589508460 0.0032842454897485203 172200
1758589511634 0.0033170434648346187 172300
1758589515126 0.0033129818358540726 172400
1758589518129 0.003339508891567974 172500
1758589521044 0.0033861685094522245 172600
1758589523924 0.0033759421124269096 172700
1758589526677 0.003424126507469478 172800
1758589528874 0.003486581264055496 172900
1758589531142 0.003371702525043229 173000
1758589533633 0.0034999963962447983 173100
1758589536108 0.003433093611089702 173200
1758589538481 0.0034767535683997313 173300
1758589541025 0.0034794006096534463 173400
1758589543420 0.003430701167296774 173500
1758589545863 0.0034784039738489994 173600
1758589547966 0.0033745878265075335 173700
1758589550218 0.0035729819499548004 173800
1758589552644 0.0033672181114423904 173900
1758589554906 0.003467672977674088 174000
1758589557256 0.0034479203070450276 174100
1758589559547 0.0033704461834106205 174200
1758589561873 0.0034791973319585937 174300
1758589564600 0.0034368281666536304 174400
1758589567125 0.0033111911214290645 174500
1758589569476 0.003334152372912123 174600
1758589571850 0.0033789378322153884 174700
1758589574170 0.003467321401329795 174800
1758589576670 0.003329725722326128 174900
1758589579058 0.003353933130788604 175000
1758589581421 0.0033868913053421213 175100
1758589583832 0.003570156132358195 175200
1758589586144 0.0034657046646387217 175300
1758589588585 0.0032713927738536085 175400
1758589591008 0.0034831572048749718 175500
1758589593348 0.0034758980548828295 175600
1758589595746 0.0032759538517172743 175700
1758589598150 0.003320624493754362 175800
1758589600761 0.0033367282070817213 175900
1758589603453 0.0034829187441684705 176000
1758589606865 0.003364152952623955 176100
1758589610000 0.00341645812654876 176200
1758589612716 0.003363482390261963 176300
1758589615293 0.0033874928759678154 176400
1758589617853 0.003364273753737779 176500
1758589620324 0.0034863012258123886 176600
1758589622765 0.0034549760936947956 176700
1758589625151 0.0034060034711247884 176800
1758589627602 0.003290081155440913 176900
1758589630149 0.0034197070850610655 177000
1758589632699 0.0033574101374301865 177100
1758589635036 0.003278925353181383 177200
1758589637833 0.003468347248890222 177300
1758589640111 0.003369915742816248 177400
1758589642280 0.003376462055383192 177500
1758589644802 0.0034009622082122356 177600
1758589647273 0.003383746224356256 177700
1758589649711 0.003307467950441633 177800
1758589652017 0.0033741370754383575 177900
1758589654189 0.0032721006814214935 178000
1758589656422 0.0033499794835895077 178100
1758589658990 0.0033519408691357615 178200
1758589661371 0.0035080128514728783 178300
1758589663880 0.00342227640297968 178400
1758589666307 0.0034957291817452863 178500
1758589668740 0.0033609197084754515 178600
1758589671178 0.0034101835450628666 178700
1758589673690 0.0032743214887531046 178800
1758589676194 0.003446471447850047 178900
1758589678679 0.0033363881739474363 179000
1758589681167 0.0032805699097284923 179100
1758589683683 0.00331453009355969 179200
1758589686472 0.0032343916525712497 179300
1758589688974 0.0033228071306551322 179400
1758589691389 0.0033779162869044415 179500
1758589693920 0.003318299178615819 179600
1758589696396 0.003401470444634825 179700
1758589698686 0.003329761075986506 179800
1758589700931 0.003352626330943913 179900
1758589703239 0.0033452658625947257 180000
1758589705611 0.0033632071446959674 180100
1758589707856 0.003351929518528986 180200
1758589710126 0.0032756435136632503 180300
1758589712415 0.003411145718581222 180400
1758589715177 0.003302967625443198 180500
1758589717930 0.0034765847644755953 180600
1758589720578 0.0033412173470130286 180700
1758589723288 0.0032241807268861655 180800
1758589725981 0.0034006611738015644 180900
1758589728734 0.0033513006052608204 181000
1758589731521 0.003435532529774281 181100
1758589734363 0.003198421749909272 181200
1758589737082 0.003278277732896715 181300
1758589739854 0.003319741700415978 181400
1758589742584 0.003198793447100229 181500
1758589745305 0.0033886146350055038 181600
1758589748046 0.0033354534012370635 181700
1758589750987 0.003240389178455869 181800
1758589753853 0.0032435965490446306 181900
1758589756679 0.0033931813658801073 182000
1758589759479 0.0033946149784582743 182100
1758589762353 0.0031518057036069172 182200
1758589764752 0.003286179126604722 182300
1758589767170 0.0032816248516081697 182400
1758589769440 0.0032404202731567363 182500
1758589771811 0.0032006071949324233 182600
1758589774354 0.00336054336047204 182700
1758589776563 0.003335982952224034 182800
1758589778907 0.0032938160783336583 182900
1758589781076 0.0032849333364337744 183000
1758589783287 0.00315162337345022 183100
1758589785480 0.003265467068303638 183200
1758589787863 0.003245700253137584 183300
1758589790331 0.0032086120516362565 183400
1758589792527 0.0033772189297755786 183500
1758589794817 0.003289663194509509 183600
1758589797023 0.003204111207983248 183700
1758589799506 0.003564847332798971 183800
1758589802544 0.0032385387591578356 183900
1758589805612 0.0034041916349470728 184000
1758589808507 0.0032611136846964904 184100
1758589811770 0.003354534538589998 184200
1758589815329 0.0033225284710767973 184300
1758589818396 0.0034137875986422735 184400
1758589821636 0.0033970125153094696 184500
1758589824065 0.003356514740037763 184600
1758589826343 0.0034248899896791793 184700
1758589828652 0.003267776315801494 184800
1758589831071 0.0032799264364611696 184900
1758589833302 0.003365450544972442 185000
1758589835473 0.0034084515516440116 185100
1758589837677 0.0032595710007319355 185200
1758589840037 0.0033039215705341234 185300
1758589842343 0.003269261945697667 185400
1758589845116 0.0032414915467838578 185500
1758589848039 0.0033134625856355133 185600
1758589850723 0.0033599178695820453 185700
1758589853260 0.0033431740106266905 185800
1758589855603 0.00334752146498413 185900
1758589857887 0.003288674003720888 186000
1758589860152 0.0032834678182261097 186100
1758589862640 0.0033180552113680458 186200
1758589864897 0.00336309120745039 186300
1758589867272 0.0033858528665511116 186400
1758589869804 0.0033987152285679697 186500
1758589872316 0.003276493303250694 186600
1758589874641 0.0033661694343575027 186700
1758589877123 0.0033542682886877964 186800
1758589879953 0.0033284416786851997 186900
1758589883040 0.00336183866131963 187000
1758589885460 0.0033723785241605467 187100
1758589888004 0.0033347955637172094 187200
1758589890711 0.003260735851246314 187300
1758589892961 0.0033385609219913556 187400
1758589895429 0.003247677901270025 187500
1758589897876 0.0031949877564206477 187600
1758589900176 0.0033403419922311706 187700
1758589902671 0.0033761216333746892 187800
1758589905138 0.0032630741712639105 187900
1758589907436 0.003247198909217533 188000
1758589909754 0.0033798447698479093 188100
1758589911985 0.0033477300140766623 188200
1758589914419 0.0033835735162319512 188300
1758589916687 0.0030773995743317408 188400
1758589919102 0.0033004174979304594 188500
1758589921304 0.003437087636749384 188600
1758589923529 0.0033702092776146226 188700
1758589925790 0.003425531740004886 188800
1758589928102 0.0032469403451496517 188900
1758589930318 0.0032650343645859075 189000
1758589932510 0.0035213751559432733 189100
1758589935002 0.0032631967387301043 189200
1758589937381 0.0032457227934268367 189300
1758589939611 0.0032238091994039103 189400
1758589941801 0.003236117819353378 189500
1758589944044 0.00330492406724345 189600
1758589946516 0.003407580076514832 189700
1758589949015 0.0032615121740265343 189800
1758589951224 0.0032868618547096263 189900
1758589953494 0.003276303211247715 190000
1758589955885 0.003429773623270806 190100
1758589958276 0.003425494288841134 190200
1758589960776 0.0032284227322274496 190300
1758589963030 0.003308585925744383 190400
1758589965280 0.003281329053729131 190500
1758589967574 0.003288729916423161 190600
1758589969822 0.003187295939840931 190700
1758589972173 0.003190951468783968 190800
1758589975082 0.003425890212629749 190900
1758589977861 0.0031891112625884446 191000
1758589980740 0.0033695100705582867 191100
1758589983869 0.003329365668222321 191200
1758589986649 0.0032689919609506807 191300
1758589989817 0.0034074730036305423 191400
1758589992980 0.003309207745914004 191500
1758589996024 0.0032134751371505842 191600
1758589999342 0.00331041269287792 191700
1758590002951 0.0032494552401443324 191800
1758590009367 0.0032079938337647973 191900
1758590013921 0.0032852601652594254 192000
1758590017934 0.0032467455918089878 192100
1758590023655 0.003327102462807297 192200
1758590026905 0.0032042559773691817 192300
1758590029403 0.003304493443323932 192400
1758590032693 0.0033576912357555972 192500
1758590035223 0.00333584550317062 192600
1758590037638 0.003353350283793348 192700
1758590039879 0.003268599807596247 192800
1758590042223 0.0031746363548493845 192900
1758590044522 0.0032370313126887894 193000
1758590046771 0.0033032634381849717 193100
1758590049513 0.003172038384484351 193200
1758590051910 0.0033284402627615528 193300
1758590054212 0.003273323612456828 193400
1758590056685 0.003292365757768632 193500
1758590059104 0.003363938501082286 193600
1758590061574 0.0033282158807445552 193700
1758590063975 0.0033122816768392737 193800
1758590066758 0.0032919424825657486 193900
1758590069446 0.003333545772188267 194000
1758590072046 0.0031704579772136366 194100
1758590074560 0.0033281099488083653 194200
1758590077082 0.0033178553786230086 194300
1758590079875 0.003252242900590093 194400
1758590082200 0.003177778118291094 194500
1758590084454 0.003291143836786716 194600
1758590086850 0.003269221355186213 194700
1758590089139 0.003228931991076854 194800
1758590091441 0.0032413768409644723 194900
1758590093747 0.00317949013985339 195000
1758590096463 0.0034025924227690965 195100
1758590099362 0.00327216350098069 195200
1758590102145 0.0032416152986818334 195300
1758590104547 0.003162843107413981 195400
1758590107136 0.003287349549530882 195500
1758590109759 0.003305163409251489 195600
1758590112256 0.0032716783780207272 195700
1758590114970 0.0033075534190725674 195800
1758590117631 0.003252477288211469 195900
1758590120393 0.003252834830505336 196000
1758590123253 0.003281065731025338 196100
1758590125627 0.0032646159187714424 196200
1758590127915 0.00333043338586883 196300
1758590130568 0.003286495566172052 196400
1758590133417 0.0031260546683978792 196500
1758590136319 0.0033398456426409736 196600
1758590139112 0.0031123931087658914 196700
1758590142051 0.0031719125710784122 196800
1758590144476 0.003090480977818435 196900
1758590147229 0.0032974176825942415 197000
1758590150203 0.003269185482871711 197100
1758590153179 0.0032204678991728437 197200
1758590156017 0.003286545047323729 197300
1758590158895 0.0032127011039154497 197400
1758590161620 0.0033176667523650517 197500
1758590164398 0.0033693066795629006 197600
1758590167214 0.0031814140846373267 197700
1758590169995 0.0032019475835380258 197800
1758590173225 0.0032608790514286642 197900
1758590176046 0.0032655145585407212 198000
1758590178901 0.0033420860114755607 198100
1758590181699 0.003342808650124936 198200
1758590184074 0.003245224450782887 198300
1758590186545 0.003247089050375415 198400
1758590189110 0.003310414820070385 198500
1758590191884 0.0031353378601303174 198600
1758590194328 0.0032488867419191297 198700
1758590196826 0.0032114688936651513 198800
1758590199634 0.0031869371684328605 198900
1758590202601 0.0031867085185790347 199000
1758590205346 0.003205099359508181 199100
1758590208043 0.003110177649754409 199200
1758590210792 0.0031361267882868056 199300
1758590213611 0.0031513531172969213 199400
1758590216488 0.0031378934123117035 199500
1758590219308 0.0032489397900363043 199600
1758590222309 0.0030343736154227327 199700
1758590225120 0.0030501110917775446 199800
1758590228068 0.0030058810535833003 199900
1758590231102 0.0030342596821695306 200000
1758590234126 0.0029079706809294827 200100
1758590237046 0.0029839328458122548 200200
1758590240000 0.0029757139959526776 200300
1758590243015 0.003060763278678907 200400
1758590246012 0.0029873677038155773 200500
1758590248884 0.0028848214534342095 200600
1758590251817 0.0028291478448014837 200700
1758590254909 0.0029140174302506685 200800
1758590258100 0.002828239905059312 200900
1758590260809 0.002996500056499067 201000
1758590263825 0.002805453274009491 201100
1758590266930 0.002835568426337924 201200
1758590269958 0.0028498510973975163 201300
1758590272981 0.0028321399934288253 201400
1758590276035 0.0028055121050630616 201500
1758590278685 0.002782691575877241 201600
1758590281507 0.0029572080142326587 201700
1758590284504 0.002957737183962041 201800
1758590287497 0.00277361082715763 201900
1758590290531 0.0028031524310330896 202000
1758590293401 0.002804896949966143 202100
1758590296603 0.0028086921375080017 202200
1758590299728 0.002785830888284251 202300
1758590302769 0.002790740202758629 202400
1758590305704 0.0027435092336021796 202500
1758590308733 0.0027594573676608804 202600
1758590311801 0.002709828346607336 202700
1758590314786 0.0028425208957981035 202800
1758590317725 0.002667051120221313 202900
1758590320871 0.00273576702902635 203000
1758590324116 0.002753822534241774 203100
1758590327166 0.0026712060152427482 203200
1758590330076 0.0027072337456409434 203300
1758590333474 0.0027259180007445376 203400
1758590336479 0.0027952466337755363 203500
1758590340453 0.0026695943697375452 203600
1758590343391 0.002762588047625333 203700
1758590346630 0.002854494087342813 203800
1758590349697 0.002726475802318715 203900
1758590352805 0.0027097392205279814 204000
1758590355882 0.0026817115133345713 204100
1758590358973 0.002747041206605146 204200
1758590362101 0.002711923761184953 204300
1758590365095 0.0026493976548002877 204400
1758590367795 0.0027160629946399928 204500
1758590370558 0.002772130212060358 204600
1758590373506 0.002739489521987437 204700
1758590376950 0.0027025104184282733 204800
1758590379792 0.0027698062751867537 204900
1758590383027 0.0027605705125483735 205000
1758590386005 0.00272077584631554 205100
1758590389200 0.00267636724789722 205200
1758590392151 0.0026299294172080338 205300
1758590396168 0.0026749487309189342 205400
1758590399528 0.0026922529943058924 205500
1758590403375 0.002552804309990934 205600
1758590406550 0.002640298598341216 205700
1758590409133 0.0026489822873371756 205800
1758590411804 0.002643664930752154 205900
1758590414829 0.002709285093088401 206000
1758590417599 0.0026207389371412384 206100
1758590420537 0.002524081452666461 206200
1758590423645 0.0026565479673234856 206300
1758590426558 0.0025660453265787817 206400
1758590429593 0.00260573145352627 206500
1758590432627 0.002616676593984195 206600
1758590435681 0.0026486359484778742 206700
1758590438666 0.0025018411949910653 206800
1758590441831 0.002631657443948454 206900
1758590446025 0.00266255672591628 207000
1758590449880 0.002481990530290782 207100
1758590454228 0.0025712554304906563 207200
1758590457721 0.002629361082101289 207300
1758590461137 0.002593869755470085 207400
1758590465124 0.002650388425189589 207500
1758590469068 0.0026925441831191412 207600
1758590472635 0.002646299505458063 207700
1758590476148 0.002645774789237676 207800
1758590479339 0.0026294883483605324 207900
1758590482345 0.002597692830615972 208000
1758590485515 0.0025666718395876077 208100
1758590489790 0.0026812372222253544 208200
1758590495074 0.0025948728685410483 208300
1758590498267 0.0026365304743599357 208400
1758590502161 0.0025264046843854948 208500
1758590507398 0.002661351423230496 208600
1758590513529 0.0026367864525552735 208700
1758590517879 0.002621686217486871 208800
1758590521879 0.0026955619059137615 208900
1758590528840 0.002637394050625048 209000
1758590534193 0.002713068566404034 209100
1758590538696 0.00266255531829992 209200
1758590542538 0.002559474148806509 209300
1758590546195 0.0025912767681687088 209400
