1758585935309 7.27083332836628 100
1758585936577 9.898148145940569 200
1758585937872 9.929487177958855 300
1758585939142 9.25520833209157 400
1758585940434 9.404166665673255 500
1758585941786 9.481884057107179 600
1758585943148 8.791666665247508 700
1758585944642 8.94270833209157 800
1758585945978 9.32882882775487 900
1758585947318 9.884920633974529 1000
1758585948926 9.652777776122093 1100
1758585950300 9.66666666516718 1200
1758585951710 9.678160918170008 1300
1758585953556 9.860215052481621 1400
1758585955460 10.020202018997885 1500
1758585957381 10.159624412026204 1600
1758585959257 10.137061402201653 1700
1758585961118 9.992798352683032 1800
1758585962522 9.982558138148729 1900
1758585964456 10.423076921766931 2000
1758585965860 10.592783503925677 2100
1758585967771 10.668316830502878 2200
1758585969186 10.533018866799912 2300
1758585971098 10.68918918811523 2400
1758585973014 10.650862067937851 2500
1758585974405 10.699035811522775 2600
1758585975807 10.830026453922665 2700
1758585977687 10.86704834499432 2800
1758585979558 10.754289214663645 2900
1758585980921 10.940307327618836 3000
1758585982802 10.908045975915316 3100
1758585984650 10.804444443384806 3200
1758585986051 10.78354978251767 3300
1758585987964 10.68972746231271 3400
1758585989382 10.723577234803177 3500
1758585991283 10.696745561072106 3600
1758585992682 10.791666665639001 3700
1758585994104 10.881284915202157 3800
1758585996010 10.966032607723838 3900
1758585997840 10.993386242440138 4000
1758585999104 10.972797926534643 4100
1758586000365 10.948232322329222 4200
1758586001702 11.013480391280323 4300
1758586003675 11.037660255455053 4400
1758586005072 11.060250390303526 4500
1758586006383 10.884938836917964 4600
1758586007688 10.914039038054577 4700
1758586009002 10.794225145065994 4800
1758586010296 10.680199429010733 4900
1758586011605 10.665969315433102 5000
1758586012881 10.601020406946844 5100
1758586014213 10.587684068335108 5200
1758586015540 10.572178476438747 5300
1758586017482 10.59974259851522 5400
1758586019387 10.584595958391825 5500
1758586020823 10.607496900850956 5600
1758586022195 10.550606059377843 5700
1758586023753 10.542712065695007 5800
1758586025295 10.53315727580601 5900
1758586027262 10.62773932985781 6000
1758586029243 10.619169509654972 6100
1758586031160 10.638982101774856 6200
1758586033134 10.656249998823592 6300
1758586034769 10.6423948208491 6400
1758586036219 10.597399149540882 6500
1758586037663 10.619383488889772 6600
1758586039043 10.57278806467851 6700
1758586040692 10.497467070727362 6800
1758586042210 10.487025946914079 6900
1758586043884 10.478303746358883 7000
1758586045584 10.493217053108436 7100
1758586047004 10.391833809692743 7200
1758586048457 10.414548021420247 7300
1758586049860 10.464484678503531 7400
1758586051506 10.36666666546913 7500
1758586053212 10.386036034854683 7600
1758586054627 10.352495542503295 7700
1758586056322 10.315570174236047 7800
1758586057713 10.2829004317135 7900
1758586059542 10.251068374896661 8000
1758586061214 10.22081218153087 8100
1758586063238 10.243107768228478 8200
1758586065053 10.2400990087207 8300
1758586066497 10.237163813015068 8400
1758586068493 10.234299515756431 8500
1758586070144 10.17899761222712 8600
1758586071998 10.200471696988592 8700
1758586073776 10.19813519702369 8800
1758586075893 10.170506911343693 8900
1758586077732 10.191343962467341 9000
1758586079726 10.139827326208621 9100
1758586081729 10.138578867938902 9200
1758586083684 10.159124355047744 9300
1758586085315 10.133369722350716 9400
1758586087044 10.130050503975385 9500
1758586088857 10.126516772669438 9600
1758586090403 10.125176552619974 9700
1758586091956 10.142732353955195 9800
1758586093525 10.116528353008492 9900
1758586095423 10.113449690890263 10000
1758586097218 10.132892055933928 10100
1758586098983 10.131552418273303 10200
1758586100874 10.125996014867646 10300
1758586103336 10.164201182373882 10400
1758586105669 10.141276040580124 10500
1758586108016 10.23662153341784 10600
1758586110171 10.21287444125626 10700
1758586111540 10.268184692176515 10800
1758586113123 10.282051281007549 10900
1758586114825 10.3333333322993 11000
1758586116226 10.328575812321342 11100
1758586117687 10.342001215493593 11200
1758586119707 10.319017479367972 11300
1758586121071 10.296445638154998 11400
1758586122552 10.309946712973275 11500
1758586123976 10.307218308809777 11600
1758586125666 10.302792320076708 11700
1758586127140 10.261658030058642 11800
1758586128841 10.26030927732638 11900
1758586130380 10.309726961440195 12000
1758586132090 10.35908319083863 12100
1758586133680 10.373524450934154 12200
1758586135192 10.421273030827393 12300
1758586136906 10.451747087194597 12400
1758586138641 10.498347106452815 12500
1758586140582 10.510655736727793 12600
1758586142464 10.522764226673095 12700
1758586143979 10.535541194513657 12800
1758586145836 10.547275640070438 12900
1758586147812 10.590620030848893 13000
1758586149394 10.618483411380653 13100
1758586151170 10.644984325084566 13200
1758586152655 10.687694703121423 13300
1758586154080 10.759659968166853 13400
1758586155779 10.754992318592862 13500
1758586157569 10.782110090831733 13600
1758586159456 10.792553190583517 13700
1758586161201 10.801659124289523 13800
1758586162671 10.796851573319271 13900
1758586164374 10.774553570541597 14000
1758586165843 10.784763312727742 14100
1758586167819 10.762971119996209 14200
1758586169631 10.759624755434823 14300
1758586171263 10.768626027166064 14400
1758586172763 10.791906819477548 14500
1758586174653 10.801695319079396 14600
1758586177011 10.795993360906712 14700
1758586178597 10.805634133970889 14800
1758586180055 10.802230046080872 14900
1758586181478 10.811741362349325 15000
1758586183316 10.84782104689488 15100
1758586185489 10.838045976161958 15200
1758586187964 10.862065017468982 15300
1758586191106 10.88346975814109 15400
1758586193919 10.905811849005996 15500
1758586198231 10.940139262422397 15600
1758586200464 10.933846496274992 15700
1758586202966 10.955503771927322 15800
1758586208157 10.934744267236619 15900
1758586213660 10.929824560566953 16000
1758586219140 10.909368190890044 16100
1758586223533 10.929437228611537 16200
1758586228337 10.93634408520114 16300
1758586233178 10.944373127125653 16400
1758586237767 10.965091527497936 16500
1758586242435 11.011012282123104 16600
1758586246442 11.029882154079399 16700
1758586251130 11.073609367667357 16800
1758586256529 11.06699958305978 16900
1758586261946 11.059139784157423 17000
1758586267083 11.064940402010954 17100
1758586270410 11.082924835822162 17200
1758586274866 11.076524389444328 17300
1758586279924 11.056767675948866 17400
1758586285743 11.05166867630617 17500
1758586289201 11.058623448568804 17600
1758586293138 11.06304693634584 17700
1758586295593 11.069873316695741 17800
1758586298201 11.062377016124929 17900
1758586300914 11.030320812978655 18000
1758586303760 11.046479968095465 18100
1758586306265 11.052168020872566 18200
1758586308824 11.068033101583463 18300
1758586311677 11.05047892640377 18400
1758586314823 11.067333332538604 18500
1758586317930 11.096605990866074 18600
1758586320952 11.102963381620928 18700
1758586324035 11.11927552474243 18800
1758586327744 11.124439461081552 18900
1758586331717 11.118171682591688 19000
1758586335590 11.109848484033492 19100
1758586339423 11.138061073507957 19200
1758586343002 11.188003662195834 19300
1758586346608 11.191438979138441 19400
1758586350684 11.197134565736317 19500
1758586354034 11.180028890478521 19600
1758586357482 11.173670976197926 19700
1758586361075 11.17936337544171 19800
1758586364344 11.194414798198158 19900
1758586366894 11.199964575889133 20000
1758586369537 11.225334741978514 20100
1758586372620 11.195934103615778 20200
1758586375012 11.179493890944576 20300
1758586377922 11.183767360262573 20400
1758586380323 11.198359239224942 20500
1758586383110 11.179896906356221 20600
1758586385786 11.184102563246702 20700
1758586388658 11.19969356400974 20800
1758586391427 11.20274390159099 20900
1758586394257 11.20677451887314 21000
1758586397361 11.219902748972837 21100
1758586400193 11.225033399277555 21200
1758586403082 11.220143046386228 21300
1758586405687 11.253806685679246 21400
1758586407857 11.247611988615613 21500
1758586410037 11.231873358739174 21600
1758586412211 11.255223636120471 21700
1758586414868 11.269837397540488 21800
1758586417456 11.273647553429543 21900
1758586420220 11.296502255782398 22000
1758586422540 11.300176620885356 22100
1758586424413 11.302572706116012 22200
1758586426641 11.334526080609733 22300
1758586428899 11.366176004253562 22400
1758586431114 11.361005990992432 22500
1758586433267 11.382846829076271 22600
1758586435099 11.405800499511257 22700
1758586437131 11.399610591101869 22800
1758586438858 11.41301986264339 22900
1758586440659 11.41705318411781 23000
1758586442362 11.418898121692028 23100
1758586444254 11.41016222754129 23200
1758586445837 11.411943935824922 23300
1758586447667 11.386763812197145 23400
1758586449164 11.390804596907863 23500
1758586450869 11.402589580661667 23600
1758586452869 11.433543353548574 23700
1758586455043 11.426224610925148 23800
1758586456906 11.428783823186855 23900
1758586458833 11.432592591815524 24000
1758586461358 11.436374371826806 24100
1758586463766 11.431303323735627 24200
1758586466016 11.452653180116505 24300
1758586467994 11.465089102359741 24400
1758586469856 11.450436680441861 24500
1758586471772 11.454090512711863 24600
1758586473368 11.449045966267068 24700
1758586474814 11.45142486969424 24800
1758586476746 11.447674417834566 24900
1758586478849 11.433333332548838 25000
1758586481084 11.435754984973842 25100
1758586483108 11.419574467273469 25200
1758586485173 11.413980773842061 25300
1758586487312 11.389428490168742 25400
1758586489384 11.393167788181643 25500
1758586491260 11.378108409354393 25600
1758586493066 11.373503201637252 25700
1758586494955 11.384428729084684 25800
1758586496730 11.388128799634984 25900
1758586498596 11.381571703022123 26000
1758586500492 11.38525377148954 26100
1758586502354 11.380708229991624 26200
1758586504712 11.390590957810286 26300
1758586507219 11.3751695137183 26400
1758586511433 11.368787141296426 26500
1758586515096 11.38051965457172 26600
1758586517918 11.39217659610289 26700
1758586520817 11.386594492670241 26800
1758586523487 11.396299253732632 26900
1758586525572 11.405860513662097 27000
1758586527372 11.408214473592121 27100
1758586529720 11.401867928708173 27200
1758586532614 11.406430445412013 27300
1758586534223 11.408758169155496 27400
1758586535791 11.403255207557232 27500
1758586537718 11.399974018451486 27600
1758586539212 11.394539336702838 27700
1758586540991 11.397961815536576 27800
1758586542568 11.415702903371825 27900
1758586544337 11.410266256277461 28000
1758586546286 11.397524246304178 28100
1758586548090 11.375413169849928 28200
1758586550244 11.371229403553807 28300
1758586552335 11.381186867934284 28400
1758586554235 11.36974048803723 28500
1758586556911 11.372113453067211 28600
1758586559129 11.383008007262204 28700
1758586561362 11.377835950391365 28800
1758586563957 11.38118319587864 28900
1758586566373 11.384510532099075 29000
1758586568780 11.394197530128338 29100
1758586570489 11.411193111197974 29200
1758586572050 11.40703948908996 29300
1758586573683 11.410247003428655 29400
1758586575471 11.419712474907351 29500
1758586576965 11.430150630957183 29600
1758586578534 11.439481964904326 29700
1758586580069 11.442553704325311 29800
1758586581685 11.43044524597347 29900
1758586583181 11.432494004081478 30000
1758586584643 11.4416965345328 30100
1758586586271 11.43654761833804 30200
1758586587833 11.439577397203173 30300
1758586589415 11.46285781807896 30400
1758586590887 11.48702524109926 30500
1758586592419 11.48113540126003 30600
1758586593957 11.48504574172183 30700
1758586595552 11.487894736131032 30800
1758586597126 11.496678320969735 30900
1758586598715 11.499476986741088 31000
1758586600246 11.492534721518556 31100
1758586601811 11.48770775553097 31200
1758586603416 11.497410220294697 31300
1758586605211 11.526668960073449 31400
1758586607109 11.529341111178258 31500
1758586610169 11.525154003413224 31600
1758586612430 11.527815698967045 31700
1758586614692 11.523655547302056 31800
1758586616467 11.509322033211337 31900
1758586618968 11.518762676799676 32000
1758586621022 11.505274971245917 32100
1758586623107 11.507947167427929 32200
1758586624727 11.509593930589148 32300
1758586626423 11.517900822081511 32400
1758586628930 11.519849189820484 32500
1758586631190 11.527409371551848 32600
1758586633437 11.535580523661723 32700
1758586635448 11.537110232081808 32800
1758586637418 11.533070520565168 32900
1758586638876 11.561817386828432 33000
1758586640514 11.55059912785206 33100
1758586642103 11.55206297434114 33200
1758586643517 11.54743339761346 33300
1758586644945 11.555375646973522 33400
1758586646440 11.550355067093038 33500
1758586648596 11.559240179605355 33600
1758586650693 11.55423619956811 33700
1758586652556 11.557655348447865 33800
1758586654709 11.571839079774659 33900
1758586656921 11.58694267447587 34000
1758586659041 11.581904761223566 34100
1758586661368 11.570350432071299 34200
1758586663971 11.571127945425534 34300
1758586666382 11.585063980839552 34400
1758586668606 11.587361371973664 34500
1758586671180 11.595908995337536 34600
1758586673248 11.60341240047069 34700
1758586675895 11.611872145425933 34800
1758586678389 11.620289854381396 34900
1758586681259 11.634861626737328 35000
1758586683980 11.635371627890084 35100
1758586686221 11.648193759577614 35200
1758586687782 11.64252097332968 35300
1758586689328 11.643002855296235 35400
1758586690838 11.638990638311384 35500
1758586692560 11.64208815694945 35600
1758586694180 11.636492506411935 35700
1758586695740 11.643650312267745 35800
1758586697507 11.650764894658241 35900
1758586698960 11.63857114121255 36000
1758586700374 11.635616986510845 36100
1758586702135 11.648691830769351 36200
1758586703679 11.649143766758689 36300
1758586705375 11.645212553965463 36400
1758586707096 11.652208357429618 36500
1758586708713 11.648290850950827 36600
1758586710722 11.667060677041398 36700
1758586712998 11.669025156576678 36800
1758586715260 11.658627450325909 36900
1758586717398 11.65570561688435 37000
1758586720093 11.680132708169817 37100
1758586724076 11.682048285954467 37200
1758586728848 11.67715006729997 37300
1758586732167 11.679062559880329 37400
1758586734949 11.673619157331428 37500
1758586737238 11.662478335567597 37600
1758586740244 11.668634791974373 37700
1758586742420 11.67475588677054 37800
1758586744030 11.682378222846712 37900
1758586745655 11.68271428506715 38000
1758586747514 11.684007981110327 38100
1758586749749 11.6915529003797 38200
1758586751749 11.686235582632431 38300
1758586753623 11.688077720532528 38400
1758586755353 11.689911537086944 38500
1758586757082 11.69528903839019 38600
1758586758458 11.689968182021884 38700
1758586759842 11.680018673490743 38800
1758586761293 11.674813779605833 38900
1758586762742 11.681290621445372 39000
1758586764182 11.681666666004393 39100
1758586766180 11.67650046100907 39200
1758586767862 11.672793439536413 39300
1758586769855 11.674618495378583 39400
1758586771609 11.66400806679584 39500
1758586773190 11.659444139020756 39600
1758586774632 11.658465463128358 39700
1758586776124 11.647946200687986 39800
1758586777650 11.631502627548542 39900
1758586779367 11.6260394063857 40000
1758586780770 11.609744005070434 40100
1758586782266 11.604863357807568 40200
1758586783941 11.600008964698889 40300
1758586785714 11.600590128051877 40400
1758586787586 11.613222697370823 40500
1758586789851 11.61010154927242 40600
1758586792392 11.616471214652824 40700
1758586794350 11.623670212068456 40800
1758586796110 11.620222929240285 40900
1758586797934 11.622086863712234 41000
1758586799882 11.627883429478164 41100
1758586801982 11.629722367950533 41200
1758586803881 11.63241228000114 41300
1758586805370 11.628457632354078 41400
1758586806942 11.630284765200296 41500
1758586808690 11.614566997028556 41600
1758586810294 11.636426832802726 41700
1758586811996 11.627297952817704 41800
1758586813720 11.628265005353207 41900
1758586815410 11.6257340234796 42000
1758586817046 11.6262273894724 42100
1758586818507 11.621563573166267 42200
1758586820023 11.622536417451187 42300
1758586821462 11.624337266260932 42400
1758586823012 11.62696379710172 42500
1758586824624 11.626980070807097 42600
1758586826414 11.622366631948498 42700
1758586828281 11.628410438171302 42800
1758586829905 11.631006767453275 42900
1758586831450 11.63111504649947 43000
1758586833202 11.63369546835925 43100
1758586834927 11.635442930853733 43200
1758586836792 11.63585680678217 43300
1758586838455 11.642612114399073 43400
1758586839985 11.648514437597873 43500
1758586841552 11.643897768173304 43600
1758586843068 11.640162844066012 43700
1758586844604 11.635587600793842 43800
1758586846145 11.631035052180764 43900
1758586847744 11.631947879859682 44000
1758586849189 11.643539093924158 44100
1758586850631 11.63407224886523 44200
1758586852512 11.640691575809448 44300
1758586854351 11.63747137644574 44400
1758586856246 11.64895527188855 44500
1758586858193 11.650619093448885 44600
1758586860155 11.670973508140623 44700
1758586862100 11.68150129630176 44800
1758586864135 11.672896439415737 44900
1758586866156 11.673688457722237 45000
1758586868574 11.673993558065902 45100
1758586870520 11.674297188046467 45200
1758586872432 11.683885951560029 45300
1758586874341 11.690247801053438 45400
1758586876178 11.700558213012641 45500
1758586878022 11.70208532244337 45600
1758586879849 11.71708750128462 45700
1758586881400 11.723331747596966 45800
1758586883099 11.713116697585335 45900
1758586884995 11.713361728264719 46000
1758586886740 11.714848054711076 46100
1758586888321 11.716328775022795 46200
1758586889830 11.717803920858046 46300
1758586891324 11.714576482772827 46400
1758586892890 11.710090595980951 46500
1758586894970 11.711568443322427 46600
1758586896504 11.712241405423867 46700
1758586898002 11.723024374393734 46800
1758586899528 11.729118238876499 46900
1758586901595 11.743661100103594 47000
1758586903296 11.740007715341118 47100
1758586904892 11.743959679195205 47200
1758586906950 11.745353301906366 47300
1758586908861 11.745938696614628 47400
1758586910857 11.755695717952667 47500
1758586912815 11.747443527993047 47600
1758586914869 11.743452108331116 47700
1758586916943 11.75315253652544 47800
1758586919033 11.75075860952973 47900
1758586921214 11.760407204875937 48000
1758586923390 11.762547240424858 48100
1758586925474 11.772134237618468 48200
1758586927545 11.781677952657704 48300
1758586929687 11.791178677989556 48400
1758586932219 11.791647939387332 48500
1758586934303 11.793723817386361 48600
1758586936382 11.794989545312193 48700
1758586938630 11.795000744361563 48800
1758586940880 11.799918227090462 48900
1758586943194 11.801165033453612 49000
1758586945332 11.797962962283028 49100
1758586947484 11.800007396864986 49200
1758586949334 11.800450250282026 49300
1758586951565 11.814949896170122 49400
1758586953394 11.81050580729458 49500
1758586954988 11.80171654861368 49600
1758586956570 11.792965890102655 49700
1758586958076 11.793419514357469 49800
1758586959617 11.79465587566218 49900
1758586961532 11.799468935732756 50000
1758586963403 11.80068990490795 50100
1758586964898 11.801906625386579 50200
1758586966464 11.803902403025084 50300
1758586968138 11.790492702677595 50400
1758586970075 11.7905132634417 50500
1758586971754 11.795281253809758 50600
1758586973245 11.800028710196903 50700
1758586974846 11.805101747668619 50800
1758586976533 11.805090804408927 50900
1758586978210 11.800799086077573 51000
1758586979822 11.792254021818543 51100
1758586981424 11.788007956128393 51200
1758586983069 11.784964538330728 51300
1758586984748 11.78542108920476 51400
1758586986533 11.786208844882243 51500
1758586988147 11.795121262723017 51600
1758586989739 11.800534909238687 51700
1758586991588 11.805930297250088 51800
1758586993418 11.80171083932571 51900
1758586995126 11.807083857655275 52000
1758586996689 11.804053109047048 52100
1758586998351 11.81283124061808 52200
1758587000125 11.825748085627227 52300
1758587001916 11.822703903742063 52400
1758587003603 11.818496948867391 52500
1758587005457 11.815476189816117 52600
1758587007248 11.807155683828102 52700
1758587008982 11.811276536425645 52800
1758587010615 11.820671620593398 52900
1758587012289 11.82516137827656 53000
1758587013926 11.825520832679773 53100
1758587015771 11.822523261525948 53200
1758587017499 11.818380444521594 53300
1758587019137 11.822840010252333 53400
1758587020807 11.823945577582535 53500
1758587022556 11.829122520406361 53600
1758587024308 11.838350962195772 53700
1758587026373 11.842739206283886 53800
1758587027901 11.846704483418643 53900
1758587029449 11.842566382966927 54000
1758587031011 11.843628044036015 54100
1758587032649 11.840655648963002 54200
1758587034251 11.845741112707126 54300
1758587035836 11.84605086950892 54400
1758587037514 11.85036740083255 54500
1758587039257 11.847005468218171 54600
1758587040934 11.84691160745895 54700
1758587042584 11.855927697399206 54800
1758587044492 11.860934181957488 54900
1758587046330 11.853603602971864 55000
1758587047930 11.850661375030638 55100
1758587050349 11.846600659436518 55200
1758587052027 11.842555994101664 55300
1758587053815 11.840373732758472 55400
1758587055918 11.840688205310169 55500
1758587057721 11.841001441241529 55600
1758587059668 11.8413134478325 55700
1758587061331 11.838427376597652 55800
1758587063340 11.84226306807869 55900
1758587065139 11.83899518355221 56000
1758587067041 11.840025990283513 56100
1758587068661 11.827885861897746 56200
1758587070782 11.819676374787266 56300
1758587072553 11.812588858114466 56400
1758587074238 11.79631062889985 56500
1758587076066 11.79948519887151 56600
1758587077758 11.803339755328404 56700
1758587079285 11.800564318998541 56800
1758587080811 11.796722989660987 56900
1758587082326 11.784847322758608 57000
1758587083845 11.792909971337876 57100
1758587085362 11.800941834699202 57200
1758587086908 11.809632735446897 57300
1758587088438 11.814490546279867 57400
1758587090415 11.823134422302246 57500
1758587092116 11.81932852746232 57600
1758587093702 11.820359847875256 57700
1758587095409 11.816918713947326 57800
1758587097199 11.821725178705426 57900
1758587098902 11.829596834359712 58000
1758587100613 11.837438886194311 58100
1758587102129 11.830548253244714 58200
1758587103896 11.822994752020493 58300
1758587105699 11.819584735649336 58400
1758587107263 11.824336943739512 58500
1758587108872 11.824664428930154 58600
1758587110409 11.829393149065776 58700
1758587112167 11.825622444589623 58800
1758587113852 11.821865726406037 58900
1758587115449 11.81916666607062 59000
1758587117019 11.811737522510416 59100
1758587118615 11.826845017856337 59200
1758587120454 11.823784081942032 59300
1758587122525 11.824441991061125 59400
1758587124673 11.821760959479846 59500
1758587126362 11.818420730364554 59600
1758587128030 11.81542170084863 59700
1758587129739 11.816422912255065 59800
1758587131326 11.828374101868421 59900
1758587132984 11.832999148748671 60000
1758587134815 11.8303300564316 60100
1758587136910 11.831303767727228 60200
1758587138645 11.83227465154904 60300
1758587140311 11.832578501817972 60400
1758587141887 11.828902952990092 60500
1758587143453 11.843652225638124 60600
1758587144984 11.843933933339677 60700
1758587146536 11.844878252975029 60800
1758587148287 11.84581985807316 60900
1758587149926 11.85393493542074 61000
1758587151772 11.850919622005591 61100
1758587153395 11.855426355999143 61200
1758587155001 11.859255951792 61300
1758587156607 11.860169994656777 61400
1758587158266 11.852616588939505 61500
1758587159850 11.856432124495761 61600
1758587161755 11.856332032043657 61700
1758587163688 11.859773370513835 61800
1758587165926 11.860678924445216 61900
1758587167927 11.86122881297001 62000
1758587169545 11.858603666548332 62100
1758587171252 11.85885251613202 62200
1758587173235 11.859753953719181 62300
1758587175333 11.867672867087073 62400
1758587177521 11.870402801517013 62500
1758587179765 11.867436165908034 62600
1758587181940 11.871159217294368 62700
1758587183665 11.874520738351714 62800
1758587185675 11.867432149732453 62900
1758587187805 11.864836691567433 63000
1758587190155 11.857787026823125 63100
1758587192170 11.85457063654123 63200
1758587194113 11.852005531926373 63300
1758587195690 11.856353590583932 63400
1758587197517 11.856601171434358 63500
1758587199427 11.864371772231005 63600
1758587201389 11.875558610632888 63700
1758587203493 11.882635551932418 63800
1758587205848 11.890335845898242 63900
1758587207643 11.894279032048095 64000
1758587209640 11.89510708531939 64100
1758587211871 11.892519908411105 64200
1758587213707 11.889939785836583 64300
1758587215650 11.88641261141817 64400
1758587218470 11.88384867990418 64500
1758587220893 11.881291708502884 64600
1758587222569 11.87810523880691 64700
1758587224132 11.871209558660128 64800
1758587225660 11.872058988503209 64900
1758587227368 11.86890312372151 65000
1758587229407 11.869123751248065 65100
1758587231521 11.873025209503014 65200
1758587233444 11.877223900057558 65300
1758587234978 11.888115990034015 65400
1758587236552 11.888628500698001 65500
1758587238074 11.892789478965206 65600
1758587240075 11.896939342766254 65700
1758587241838 11.901078136573835 65800
1758587243543 11.911229471233332 65900
1758587245098 11.912012410766266 66000
1758587246815 11.908839472812788 66100
1758587248881 11.909623245470643 66200
1758587250788 11.912750936990381 66300
1758587252437 11.916831900722052 66400
1758587253996 11.917601759598988 66500
1758587255539 11.918369588525026 66600
1758587257214 11.91159372543104 66700
1758587258924 11.915024090533814 66800
1758587260855 11.911883677135103 66900
1758587262626 11.905151713027154 67000
1758587264420 11.906553265156994 67100
1758587266339 11.90732875909341 67200
1758587268196 11.908102228902099 67300
1758587269839 11.904994570548837 67400
1758587271595 11.894742546856888 67500
1758587273382 11.894913419345757 67600
1758587274973 11.892455684690315 67700
1758587276505 11.885534692424214 67800
1758587278069 11.878959275440161 67900
1758587279657 11.882381412782143 68000
1758587281439 11.883784654484803 68100
1758587283035 11.883971676283187 68200
1758587284704 11.887978141501723 68300
1758587286343 11.881097560401752 68400
1758587287980 11.880994338841822 68500
1758587289612 11.87417359719731 68600
1758587291269 11.874374533643817 68700
1758587293117 11.871982987189407 68800
1758587294883 11.872783263726916 68900
1758587296561 11.87616624199707 69000
1758587298270 11.87636286593801 69100
1758587300247 11.879729443512616 69200
1758587302075 11.877348532247876 69300
1758587304176 11.874064705924372 69400
1758587305909 11.874263467436487 69500
1758587308891 11.875052542509076 69600
1758587310682 11.875839629987025 69700
1758587312394 11.869433091744355 69800
1758587314096 11.867085295082823 69900
1758587315776 11.86698014571749 70000
1758587317576 11.867772906962678 70100
1758587319415 11.867083332762123 70200
1758587320962 11.866978678576846 70300
1758587322556 11.866900310950859 70400
1758587324489 11.873911013737478 70500
1758587326177 11.867583099767709 70600
1758587327965 11.864686723992635 70700
1758587329761 11.851031991165858 70800
1758587331541 11.84786192626452 70900
1758587333292 11.851754656210472 71000
1758587335007 11.855065761857498 71100
1758587336601 11.855288806237526 71200
1758587338279 11.871451992457953 71300
1758587339959 11.86827296852846 71400
1758587341651 11.868474818101662 71500
1758587343287 11.869248035343043 71600
1758587344916 11.878336388991194 71700
1758587346788 11.875470450039423 71800
1758587348562 11.885375393105512 71900
1758587350303 11.89163623395593 72000
1758587352079 11.891800870488966 72100
1758587353939 11.891965007517957 72200
1758587355669 11.892128647312688 72300
1758587357360 11.892291792129216 72400
1758587359029 11.895474679788338 72500
1758587360630 11.89563228732786 72600
1758587362428 11.889491116559064 72700
1758587364116 11.893233082133127 72800
1758587365905 11.893393392820617 72900
1758587367701 11.896551723566013 73000
1758587369367 11.89640718505768 73100
1758587370954 11.899551568936518 73200
1758587372564 11.896417909878403 73300
1758587374137 11.893293591085738 73400
1758587375738 11.89103899913446 73500
1758587377384 11.89714625389199 73600
1758587379040 11.895455894889412 73700
1758587380869 11.894480679337716 73800
1758587382637 11.888444838578916 73900
1758587384277 11.892124974784029 74000
1758587386008 11.895236688727364 74100
1758587387799 11.895391115778178 74200
1758587389865 11.895250710838852 74300
1758587391895 11.895404663350847 74400
1758587393984 11.895845566069596 74500
1758587395925 11.89277337966375 74600
1758587397881 11.892930327293046 74700
1758587399592 11.889871382061692 74800
1758587401564 11.890583941031547 74900
1758587403853 11.887827987764737 75000
1758587406104 11.89436517123851 75100
1758587408489 11.894518754880211 75200
1758587410775 11.889147061093961 75300
1758587412524 11.880027068255949 75400
1758587414463 11.880200791006809 75500
1758587416111 11.87802526217718 75600
1758587417824 11.881089928176346 75700
1758587419476 11.887574532990914 75800
1758587421186 11.884855468552725 75900
1758587422837 11.88844124643065 76000
1758587424593 11.885727968777733 76100
1758587426463 11.888761357631711 76200
1758587428169 11.885228682711691 76300
1758587429889 11.882532417433213 76400
1758587431454 11.880380951813288 76500
1758587433117 11.877698525348505 76600
1758587434724 11.881257717682107 76700
1758587436367 11.879650720770647 76800
1758587438044 11.873850819262586 76900
1758587439748 11.877935605496168 77000
1758587441418 11.878641694479715 77100
1758587443177 11.87288655841881 77200
1758587444821 11.875896056779846 77300
1758587446553 11.873492556433007 77400
1758587448190 11.879846602106149 77500
1758587449852 11.877726075764235 77600
1758587451465 11.880184871807426 77700
1758587453156 11.880882076676034 77800
1758587454839 11.881577714792128 77900
1758587456521 11.87893875586535 78000
1758587458310 11.879108309428565 78100
1758587460264 11.879803207795181 78200
1758587462050 11.886086267372827 78300
1758587463839 11.885710298066828 78400
1758587465739 11.886395315855435 78500
1758587467479 11.887078807567097 78600
1758587469227 11.881942512179947 78700
1758587471039 11.885407983130566 78800
1758587472729 11.880284947155252 78900
1758587474347 11.88097218314399 79000
1758587476240 11.884427212572797 79100
1758587478119 11.878779497953643 79200
1758587480029 11.873147380447493 79300
1758587482069 11.87159676175507 79400
1758587483827 11.86822773129487 79500
1758587485539 11.866171344138793 79600
1758587487254 11.864119478999553 79700
1758587489042 11.867563609170887 79800
1758587490958 11.868257450521222 79900
1758587492900 11.866210045095992 80000
1758587494767 11.864167122222325 80100
1758587496427 11.861369225994489 80200
1758587498048 11.86206661149709 80300
1758587499776 11.857035723456187 80400
1758587501404 11.85501225767198 80500
1758587503127 11.855714285146622 80600
1758587504863 11.850203803780934 80700
1758587506556 11.850909337110162 80800
1758587508230 11.854324836744533 80900
1758587509944 11.854522068213875 81000
1758587511578 11.857422930750092 81100
1758587513345 11.860818475935666 81200
1758587515071 11.862010795658255 81300
1758587516958 11.862196764936344 81400
1758587518683 11.862883682798556 81500
1758587520312 11.860132651580345 81600
1758587522052 11.86007429230418 81700
1758587523949 11.860760907870377 81800
1758587526019 11.858268594840817 81900
1758587527926 11.858955489574731 82000
1758587529823 11.85696783334423 82100
1758587531566 11.85424452692318 82200
1758587533452 11.854172220169083 82300
1758587535446 11.854860185846666 82400
1758587537387 11.846542552620807 82500
1758587539360 11.85255047764459 82600
1758587541154 11.850092862259016 82700
1758587542942 11.849558498322569 82800
1758587544684 11.85289318104464 82900
1758587546652 11.8554659966088 83000
1758587548508 11.855392803158537 83100
1758587550605 11.850048321340985 83200
1758587552553 11.847613406466886 83300
1758587554413 11.845184892525683 83400
1758587556363 11.842762754310238 83500
1758587558092 11.840346966745594 83600
1758587559932 11.84365723707902 83700
1758587561998 11.840502963171469 83800
1758587563785 11.832832636146211 83900
1758587565618 11.835659622010878 84000
1758587567285 11.835873718386582 84100
1758587568999 11.836565156472592 84200
1758587570916 11.839377003162905 84300
1758587572730 11.842181550147377 84400
1758587574468 11.840270573435607 84500
1758587576470 11.843067425839859 84600
1758587578286 11.840425072728323 84700
1758587580060 11.840631188625084 84800
1758587581802 11.838256793386918 84900
1758587583516 11.83820750609835 85000
1758587585370 11.843562360053447 85100
1758587587163 11.84350638169306 85200
1758587588957 11.841140485412653 85300
1758587590863 11.838524309450833 85400
1758587592761 11.84176269684192 85500
1758587594839 11.83659420234468 85600
1758587596505 11.834717253747495 85700
1758587598331 11.832376456026461 85800
1758587600419 11.833524561745971 85900
1758587602592 11.833736524361523 86000
1758587604499 11.836958364580946 86100
1758587606155 11.840173654680482 86200
1758587607868 11.8433824146148 86300
1758587609718 11.841045469363007 86400
1758587611546 11.838714441926488 86500
1758587613398 11.834071169028004 86600
1758587615687 11.834280780992344 86700
1758587617699 11.834952885201337 86800
1758587620052 11.832640113730198 86900
1758587622385 11.832137762690083 87000
1758587624427 11.827529125262181 87100
1758587626406 11.835279590951204 87200
1758587628448 11.837994314313443 87300
1758587630473 11.838197227246416 87400
1758587632370 11.841362194986912 87500
1758587634376 11.849058568149887 87600
1758587636246 11.849246962348403 87700
1758587637978 11.849434886853079 87800
1758587639666 11.846655045936545 87900
1758587641577 11.847764783399144 88000
1758587643395 11.847953942465498 88100
1758587645098 11.84268222002511 88200
1758587646974 11.845813703069963 88300
1758587649062 11.846004622209302 88400
1758587651216 11.845968339795851 88500
1758587653282 11.840723813684443 88600
1758587655938 11.838226827315099 88700
1758587658114 11.83573599418964 88800
1758587659790 11.830769545759674 88900
1758587661895 11.825589969944696 89000
1758587663958 11.831164046595045 89100
1758587665653 11.82936702594088 89200
1758587667382 11.834476843355802 89300
1758587669282 11.83443465436491 89400
1758587671253 11.837530561793404 89500
1758587673165 11.835286934733828 89600
1758587675080 11.83012195066708 89700
1758587677036 11.833211500422763 89800
1758587679015 11.833414455520813 89900
1758587680781 11.82006885323171 90000
1758587682718 11.820287216273906 90100
1758587684457 11.814751978759562 90200
1758587686203 11.810351089025525 90300
1758587687969 11.812756952279424 90400
1758587689884 11.812741545332226 90500
1758587691901 11.813621368812186 90600
1758587693698 11.8155981355272 90700
1758587695540 11.816257323453492 90800
1758587697266 11.81647827424299 90900
1758587699051 11.814732499832376 91000
1758587700916 11.812990077845019 91100
1758587702739 11.813214256605693 91200
1758587704587 11.816267464503557 91300
1758587706467 11.819314827543037 91400
1758587708301 11.826700923590428 91500
1758587710133 11.82165592368163 91600
1758587711938 11.816209772971588 91700
1758587713703 11.814241485500313 91800
1758587715520 11.814462416178833 91900
1758587717272 11.814682821956715 92000
1758587719127 11.809939091345344 92100
1758587721014 11.807794105458468 92200
1758587723026 11.808449758685597 92300
1758587724835 11.806501852597416 92400
1758587726561 11.80952099525627 92500
1758587728285 11.804807994391583 92600
1758587730095 11.802680184919298 92700
1758587732358 11.805267702365224 92800
1758587734476 11.80314435762003 92900
1758587736454 11.798460995666403 93000
1758587738811 11.801467135576575 93100
1758587741120 11.798933426525132 93200
1758587743428 11.796593303103771 93300
1758587745802 11.79192001813756 93400
1758587748273 11.792581775129955 93500
1758587750525 11.789605692383624 93600
1758587752686 11.790685473899792 93700
1758587754997 11.795586864824456 93800
1758587757026 11.793683107853933 93900
1758587759091 11.796246803987035 94000
1758587761161 11.792024610530813 94100
1758587763127 11.7922657693776 94200
1758587765060 11.79292168618077 94300
1758587766851 11.793576388323197 94400
1758587768846 11.793603082282006 94500
1758587770676 11.79425579368669 94600
1758587772565 11.78964774593209 94700
1758587774595 11.794913169863918 94800
1758587776472 11.797451837639805 94900
1758587778639 11.795797867694887 95000
1758587780589 11.798743583284228 95100
1758587782700 11.79938767643391 95200
1758587784638 11.804204892401302 95300
1758587786658 11.801680029981599 95400
1758587788693 11.796910754575881 95500
1758587790741 11.794857142284938 95600
1758587792642 11.795091323629363 95700
1758587794755 11.795734488480065 95800
1758587796843 11.798245613464708 95900
1758587799099 11.80116093728582 96000
1758587801050 11.803660754319374 96100
1758587803095 11.803656597205679 96200
1758587805163 11.802019513840845 96300
1758587807394 11.802017225180554 96400
1758587809460 11.804505319786417 96500
1758587811629 11.811920379438273 96600
1758587813613 11.804902846248668 96700
1758587815874 11.800383660008261 96800
1758587818011 11.798128944431156 96900
1758587820038 11.800607970613962 97000
1758587822092 11.800832208163879 97100
1758587824682 11.796741572471147 97200
1758587826731 11.794903457004176 97300
1758587828597 11.797376092733035 97400
1758587830498 11.797155017360351 97500
1758587832539 11.797784242949106 97600
1758587834643 11.798010283366109 97700
1758587837531 11.793564834928555 97800
1758587839713 11.7945956998014 97900
1758587841865 11.79237256594072 98000
1758587843652 11.79017293790326 98100
1758587845585 11.794854685080857 98200
1758587847471 11.795082573677746 98300
1758587849370 11.795486495920873 98400
1758587851225 11.795713229295684 98500
1758587853570 11.802583978764902 98600
1758587855286 11.805414176615077 98700
1758587857105 11.803817524679092 98800
1758587858890 11.804034157271099 98900
1758587860608 11.802441894113754 99000
1758587862328 11.798427395088963 99100
1758587864138 11.798649342462792 99200
1758587865919 11.797066372744451 99300
1758587867850 11.797069596510667 99400
1758587869696 11.795491142758792 99500
1758587871517 11.79110916080797 99600
1758587873369 11.793529067511729 99700
1758587875160 11.798132340582958 99800
1758587877190 11.796952463719059 99900
1758587879393 11.797174276627384 100000
1758587881271 11.799578058516703 100100
1758587883247 11.79979652586081 100200
1758587885197 11.797836817100073 100300
1758587886956 11.798447925179186 100400
1758587888746 11.793921610682562 100500
1758587890612 11.79197423594235 100600
1758587892524 11.794757772397064 100700
1758587894348 11.794781509006269 100800
1758587896196 11.790863822770598 100900
1758587898068 11.789314297507548 101000
1758587899901 11.79208990650041 101100
1758587901772 11.792701359831007 101200
1758587903871 11.791154260491348 101300
1758587905689 11.784482758055473 101400
1758587907426 11.789020451534423 101500
1758587909304 11.791783178614196 101600
1758587911144 11.794541155679646 101700
1758587913158 11.792418061548059 101800
1758587915211 11.793025167458357 101900
1758587917180 11.795774395776009 102000
1758587919005 11.793468178658147 102100
1758587920814 11.79347516157598 102200
1758587922665 11.787260556292315 102300
1758587924467 11.787869085166346 102400
1758587926328 11.788095237527575 102500
1758587928189 11.790450833653743 102600
1758587929995 11.79280141787326 102700
1758587931765 11.793021607652355 102800
1758587933732 11.797869327671338 102900
1758587935557 11.802326403055648 103000
1758587937364 11.8023239381234 103100
1758587939133 11.800222268695553 103200
1758587940906 11.804451257626939 103300
1758587942633 11.797898182787874 103400
1758587944359 11.798111415344543 103500
1758587946084 11.793915120284835 103600
1758587947854 11.79661611849858 103700
1758587949696 11.795103815368531 103800
1758587951413 11.797421343416282 103900
1758587953319 11.8001120207165 104000
1758587955084 11.80069954472849 104100
1758587956816 11.798602375394394 104200
1758587958864 11.799190056688575 104300
1758587960771 11.799190904086892 104400
1758587962528 11.80165865160595 104500
1758587964296 11.801865774985643 104600
1758587966014 11.806622147460613 104700
1758587967844 11.808717253271778 104800
1758587969623 11.807210302842059 104900
1758587971367 11.80778702683553 105000
1758587973120 11.80076907030933 105100
1758587974913 11.79661544793567 105200
1758587976726 11.801348547149 105300
1758587978595 11.805492227411023 105400
1758587980553 11.805860426021574 105500
1758587982510 11.804365817764987 105600
1758587984359 11.804361305758203 105700
1758587986298 11.807001238591116 105800
1758587988208 11.80455858029253 105900
1758587990156 11.803070898033427 106000
1758587992052 11.80102601000034 106100
1758587994005 11.798985327824994 106200
1758587995939 11.797137181813255 106300
1758587998451 11.797345374360656 106400
1758588000346 11.797921793249614 106500
1758588002320 11.800177558673452 106600
1758588004302 11.798130713034203 106700
1758588006119 11.800749829015361 106800
1758588007967 11.803364663646326 106900
1758588009851 11.80356535290572 107000
1758588011664 11.80413352312566 107100
1758588013562 11.804129312120033 107200
1758588015518 11.800054277200308 107300
1758588017495 11.79822420981804 107400
1758588019392 11.798794527404533 107500
1758588021244 11.796766118101303 107600
1758588023185 11.797336577547174 107700
1758588025278 11.793084818453224 107800
1758588027207 11.793657219409942 107900
1758588029218 11.7958881018979 108000
1758588031347 11.793670033108105 108100
1758588033330 11.793878236909206 108200
1758588035821 11.79408602094458 108300
1758588038258 11.785289971244177 108400
1758588040894 11.781298195637104 108500
1758588043384 11.78187604633408 108600
1758588045739 11.78209504628756 108700
1758588047964 11.773721162916544 108800
1758588049957 11.774303467055317 108900
1758588052040 11.772882034275781 109000
1758588054201 11.771108442804918 109100
1758588056298 11.773335997829099 109200
1758588058985 11.769385649052005 109300
1758588061304 11.76542655704218 109400
1758588063717 11.765461006467206 109500
1758588065814 11.764406160217575 109600
1758588067818 11.760128638107401 109700
1758588070054 11.758197535190654 109800
1758588072020 11.7546333062734 109900
1758588074303 11.75686041071074 110000
1758588076672 11.755269242892535 110100
1758588079334 11.75551155057284 110200
1758588082527 11.755902914600878 110300
1758588085103 11.756144164932365 110400
1758588087329 11.753701875028582 110500
1758588089611 11.745135738578828 110600
1758588091817 11.74715983655107 110700
1758588094208 11.75134487902642 110800
1758588096549 11.749967223271039 110900
1758588098774 11.750556755813172 111000
1758588101027 11.74883850222482 111100
1758588103200 11.753007124991809 111200
1758588105462 11.761431183682781 111300
1758588107766 11.765580135147461 111400
1758588110097 11.769720972097248 111500
1758588112610 11.768158425570979 111600
1758588114881 11.764301053682187 111700
1758588117287 11.762385409978577 111800
1758588119450 11.762616912891692 111900
1758588121692 11.758776198223405 112000
1758588123913 11.755268105480184 112100
1758588126112 11.755847100150365 112200
1758588128431 11.758173107452636 112300
1758588130705 11.75680833112238 112400
1758588132946 11.756866355871868 112500
1758588135181 11.757101813594247 112600
1758588137426 11.761206784749824 112700
1758588139705 11.76124428060837 112800
1758588141906 11.761281704053127 112900
1758588144208 11.761851922730045 113000
1758588146632 11.759960798840774 113100
1758588148989 11.756163327600262 113200
1758588151489 11.754473734250636 113300
1758588153626 11.75100942066921 113400
1758588155543 11.74721475161363 113500
1758588157632 11.747457301266659 113600
1758588160029 11.751358000424467 113700
1758588162356 11.753511459531511 113800
1758588164713 11.75757430735056 113900
1758588167046 11.761629388303197 114000
1758588169265 11.759947160086712 114100
1758588171483 11.760512085918707 114200
1758588173702 11.760740387076076 114300
1758588176066 11.7609682533741 114400
1758588178119 11.76533752002551 114500
1758588179894 11.767798275050213 114600
1758588181694 11.764028753603272 114700
1758588183489 11.76268906971977 114800
1758588185275 11.76291413699052 114900
1758588187039 11.764509914780982 115000
1758588188976 11.760773549787524 115100
1758588190770 11.759108673133035 115200
1758588192564 11.757779036947749 115300
1758588194339 11.759706751657069 115400
1758588196293 11.753582877020735 115500
1758588198236 11.750204132307221 115600
1758588200106 11.749215316413261 115700
1758588202256 11.755095640668753 115800
1758588204413 11.759415929715063 115900
1758588206512 11.75738792827844 116000
1758588208560 11.763245136077016 116100
1758588210446 11.76516997815296 116200
1758588212372 11.763659921968506 116300
1758588214260 11.76388108992474 116400
1758588216200 11.76187359700474 116500
1758588218013 11.762096020321566 116600
1758588220047 11.760280576725423 116700
1758588222119 11.76083240024148 116800
1758588224109 11.764266641224816 116900
1758588226251 11.764814469488982 117000
1758588228418 11.766722459253911 117100
1758588230529 11.766939179377236 117200
1758588233214 11.769340264279295 117300
1758588235473 11.771409138083524 117400
1758588237496 11.76807228854898 117500
1758588239719 11.770138888281805 117600
1758588242128 11.767804290921521 117700
1758588244374 11.76986693711361 117800
1758588246433 11.770406278249629 117900
1758588248490 11.770944823163267 118000
1758588250394 11.769127949248109 118100
1758588252355 11.773024497462101 118200
1758588254631 11.77323334499848 118300
1758588256970 11.777118955087653 118400
1758588258946 11.773282512256015 118500
1758588261158 11.771471829091897 118600
1758588263481 11.773840087423757 118700
1758588265574 11.773864052165948 118800
1758588267665 11.78106698329461 118900
1758588269914 11.779581199107854 119000
1758588272213 11.781935306418447 119100
1758588274499 11.77799075028025 119200
1758588276821 11.778193202632721 119300
1758588278995 11.77441690901278 119400
1758588280836 11.778081193639567 119500
1758588282661 11.776605420531588 119600
1758588284603 11.7804434744933 119700
1758588286744 11.778463772773224 119800
1758588288826 11.778987478980609 119900
1758588290728 11.782813632462316 120000
1758588292602 11.77920666485458 120100
1758588294481 11.773936650979573 120200
1758588296325 11.775949366485015 120300
1758588298358 11.780086735934612 120400
1758588300333 11.774217809257955 120500
1758588302141 11.772937709828476 120600
1758588304207 11.771340180805383 120700
1758588306344 11.771380986064555 120800
1758588308769 11.771905361029603 120900
1758588310605 11.77194559229121 121000
1758588312647 11.775742336551005 121100
1758588314599 11.777877482038047 121200
1758588316594 11.778076623617716 121300
1758588318685 11.78364982621211 121400
1758588320755 11.778130779171194 121500
1758588323148 11.780117429046758 121600
1758588325265 11.782100529431743 121700
1758588327215 11.780827827750306 121800
1758588329155 11.782807110815103 121900
1758588331102 11.786565079884062 122000
1758588333316 11.786577041173338 122100
1758588335355 11.783348160716987 122200
1758588337220 11.781762962351905 122300
1758588339150 11.781779158655322 122400
1758588341036 11.780020703323773 122500
1758588343072 11.77875805341895 122600
1758588345345 11.77877687158566 122700
1758588347645 11.77526995867285 122800
1758588349831 11.773836900149112 122900
1758588351871 11.774036761495745 123000
1758588353929 11.772783468128388 123100
1758588356061 11.771531944324556 123200
1758588358251 11.770282186339141 123300
1758588360400 11.766622613190554 123400
1758588362291 11.763130867932464 123500
1758588364186 11.76364942467565 123600
1758588366101 11.76223335616322 123700
1758588368180 11.764198722967924 123800
1758588370340 11.762960036836299 123900
1758588372533 11.763167893696316 124000
1758588374680 11.765436966326043 124100
1758588376637 11.763891320234004 124200
1758588378513 11.761998483179916 124300
1758588380333 11.758550369370715 124400
1758588382236 11.75876120558328 124500
1758588384298 11.762461466265897 124600
1758588386243 11.764252091437122 124700
1758588388100 11.76619926780758 124800
1758588390146 11.76305482967508 124900
1758588392593 11.765307009303067 125000
1758588395077 11.763454407909325 125100
1758588397532 11.767132603422514 125200
1758588399986 11.76351781108783 125300
1758588402572 11.765282832919095 125400
1758588405214 11.763448772832945 125500
1758588407865 11.765688988252338 125600
1758588409865 11.77107826125696 125700
1758588411856 11.773003396633314 125800
1758588413794 11.773505379442474 125900
1758588415643 11.773700700777898 126000
1758588417646 11.777342178719671 126100
1758588419523 11.77563992133441 126200
1758588421594 11.77738115656464 126300
1758588423590 11.777572475611938 126400
1758588425444 11.778068818809732 126500
1758588427289 11.774655339473187 126600
1758588429221 11.7734379459973 126700
1758588431154 11.77003369827112 126800
1758588433025 11.769124278662487 126900
1758588435165 11.76962462144622 127000
1758588437374 11.766230619546898 127100
1758588439928 11.760491401282927 127200
1758588441933 11.764410492166313 127300
1758588443789 11.76661833215801 127400
1758588445985 11.764771887354739 127500
1758588448205 11.766504881319866 127600
1758588450410 11.770407873231834 127700
1758588452261 11.767032250146277 127800
1758588454555 11.765831208684835 127900
1758588456792 11.769726042300944 128000
1758588458831 11.768055083663091 128100
1758588461216 11.768551485776579 128200
1758588463358 11.769047215030541 128300
1758588465464 11.769242705791477 128400
1758588468204 11.76973721250385 128500
1758588470847 11.768072458267454 128600
1758588472904 11.7645667955453 128700
1758588474936 11.763077960921992 128800
1758588476911 11.760033726209734 128900
1758588478786 11.758550968226407 129000
1758588480682 11.760437709835644 129100
1758588482643 11.76430013398784 129200
1758588484587 11.760968229353457 129300
1758588486499 11.761168961441673 129400
1758588488547 11.761061698783463 129500
1758588490541 11.761557381024762 129600
1758588492663 11.758084784913558 129700
1758588494710 11.756613091639732 129800
1758588496587 11.758489460750104 129900
1758588498489 11.760362693692816 130000
1758588500473 11.757055777615918 130100
1758588502652 11.76044273814076 130200
1758588504590 11.762309658165652 130300
1758588506763 11.758842800212824 130400
1758588508714 11.757379049546868 130500
1758588510544 11.755765285712796 130600
1758588512436 11.755968205880865 130700
1758588514307 11.75283681992992 130800
1758588516327 11.753041866536913 130900
1758588518361 11.749613173562905 131000
1758588520411 11.746355805241826 131100
1758588522510 11.745033934157409 131200
1758588524663 11.74462543347857 131300
1758588526771 11.748430010947763 131400
1758588529095 11.74682133359394 131500
1758588531424 11.745229059488265 131600
1758588533404 11.745439058614965 131700
1758588535430 11.748792070972137 131800
1758588537354 11.752290431677393 131900
1758588539237 11.754427082709183 132000
1758588541250 11.752821144268173 132100
1758588543173 11.74987682643871 132200
1758588545265 11.755004922248983 132300
1758588547460 11.757133485763415 132400
1758588549808 11.75554372103863 132500
1758588551851 11.757668794743536 132600
1758588553876 11.759339549983437 132700
1758588556013 11.761459013979524 132800
1758588558897 11.76030773357823 132900
1758588560928 11.757074829305921 133000
1758588563060 11.753860793280952 133100
1758588565362 11.755691387581455 133200
1758588567585 11.754112377219169 133300
1758588569902 11.754312448515167 133400
1758588572065 11.756138210752146 133500
1758588574024 11.754834253514089 133600
1758588575969 11.758566092258151 133700
1758588577898 11.755205797410216 133800
1758588579839 11.753782965213873 133900
1758588581756 11.758842269470138 134000
1758588583752 11.755489909801332 134100
1758588585743 11.750512156356564 134200
1758588587846 11.752613005132153 134300
1758588589815 11.754266256904494 134400
1758588591859 11.756078209254902 134500
1758588594152 11.755228493992359 134600
1758588596164 11.75703733485135 134700
1758588598181 11.760737101425773 134800
1758588600143 11.76121304728032 134900
1758588602129 11.766229762424032 135000
1758588604183 11.763326368169821 135100
1758588606416 11.759996787548754 135200
1758588608678 11.758866954913511 135300
1758588610871 11.75889993522548 135400
1758588613162 11.755741600605601 135500
1758588615468 11.75417600534415 135600
1758588617402 11.75129333270073 135700
1758588619281 11.754689581035901 135800
1758588621165 11.753128327376926 135900
1758588623096 11.755201680935434 136000
1758588625254 11.752047109487886 136100
1758588627296 11.748738178096838 136200
1758588629411 11.745434516543966 136300
1758588631605 11.747228410149516 136400
1758588633887 11.750609529238282 136500
1758588636429 11.749073190767877 136600
1758588638474 11.747539291317112 136700
1758588640509 11.746284837271133 136800
1758588642437 11.746762855449493 136900
1758588644454 11.745655732739653 137000
1758588646451 11.747440362463577 137100
1758588648427 11.747916666031639 137200
1758588650701 11.744650855752319 137300
1758588653098 11.744694575455517 137400
1758588655550 11.746474611307564 137500
1758588657860 11.743637271278343 137600
1758588660285 11.743839322609302 137700
1758588662582 11.744315794365694 137800
1758588664938 11.744085090121722 137900
1758588667236 11.737524243219598 138000
1758588669594 11.7377304623874 138100
1758588671971 11.73977962666982 138200
1758588674334 11.741552904853824 138300
1758588676679 11.740460508488853 138400
1758588679138 11.740663845602228 138500
1758588681393 11.741412163294193 138600
1758588683518 11.74345228715502 138700
1758588685512 11.743652903133158 138800
1758588687518 11.74439841529364 138900
1758588689469 11.749284077262327 139000
1758588691479 11.751313871781676 139100
1758588693912 11.749519130167409 139200
1758588696335 11.75025980711355 139300
1758588698752 11.747196261050917 139400
1758588700809 11.747392995478114 139500
1758588702890 11.74941670492252 139600
1758588704941 11.749611438599143 139700
1758588706969 11.751216544379616 139800
1758588709039 11.754358058544437 139900
1758588711112 11.753269747093727 140000
1758588713719 11.753460921937137 140100
1758588716315 11.752646116676015 140200
1758588718291 11.757480781498273 140300
1758588720379 11.757513660572277 140400
1758588722532 11.759104723006308 140500
1758588724581 11.762651222019121 140600
1758588727078 11.762834361508304 140700
1758588729266 11.763289121309965 140800
1758588731748 11.76023526931327 140900
1758588733924 11.762231120063733 141000
1758588736234 11.762414075496125 141100
1758588738379 11.765672253202187 141200
1758588740659 11.770461994863831 141300
1758588742713 11.770910114031606 141400
1758588745161 11.76925732635987 141500
1758588747642 11.768018708156307 141600
1758588749723 11.766523648360518 141700
1758588751724 11.768775207413194 141800
1758588753761 11.772013059259374 141900
1758588755786 11.772187387857585 142000
1758588757880 11.770833332701825 142100
1758588760009 11.772535246480492 142200
1758588762233 11.77172364609291 142300
1758588764281 11.77037262912929 142400
1758588766459 11.775119373544765 142500
1758588768459 11.77513831722259 142600
1758588770675 11.775427382316352 142700
1758588772791 11.776138322056699 142800
1758588774982 11.776578493341555 142900
1758588776970 11.778537424673464 143000
1758588778933 11.780493976495709 143100
1758588780987 11.780930702458383 143200
1758588783028 11.779968652995715 143300
1758588785558 11.781651004728818 143400
1758588788129 11.78181634547944 143500
1758588790683 11.780586246284356 143600
1758588793353 11.779239765456857 143700
1758588795961 11.778025493124881 143800
1758588798552 11.776951157479488 143900
1758588801095 11.781647798115353 144000
1758588803613 11.780304172324918 144100
1758588805811 11.779230729953905 144200
1758588807765 11.785422000679953 144300
1758588809730 11.787357618924313 144400
1758588811670 11.786282031369671 144500
1758588813872 11.782867377501008 144600
1758588816768 11.783298281885866 144700
1758588818763 11.780308715477966 144800
1758588820720 11.779507376221186 144900
1758588822630 11.780206458085514 145000
1758588824829 11.781719865504902 145100
1758588826904 11.777116401488641 145200
1758588828886 11.773854056928716 145300
1758588830907 11.777013555989026 145400
1758588832952 11.778940027264586 145500
1758588835180 11.778955750702494 145600
1758588837429 11.777491792863037 145700
1758588839691 11.777657670458934 145800
1758588842159 11.776862890576464 145900
1758588844795 11.775667758278454 146000
1758588847348 11.775549436284418 146100
1758588849462 11.778690758833283 146200
1758588851856 11.780605924850624 146300
1758588854668 11.777662259870558 146400
1758588857429 11.781059818273485 146500
1758588860209 11.785936803991762 146600
1758588863055 11.786095463342495 146700
1758588865778 11.784888888253105 146800
1758588868578 11.783432025021751 146900
1758588871406 11.786815110078699 147000
1758588874109 11.78697269796303 147100
1758588876741 11.78739410889804 147200
1758588879446 11.786202992075516 147300
1758588882162 11.789311887610358 147400
1758588884744 11.789731110800087 147500
1758588887420 11.791623679047222 147600
1758588889862 11.78869661202487 147700
1758588892535 11.785638949562294 147800
1758588895104 11.786059223749932 147900
1758588897747 11.787686164355643 148000
1758588900417 11.786635819958253 148100
1758588903070 11.791195752572404 148200
1758588905787 11.794282291328217 148300
1758588908494 11.796161926454968 148400
1758588911306 11.79484644240161 148500
1758588913802 11.795522205311244 148600
1758588916332 11.796988538738228 148700
1758588918951 11.795791294381605 148800
1758588921316 11.794741584433114 148900
1758588923554 11.795415813946216 149000
1758588925841 11.798746957996466 149100
1758588928196 11.798893750879035 149200
1758588930436 11.799156824941798 149300
1758588932592 11.79904102873646 149400
1758588934707 11.800905031631357 149500
1758588937442 11.805939560866674 149600
1758588939712 11.805935242442313 149700
1758588941887 11.807646659246592 149800
1758588944051 11.809356087476512 149900
1758588946133 11.809361392683492 150000
1758588948425 11.806715984274623 150100
1758588950646 11.805668309015548 150200
1758588952738 11.804883349599951 150300
1758588954944 11.805141201388741 150400
1758588957295 11.80699088082056 150500
1758588959475 11.807130459298417 150600
1758588961599 11.811867591151959 150700
1758588963702 11.806975735931434 150800
1758588965763 11.805932447400297 150900
1758588967820 11.80607240669108 151000
1758588969882 11.80621216425328 151100
1758588971992 11.805171419704589 151200
1758588974546 11.805571551337353 151300
1758588976616 11.804400478978808 151400
1758588978654 11.8087107590083 151500
1758588980719 11.810284961049241 151600
1758588982823 11.808841827552436 151700
1758588984911 11.809238531913147 151800
1758588987140 11.810809195426257 151900
1758588989268 11.809511868305306 152000
1758588991420 11.810166618290278 152100
1758588994050 11.810561598755042 152200
1758588996673 11.810565965128907 152300
1758588999276 11.811219139579094 152400
1758589001855 11.809925226777567 152500
1758589004433 11.810319386293902 152600
1758589006984 11.810713095792234 152700
1758589009583 11.81253268609559 152800
1758589012208 11.809931099389335 152900
1758589014897 11.808769054784108 153000
1758589017513 11.809162750324598 153100
1758589019807 11.804745303860223 153200
1758589022028 11.806305985430066 153300
1758589024134 11.803317703257978 153400
1758589026188 11.800743159449462 153500
1758589028256 11.79750756652144 153600
1758589030336 11.796091497071192 153700
1758589032417 11.795073448893739 153800
1758589034605 11.792115075354939 153900
1758589036775 11.796365736827024 154000
1758589038981 11.797017915439403 154100
1758589041305 11.797415417324935 154200
1758589043606 11.797812469928875 154300
1758589045891 11.797955197254918 154400
1758589048187 11.79835144097031 154500
1758589050393 11.798747237647241 154600
1758589052672 11.798889044836045 154700
1758589054939 11.798889827088662 154800
1758589057196 11.799408783146122 154900
1758589059419 11.798396172688527 155000
1758589061631 11.794050798366865 155100
1758589063885 11.792650088337105 155200
1758589066104 11.793047364333546 155300
1758589068296 11.796250817960077 155400
1758589070498 11.794851118887044 155500
1758589072705 11.795498083653422 155600
1758589074942 11.799843581563737 155700
1758589077147 11.800235661316465 155800
1758589079254 11.802026490665106 155900
1758589081408 11.804961315545793 156000
1758589083661 11.805602142387633 156100
1758589086026 11.804593285205128 156200
1758589088359 11.806125534447727 156300
1758589090999 11.810445435734902 156400
1758589093619 11.807510918425358 156500
1758589096214 11.808148715171173 156600
1758589098834 11.808282279140004 156700
1758589101156 11.806757570905381 156800
1758589103715 11.805362439112482 156900
1758589106314 11.803830299026952 157000
1758589108878 11.805856480846803 157100
1758589111506 11.804603284121718 157200
1758589114114 11.80183772474486 157300
1758589116768 11.799075998437132 157400
1758589119405 11.79946437577558 157500
1758589122026 11.798080471861006 157600
1758589124305 11.798468916536235 157700
1758589126724 11.79985252712898 157800
1758589129330 11.800112845383083 157900
1758589131971 11.798870016851335 158000
1758589134550 11.797628903275475 158100
1758589137104 11.799395485041702 158200
1758589139622 11.798513463197873 158300
1758589142244 11.794243926441297 158400
1758589144812 11.791506056628695 158500
1758589147198 11.794647770411508 158600
1758589149857 11.79202190988233 158700
1758589152459 11.790653198936965 158800
1758589155111 11.79303400548919 158900
1758589157481 11.791678100341827 159000
1758589160100 11.79182092352821 159100
1758589162703 11.792700479135194 159200
1758589165317 11.795582191135786 159300
1758589168195 11.795722107500511 159400
1758589170885 11.797475714227833 159500
1758589173624 11.796246923064155 159600
1758589176371 11.794883180119037 159700
1758589179173 11.793521299193232 159800
1758589181889 11.794151766792853 159900
1758589184856 11.792791870607097 160000
1758589187466 11.788582980592162 160100
1758589190136 11.787483539288676 160200
1758589192896 11.78651009692555 160300
1758589195537 11.786898443586633 160400
1758589198216 11.785926378609842 160500
1758589200879 11.784819445686852 160600
1758589203529 11.783849566895553 160700
1758589206126 11.785218118642161 160800
1758589208890 11.78696291206488 160900
1758589211614 11.785993580406586 161000
1758589214359 11.78613859085488 161100
1758589216929 11.785170887433043 161200
1758589219227 11.785557961543002 161300
1758589221787 11.784214916385032 161400
1758589224487 11.782873686889031 161500
1758589227072 11.783261270357812 161600
1758589229645 11.780572058049982 161700
1758589232219 11.782309940879644 161800
1758589234797 11.782697148896434 161900
1758589237231 11.784191489677607 162000
1758589239649 11.784817658571566 162100
1758589242544 11.78654951008863 162200
1758589245371 11.788520212938238 162300
1758589248386 11.791593792804811 162400
1758589251192 11.79087098734779 162500
1758589254103 11.793699322929466 162600
1758589257174 11.797866863002708 162700
1758589260180 11.798243847237337 162800
1758589263078 11.799961988451592 162900
1758589265865 11.79714662312886 163000
1758589269018 11.794709454899929 163100
1758589272030 11.793748046326257 163200
1758589275094 11.794126176136817 163300
1758589277907 11.796939093354489 163400
1758589281404 11.797181371914194 163500
1758589284107 11.800229377594624 163600
1758589286753 11.80060318668779 163700
1758589289516 11.802311353699702 163800
1758589292257 11.80377706574872 163900
1758589295152 11.802815179565146 164000
1758589298038 11.804519208783233 164100
1758589300965 11.804889687297665 164200
1758589303761 11.806350367569625 164300
1758589306524 11.806719428294516 164400
1758589308859 11.808177145011054 164500
1758589311154 11.805382128310065 164600
1758589313778 11.808646482793542 164700
1758589316834 11.810340631973213 164800
1758589320131 11.807559681065202 164900
1758589322791 11.807794272962836 165000
1758589325634 11.806703761954376 165100
1758589328259 11.807651574693093 165200
1758589330848 11.807885683412493 165300
1758589333390 11.808251784611429 165400
1758589336044 11.807295796356282 165500
1758589338668 11.807290978104826 165600
1758589341181 11.805966208451904 165700
1758589343691 11.806332453196784 165800
1758589345989 11.805379746206702 165900
1758589348224 11.805376201769882 166000
1758589350385 11.802501645191787 166100
1758589352555 11.799868420425215 166200
1758589354777 11.799879464634463 166300
1758589356914 11.80024751327968 166400
1758589359031 11.799301632542374 166500
1758589361135 11.802058719945537 166600
1758589363382 11.805048980391641 166700
1758589365678 11.806487915110147 166800
1758589367978 11.812093215639509 166900
1758589370414 11.812453612121164 167000
1758589372815 11.812576351903807 167100
1758589375216 11.810199720285002 167200
1758589377548 11.810323788973534 167300
1758589379952 11.81055359491161 167400
1758589382252 11.808171171719806 167500
1758589384513 11.812448330747756 167600
1758589386814 11.813875118948417 167700
1758589389206 11.812929160607373 167800
1758589391590 11.814826881514213 167900
1758589394691 11.817789066283517 168000
1758589397537 11.819209406646518 168100
1758589400382 11.817765924529539 168200
1758589403472 11.815035100776393 168300
1758589406433 11.815391111638776 168400
1758589409248 11.81667965136632 168500
1758589411975 11.815736534091112 168600
1758589414751 11.817624545299951 168700
1758589417600 11.818214238772146 168800
1758589419960 11.81843810695684 168900
1758589422540 11.821618294269504 169000
1758589425478 11.819260985299856 169100
1758589427912 11.819613425897682 169200
1758589430503 11.817013753522893 169300
1758589432912 11.816308938257757 169400
1758589436064 11.816662358294842 169500
1758589439026 11.815370871987467 169600
1758589441891 11.8144335435393 169700
1758589444681 11.814553232946201 169800
1758589447073 11.809129387881779 169900
1758589449718 11.808429982190587 170000
1758589452543 11.807498282045202 170100
1758589455327 11.807854874072985 170200
1758589457768 11.805509091842376 170300
1758589460375 11.807152348482376 170400
1758589462850 11.803174398549341 170500
1758589465353 11.802247912024717 170600
1758589468058 11.801091141862955 170700
1758589470570 11.801449832577934 170800
1758589473292 11.804604334373787 170900
1758589476539 11.804370113432324 171000
1758589479489 11.803317534918973 171100
1758589482025 11.804723501678497 171200
1758589484396 11.80507932383731 171300
1758589486856 11.804156009605169 171400
1758589489277 11.804511758066516 171500
1758589491695 11.807422073979614 171600
1758589494081 11.806498977925488 171700
1758589496888 11.808001530769834 171800
1758589499642 11.810905611621482 171900
1758589502379 11.812531870871037 172000
1758589505045 11.812882262374162 172100
1758589508701 11.813001400116187 172200
1758589511961 11.814623901630702 172300
1758589515362 11.814845438889762 172400
1758589518390 11.813922440573734 172500
1758589521245 11.81427119012739 172600
1758589524135 11.815889749156918 172700
1758589526871 11.816110193615897 172800
1758589529066 11.817726176260933 172900
1758589531349 11.816687803224589 173000
1758589533824 11.819569442061844 173100
1758589536300 11.820823831824915 173200
1758589538678 11.821167805574309 173300
1758589541226 11.818864421885516 173400
1758589543619 11.820473901054813 173500
1758589546065 11.820817529929121 173600
1758589548158 11.820127216193523 173700
1758589550413 11.818862085760648 173800
1758589552836 11.81817320982866 173900
1758589555103 11.820238545380892 174000
1758589557449 11.817597964389474 174100
1758589559747 11.819432185308251 174200
1758589562071 11.819545950312468 174300
1758589564815 11.819888748322386 174400
1758589567321 11.820231201117792 174500
1758589569679 11.820573309219897 174600
1758589572041 11.818045600613573 174700
1758589574364 11.815749234847273 174800
1758589576858 11.816321188653234 174900
1758589579260 11.81540892286285 175000
1758589581611 11.814154849415637 175100
1758589584032 11.813472151905822 175200
1758589586347 11.815070210004164 175300
1758589588780 11.81666666603925 175400
1758589591196 11.817236627206967 175500
1758589593536 11.817351025913021 175600
1758589595933 11.81894394331747 175700
1758589598336 11.821785892320312 175800
1758589600996 11.822124999374152 175900
1758589603800 11.825190552916807 176000
1758589607155 11.824050948425725 176100
1758589610207 11.824616152164925 176200
1758589612909 11.82482844603783 176300
1758589615511 11.824145671613023 176400
1758589618078 11.82537704038305 176500
1758589620515 11.825713217265879 176600
1758589622956 11.826276462639253 176700
1758589625341 11.829101318769382 176800
1758589627797 11.829435182258424 176900
1758589630371 11.83248352132735 177000
1758589632895 11.834949042380464 177100
1758589635257 11.836521738508473 177200
1758589638035 11.837079348689086 177300
1758589640307 11.834802034875661 177400
1758589642479 11.833767522018759 177500
1758589645002 11.834097953501947 177600
1758589647471 11.834428057379256 177700
1758589649908 11.833405590029317 177800
1758589652211 11.834973793278033 177900
1758589654380 11.832941418517343 178000
1758589656613 11.832261123545731 178100
1758589659192 11.83135484872266 178200
1758589661564 11.830675730731786 178300
1758589664088 11.830780316444736 178400
1758589666497 11.828517923400437 178500
1758589668935 11.831543651150351 178600
1758589671367 11.833333332710689 178700
1758589673896 11.832654990333022 178800
1758589676399 11.834216797537 178900
1758589678873 11.831957449682127 179000
1758589681373 11.832286534682284 179100
1758589683876 11.833846216349107 179200
1758589686684 11.836634677856809 179300
1758589689169 11.838416758285591 179400
1758589691625 11.837738709321384 179500
1758589694121 11.83917014765546 179600
1758589696593 11.839494800002473 179700
1758589698883 11.839819133515853 179800
1758589701130 11.838578087956522 179900
1758589703437 11.837328346607848 180000
1758589705811 11.837653185653629 180100
1758589708052 11.839427905786305 180200
1758589710326 11.838301909271989 180300
1758589712631 11.836056044411846 180400
1758589715371 11.836605503967414 180500
1758589718131 11.83570729856139 180600
1758589720772 11.834687766703361 180700
1758589723496 11.836458587213976 180800
1758589726174 11.835561659943053 180900
1758589728936 11.837330647495863 181000
1758589731723 11.837878232666375 181100
1758589734579 11.840640243284586 181200
1758589737284 11.84240521698569 181300
1758589740062 11.842725721327355 181400
1758589742780 11.845481670312216 181500
1758589745501 11.84580036456891 181600
1758589748241 11.846343391936433 181700
1758589751189 11.847877644725566 181800
1758589754053 11.850851063213812 181900
1758589756882 11.85359703426098 182000
1758589759711 11.856340337050115 182100
1758589762551 11.856652906996917 182200
1758589764953 11.857415947922515 182300
1758589767420 11.861141435581466 182400
1758589769646 11.861676972830557 182500
1758589772008 11.860774450967593 182600
1758589774584 11.861084190785416 182700
1758589776760 11.86282998243323 182800
1758589779109 11.865785013307542 182900
1758589781274 11.870931638830442 183000
1758589783486 11.871235940855437 183100
1758589785702 11.872748699979887 183200
1758589788077 11.87327815308526 183300
1758589790530 11.873686434947892 183400
1758589792720 11.87519618434548 183500
1758589795016 11.876930967286219 183600
1758589797265 11.876025331113825 183700
1758589799719 11.873568414096878 183800
1758589802778 11.873749848768961 183900
1758589805839 11.875255930980803 184000
1758589808712 11.875556758749681 184100
1758589812017 11.87969314018455 184200
1758589815541 11.881420665816625 184300
1758589818675 11.882920523618324 184400
1758589821840 11.88224158592952 184500
1758589824277 11.88156313768276 184600
1758589826549 11.883061125847677 184700
1758589828860 11.883583432765139 184800
1758589831270 11.887252548882255 184900
1758589833495 11.887772846597938 185000
1758589835672 11.888066410325294 185100
1758589837890 11.886069502089107 185200
1758589840235 11.885165887523488 185300
1758589842559 11.885686062611782 185400
1758589845378 11.886205864145255 185500
1758589848284 11.887695896032254 185600
1758589850924 11.886683406462641 185700
1758589853465 11.887427773849023 185800
1758589855806 11.887720555412484 185900
1758589858086 11.886818742176887 186000
1758589860382 11.889499024501262 186100
1758589862844 11.892176748388865 186200
1758589865093 11.892918206876663 186300
1758589867488 11.893207741534168 186400
1758589870034 11.89372268513076 186500
1758589872520 11.894011594978208 186600
1758589874845 11.893560424993696 186700
1758589877328 11.89254960256673 186800
1758589880241 11.894993059079184 186900
1758589883246 11.895506263268379 187000
1758589885659 11.895055488889481 187100
1758589888216 11.897385620305883 187200
1758589890915 11.89908529280993 187300
1758589893177 11.896661917153919 187400
1758589895638 11.895536702442746 187500
1758589898075 11.894518895657907 187600
1758589900383 11.894581406683354 187700
1758589902876 11.896277645519842 187800
1758589905340 11.89526093417663 187900
1758589907638 11.89695552600775 188000
1758589909953 11.898648914578398 188100
1758589912206 11.9003411011697 188200
1758589914624 11.899548643352349 188300
1758589916892 11.901014577799938 188400
1758589919305 11.902479126676212 188500
1758589921506 11.9002814511322 188600
1758589923731 11.899490417682383 188700
1758589926007 11.898593903030969 188800
1758589928304 11.9014606426265 188900
1758589930520 11.901012184927767 189000
1758589932709 11.900962482204 189100
1758589935236 11.899958769562303 189200
1758589937598 11.900123630615141 189300
1758589939813 11.903936682925078 189400
1758589942008 11.906345565139308 189500
1758589944280 11.906624734871196 189600
1758589946726 11.909478198943988 189700
1758589949219 11.910204440701962 189800
1758589951429 11.909531359503687 189900
1758589953700 11.908634655413758 190000
1758589956103 11.90818661910967 190100
1758589958488 11.909637493525857 190200
1758589960981 11.909914399016698 190300
1758589963235 11.909466587903212 190400
1758589965481 11.908795264832344 190500
1758589967783 11.910243644701229 190600
1758589970026 11.91191451929911 190700
1758589972380 11.913584220392648 190800
1758589975316 11.914306611446975 190900
1758589978079 11.912124224448988 191000
1758589981031 11.913792094809915 191100
1758589984111 11.913949274756241 191200
1758589986894 11.914223130235326 191300
1758589990074 11.91332905123942 191400
1758589993221 11.91593720761139 191500
1758589996297 11.913759915400652 191600
1758589999607 11.914256559162029 191700
1758590003271 11.915695301878353 191800
1758590010069 11.918521323096527 191900
1758590014179 11.919015724497891 192000
1758590018193 11.917898718837531 192100
1758590023931 11.917229139394204 192200
1758590027149 11.917723359098929 192300
1758590029651 11.917771188793674 192400
1758590032930 11.919427010090004 192500
1758590035442 11.922243522111582 192600
1758590037843 11.921796956070903 192700
1758590040097 11.921350597470026 192800
1758590042428 11.920342425399234 192900
1758590044728 11.921655643904675 193000
1758590046980 11.920987009373045 193100
1758590049853 11.922637680558191 193200
1758590052117 11.918974506930985 193300
1758590054465 11.916821094293244 193400
1758590056902 11.917911023049873 193500
1758590059324 11.917245235839836 193600
1758590061816 11.918671446695335 193700
1758590064206 11.918940269147729 193800
1758590067008 11.91909328959185 193900
1758590069684 11.915338568130423 194000
1758590072266 11.915608526081188 194100
1758590074776 11.917032036626436 194200
1758590077305 11.918675508816762 194300
1758590080090 11.918233009852552 194400
1758590082421 11.920806438617028 194500
1758590084671 11.923377495557757 194600
1758590087074 11.926389848127313 194700
1758590089362 11.925502724089492 194800
1758590091661 11.92681242747466 194900
1758590093964 11.926147474376485 195000
1758590096744 11.926296423451166 195100
1758590099599 11.923925533757158 195200
1758590102379 11.92419021304328 195300
1758590104760 11.92330654359986 195400
1758590107388 11.925866421247967 195500
1758590109994 11.926350808162761 195600
1758590112514 11.928907234807337 195700
1758590115181 11.928243924203896 195800
1758590117899 11.927034405781678 195900
1758590120603 11.926046795074054 196000
1758590123464 11.927454121710166 196100
1758590125840 11.928860160322815 196200
1758590128124 11.929562697172791 196300
1758590130844 11.931889193116337 196400
1758590133691 11.933291437543616 196500
1758590136546 11.932082904498708 196600
1758590139367 11.930165524508583 196700
1758590142267 11.929064460318903 196800
1758590144692 11.928079978105673 196900
1758590147445 11.927640329267888 197000
1758590150417 11.926981231822277 197100
1758590153398 11.927461926399527 197200
1758590156234 11.92816190090086 197300
1758590159103 11.927503225689895 197400
1758590161839 11.930958612496717 197500
1758590164615 11.93441006915476 197600
1758590167432 11.933970130544536 197700
1758590170211 11.935259906947275 197800
1758590173449 11.937788759523077 197900
1758590176264 11.940315314708394 198000
1758590179118 11.939100744673944 198100
1758590181910 11.936639820930367 198200
1758590184299 11.9366757353273 198300
1758590186756 11.938064210914687 198400
1758590189330 11.938205534185311 198500
1758590192108 11.935872763712426 198600
1758590194566 11.936927253607374 198700
1758590197044 11.93696291210262 198800
1758590199883 11.938015594376266 198900
1758590202823 11.937937654691165 199000
1758590205561 11.940449310751363 199100
1758590208265 11.939573459110312 199200
1758590211014 11.936123016158641 199300
1758590213831 11.935940786887118 199400
1758590216703 11.93495568513548 199500
1758590219534 11.937680669136446 199600
1758590222549 11.939059626394519 199700
1758590225356 11.938981397531785 199800
1758590228308 11.940358373961146 199900
1758590231327 11.939485910663501 200000
1758590234363 11.940643372796597 200100
1758590237267 11.940791689452665 200200
1758590240228 11.939808058657086 200300
1758590243243 11.939947267426902 200400
1758590246250 11.939878148451385 200500
1758590249102 11.940129267864766 200600
1758590252041 11.93925983955741 200700
1758590255152 11.93572948096701 200800
1758590258339 11.93453446670953 200900
1758590261038 11.933668903189751 201000
1758590264062 11.933922181855587 201100
1758590267167 11.935292802248142 201200
1758590270322 11.936662197778862 201300
1758590273211 11.93803037008892 201400
1758590276272 11.935619163913607 201500
1758590278905 11.935552828590598 201600
1758590281871 11.936020365831565 201700
1758590284733 11.933725205533404 201800
1758590287737 11.932863666123499 201900
1758590290778 11.934118235855797 202000
1758590293782 11.93325728849953 202100
1758590296835 11.934621801385624 202200
1758590299962 11.937096952908247 202300
1758590303001 11.938458545727581 202400
1758590306099 11.938923452333826 202500
1758590308962 11.939172681227848 202600
1758590312044 11.93942168880639 202700
1758590315015 11.942783447354866 202800
1758590318119 11.94303060484107 202900
1758590321105 11.944059624787407 203000
1758590324354 11.943087403839234 203100
1758590327402 11.942226773829782 203200
1758590330467 11.94158180146743 203300
1758590333705 11.940397167215043 203400
1758590336712 11.939967923289101 203500
1758590340682 11.937903076591512 203600
1758590343776 11.936935940741543 203700
1758590346859 11.940284219987877 203800
1758590349945 11.939427393218175 203900
1758590353060 11.942985359497928 204000
1758590356278 11.942342341728652 204100
1758590359205 11.943905307429448 204200
1758590362367 11.94152062835707 204300
1758590365347 11.939453196109254 204400
1758590368026 11.94058760857561 204500
1758590370795 11.94104751360305 204600
1758590373783 11.942393735403641 204700
1758590377199 11.943628798095645 204800
1758590380057 11.943873437516071 204900
1758590383259 11.944117861892506 205000
1758590386280 11.944575643792145 205100
1758590389430 11.945917507804534 205200
1758590392458 11.948355647616737 205300
1758590396521 11.948811482291136 205400
1758590399785 11.950363748747938 205500
1758590403629 11.950818623076822 205600
1758590406780 11.95325114094068 205700
1758590409365 11.952395296427177 205800
1758590412032 11.952848955440615 205900
1758590415059 11.951993942763101 206000
1758590417827 11.953541597667545 206100
1758590420767 11.95148383037118 206200
1758590423877 11.951614372043696 206300
1758590426935 11.951854077268463 206400
1758590429837 11.95209357302935 206500
1758590432859 11.956700148606147 206600
1758590435934 11.95605944783712 206700
1758590439054 11.957601381460305 206800
1758590442081 11.958051555528327 206900
1758590446372 11.961558728857796 207000
1758590450164 11.964187102025472 207100
1758590454740 11.963545070939606 207200
1758590457989 11.962589849095748 207300
1758590461414 11.961948829003502 207400
1758590465413 11.96348497979943 207500
1758590469485 11.964145810054099 207600
1758590472915 11.96546660804842 207700
1758590476414 11.963211580357715 207800
1758590479621 11.962571541807284 207900
1758590482778 11.963891302162788 208000
1758590485768 11.965423317158283 208100
1758590490611 11.966954334315092 208200
1758590495355 11.967185690940823 208300
1758590498746 11.969586044220241 208400
1758590502433 11.971113881352123 208500
1758590507684 11.972318557246194 208600
1758590513839 11.973630519738991 208700
1758590518428 11.976238177139987 208800
1758590522475 11.976678935553819 208900
1758590529412 11.9784157731043 209000
1758590534686 11.977237486770946 209100
1758590539216 11.97767744432904 209200
1758590542818 11.98027927867142 209300
1758590546469 11.98071796473691 209400
