1758585933822 210.71610148203968 0
1758585935305 0.6722760408343633 100
1758585936573 0.36294743181816214 200
1758585937867 0.2469587386822462 300
1758585939138 0.18797217639780167 400
1758585940429 0.1512615230729411 500
1758585941781 0.12557121931833962 600
1758585943143 0.1072325297723192 700
1758585944637 0.09243238985817351 800
1758585945973 0.0822693022815445 900
1758585947313 0.07409949972329535 1000
1758585948921 0.06621037334324259 1100
1758585950294 0.060692806063654556 1200
1758585951705 0.05590773647408425 1300
1758585953551 0.05067775864484011 1400
1758585955455 0.046217281687710755 1500
1758585957375 0.04244956648055962 1600
1758585959251 0.03931900850872357 1700
1758585961112 0.0366380327504724 1800
1758585962517 0.034844971841629234 1900
1758585964450 0.032646417599455774 2000
1758585965853 0.031215806461261653 2100
1758585967764 0.029458597249842434 2200
1758585969180 0.028278789834267827 2300
1758585971092 0.026828477353500232 2400
1758585973006 0.025518009066912376 2500
1758585974398 0.02464265192401039 2600
1758585975800 0.023819663889262696 2700
1758585977680 0.0227987460185262 2800
1758585979552 0.021865700778072674 2900
1758585980914 0.021233115163785107 3000
1758585982795 0.02041773448367813 3100
1758585984643 0.019675319217360335 3200
1758585986044 0.01914771192752993 3300
1758585987957 0.018471014209248897 3400
1758585989375 0.017999621331551776 3500
1758585991276 0.017404370589607004 3600
1758585992675 0.016990380301570435 3700
1758585994097 0.0165897347440679 3800
1758585996001 0.01608172062920459 3900
1758585997832 0.01562167914398509 4000
1758585999097 0.015319058656339521 4100
1758586000358 0.015028756842900741 4200
1758586001694 0.01473289110886764 4300
1758586003667 0.014316650599319688 4400
1758586005064 0.01403596272380074 4500
1758586006376 0.013782272006244252 4600
1758586007680 0.013538880476873887 4700
1758586008994 0.01330215876676347 4800
1758586010288 0.013077088247077371 4900
1758586011596 0.012857184533332145 5000
1758586012873 0.012649567542662332 5100
1758586014205 0.012439867321614295 5200
1758586015531 0.012238033376551214 5300
1758586017474 0.011953766399402311 5400
1758586019379 0.011687723171891281 5500
1758586020814 0.011494839893925938 5600
1758586022187 0.011316269750518242 5700
1758586023743 0.011120432112806777 5800
1758586025285 0.01093296010554854 5900
1758586027253 0.010702737862253156 6000
1758586029234 0.010480553365893357 6100
1758586031150 0.01027420228261188 6200
1758586033125 0.010069819944598204 6300
1758586034759 0.009906889780234391 6400
1758586036209 0.00976659610948249 6500
1758586037652 0.009630882381920334 6600
1758586039033 0.009504410898556614 6700
1758586040683 0.009357685451052748 6800
1758586042201 0.009226603484837495 6900
1758586043873 0.009086422140909621 7000
1758586045575 0.008948090546969503 7100
1758586046992 0.008836015491484012 7200
1758586048445 0.008724098966202434 7300
1758586049850 0.00861841742849424 7400
1758586051494 0.008497992166638808 7500
1758586053201 0.008376526937271665 7600
1758586054615 0.008278466594810548 7700
1758586056312 0.008163734250073836 7800
1758586057701 0.00807223187005982 7900
1758586059531 0.00795467651426472 8000
1758586061203 0.007850307088997975 8100
1758586063227 0.007727545264541914 8200
1758586065034 0.007621190694065334 8300
1758586066484 0.007537826123463047 8400
1758586068480 0.007426083915790729 8500
1758586070132 0.007336062320960975 8600
1758586071987 0.0072376160061408635 8700
1758586073761 0.007145870199520554 8800
1758586075877 0.00703945689112074 8900
1758586077719 0.006949318714829152 9000
1758586079713 0.006854371491813843 9100
1758586081712 0.006761663539688426 9200
1758586083671 0.006673298751158952 9300
1758586085302 0.006601448100383064 9400
1758586087023 0.006527316434515274 9500
1758586088844 0.006450615966490418 9600
1758586090391 0.006386907405067155 9700
1758586091943 0.006324164213673678 9800
1758586093513 0.006262019399016792 9900
1758586095410 0.0061884775886179135 10000
1758586097205 0.0061205263231440795 10100
1758586098969 0.006055141796428943 10200
1758586100860 0.005986592586016583 10300
1758586103315 0.005899978347495388 10400
1758586105653 0.005819638875261613 10500
1758586108001 0.005741151259728496 10600
1758586110157 0.005670958988441955 10700
1758586111528 0.005627208605661803 10800
1758586113109 0.005577574288140835 10900
1758586114812 0.005525108502519493 11000
1758586116213 0.005482673569367415 11100
1758586117674 0.005439102538536818 11200
1758586119695 0.005379947084013036 11300
1758586121058 0.005340794895761995 11400
1758586122539 0.005298880871438945 11500
1758586123962 0.005259239370262993 11600
1758586125653 0.005212858982219555 11700
1758586127124 0.005173216107461179 11800
1758586128824 0.005128105116618334 11900
1758586130367 0.005087845407048588 12000
1758586132075 0.005044008368839264 12100
1758586133667 0.005003831901061834 12200
1758586135177 0.0049663010632441055 12300
1758586136889 0.004924437980192857 12400
1758586138626 0.004882674625633302 12500
1758586140565 0.004836883839053564 12600
1758586142450 0.004793192450430251 12700
1758586143964 0.004758636001661131 12800
1758586145819 0.004717030371670351 12900
1758586147797 0.004673397696687116 13000
1758586149380 0.004639090259860412 13100
1758586151157 0.004601156617535039 13200
1758586152638 0.004570003827269684 13300
1758586154064 0.00454041708389821 13400
1758586155764 0.004505652214085087 13500
1758586157550 0.004469700554592196 13600
1758586159441 0.004432213698727656 13700
1758586161184 0.004398235890794802 13800
1758586162656 0.0043699419432777905 13900
1758586164358 0.004337683225793906 14000
1758586165828 0.004310221621893179 14100
1758586167801 0.004273865106049035 14200
1758586169615 0.004240978028560609 14300
1758586171248 0.0042118149195669585 14400
1758586172746 0.004185404244308391 14500
1758586174633 0.004152715381841221 14600
1758586176995 0.004112279990399296 14700
1758586178580 0.004085639118436791 14800
1758586180036 0.004061478012009552 14900
1758586181461 0.004038120844951224 15000
1758586183299 0.004008369143391029 15100
1758586185472 0.003973746941896829 15200
1758586187939 0.003935184164435467 15300
1758586191072 0.0038872975361193968 15400
1758586193883 0.003845301713257633 15500
1758586198191 0.0037826432578134104 15600
1758586200447 0.003750563431236457 15700
1758586202899 0.0037164758160878634 15800
1758586208069 0.003646660523709144 15900
1758586213590 0.0035744959040916323 16000
1758586219088 0.0035055904021330684 16100
1758586223477 0.00345249704032395 16200
1758586228270 0.003396344193916634 16300
1758586233117 0.0033412810572795775 16400
1758586237723 0.0032906369768096865 16500
1758586242405 0.003240634558831374 16600
1758586246393 0.003199407497421662 16700
1758586251028 0.003152572316465928 16800
1758586256454 0.00309956267645849 16900
1758586261841 0.0030487245385614654 17000
1758586267039 0.003001094719860468 17100
1758586270373 0.002971358322832786 17200
1758586274798 0.0029328670525521584 17300
1758586279813 0.002890387484385355 17400
1758586285706 0.0028418611522616597 17500
1758586289162 0.002814260610021106 17600
1758586293112 0.002783281665626864 17700
1758586295557 0.002764470704429714 17800
1758586298155 0.0027447706132802865 17900
1758586300883 0.0027243874608446892 18000
1758586303735 0.0027033408485724756 18100
1758586306239 0.0026851803169621645 18200
1758586308796 0.0026668544647220054 18300
1758586311649 0.00264672675963922 18400
1758586314776 0.0026250250262098264 18500
1758586317896 0.0026036921408174886 18600
1758586320905 0.00258345216849861 18700
1758586323997 0.0025629972237675744 18800
1758586327709 0.0025388215962117208 18900
1758586331685 0.0025134518866267797 19000
1758586335546 0.0024893056550504993 19100
1758586339372 0.002465815129914212 19200
1758586342966 0.0024441340301942865 19300
1758586346575 0.0024227850258791064 19400
1758586350602 0.0023994282891449093 19500
1758586354004 0.0023799384851032517 19600
1758586357451 0.0023605611663627237 19700
1758586361027 0.0023408246608642605 19800
1758586364315 0.0023229276741991768 19900
1758586366867 0.0023092342029294435 20000
1758586369506 0.0022952682788850336 20100
1758586372590 0.0022791123519924684 20200
1758586374981 0.0022667741840327886 20300
1758586377895 0.002251898887376332 20400
1758586380294 0.002239789682053702 20500
1758586383081 0.0022258965120408457 20600
1758586385757 0.0022127139488000605 20700
1758586388624 0.002198765555701033 20800
1758586391384 0.002185510703964728 20900
1758586394229 0.002171999527248905 21000
1758586397323 0.002157514449512686 21100
1758586400164 0.0021443587728410107 21200
1758586403042 0.0021312111788914004 21300
1758586405660 0.0021193752592588385 21400
1758586407830 0.0021096733342281476 21500
1758586410012 0.002100009254741923 21600
1758586412176 0.0020905051823291447 21700
1758586414836 0.002078949503986011 21800
1758586417420 0.002067843064453433 21900
1758586420192 0.002056053847031733 22000
1758586422515 0.0020462768300815565 22100
1758586424391 0.002038449761343751 22200
1758586426619 0.0020292343207162465 22300
1758586428874 0.0020199940654910867 22400
1758586431093 0.002010973436666172 22500
1758586433243 0.002002321661658113 22600
1758586435078 0.001994986399385947 22700
1758586437109 0.001986948689551268 22800
1758586438833 0.0019801521713885026 22900
1758586440637 0.001973107033563165 23000
1758586442334 0.0019665235862671997 23100
1758586444232 0.0019592104086053686 23200
1758586445814 0.001953155514023963 23300
1758586447645 0.0019461976933240373 23400
1758586449141 0.0019405491535394476 23500
1758586450844 0.001934155735986069 23600
1758586452843 0.0019267069929888338 23700
1758586455016 0.0019186767158729566 23800
1758586456880 0.0019118404614738608 23900
1758586458805 0.0019048383583427377 24000
1758586461323 0.001895742057613217 24100
1758586463738 0.0018870970327082937 24200
1758586465989 0.0018791136117318713 24300
1758586467968 0.001872150176254962 24400
1758586469830 0.0018656479841325125 24500
1758586471746 0.0018590006339823024 24600
1758586473346 0.0018534844744640424 24700
1758586474790 0.001848538309842581 24800
1758586476724 0.0018419562258938497 24900
1758586478818 0.0018348786655955776 25000
1758586481057 0.0018273712028545259 25100
1758586483084 0.0018206320469853624 25200
1758586485145 0.0018138247202944121 25300
1758586487286 0.00180680467519532 25400
1758586489356 0.0018000751974334118 25500
1758586491237 0.001793994471273 25600
1758586493044 0.0017882015186836573 25700
1758586494921 0.0017822248862518243 25800
1758586496706 0.001776566279959572 25900
1758586498571 0.00177069950539352 26000
1758586500465 0.0017647849167015308 26100
1758586502319 0.0017590281226025203 26200
1758586504683 0.0017517475952227364 26300
1758586507191 0.0017440830184421606 26400
1758586511336 0.0017316040249554985 26500
1758586515057 0.0017204885519622143 26600
1758586517872 0.001712197172916272 26700
1758586520765 0.0017037628138410377 26800
1758586523459 0.0016959624975065315 26900
1758586525546 0.001689982644459289 27000
1758586527346 0.0016848554220807138 27100
1758586529681 0.0016782611717075756 27200
1758586532581 0.0016701413388581162 27300
1758586534194 0.0016656459255480244 27400
1758586535765 0.0016612876251547453 27500
1758586537693 0.0016559862662374957 27600
1758586539178 0.0016519437759488994 27700
1758586540967 0.0016470529593574203 27800
1758586542528 0.0016428455657704368 27900
1758586544311 0.0016380337733998274 28000
1758586546261 0.0016328175428815199 28100
1758586548060 0.001628044264181503 28200
1758586550215 0.0016223452780989476 28300
1758586552309 0.0016168510220020834 28400
1758586554205 0.001611911551915318 28500
1758586556878 0.0016050027111138244 28600
1758586559101 0.0015992887678356812 28700
1758586561328 0.0015936215235297212 28800
1758586563912 0.0015870831865315265 28900
1758586566339 0.0015809926279454192 29000
1758586568751 0.0015749831591341586 29100
1758586570462 0.0015707476766790417 29200
1758586572019 0.0015669168446784069 29300
1758586573658 0.0015629040161298038 29400
1758586575447 0.00155854495453464 29500
1758586576937 0.0015549344612302517 29600
1758586578510 0.001551140793402245 29700
1758586580044 0.0015474594415244383 29800
1758586581651 0.001543620889873898 29900
1758586583155 0.001540044484489308 30000
1758586584619 0.0015365786753040347 30100
1758586586244 0.0015327518167482426 30200
1758586587807 0.0015290903823303754 30300
1758586589386 0.0015254075748279828 30400
1758586590861 0.0015219814001574848 30500
1758586592393 0.0015184405010344067 30600
1758586593932 0.0015149037114730267 30700
1758586595526 0.0015112536843308565 30800
1758586597101 0.0015076640383611594 30900
1758586598689 0.0015040618882245175 31000
1758586600219 0.0015006097898072187 31100
1758586601786 0.0014970900582904948 31200
1758586603386 0.00149351533781549 31300
1758586605179 0.0014895266071226283 31400
1758586607068 0.001485347256469378 31500
1758586610135 0.0014786118422839836 31600
1758586612360 0.0014737747642277897 31700
1758586614663 0.0014687744762245185 31800
1758586616434 0.0014649670366978771 31900
1758586618940 0.001459607470788622 32000
1758586620994 0.0014552435014216641 32100
1758586623079 0.0014508405544468974 32200
1758586624697 0.001447443804376514 32300
1758586626392 0.0014439020472946187 32400
1758586628897 0.0014386973242896482 32500
1758586631156 0.0014340374161425171 32600
1758586633409 0.0014294179864854522 32700
1758586635419 0.001425324353838114 32800
1758586637388 0.0014213419494959704 32900
1758586638849 0.0014183871397748895 33000
1758586640486 0.0014151028702573006 33100
1758586642077 0.0014119251541259855 33200
1758586643490 0.0014091141820856872 33300
1758586644919 0.001406281012311194 33400
1758586646413 0.0014033333750745123 33500
1758586648559 0.0013991230709383474 33600
1758586650659 0.0013950226917005715 33700
1758586652520 0.0013914124874518262 33800
1758586654677 0.0013872461461124648 33900
1758586656892 0.0013829961922190727 34000
1758586659005 0.001378969658144276 34100
1758586661331 0.00137456015923413 34200
1758586663927 0.001369676794690588 34300
1758586666349 0.001365141669131639 34400
1758586668560 0.0013610436577822453 34500
1758586671144 0.0013562653357928477 34600
1758586673209 0.0013524784797317225 34700
1758586675854 0.001347659167210116 34800
1758586678340 0.0013431609242389904 34900
1758586681198 0.0013380263706718877 35000
1758586683937 0.001333138683765135 35100
1758586686188 0.0013291467459510579 35200
1758586687751 0.0013263896762439136 35300
1758586689299 0.0013236710018373345 35400
1758586690807 0.001321033861651078 35500
1758586692525 0.001318043499051184 35600
1758586694151 0.0013152250774484896 35700
1758586695709 0.0013125363727372905 35800
1758586697476 0.001309497178030965 35900
1758586698926 0.0013070168198501353 36000
1758586700340 0.001304605544564731 36100
1758586702106 0.001301604516207295 36200
1758586703648 0.001298999688440442 36300
1758586705344 0.0012961433262903515 36400
1758586707061 0.0012932665435375394 36500
1758586708680 0.0012905631685555957 36600
1758586710685 0.001287233701867595 36700
1758586712967 0.0012834622655828849 36800
1758586715216 0.0012797737892034137 36900
1758586717324 0.0012763358535258543 37000
1758586719995 0.001272008902199021 37100
1758586723952 0.0012656602020083491 37200
1758586728766 0.0012579766940015186 37300
1758586732113 0.001252683905112108 37400
1758586734900 0.0012483259176853366 37500
1758586737199 0.001244752358702716 37600
1758586740196 0.001240132190378514 37700
1758586742388 0.0012367616250617318 37800
1758586743999 0.0012343034070432122 37900
1758586745619 0.0012318404296310878 38000
1758586747482 0.0012290176435419294 38100
1758586749709 0.0012256665704856015 38200
1758586751708 0.0012226716362705471 38300
1758586753588 0.0012198651592301142 38400
1758586755321 0.0012172903602312814 38500
1758586757049 0.0012147350930446067 38600
1758586758427 0.0012127060167964351 38700
1758586759808 0.0012106771013580425 38800
1758586761260 0.0012085536991972396 38900
1758586762706 0.001206447193230665 39000
1758586764147 0.0012043528394768209 39100
1758586766144 0.0012014628887956288 39200
1758586767826 0.0011990397836252429 39300
1758586769810 0.0011961940645071397 39400
1758586771573 0.0011936776815877374 39500
1758586773158 0.0011914206394860998 39600
1758586774595 0.0011893857497520097 39700
1758586776091 0.0011872735616390402 39800
1758586777618 0.0011851239954513062 39900
1758586779332 0.0011827216999906371 40000
1758586780739 0.0011807568265966664 40100
1758586782232 0.0011786790489865925 40200
1758586783907 0.0011763570476021864 40300
1758586785677 0.0011739150754908776 40400
1758586787553 0.00117133315968121 40500
1758586789799 0.001168268679829822 40600
1758586792354 0.0011647851283158154 40700
1758586794311 0.0011621357155274248 40800
1758586796070 0.0011597656990274766 40900
1758586797895 0.0011573147990037557 41000
1758586799837 0.0011547200118454124 41100
1758586801919 0.0011519532854256424 41200
1758586803842 0.00114940345021692 41300
1758586805333 0.0011474369486384932 41400
1758586806908 0.001145366888866639 41500
1758586808656 0.001143077338460097 41600
1758586810258 0.0011409896708199409 41700
1758586811957 0.0011387819397770046 41800
1758586813684 0.0011365455359955777 41900
1758586815369 0.0011343756306633507 42000
1758586817013 0.0011322616364471472 42100
1758586818474 0.001130390830088599 42200
1758586819989 0.0011284585392743428 42300
1758586821430 0.0011266280977958157 42400
1758586822977 0.00112466748762694 42500
1758586824587 0.0011226365889259989 42600
1758586826371 0.0011203917136790454 42700
1758586828241 0.0011180493028590858 42800
1758586829862 0.001116025743367321 42900
1758586831413 0.0011140980634687997 43000
1758586833162 0.0011119304710674725 43100
1758586834891 0.0011097970850035067 43200
1758586836759 0.001107500389612393 43300
1758586838422 0.0011054651767026732 43400
1758586839950 0.0011036028382342476 43500
1758586841515 0.001101698048895588 43600
1758586843034 0.0010998578402253345 43700
1758586844564 0.0010980110087646842 43800
1758586846109 0.001096150811984981 43900
1758586847709 0.001094232340799421 44000
1758586849150 0.001092510351385051 44100
1758586850595 0.0010907863579437706 44200
1758586852467 0.0010885663021020081 44300
1758586854300 0.001086397924707436 44400
1758586856205 0.0010841534904146302 44500
1758586858152 0.0010818707184961363 44600
1758586860114 0.0010795781640902389 44700
1758586862057 0.0010773193366861863 44800
1758586864092 0.001074962725178296 44900
1758586866114 0.001072632076725318 45000
1758586868530 0.001069860072029386 45100
1758586870479 0.001067632236926081 45200
1758586872392 0.0010654556613773779 45300
1758586874300 0.001063295339332305 45400
1758586876136 0.0010612219030323349 45500
1758586877975 0.0010591555352612316 45600
1758586879814 0.001057095230090525 45700
1758586881359 0.0010553723339877979 45800
1758586883060 0.0010534825491461573 45900
1758586884958 0.001051379157935115 46000
1758586886703 0.0010494530578298406 46100
1758586888284 0.0010477139556253068 46200
1758586889793 0.001046061008865496 46300
1758586891287 0.001044428143189038 46400
1758586892854 0.0010427219294286824 46500
1758586894932 0.0010404679529266213 46600
1758586896461 0.0010388177789713569 46700
1758586897964 0.001037196277357318 46800
1758586899492 0.0010355558634466357 46900
1758586901559 0.0010333430600806383 47000
1758586903257 0.0010315325818289734 47100
1758586904855 0.0010298353131429586 47200
1758586906912 0.0010276582921600768 47300
1758586908824 0.0010256439399676646 47400
1758586910819 0.0010235479596393874 47500
1758586912778 0.0010214998041630412 47600
1758586914828 0.0010193665039004117 47700
1758586916904 0.0010172133048162383 47800
1758586918994 0.001015055370241138 47900
1758586921174 0.00101281513113715 48000
1758586923350 0.0010105873731109018 48100
1758586925437 0.0010084594493225572 48200
1758586927502 0.0010063646936051532 48300
1758586929648 0.0010042019109715494 48400
1758586932181 0.0010016488251607582 48500
1758586934266 0.0009995595350486923 48600
1758586936343 0.0009974892129098972 48700
1758586938591 0.0009952576723073197 48800
1758586940818 0.0009930575463573264 48900
1758586943154 0.0009907585380610744 49000
1758586945288 0.0009886680845229447 49100
1758586947441 0.000986569363724086 49200
1758586949283 0.0009847812941310846 49300
1758586951526 0.0009826075490440307 49400
1758586953353 0.0009808474738637188 49500
1758586954945 0.0009793187105496574 49600
1758586956531 0.0009777993837491877 49700
1758586958032 0.0009763667514110514 49800
1758586959576 0.0009748966069186538 49900
1758586961488 0.0009730843923592602 50000
1758586963365 0.0009713092210315225 50100
1758586964859 0.0009699015408128895 50200
1758586966424 0.0009684318862275622 50300
1758586968095 0.0009668673420823466 50400
1758586970029 0.0009650640444286742 50500
1758586971713 0.0009634963192448467 50600
1758586973201 0.0009621180143717663 50700
1758586974806 0.0009606335460028112 50800
1758586976490 0.000959082906532205 50900
1758586978172 0.000957537670752349 51000
1758586979779 0.0009560674749633406 51100
1758586981386 0.00095460030778708 51200
1758586983024 0.0009531098843530297 51300
1758586984709 0.0009515815007873915 51400
1758586986494 0.0009499675857815688 51500
1758586988107 0.000948515638778868 51600
1758586989699 0.0009470839046583747 51700
1758586991549 0.0009454276463707447 51800
1758586993376 0.0009437977845776867 51900
1758586995086 0.0009422758547233627 52000
1758586996641 0.0009408984987136532 52100
1758586998310 0.0009394229213838898 52200
1758587000074 0.0009378689374862083 52300
1758587001874 0.0009362920785737072 52400
1758587003557 0.0009348152855456082 52500
1758587005413 0.0009331990706270797 52600
1758587007200 0.0009316438900824766 52700
1758587008940 0.0009301348473722909 52800
1758587010575 0.0009287217138157983 52900
1758587012244 0.0009272848853205494 53000
1758587013881 0.0009258822827068412 53100
1758587015721 0.0009243073636278678 53200
1758587017456 0.0009228258811119215 53300
1758587019096 0.0009214300421387441 53400
1758587020767 0.0009200133216433194 53500
1758587022515 0.0009185366889554419 53600
1758587024260 0.0009170675607844494 53700
1758587026329 0.0009153304081006411 53800
1758587027858 0.0009140512640975108 53900
1758587029407 0.0009127576865853004 54000
1758587030967 0.0009114609364035324 54100
1758587032602 0.0009101042003914283 54200
1758587034207 0.0009087785850381106 54300
1758587035792 0.0009074708921822063 54400
1758587037472 0.0009060890936752798 54500
1758587039212 0.0009046622243401681 54600
1758587040882 0.0009032999603817534 54700
1758587042541 0.0009019455017096605 54800
1758587044445 0.000900400764986441 54900
1758587046287 0.0008989102166691446 55000
1758587047886 0.0008976196641495037 55100
1758587050307 0.0008956715366269559 55200
1758587051983 0.0008943300633627757 55300
1758587053763 0.0008929093020589197 55400
1758587055871 0.0008912315014539498 55500
1758587057668 0.0008898075967068993 55600
1758587059621 0.0008882620719700012 55700
1758587061286 0.0008869510511274944 55800
1758587063290 0.0008853785403451412 55900
1758587065092 0.0008839667317499891 56000
1758587066993 0.0008824845942307745 56100
1758587068613 0.0008812238250006817 56200
1758587070729 0.0008795849876919297 56300
1758587072503 0.0008782154164674158 56400
1758587074194 0.0008769114420931207 56500
1758587076012 0.0008755161122168389 56600
1758587077717 0.0008742111742719589 56700
1758587079241 0.0008730470255827528 56800
1758587080767 0.0008718862929732485 56900
1758587082277 0.00087074015753367 57000
1758587083802 0.0008695860763173758 57100
1758587085320 0.0008684376643873825 57200
1758587086865 0.0008672756011635708 57300
1758587088393 0.0008661266459288299 57400
1758587090364 0.00086465277063565 57500
1758587092069 0.000863377793327991 57600
1758587093646 0.0008622052573831741 57700
1758587095360 0.0008609330661870066 57800
1758587097154 0.0008596047172541061 57900
1758587098846 0.0008583571405770978 58000
1758587100565 0.0008570914439076726 58100
1758587102081 0.0008559806906368933 58200
1758587103843 0.0008546922759678129 58300
1758587105644 0.0008533767400550905 58400
1758587107215 0.0008522337705794481 58500
1758587108826 0.0008510659170827946 58600
1758587110365 0.0008499512878959262 58700
1758587112114 0.000848691069330086 58800
1758587113805 0.0008474744275370811 58900
1758587115398 0.0008463313772227215 59000
1758587116967 0.0008452090229764603 59100
1758587118569 0.0008440678204528473 59200
1758587120407 0.0008427583415836892 59300
1758587122471 0.0008412966166946534 59400
1758587124627 0.0008397729122945963 59500
1758587126316 0.0008385824253520955 59600
1758587127978 0.0008374154325198038 59700
1758587129687 0.0008362210083224965 59800
1758587131275 0.0008351101220198439 59900
1758587132937 0.0008339530599635649 60000
1758587134754 0.0008326923349240404 60100
1758587136861 0.0008312333146614419 60200
1758587138587 0.0008300416542380698 60300
1758587140260 0.0008288918747461064 60400
1758587141838 0.0008278081968409499 60500
1758587143405 0.0008267352063447859 60600
1758587144934 0.0008256920900135684 60700
1758587146485 0.0008246369077985785 60800
1758587148240 0.0008234441635813142 60900
1758587149874 0.0008223376821070873 61000
1758587151715 0.0008210952842090458 61100
1758587153345 0.0008199978460526779 61200
1758587154952 0.0008189182084850657 61300
1758587156547 0.0008178506162879529 61400
1758587158218 0.0008167344420662903 61500
1758587159799 0.000815679994002569 61600
1758587161706 0.0008144138620006418 61700
1758587163639 0.0008131346942752289 61800
1758587165878 0.0008116568940799931 61900
1758587167880 0.0008103387686200725 62000
1758587169490 0.0008092843629963449 62100
1758587171199 0.0008081657555782945 62200
1758587173187 0.0008068688897185677 62300
1758587175283 0.0008055065341312014 62400
1758587177475 0.00080408648959598 62500
1758587179717 0.0008026395581287728 62600
1758587181878 0.0008012511706483734 62700
1758587183616 0.0008001364876681186 62800
1758587185624 0.0007988532749581393 62900
1758587187729 0.0007975167303945174 63000
1758587190076 0.0007960233280651163 63100
1758587192116 0.0007947312131522219 63200
1758587194065 0.0007935024224976057 63300
1758587195633 0.0007925163738213316 63400
1758587197469 0.000791365539454325 63500
1758587199373 0.0007901742023020251 63600
1758587201338 0.0007889491917054608 63700
1758587203440 0.0007876431014468315 63800
1758587205769 0.000786200907839604 63900
1758587207594 0.0007850739220645521 64000
1758587209591 0.000783844812466782 64100
1758587211821 0.0007824776173664456 64200
1758587213659 0.0007813541313758973 64300
1758587215595 0.0007801743916241266 64400
1758587218403 0.0007784698448257585 64500
1758587220834 0.0007769984594217279 64600
1758587222515 0.0007759854304845791 64700
1758587224083 0.0007750410234737441 64800
1758587225608 0.0007741263217935254 64900
1758587227316 0.0007731039465644981 65000
1758587229349 0.0007718923921888174 65100
1758587231426 0.0007706575255993162 65200
1758587233395 0.0007694876728642764 65300
1758587234927 0.0007685813406840711 65400
1758587236502 0.0007676521137808174 65500
1758587238017 0.0007667609129606744 65600
1758587240022 0.0007655837157867969 65700
1758587241788 0.00076455036294837 65800
1758587243485 0.0007635607159264349 65900
1758587245037 0.0007626560665675706 66000
1758587246752 0.0007616601653211349 66100
1758587248826 0.0007604587678109105 66200
1758587250735 0.0007593563921363876 66300
1758587252381 0.0007584087453811721 66400
1758587253940 0.0007575130405105314 66500
1758587255490 0.0007566246447244074 66600
1758587257155 0.0007556726466669553 66700
1758587258857 0.00075470437369353 66800
1758587260783 0.0007536072435129062 66900
1758587262569 0.0007525936173365769 67000
1758587264367 0.0007515763008157338 67100
1758587266284 0.0007504955076419205 67200
1758587268141 0.0007494507602638773 67300
1758587269783 0.0007485290028891943 67400
1758587271540 0.0007475458468247187 67500
1758587273329 0.0007465482797491624 67600
1758587274918 0.0007456631057425054 67700
1758587276447 0.0007448144658768566 67800
1758587278012 0.0007439467887989718 67900
1758587279575 0.0007430825181544171 68000
1758587281386 0.0007420839070000372 68100
1758587282983 0.0007412066353080581 68200
1758587284649 0.0007402912339260406 68300
1758587286292 0.0007393927175874469 68400
1758587287929 0.0007384980736021538 68500
1758587289560 0.0007376100637920689 68600
1758587291211 0.0007367127479327956 68700
1758587293062 0.0007357103292074274 68800
1758587294828 0.0007347549870485013 68900
1758587296505 0.0007338498906121173 69000
1758587298208 0.0007329349559869283 69100
1758587300195 0.0007318684174044834 69200
1758587302011 0.0007308978281301745 69300
1758587304116 0.0007297754215152186 69400
1758587305846 0.0007288551987027144 69500
1758587308832 0.000727271917296752 69600
1758587310621 0.0007263273316669746 69700
1758587312338 0.0007254219522985224 69800
1758587314038 0.0007245315783956912 69900
1758587315716 0.0007236501589208198 70000
1758587317518 0.0007227069917469032 70100
1758587319349 0.0007217519610502877 70200
1758587320907 0.0007209408684533597 70300
1758587322502 0.000720112472454164 70400
1758587324437 0.0007191102270337984 70500
1758587326118 0.0007182425323301062 70600
1758587327910 0.0007173185110237694 70700
1758587329699 0.0007164008895488909 70800
1758587331485 0.0007154843945975116 70900
1758587333234 0.0007145900790461863 71000
1758587334952 0.0007137138671557933 71100
1758587336544 0.0007129035791044194 71200
1758587338223 0.0007120517519935331 71300
1758587339900 0.000711202868223239 71400
1758587341594 0.0007103472983230886 71500
1758587343232 0.0007095211218940055 71600
1758587344850 0.0007087081784437905 71700
1758587346720 0.0007077710291744102 71800
1758587348508 0.0007068746568507317 71900
1758587350248 0.0007060070178245953 72000
1758587352013 0.0007051289986242591 72100
1758587353880 0.0007042005954766805 72200
1758587355609 0.0007033439967015484 72300
1758587357301 0.000702509549357725 72400
1758587358974 0.000701683482028609 72500
1758587360573 0.0007008971073194167 72600
1758587362371 0.0007000147163170886 72700
1758587364044 0.0006991977955958709 72800
1758587365849 0.0006983151318038811 72900
1758587367644 0.0006974409153788566 73000
1758587369311 0.0006966306650846716 73100
1758587370900 0.0006958607078087689 73200
1758587372501 0.000695086993443277 73300
1758587374081 0.0006943237017631345 73400
1758587375674 0.0006935571778118565 73500
1758587377325 0.0006927628644514608 73600
1758587378981 0.0006919699460305762 73700
1758587380806 0.0006910977168630042 73800
1758587382581 0.0006902501816251663 73900
1758587384223 0.0006894685052010189 74000
1758587385949 0.0006886491880138732 74100
1758587387741 0.0006878008872553455 74200
1758587389807 0.0006868254360434677 74300
1758587391829 0.0006858739422686114 74400
1758587393919 0.0006848912664034098 74500
1758587395866 0.0006839778451824367 74600
1758587397822 0.0006830649328788154 74700
1758587399536 0.0006822648375515877 74800
1758587401506 0.0006813501971696088 74900
1758587403791 0.0006802905426773028 75000
1758587406047 0.0006792489107949726 75100
1758587408432 0.0006781495851282275 75200
1758587410720 0.0006770988389422935 75300
1758587412463 0.0006763007240133455 75400
1758587414393 0.0006754191216865429 75500
1758587416053 0.0006746627290635919 75600
1758587417763 0.0006738860934181249 75700
1758587419418 0.0006731345333286491 75800
1758587421129 0.000672359746751412 75900
1758587422776 0.0006716163561580635 76000
1758587424533 0.0006708250645675666 76100
1758587426403 0.0006699855258760768 76200
1758587428107 0.0006692210725923132 76300
1758587429829 0.0006684502413359099 76400
1758587431398 0.0006677495123020474 76500
1758587433053 0.0006670136204976957 76600
1758587434660 0.0006662989565604508 76700
1758587436305 0.000665568808977352 76800
1758587437975 0.0006648300120670851 76900
1758587439683 0.0006640770488870311 77000
1758587441359 0.0006633380208954026 77100
1758587443117 0.0006625658399749749 77200
1758587444761 0.0006618438347197674 77300
1758587446494 0.000661086645298192 77400
1758587448128 0.0006603723395587468 77500
1758587449791 0.0006596479708252627 77600
1758587451403 0.0006589480563888357 77700
1758587453092 0.0006582157730058626 77800
1758587454779 0.0006574847661921928 77900
1758587456463 0.0006567581683598828 78000
1758587458242 0.0006559920570593712 78100
1758587460199 0.0006551512086329122 78200
1758587461984 0.000654385833906921 78300
1758587463778 0.0006536182328225264 78400
1758587465675 0.0006528084164990587 78500
1758587467420 0.000652065508098522 78600
1758587469166 0.0006513236901016174 78700
1758587470948 0.0006505693379160595 78800
1758587472668 0.0006498422594362455 78900
1758587474281 0.0006491613740878549 79000
1758587476180 0.0006483621030124814 79100
1758587478036 0.0006475824457835533 79200
1758587479952 0.000646780759137133 79300
1758587482006 0.0006459229584944801 79400
1758587483765 0.0006451895203175378 79500
1758587485480 0.0006444754760403968 79600
1758587487190 0.0006437672408054272 79700
1758587488979 0.0006430255235908482 79800
1758587490891 0.0006422363211412212 79900
1758587492838 0.0006414340213983489 80000
1758587494706 0.0006406673083384392 80100
1758587496359 0.0006399896794633049 80200
1758587497988 0.0006393220922596868 80300
1758587499706 0.0006386212135258167 80400
1758587501341 0.0006379547383881626 80500
1758587503066 0.0006372532250672328 80600
1758587504798 0.000636550719538958 80700
1758587506490 0.0006358656813084695 80800
1758587508170 0.0006351877124971893 80900
1758587509881 0.0006344979670855344 81000
1758587511509 0.0006338440922679982 81100
1758587513273 0.0006331365779704212 81200
1758587515007 0.0006324423547776975 81300
1758587516893 0.0006316875967356084 81400
1758587518622 0.0006309992347731558 81500
1758587520245 0.0006303527750153295 81600
1758587521989 0.0006296607735219353 81700
1758587523873 0.0006289145603748143 81800
1758587525949 0.0006280947093667323 81900
1758587527859 0.0006273421224184492 82000
1758587529762 0.0006265935230222431 82100
1758587531504 0.0006259104232465667 82200
1758587533390 0.0006251728389484374 82300
1758587535382 0.0006243950819269869 82400
1758587537301 0.0006236526920400374 82500
1758587539297 0.0006228730308905832 82600
1758587541086 0.0006221789983246105 82700
1758587542876 0.000621488111267901 82800
1758587544612 0.0006208201630938054 82900
1758587546587 0.0006200579545677469 83000
1758587548447 0.0006193424738461364 83100
1758587550537 0.0006185417988933745 83200
1758587552484 0.0006177981195217087 83300
1758587554345 0.0006170885930802725 83400
1758587556295 0.0006163485981008593 83500
1758587558023 0.0006156911323232384 83600
1758587559846 0.0006150074064193743 83700
1758587561933 0.00061421242831171 83800
1758587563720 0.0006135394897153383 83900
1758587565552 0.0006128507245898688 84000
1758587567223 0.000612223246882115 84100
1758587568937 0.0006115815795056128 84200
1758587570850 0.0006108672128990742 84300
1758587572665 0.0006101908086384648 84400
1758587574406 0.000609543147137716 84500
1758587576404 0.0006088014333328705 84600
1758587578215 0.0006081316645465324 84700
1758587579995 0.0006074735533531196 84800
1758587581734 0.0006068325306022403 84900
1758587583451 0.000606200614930225 85000
1758587585307 0.0006055191518806246 85100
1758587587099 0.0006048633697302367 85200
1758587588886 0.0006042110609562836 85300
1758587590798 0.0006035128468975025 85400
1758587592688 0.0006028252820381354 85500
1758587594772 0.0006020694052399785 85600
1758587596436 0.0006014673985971616 85700
1758587598258 0.0006008082070366932 85800
1758587600354 0.0006000525520096033 85900
1758587602505 0.0005992800818650759 86000
1758587604429 0.000598588825570702 86100
1758587606086 0.0005979955662544052 86200
1758587607796 0.000597384790633798 86300
1758587609652 0.0005967234205308622 86400
1758587611480 0.0005960729448649101 86500
1758587613326 0.0005954178670653172 86600
1758587615620 0.0005946061009201748 86700
1758587617620 0.0005939004753565781 86800
1758587619977 0.0005930698570662469 86900
1758587622298 0.0005922552340541342 87000
1758587624352 0.0005915351515343544 87100
1758587626333 0.0005908430306955052 87200
1758587628376 0.0005901302721709933 87300
1758587630367 0.0005894404092754154 87400
1758587632298 0.0005887672580325341 87500
1758587634307 0.0005880721117695382 87600
1758587636182 0.0005874231451214817 87700
1758587637912 0.0005868276456993403 87800
1758587639594 0.0005862512181507154 87900
1758587641507 0.0005855920747248518 88000
1758587643331 0.0005849673976898322 88100
1758587645023 0.00058438889429363 88200
1758587646861 0.0005837628202541431 88300
1758587648995 0.0005830353848889133 88400
1758587651140 0.0005823071665747188 88500
1758587653205 0.0005816086322851337 88600
1758587655837 0.0005807216324010232 88700
1758587658039 0.0005799777394044928 88800
1758587659726 0.0005794102286007796 88900
1758587661819 0.0005787094884372721 89000
1758587663888 0.0005780168509064418 89100
1758587665579 0.0005774520852302759 89200
1758587667314 0.0005768740957982021 89300
1758587669214 0.0005762424409321853 89400
1758587671181 0.0005755907582732073 89500
1758587673094 0.0005749578795262617 89600
1758587675005 0.0005743264708100576 89700
1758587676961 0.0005736817295812606 89800
1758587678949 0.0005730276240391359 89900
1758587680713 0.0005724495563419991 90000
1758587682631 0.0005718220692257972 90100
1758587684387 0.0005712477321511858 90200
1758587686136 0.0005706779635305256 90300
1758587687898 0.0005701046201343909 90400
1758587689815 0.0005694821737150744 90500
1758587691829 0.0005688294796615604 90600
1758587693632 0.0005682467286200615 90700
1758587695473 0.0005676529750567485 90800
1758587697190 0.0005671008863590192 90900
1758587698983 0.000566524221031857 91000
1758587700849 0.0005659259710631942 91100
1758587702672 0.000565342614015145 91200
1758587704518 0.0005647531269332409 91300
1758587706393 0.0005641561395107684 91400
1758587708228 0.0005635727034040847 91500
1758587710063 0.0005629904764279282 91600
1758587711870 0.000562418191767452 91700
1758587713636 0.0005618600183823683 91800
1758587715451 0.0005612873924155778 91900
1758587717206 0.0005607352391304644 92000
1758587719057 0.0005601539693906222 92100
1758587720932 0.0005595664756573922 92200
1758587722950 0.0005589362946944269 92300
1758587724767 0.0005583687639451544 92400
1758587726493 0.0005578301713112072 92500
1758587728217 0.0005572944731449776 92600
1758587730026 0.0005567333673071285 92700
1758587732235 0.0005560536016033037 92800
1758587734398 0.0005553822937236506 92900
1758587736380 0.0005547706862211239 93000
1758587738742 0.0005540452149336616 93100
1758587741049 0.0005533372854899716 93200
1758587743356 0.0005526326788969746 93300
1758587745728 0.0005519087520712841 93400
1758587748202 0.0005511565114144311 93500
1758587750452 0.0005504737068401487 93600
1758587752609 0.0005498212422051015 93700
1758587754922 0.0005491233605106225 93800
1758587756947 0.0005485127705187571 93900
1758587759022 0.0005478890469231462 94000
1758587761090 0.0005472685600847218 94100
1758587763054 0.0005466818033128938 94200
1758587764990 0.0005461035749549324 94300
1758587766782 0.0005455693251147454 94400
1758587768770 0.0005449787877529106 94500
1758587770599 0.0005444363025516536 94600
1758587772488 0.000543878004456473 94700
1758587774511 0.0005432792520719298 94800
1758587776401 0.0005427213603173096 94900
1758587778553 0.000542088806349289 95000
1758587780519 0.000541510745538981 95100
1758587782624 0.0005408946372803502 95200
1758587784565 0.000540327230265643 95300
1758587786574 0.0005397415498689548 95400
1758587788620 0.0005391459091930789 95500
1758587790670 0.0005385504560982583 95600
1758587792565 0.0005380016173108721 95700
1758587794679 0.0005373908879839116 95800
1758587796767 0.0005367879003020344 95900
1758587798980 0.0005361514454170663 96000
1758587800980 0.000535577060994203 96100
1758587803021 0.0005349919005386436 96200
1758587805080 0.0005344039406093309 96300
1758587807304 0.0005337692859116817 96400
1758587809388 0.0005331756325138787 96500
1758587811553 0.0005325613653078807 96600
1758587813496 0.0005320130538519339 96700
1758587815801 0.0005313591657127598 96800
1758587817939 0.0005307562585194306 96900
1758587819953 0.0005301901403312582 97000
1758587822011 0.0005296120281208286 97100
1758587824582 0.0005288924135919064 97200
1758587826652 0.0005283136234779064 97300
1758587828527 0.0005277904736609519 97400
1758587830427 0.0005272615806595211 97500
1758587832460 0.000526697221326627 97600
1758587834571 0.0005261118520309493 97700
1758587837433 0.0005253221087190873 97800
1758587839640 0.0005247124456691386 97900
1758587841791 0.0005241211152508444 98000
1758587843579 0.0005236310923583979 98100
1758587845507 0.0005231026923243893 98200
1758587847397 0.0005225855759089054 98300
1758587849287 0.0005220705224882818 98400
1758587851148 0.0005215638451112505 98500
1758587853489 0.0005209288538393372 98600
1758587855213 0.000520459608029508 98700
1758587857030 0.0005199679819932365 98800
1758587858818 0.0005194856231439374 98900
1758587860536 0.0005190216888229504 99000
1758587862255 0.0005185596878217626 99100
1758587864066 0.0005180726582928413 99200
1758587865847 0.0005175949314173179 99300
1758587867774 0.0005170797105350721 99400
1758587869623 0.0005165854352393852 99500
1758587871436 0.0005161019888132058 99600
1758587873288 0.0005156094205891861 99700
1758587875080 0.0005151333359308796 99800
1758587877086 0.0005146034272337179 99900
1758587879311 0.0005140130183538663 100000
1758587881193 0.0005135163115539966 100100
1758587883166 0.0005129980482232862 100200
1758587885122 0.0005124824960767252 100300
1758587886880 0.00051202092485514 100400
1758587888673 0.0005115513233424038 100500
1758587890533 0.0005110655647144741 100600
1758587892449 0.0005105648766721522 100700
1758587894269 0.0005100911079398273 100800
1758587896115 0.000509611672857797 100900
1758587897989 0.0005091250262892003 101000
1758587899821 0.00050865066322831 101100
1758587901697 0.0005081655564623661 101200
1758587903786 0.0005076275016848345 101300
1758587905612 0.0005071567554445415 101400
1758587907352 0.0005067093474990101 101500
1758587909221 0.0005062305848194559 101600
1758587911065 0.0005057586307322651 101700
1758587913076 0.0005052445009175253 101800
1758587915128 0.0005047209570540972 101900
1758587917102 0.0005042187107284289 102000
1758587918924 0.0005037563331093326 102100
1758587920735 0.000503296422892669 102200
1758587922589 0.0005028283201674753 102300
1758587924393 0.0005023716427845796 102400
1758587926247 0.0005019047047593311 102500
1758587928110 0.0005014353171468291 102600
1758587929920 0.0005009811073716423 102700
1758587931677 0.0005005400577190481 102800
1758587933655 0.0005000458181163285 102900
1758587935481 0.0004995887295712078 103000
1758587937285 0.0004991393539911774 103100
1758587939055 0.0004986984693379237 103200
1758587940826 0.0004982590329474268 103300
1758587942546 0.0004978320585250387 103400
1758587944284 0.0004974017184694391 103500
1758587946009 0.0004969758336065687 103600
1758587947777 0.000496539255680557 103700
1758587949616 0.0004960859012883826 103800
1758587951334 0.0004956636822043823 103900
1758587953238 0.0004951959322543614 104000
1758587955006 0.0004947625765590391 104100
1758587956736 0.0004943399003428094 104200
1758587958783 0.0004938405988733944 104300
1758587960690 0.000493375945727976 104400
1758587962448 0.0004929477585602997 104500
1758587964219 0.0004925175925752982 104600
1758587965930 0.0004921031660880614 104700
1758587967767 0.000491659288171049 104800
1758587969543 0.0004912304335520318 104900
1758587971287 0.0004908100780772457 105000
1758587973036 0.0004903886563211989 105100
1758587974832 0.0004899571941408289 105200
1758587976644 0.0004895221141222671 105300
1758587978515 0.0004890743274102969 105400
1758587980474 0.0004886060610596904 105500
1758587982420 0.0004881423862426622 105600
1758587984277 0.00048770001338488346 105700
1758587986216 0.0004872392842599305 105800
1758587988129 0.0004867855159900803 105900
1758587990074 0.0004863252467397304 106000
1758587991958 0.00048588039166519794 106100
1758587993908 0.0004854209264374804 106200
1758587995828 0.0004849689390912533 106300
1758587998364 0.0004843721051961312 106400
1758588000207 0.0004839419953393531 106500
1758588002232 0.0004834678986903931 106600
1758588004195 0.0004830081180636533 106700
1758588006029 0.00048258062004192696 106800
1758588007889 0.00048214750127375654 106900
1758588009767 0.00048171152820423486 107000
1758588011587 0.00048128967092137524 107100
1758588013482 0.0004808511998061862 107200
1758588015416 0.00048040486975122523 107300
1758588017417 0.00047994292464635213 107400
1758588019310 0.0004795073060418327 107500
1758588021162 0.00047908182284744764 107600
1758588023105 0.0004786363950480369 107700
1758588025194 0.00047815835639318673 107800
1758588027125 0.0004777176534679579 107900
1758588029138 0.000477258206892888 108000
1758588031262 0.0004767757364789342 108100
1758588033240 0.0004763262296015697 108200
1758588035733 0.00047576126772218107 108300
1758588038148 0.00047521574787407687 108400
1758588040800 0.00047461773925929087 108500
1758588043298 0.0004740546785949015 108600
1758588045656 0.00047352527044788385 108700
1758588047870 0.0004730306910286378 108800
1758588049868 0.0004725836439424858 108900
1758588051950 0.00047211881281793047 109000
1758588054111 0.000471637130146594 109100
1758588056209 0.0004711712688331411 109200
1758588058873 0.0004705827369672388 109300
1758588061216 0.0004700624790698529 109400
1758588063628 0.0004695297570024199 109500
1758588065727 0.0004690671806145448 109600
1758588067739 0.0004686249043787761 109700
1758588069975 0.0004681345595457681 109800
1758588071913 0.00046771177948186056 109900
1758588074205 0.0004672097067657208 110000
1758588076590 0.0004666894199433784 110100
1758588079242 0.0004661127460295167 110200
1758588082384 0.00046543236045828204 110300
1758588085016 0.00046486177781903255 110400
1758588087249 0.0004643791415444513 110500
1758588089531 0.00046388799222481865 110600
1758588091732 0.00046341481751384535 110700
1758588094121 0.0004629021613850524 110800
1758588096463 0.00046240066630312505 110900
1758588098688 0.000461925831427967 111000
1758588100945 0.00046144420871274623 111100
1758588103111 0.00046098425616686854 111200
1758588105379 0.0004605027756450875 111300
1758588107686 0.00046001373363259527 111400
1758588110009 0.0004595226144702384 111500
1758588112522 0.00045899296864063973 111600
1758588114782 0.0004585171547994359 111700
1758588117204 0.00045800854712954933 111800
1758588119366 0.0004575548278894931 111900
1758588121613 0.0004570853508254825 112000
1758588123832 0.0004566219333173565 112100
1758588126025 0.00045616558905023754 112200
1758588128336 0.00045568527510163434 112300
1758588130623 0.0004552105175102984 112400
1758588132862 0.0004547470172899934 112500
1758588135096 0.00045428606014351027 112600
1758588137347 0.00045382151630994725 112700
1758588139616 0.0004533551128367692 112800
1758588141818 0.0004529028409914299 112900
1758588144121 0.00045243065159687745 113000
1758588146544 0.00045193526179258884 113100
1758588148902 0.0004514544842414452 113200
1758588151367 0.00045095447391896656 113300
1758588153545 0.00045050999030261924 113400
1758588155453 0.0004501233056528276 113500
1758588157548 0.00044969868900487887 113600
1758588159937 0.0004492163242447555 113700
1758588162265 0.00044874705564603665 113800
1758588164629 0.0004482713856761373 113900
1758588166960 0.00044780335380835586 114000
1758588169176 0.0004473592818055481 114100
1758588171401 0.0004469145598293476 114200
1758588173608 0.00044647429079159657 114300
1758588175980 0.00044600213989991465 114400
1758588178036 0.00044559329163509854 114500
1758588179807 0.0004452423222371944 114600
1758588181614 0.0004448842140747703 114700
1758588183406 0.0004445300638722333 114800
1758588185187 0.0004441779701102243 114900
1758588186954 0.00044383007764238285 115000
1758588188891 0.000443448465124855 115100
1758588190685 0.00044309644185464134 115200
1758588192481 0.00044274342757020613 115300
1758588194257 0.00044239555093984593 115400
1758588196206 0.0004420144141866378 115500
1758588198151 0.0004416354018256299 115600
1758588200017 0.00044127124436967827 115700
1758588202171 0.0004408526461693954 115800
1758588204297 0.00044044109260835384 115900
1758588206410 0.00044003045113568637 116000
1758588208473 0.00043963131153238697 116100
1758588210357 0.0004392671872248178 116200
1758588212285 0.00043889511293285937 116300
1758588214176 0.000438531327754136 116400
1758588216112 0.0004381598452209757 116500
1758588217919 0.00043781282794308176 116600
1758588219960 0.0004374221821499495 116700
1758588222032 0.00043702583327756144 116800
1758588224024 0.0004366457111338664 116900
1758588226160 0.00043623929193874287 117000
1758588228330 0.00043582664692285757 117100
1758588230375 0.0004354448454353825 117200
1758588233058 0.0004349330461556979 117300
1758588235385 0.00043449043570876984 117400
1758588237411 0.0004341082060234997 117500
1758588239626 0.00043369112947332235 117600
1758588242040 0.00043323760035475197 117700
1758588244283 0.0004328181176753659 117800
1758588246346 0.0004324312111531678 117900
1758588248401 0.00043204701155672944 118000
1758588250305 0.00043169248019666695 118100
1758588252270 0.00043132571635475474 118200
1758588254529 0.0004309061520363548 118300
1758588256877 0.0004304708253766896 118400
1758588258857 0.0004301045798067977 118500
1758588261072 0.00042969497804214553 118600
1758588263369 0.00042927118363529507 118700
1758588265487 0.00042888107422977786 118800
1758588267579 0.00042849663958147025 118900
1758588269827 0.0004280843171519784 119000
1758588272124 0.0004276637722954032 119100
1758588274405 0.00042724720527887415 119200
1758588276721 0.00042682551284838684 119300
1758588278906 0.00042642696152370396 119400
1758588280740 0.000426093949482456 119500
1758588282568 0.00042576217096035795 119600
1758588284503 0.00042541172799088974 119700
1758588286651 0.00042502387661791504 119800
1758588288736 0.00042464705591256917 119900
1758588290641 0.00042430365292038075 120000
1758588292506 0.00042396873268279843 120100
1758588294395 0.0004236291749378312 120200
1758588296236 0.00042329890298009164 120300
1758588298263 0.0004229360812703769 120400
1758588300248 0.0004225810962376686 120500
1758588302052 0.00042225918415857323 120600
1758588304104 0.00042189409834570167 120700
1758588306246 0.0004215132682348868 120800
1758588308675 0.0004210821702285381 120900
1758588310511 0.0004207576000315829 121000
1758588312552 0.00042039552778337815 121100
1758588314510 0.0004200500283983913 121200
1758588316503 0.00041969853544744206 121300
1758588318594 0.000419330130282443 121400
1758588320664 0.0004189667034895192 121500
1758588323059 0.0004185470130419403 121600
1758588325174 0.0004181765925388119 121700
1758588327124 0.00041783570745935317 121800
1758588329068 0.0004174964985208354 121900
1758588331009 0.0004171587296825644 122000
1758588333222 0.00041677416256033565 122100
1758588335263 0.0004164201010467078 122200
1758588337130 0.0004160958413812761 122300
1758588339062 0.00041576184173814095 122400
1758588340949 0.00041543584130970346 122500
1758588342976 0.00041508737955835097 122600
1758588345245 0.0004146975051469109 122700
1758588347540 0.0004143025181970038 122800
1758588349743 0.00041392416093473193 122900
1758588351779 0.0004135751403458574 123000
1758588353811 0.00041322810454235304 123100
1758588355963 0.0004128609660110646 123200
1758588358146 0.0004124910605373806 123300
1758588360311 0.00041212086679394725 123400
1758588362196 0.00041180143295314084 123500
1758588364097 0.0004114790398908983 123600
1758588366001 0.00041115780150420106 123700
1758588368084 0.00041080518398237234 123800
1758588370209 0.00041044718045653365 123900
1758588372439 0.00041007186929954215 124000
1758588374588 0.00040971054010377397 124100
1758588376544 0.0004093825333197234 124200
1758588378417 0.00040906892937838925 124300
1758588380245 0.0004087628981333918 124400
1758588382145 0.0004084459432866194 124500
1758588384206 0.00040810242379864454 124600
1758588386154 0.0004077781852905905 124700
1758588387999 0.0004074714051921925 124800
1758588390032 0.0004071345735296346 124900
1758588392497 0.0004067264719546463 125000
1758588394987 0.00040631459576911374 125100
1758588397441 0.00040590987180943463 125200
1758588399892 0.0004055062918566172 125300
1758588402481 0.00040508128484048665 125400
1758588405120 0.0004046506346677026 125500
1758588407773 0.00040421487277873136 125600
1758588409776 0.0004038875861076236 125700
1758588411752 0.0004035661774066164 125800
1758588413696 0.0004032493059521276 125900
1758588415549 0.00040294808101797795 126000
1758588417556 0.00040262253708109303 126100
1758588419421 0.0004023210643694406 126200
1758588421501 0.0004019841528985209 126300
1758588423491 0.00040166258768545304 126400
1758588425354 0.0004013622679216752 126500
1758588427194 0.00040106593265203783 126600
1758588429091 0.00040076237729326736 126700
1758588431063 0.00040044468047123856 126800
1758588432923 0.0004001467687682286 126900
1758588435057 0.0003998075388605718 127000
1758588437237 0.00039945716117850856 127100
1758588439812 0.0003990474529936796 127200
1758588441838 0.0003987241139400828 127300
1758588443696 0.00039842938641607373 127400
1758588445895 0.00039808039633527155 127500
1758588448097 0.0003977329773699882 127600
1758588450319 0.0003973808648480926 127700
1758588452168 0.0003970901370812108 127800
1758588454445 0.0003967305066332471 127900
1758588456699 0.0003963756415880768 128000
1758588458729 0.00039605692099749094 128100
1758588461114 0.0003956847967956348 128200
1758588463259 0.00039534855754889096 128300
1758588465368 0.0003950187920341173 128400
1758588468065 0.0003946003805845211 128500
1758588470715 0.00039418627546184494 128600
1758588472808 0.0003938609575460584 128700
1758588474843 0.0003935452549519073 128800
1758588476807 0.0003932413465061658 128900
1758588478691 0.00039295023248183227 129000
1758588480589 0.000392657393873107 129100
1758588482548 0.00039235579076545967 129200
1758588484489 0.0003920569138612926 129300
1758588486387 0.0003917658798201142 129400
1758588488449 0.0003914497397150613 129500
1758588490438 0.0003911447593359825 129600
1758588492557 0.0003908212032742402 129700
1758588494597 0.00039050997039812767 129800
1758588496494 0.00039022028914449225 129900
1758588498389 0.0003899326032700982 130000
1758588500365 0.00038963231044624965 130100
1758588502519 0.00038930588969968724 130200
1758588504482 0.0003890076984768065 130300
1758588506649 0.00038868086933312103 130400
1758588508616 0.00038838351271604747 130500
1758588510449 0.00038810715928011455 130600
1758588512339 0.0003878228292906372 130700
1758588514206 0.0003875420638693266 130800
1758588516233 0.0003872377737549432 130900
1758588518258 0.0003869343841028812 131000
1758588520319 0.00038662615548276777 131100
1758588522416 0.0003863129576196561 131200
1758588524551 0.000385994756099806 131300
1758588526640 0.00038568442588297604 131400
1758588528997 0.00038533380226436206 131500
1758588531326 0.0003849879945918302 131600
1758588533305 0.0003846944454751518 131700
1758588535336 0.0003843942153420824 131800
1758588537255 0.0003841108505606788 131900
1758588539131 0.0003838343527522194 132000
1758588541152 0.0003835368688605608 132100
1758588543073 0.00038325462436424924 132200
1758588545161 0.0003829483423841345 132300
1758588547332 0.0003826305034468797 132400
1758588549699 0.00038228387185230387 132500
1758588551755 0.0003819836685586909 132600
1758588553777 0.0003816896548488832 132700
1758588555904 0.000381378907547578 132800
1758588558793 0.00038095931427787016 132900
1758588560829 0.00038066451868504377 133000
1758588562963 0.0003803556098169631 133100
1758588565254 0.00038002403398611483 133200
1758588567473 0.00037970389893846225 133300
1758588569758 0.00037937522382166004 133400
1758588571968 0.0003790571433663011 133500
1758588573926 0.000378775692554663 133600
1758588575864 0.0003784977104826357 133700
1758588577803 0.00037822051375219375 133800
1758588579745 0.0003779425879619504 133900
1758588581656 0.0003776701626351205 134000
1758588583650 0.0003773856543133142 134100
1758588585642 0.00037710226916242844 134200
1758588587743 0.0003768037511346411 134300
1758588589719 0.000376523176340856 134400
1758588591757 0.00037623563017974567 134500
1758588594053 0.0003759100914066231 134600
1758588596065 0.00037562590563640315 134700
1758588598085 0.00037534107741082006 134800
1758588600043 0.0003750654744846846 134900
1758588602031 0.0003747857608465339 135000
1758588604084 0.0003744979922506145 135100
1758588606303 0.00037418688928830075 135200
1758588608577 0.00037386884064714344 135300
1758588610766 0.0003735631860921615 135400
1758588613047 0.00037324540490725835 135500
1758588615356 0.0003729236500548283 135600
1758588617300 0.00037265329814457264 135700
1758588619185 0.0003723915820310325 135800
1758588621065 0.00037213108892390203 135900
1758588622994 0.00037186469803062225 136000
1758588625148 0.0003715665552463686 136100
1758588627188 0.000371285911236047 136200
1758588629311 0.00037099272467437975 136300
1758588631497 0.00037069234724146865 136400
1758588633785 0.0003703786025680028 136500
1758588636319 0.0003700312336394187 136600
1758588638373 0.00036974984386112735 136700
1758588640403 0.00036947289444362857 136800
1758588642329 0.00036920993305847733 136900
1758588644348 0.0003689345863300469 137000
1758588646353 0.0003686618661057244 137100
1758588648325 0.00036839439680528337 137200
1758588650599 0.0003680857897829951 137300
1758588652996 0.00036776138101525996 137400
1758588655443 0.0003674306755717828 137500
1758588657761 0.00036711831200974344 137600
1758588660180 0.0003667940556403028 137700
1758588662485 0.00036648218466682193 137800
1758588664835 0.00036616701134031273 137900
1758588667138 0.0003658586097710242 138000
1758588669479 0.0003655457649030467 138100
1758588671871 0.0003652262711846921 138200
1758588674233 0.0003649119521365977 138300
1758588676578 0.00036459950514712206 138400
1758588679040 0.0003642722717402849 138500
1758588681282 0.00036397624775035345 138600
1758588683418 0.0003636922231039028 138700
1758588685415 0.00036342829448989233 138800
1758588687419 0.00036316395433712664 138900
1758588689371 0.0003629070854932435 139000
1758588691375 0.00036264313145796913 139100
1758588693809 0.0003623236057276312 139200
1758588696224 0.00036200683854682725 139300
1758588698652 0.0003616883442901248 139400
1758588700701 0.0003614208083543223 139500
1758588702760 0.00036115210238145195 139600
1758588704836 0.00036088132582449295 139700
1758588706868 0.0003606168810775799 139800
1758588708938 0.0003603478144030636 139900
1758588711012 0.0003600789107643237 140000
1758588713615 0.0003597416421032023 140100
1758588716214 0.0003594054013541627 140200
1758588718185 0.000359151078832263 140300
1758588720272 0.00035888209898432327 140400
1758588722422 0.0003586052710327162 140500
1758588724469 0.0003583430401183477 140600
1758588726977 0.0003580205763662011 140700
1758588729153 0.00035774427174623566 140800
1758588731599 0.0003574294019686048 140900
1758588733808 0.00035714724130076126 141000
1758588736131 0.00035685114560822306 141100
1758588738271 0.00035657887109204325 141200
1758588740558 0.00035628829447483055 141300
1758588742610 0.0003560280761009731 141400
1758588745041 0.00035572112325001494 141500
1758588747526 0.0003554063111946917 141600
1758588749615 0.00035514256895041865 141700
1758588751613 0.00035489047427596525 141800
1758588753652 0.00035463399436625777 141900
1758588755677 0.00035437957349366964 142000
1758588757774 0.0003541166519059187 142100
1758588759902 0.00035384962527718126 142200
1758588762121 0.00035357200097833885 142300
1758588764176 0.00035331516226782677 142400
1758588766345 0.0003530446489428084 142500
1758588768361 0.00035279371479460025 142600
1758588770576 0.0003525186034892666 142700
1758588772685 0.0003522564634690578 142800
1758588774870 0.0003519857704504949 142900
1758588776864 0.0003517382430477502 143000
1758588778829 0.0003514954768755324 143100
1758588780874 0.0003512431518645101 143200
1758588782926 0.00035099003128893187 143300
1758588785458 0.0003506783349136829 143400
1758588788019 0.0003503636924525139 143500
1758588790569 0.0003500510737282743 143600
1758588793245 0.0003497234351057448 143700
1758588795860 0.00034940380687497734 143800
1758588798444 0.00034908851933454136 143900
1758588800991 0.00034877845235428207 144000
1758588803504 0.000348473152219786 144100
1758588805707 0.0003482058372587433 144200
1758588807661 0.0003479689342883693 144300
1758588809628 0.0003477310135140971 144400
1758588811570 0.0003474966970473759 144500
1758588813763 0.0003472322411276667 144600
1758588816646 0.0003468877925270483 144700
1758588818652 0.00034664339938685236 144800
1758588820616 0.00034640748454153945 144900
1758588822528 0.00034617821221439806 145000
1758588824717 0.00034591628073523756 145100
1758588826798 0.0003456677158171126 145200
1758588828781 0.00034543044439427814 145300
1758588830801 0.0003451896771465476 145400
1758588832841 0.00034494691141784023 145500
1758588835070 0.0003446817828009792 145600
1758588837316 0.00034441533386433254 145700
1758588839584 0.00034414625732623967 145800
1758588842045 0.00034385498784234925 145900
1758588844690 0.0003435427858737473 146000
1758588847243 0.0003432413995077903 146100
1758588849357 0.0003429926017460169 146200
1758588851753 0.0003427114170790498 146300
1758588854556 0.0003423821335370611 146400
1758588857317 0.00034205855975091983 146500
1758588860097 0.000341734040162063 146600
1758588862948 0.0003414016714569702 146700
1758588865673 0.00034108449933933 146800
1758588868472 0.0003407586117389367 146900
1758588871297 0.00034043080359385456 147000
1758588873993 0.0003401190393315976 147100
1758588876623 0.00033981489519700655 147200
1758588879333 0.0003395021055030683 147300
1758588882051 0.0003391893129110522 147400
1758588884636 0.000338891890817017 147500
1758588887312 0.00033858491612671546 147600
1758588889750 0.00033830577005059204 147700
1758588892422 0.0003380003436867833 147800
1758588894996 0.000337706717575257 147900
1758588897644 0.00033740490748430653 148000
1758588900313 0.00033710099988364285 148100
1758588902962 0.000336800164556631 148200
1758588905680 0.0003364923233760062 148300
1758588908373 0.00033618789529977507 148400
1758588911196 0.00033586921679939916 148500
1758588913690 0.0003355876959178131 148600
1758588916225 0.0003353024156698521 148700
1758588918836 0.0003350094629735554 148800
1758588921165 0.0003347480660228864 148900
1758588923432 0.00033449451461215715 149000
1758588925728 0.00033423798519453205 149100
1758588928077 0.0003339753790674228 149200
1758588930319 0.0003337267273318039 149300
1758588932483 0.00033348464408421803 149400
1758588934589 0.0003332509293603598 149500
1758588937319 0.0003329478022456796 149600
1758588939602 0.0003326948477950868 149700
1758588941773 0.0003324546098114255 149800
1758588943931 0.0003322167265720411 149900
1758588946018 0.0003319866319493151 150000
1758588948314 0.0003317333351744965 150100
1758588950527 0.00033149012004000966 150200
1758588952630 0.0003312591279378353 150300
1758588954823 0.00033101859199596265 150400
1758588957169 0.0003307618801231962 150500
1758588959364 0.00033052165827862016 150600
1758588961484 0.00033029053570526873 150700
1758588963593 0.0003300602450317644 150800
1758588965652 0.000329836202128339 150900
1758588967711 0.00032961237202447515 151000
1758588969773 0.0003293885763480029 151100
1758588971874 0.00032916078301385823 151200
1758588974436 0.0003288833914207567 151300
1758588976506 0.0003286595394848097 151400
1758588978540 0.0003284400307329586 151500
1758588980607 0.00032821734579708 151600
1758588982710 0.00032799088087783683 151700
1758588984799 0.00032776621229560666 151800
1758588987028 0.00032752704589308993 151900
1758588989157 0.00032729877458435755 152000
1758588991307 0.0003270686954743062 152100
1758588993937 0.00032678751144446283 152200
1758588996559 0.0003265079298162954 152300
1758588999161 0.00032623071540820604 152400
1758589001744 0.00032595595093221476 152500
1758589004319 0.0003256826656628984 152600
1758589006871 0.00032541211387144094 152700
1758589009467 0.0003251373735391347 152800
1758589012093 0.0003248601123506951 152900
1758589014781 0.00032457673971933676 153000
1758589017399 0.0003243011278564611 153100
1758589019690 0.00032406059934413024 153200
1758589021912 0.00032382708747740504 153300
1758589024022 0.00032360592448214793 153400
1758589026077 0.00032339094754420044 153500
1758589028144 0.00032317493123315306 153600
1758589030224 0.0003229578221201763 153700
1758589032304 0.0003227409918788713 153800
1758589034493 0.00032251312719639845 153900
1758589036665 0.0003222875156288463 154000
1758589038856 0.00032205990500052865 154100
1758589041188 0.000321818500981046 154200
1758589043485 0.0003215806245368686 154300
1758589045776 0.00032134404507802946 154400
1758589048074 0.0003211069249402618 154500
1758589050283 0.0003208790519230446 154600
1758589052559 0.0003206449808576723 154700
1758589054825 0.00032041219362014336 154800
1758589057085 0.0003201803258027932 154900
1758589059307 0.0003199528121352281 155000
1758589061516 0.000319726659465385 155100
1758589063771 0.00031949633491305443 155200
1758589065986 0.0003192704178911511 155300
1758589068181 0.0003190469196942418 155400
1758589070382 0.00031882287087057603 155500
1758589072591 0.00031859856923485653 155600
1758589074829 0.00031837172418823804 155700
1758589077027 0.00031814897662160854 155800
1758589079140 0.00031793510960501103 155900
1758589081291 0.00031771790906589403 156000
1758589083539 0.0003174914738066972 156100
1758589085908 0.0003172529378605701 156200
1758589088243 0.00031701772559715214 156300
1758589090883 0.0003167527773849251 156400
1758589093503 0.00031649036094546785 156500
1758589096098 0.00031623037548572777 156600
1758589098720 0.0003159681455531157 156700
1758589101040 0.00031573678789347437 156800
1758589103599 0.00031548202322911623 156900
1758589106197 0.0003152235191100175 157000
1758589108758 0.00031496933679633606 157100
1758589111388 0.00031470863945241525 157200
1758589113994 0.0003144508042588124 157300
1758589116653 0.0003141880473045103 157400
1758589119282 0.0003139287149356035 157500
1758589121912 0.0003136697015956369 157600
1758589124188 0.0003134460240446965 157700
1758589126610 0.00031320816126534725 157800
1758589129213 0.00031295310157601397 157900
1758589131850 0.0003126950242593031 158000
1758589134430 0.0003124431604544974 158100
1758589136982 0.0003121940272755516 158200
1758589139505 0.00031194832633879034 158300
1758589142126 0.00031169342524488687 158400
1758589144694 0.0003114441154086751 158500
1758589147082 0.0003112126398198544 158600
1758589149734 0.0003109561053453241 158700
1758589152339 0.00031070453530109265 158800
1758589154995 0.0003104482257126459 158900
1758589157350 0.0003102215911222469 159000
1758589159984 0.0003099681556071346 159100
1758589162586 0.00030971839400884156 159200
1758589165194 0.00030946840191272096 159300
1758589168075 0.000309192880685485 159400
1758589170744 0.00030893807274495657 159500
1758589173491 0.00030867628581528753 159600
1758589176199 0.00030841892893875104 159700
1758589179054 0.00030814677040466175 159800
1758589181770 0.0003078890736820403 159900
1758589184735 0.00030760828654115437 160000
1758589187348 0.00030736122910918564 160100
1758589190012 0.00030710964521579737 160200
1758589192773 0.00030684951631765024 160300
1758589195416 0.0003066009664226783 160400
1758589198092 0.0003063496241003822 160500
1758589200760 0.00030609939798729893 160600
1758589203407 0.00030585153675245395 160700
1758589206006 0.00030560856503490587 160800
1758589208749 0.0003053535840638685 160900
1758589211484 0.00030509786493977605 161000
1758589214229 0.00030484266890042983 161100
1758589216803 0.0003046035427510207 161200
1758589219104 0.0003043901012337395 161300
1758589221665 0.00030415309034665197 161400
1758589224363 0.0003039036834635135 161500
1758589226946 0.0003036652487925422 161600
1758589229519 0.00030342821763574716 161700
1758589232095 0.00030319135558101127 161800
1758589234674 0.0003029544206174821 161900
1758589237110 0.00030273094567086277 162000
1758589239528 0.00030250953233075154 162100
1758589242390 0.0003022486510374276 162200
1758589245241 0.0003019876187780601 162300
1758589248260 0.0003017125993662295 162400
1758589251071 0.00030145678704271813 162500
1758589253960 0.0003011947970277167 162600
1758589257029 0.0003009166994462198 162700
1758589260041 0.0003006443213746392 162800
1758589262952 0.0003003816940021288 162900
1758589265731 0.00030013052010057677 163000
1758589268889 0.000299846899197165 163100
1758589271889 0.00029957699176278596 163200
1758589274971 0.000299300455039464 163300
1758589277776 0.0002990496642236026 163400
1758589281245 0.00029874057291885366 163500
1758589283982 0.00029849578958732274 163600
1758589286634 0.00029825945819901914 163700
1758589289392 0.00029801424874331586 163800
1758589292134 0.0002977709802213384 163900
1758589295028 0.0002975147328994919 164000
1758589297902 0.0002972602781245588 164100
1758589300843 0.0002970006606426884 164200
1758589303623 0.000296756138697482 164300
1758589306398 0.00029651141257192753 164400
1758589308736 0.0002963061078132388 164500
1758589311035 0.00029610424035236366 164600
1758589313640 0.0002958766482404646 164700
1758589316677 0.0002956128417057242 164800
1758589319987 0.0002953216804837523 164900
1758589322666 0.000295088005007744 165000
1758589325513 0.0002948402642833867 165100
1758589328137 0.0002946123694267334 165200
1758589330726 0.00029438778353586343 165300
1758589333270 0.00029416751929548933 165400
1758589335924 0.0002939380033692924 165500
1758589338546 0.0002937116836254635 165600
1758589341061 0.00029349487500326515 165700
1758589343570 0.0002932789770531782 165800
1758589345864 0.00029308179093120946 165900
1758589348103 0.0002928897140874118 166000
1758589350264 0.0002927045760364198 166100
1758589352431 0.0002925188214813581 166200
1758589354658 0.0002923282028200323 166300
1758589356798 0.00029214542362677683 166400
1758589358914 0.0002919649655272812 166500
1758589361016 0.00029178595433769787 166600
1758589363262 0.00029159491154665787 166700
1758589365558 0.0002913998736933687 166800
1758589367853 0.0002912053016654329 166900
1758589370292 0.0002909983287927036 167000
1758589372686 0.0002907958322622812 167100
1758589375090 0.00029059265686760523 167200
1758589377429 0.00029039527788419643 167300
1758589379825 0.0002901933647547681 167400
1758589382130 0.00028999925846327616 167500
1758589384394 0.00028980902121796123 167600
1758589386694 0.00028961613220488005 167700
1758589389083 0.0002894162711308638 167800
1758589391455 0.0002892173352700817 167900
1758589394500 0.00028896369248142387 168000
1758589397415 0.0002887196845719108 168100
1758589400242 0.0002884848946690993 168200
1758589403258 0.0002882347730523507 168300
1758589406297 0.0002879816355197288 168400
1758589409111 0.0002877482356392759 168500
1758589411841 0.0002875221237568133 168600
1758589414600 0.00028729457154067764 168700
1758589417464 0.00028705834765693327 168800
1758589419822 0.00028686401000236445 168900
1758589422395 0.00028665269181486275 169000
1758589425342 0.0002864108693814283 169100
1758589427780 0.0002862104332365851 169200
1758589430360 0.00028600006011198257 169300
1758589432733 0.00028580601004180457 169400
1758589435915 0.0002855465565538215 169500
1758589438872 0.00028530533875405787 169600
1758589441756 0.0002850704726075006 169700
1758589444556 0.00028484281888548226 169800
1758589446949 0.000284648747233558 169900
1758589449574 0.00028443635649927075 170000
1758589452418 0.00028420645850294954 170100
1758589455203 0.0002839816462252772 170200
1758589457633 0.0002837857599052072 170300
1758589460241 0.00028357589509034613 170400
1758589462723 0.0002833763241566239 170500
1758589465184 0.0002831795433047325 170600
1758589467917 0.0002829600442576801 170700
1758589470441 0.0002827580767779205 170800
1758589473155 0.0002825414527826917 170900
1758589476391 0.0002822836336770362 171000
1758589479352 0.0002820477561460358 171100
1758589481897 0.00028184516726086946 171200
1758589484257 0.00028165794531339694 171300
1758589486724 0.0002814623015402484 171400
1758589489152 0.00028127008969892566 171500
1758589491567 0.00028107892673134594 171600
1758589493957 0.00028089030672050544 171700
1758589496708 0.0002806745417130656 171800
1758589499505 0.0002804534269192499 171900
1758589502248 0.00028023775694453897 172000
1758589504901 0.0002800298098341701 172100
1758589508542 0.00027974490154319883 172200
1758589511750 0.0002794959675802547 172300
1758589515204 0.0002792243176676507 172400
1758589518226 0.00027898943862518136 172500
1758589521113 0.0002787641252815511 172600
1758589523997 0.0002785402636730055 172700
1758589526744 0.0002783272274856963 172800
1758589528939 0.00027815710523655934 172900
1758589531205 0.0002779818803258927 173000
1758589533698 0.0002777894788831815 173100
1758589536174 0.0002775984667877291 173200
1758589538546 0.00027741590960306646 173300
1758589541092 0.00027722007873958533 173400
1758589543488 0.00027703607019608905 173500
1758589545929 0.0002768487805153934 173600
1758589548029 0.00027668782699679235 173700
1758589550283 0.00027651545152082216 173800
1758589552710 0.000276330070504787 173900
1758589554972 0.00027615754728552296 174000
1758589557319 0.0002759784789264607 174100
1758589559613 0.0002758040366337298 174200
1758589561937 0.0002756271749146648 174300
1758589564676 0.0002754196723562189 174400
1758589567194 0.00027522864363995083 174500
1758589569546 0.00027505067126536593 174600
1758589571913 0.0002748714086825869 174700
1758589574233 0.0002746963080942043 174800
1758589576734 0.00027450766552614993 174900
1758589579122 0.0002743278214762805 175000
1758589581483 0.0002741501902314904 175100
1758589583897 0.00027396899718600253 175200
1758589586207 0.00027379567108110943 175300
1758589588650 0.00027361269876725603 175400
1758589591070 0.00027343155445391494 175500
1758589593411 0.0002732567134374747 175600
1758589595807 0.000273077793875627 175700
1758589598212 0.00027289857079444815 175800
1758589600859 0.0002727022850336265 175900
1758589603563 0.0002725030267285062 176000
1758589606979 0.0002722492266830664 176100
1758589610070 0.0002720186354110103 176200
1758589612782 0.0002718180036150806 176300
1758589615357 0.0002716278707237643 176400
1758589617931 0.00027143829443069867 176500
1758589620389 0.0002712570810806741 176600
1758589622828 0.0002710776345058318 176700
1758589625217 0.0002709023626466962 176800
1758589627666 0.00027072262042725123 176900
1758589630231 0.00027053588345761384 177000
1758589632765 0.00027034955437620875 177100
1758589635106 0.0002701786125805241 177200
1758589637904 0.0002699745640221288 177300
1758589640176 0.0002698088506878423 177400
1758589642352 0.00026965099006184086 177500
1758589644870 0.0002694678061704645 177600
1758589647339 0.00026928851157663095 177700
1758589649778 0.0002691118469174361 177800
1758589652082 0.00026894500333431246 177900
1758589654252 0.0002687880270871895 178000
1758589656487 0.0002686267948860227 178100
1758589659062 0.000268441438455832 178200
1758589661435 0.00026827008539133634 178300
1758589663955 0.0002680890539212132 178400
1758589666371 0.0002679153729852951 178500
1758589668807 0.00026774070024066627 178600
1758589671240 0.0002675662127456308 178700
1758589673762 0.00026738615307564845 178800
1758589676262 0.00026720739427884134 178900
1758589678742 0.0002670302239132857 179000
1758589681234 0.00026685289178233676 179100
1758589683746 0.00026667390953238255 179200
1758589686544 0.00026647550063826485 179300
1758589689038 0.0002662981314153678 179400
1758589691462 0.00026612673963156286 179500
1758589693987 0.0002659477943397482 179600
1758589696462 0.00026577275022122987 179700
1758589698751 0.0002656112492230627 179800
1758589700996 0.0002654529266080099 179900
1758589703305 0.0002652903145790373 180000
1758589705676 0.0002651235421791895 180100
1758589707921 0.00026496583302923254 180200
1758589710191 0.00026480650931172623 180300
1758589712496 0.0002646452105131169 180400
1758589715242 0.00026445284268213244 180500
1758589717996 0.00026426035786381507 180600
1758589720642 0.0002640756743425783 180700
1758589723362 0.0002638862610276283 180800
1758589726045 0.00026369941862689806 180900
1758589728801 0.00026350797803288716 181000
1758589731588 0.0002633146641152377 181100
1758589734429 0.00026311776120839243 181200
1758589737149 0.0002629296178236815 181300
1758589739923 0.0002627380142939459 181400
1758589742649 0.0002625498917126389 181500
1758589745370 0.0002623624344197211 181600
1758589748111 0.00026217396981108163 181700
1758589751055 0.00026197182175448277 181800
1758589753918 0.00026177537143954536 181900
1758589756747 0.0002615817404957252 182000
1758589759554 0.0002613903284954755 182100
1758589762420 0.00026119405107950854 182200
1758589764817 0.0002610306184191679 182300
1758589767258 0.0002608654320457708 182400
1758589769510 0.0002607114441903757 182500
1758589771876 0.00026055055664399134 182600
1758589774431 0.0002603777491499942 182700
1758589776627 0.0002602284169375829 182800
1758589778975 0.00026006956806132853 182900
1758589781140 0.0002599230844432915 183000
1758589783356 0.00025977355982100193 183100
1758589785553 0.0002596258497607998 183200
1758589787929 0.0002594653995261544 183300
1758589790397 0.0002592992360867561 183400
1758589792592 0.00025915176281988354 183500
1758589794884 0.0002589979794826315 183600
1758589797106 0.00025885009666914673 183700
1758589799580 0.00025868356506796047 183800
1758589802626 0.0002584804320869136 183900
1758589805690 0.0002582755244964945 184000
1758589808576 0.0002580828719635935 184100
1758589811844 0.00025786557941805344 184200
1758589815399 0.0002576292196357582 184300
1758589818484 0.00025742516775963543 184400
1758589821704 0.00025721130194758133 184500
1758589824138 0.00025705072296071385 184600
1758589826411 0.00025690034871418444 184700
1758589828719 0.0002567480086989017 184800
1758589831138 0.00025658876487764313 184900
1758589833367 0.0002564419651270563 185000
1758589835538 0.0002562992417228902 185100
1758589837744 0.0002561545084001797 185200
1758589840104 0.0002559996627816942 185300
1758589842414 0.00025584856330721097 185400
1758589845207 0.0002556664609431075 185500
1758589848125 0.00025547553070598205 185600
1758589850793 0.0002553011811271054 185700
1758589853331 0.00025513595725855663 185800
1758589855672 0.0002549835187231703 185900
1758589857952 0.0002548353107064457 186000
1758589860229 0.00025468799054815156 186100
1758589862707 0.0002545269353507214 186200
1758589864963 0.00025438084273985616 186300
1758589867348 0.00025422694147630553 186400
1758589869881 0.0002540633682174645 186500
1758589872386 0.00025390154765787457 186600
1758589874708 0.0002537518187768894 186700
1758589877193 0.0002535920115288716 186800
1758589880042 0.00025340955078011847 186900
1758589883107 0.0002532121619771697 187000
1758589885526 0.0002530571968996402 187100
1758589888077 0.0002528940689280213 187200
1758589890778 0.0002527213204580586 187300
1758589893031 0.0002525775736002269 187400
1758589895498 0.0002524202171990817 187500
1758589897943 0.0002522644692786223 187600
1758589900245 0.0002521182198948842 187700
1758589902738 0.0002519597585297061 187800
1758589905205 0.000251803237762033 187900
1758589907505 0.0002516575789408385 188000
1758589909821 0.00025151096091071036 188100
1758589912060 0.00025136959473767516 188200
1758589914487 0.0002512160720693414 188300
1758589916756 0.0002510729995287867 188400
1758589919169 0.00025092087664522176 188500
1758589921372 0.0002507823427184287 188600
1758589923597 0.0002506425173542023 188700
1758589925861 0.0002505003615575063 188800
1758589928169 0.0002503555855910504 188900
1758589930384 0.0002502167595689942 189000
1758589932576 0.0002500796327547433 189100
1758589935087 0.00024992305224960973 189200
1758589937451 0.00024977523370879937 189300
1758589939678 0.00024963632951644985 189400
1758589941870 0.0002494998115316638 189500
1758589944126 0.0002493596244000016 189600
1758589946585 0.0002492066855292235 189700
1758589949082 0.00024905162927649227 189800
1758589951295 0.00024891456890399714 189900
1758589953561 0.0002487741080914927 190000
1758589955954 0.00024862617220572353 190100
1758589958348 0.0002484782535469399 190200
1758589960844 0.0002483242264842458 190300
1758589963098 0.0002481852568484709 190400
1758589965346 0.0002480468487859553 190500
1758589967644 0.00024790564964077805 190600
1758589969889 0.00024776766223329536 190700
1758589972241 0.0002476234141150519 190800
1758589975160 0.0002474449988446955 190900
1758589977934 0.00024727495560752146 191000
1758589980839 0.00024709907680743484 191100
1758589983947 0.0002469080654114958 191200
1758589986740 0.0002467384669802881 191300
1758589989904 0.00024654563535381506 191400
1758589993059 0.0002463538422254436 191500
1758589996112 0.00024616890763379246 191600
1758589999430 0.00024596792435854575 191700
1758590003060 0.00024574983351178007 191800
1758590009590 0.0002453601857641927 191900
1758590014004 0.0002450893557298623 192000
1758590018020 0.0002448484337381993 192100
1758590023754 0.00024450533992627057 192200
1758590026997 0.00024431140354084965 192300
1758590029481 0.00024416295388636684 192400
1758590032775 0.0002439667907772316 192500
1758590035298 0.0002438165651268196 192600
1758590037704 0.00024367332541790158 192700
1758590039954 0.00024354018757551061 192800
1758590042292 0.00024340129163067078 192900
1758590044592 0.00024326519159920717 193000
1758590046842 0.000243132110900624 193100
1758590049633 0.00024296832729900656 193200
1758590051981 0.00024282870435546168 193300
1758590054310 0.00024269245620648155 193400
1758590056757 0.00024254742467869135 193500
1758590059177 0.00024240523722195465 193600
1758590061657 0.00024226001811842714 193700
1758590064061 0.00024211865502650498 193800
1758590066834 0.00024195621036285115 193900
1758590069526 0.00024179887006558974 194000
1758590072120 0.0002416470894604569 194100
1758590074632 0.00024150043345777075 194200
1758590077160 0.00024135330958241838 194300
1758590079948 0.00024119078286928496 194400
1758590082278 0.00024105549133222488 194500
1758590084525 0.00024092488229231568 194600
1758590086926 0.00024078565796869166 194700
1758590089216 0.00024065299685697893 194800
1758590091517 0.00024051969596180982 194900
1758590093818 0.00024038656063838816 195000
1758590096568 0.00024022811872239652 195100
1758590099445 0.0002400621742157312 195200
1758590102219 0.00023990213745037441 195300
1758590104618 0.0002397641252232632 195400
1758590107207 0.000239615326684793 195500
1758590109832 0.00023946474904953786 195600
1758590112328 0.00023932165170041439 195700
1758590115041 0.00023916642793720568 195800
1758590117729 0.00023901418944309103 195900
1758590120462 0.00023885666747300823 196000
1758590123324 0.00023869359295397864 196100
1758590125698 0.00023855842773315308 196200
1758590127985 0.00023842829266690625 196300
1758590130641 0.00023827749990744764 196400
1758590133503 0.00023811551018492732 196500
1758590136397 0.00023795118902219064 196600
1758590139203 0.00023779291491961348 196700
1758590142123 0.00023762727061824276 196800
1758590144548 0.00023749043932310053 196900
1758590147301 0.00023733528398053186 197000
1758590150273 0.00023716793109090033 197100
1758590153252 0.00023700056092836722 197200
1758590156089 0.0002368413154243355 197300
1758590158965 0.00023668003510047967 197400
1758590161692 0.00023652742196063128 197500
1758590164473 0.00023637207711750194 197600
1758590167287 0.00023621486689626267 197700
1758590170066 0.0002360598538704124 197800
1758590173300 0.0002358798219922122 197900
1758590176120 0.0002357231072490132 198000
1758590178973 0.0002355646708721535 198100
1758590181770 0.00023540944425176402 198200
1758590184149 0.00023527776941292114 198300
1758590186616 0.00023514118154710893 198400
1758590189183 0.00023499939095979224 198500
1758590191958 0.00023484625419855848 198600
1758590194403 0.00023471152266883884 198700
1758590196898 0.00023457406924364078 198800
1758590199710 0.00023441955509687917 198900
1758590202676 0.00023425665994725493 199000
1758590205417 0.00023410622543511517 199100
1758590208116 0.00023395846314632596 199200
1758590210869 0.00023380795130814022 199300
1758590213683 0.00023365416503409427 199400
1758590216559 0.0002334972169478612 199500
1758590219384 0.00023334339578920038 199600
1758590222383 0.00023318024208976584 199700
1758590225207 0.00023302671367056918 199800
1758590228149 0.00023286720139903226 199900
1758590231179 0.00023270304715010564 200000
1758590234205 0.0002325392753086361 200100
1758590237119 0.00023238163985191498 200200
1758590240079 0.0002322221011874553 200300
1758590243090 0.00023205968268941372 200400
1758590246089 0.00023189835032153181 200500
1758590248957 0.00023174411029789783 200600
1758590251893 0.00023158663672313444 200700
1758590254989 0.00023142090854266252 200800
1758590258180 0.0002312500778606796 200900
1758590260886 0.00023110538301249575 201000
1758590263904 0.0002309443586235098 201100
1758590267006 0.0002307789085640368 201200
1758590270172 0.00023061040054759356 201300
1758590273064 0.00023045708865867883 201400
1758590276114 0.00023029494124417242 201500
1758590278758 0.0002301546385328884 201600
1758590281722 0.00023000512550329353 201700
1758590284584 0.00022984666311556807 201800
1758590287580 0.00022968860232612623 201900
1758590290606 0.00022952877635295136 202000
1758590293626 0.00022937767196073113 202100
1758590296681 0.00022920924362998182 202200
1758590299806 0.0002290451998113841 202300
1758590302847 0.0002288857548356909 202400
1758590305784 0.00022873204648088676 202500
1758590308810 0.00022857385559167835 202600
1758590311878 0.0002284136285402566 202700
1758590314861 0.00022825802664177105 202800
1758590317812 0.00022810476146658978 202900
1758590320950 0.00022794133916128579 203000
1758590324196 0.00022777281780459133 203100
1758590327243 0.00022761477152901017 203200
1758590330156 0.00022746404601212502 203300
1758590333549 0.00022728848715624988 203400
1758590336559 0.00022713321490979568 203500
1758590340528 0.00022692854633099037 203600
1758590343468 0.00022677729203683742 203700
1758590346707 0.00022661084248047216 203800
1758590349777 0.00022645339364450598 203900
1758590352892 0.0002262938691156286 204000
1758590355963 0.0002261365580150244 204100
1758590359051 0.00022597872148533388 204200
1758590362198 0.00022581856262673708 204300
1758590365172 0.00022566658151695692 204400
1758590367875 0.00022552900963982223 204500
1758590370638 0.00022538864522660712 204600
1758590373594 0.00022523878706601225 204700
1758590377031 0.0002250643846731763 204800
1758590379877 0.0002249203496175483 204900
1758590383104 0.0002247570984358016 205000
1758590386083 0.00022460660627132394 205100
1758590389275 0.00022444565214934696 205200
1758590392259 0.0002242963297192441 205300
1758590396308 0.00022409324753882282 205400
1758590399609 0.00022392646792741613 205500
1758590403463 0.00022373357263973922 205600
1758590406628 0.0002235750210888498 205700
1758590409208 0.00022344604453617396 205800
1758590411879 0.0002233127540351394 205900
1758590414906 0.00022316192971727096 206000
1758590417675 0.00022302410731259438 206100
1758590420613 0.00022287803101751462 206200
1758590423722 0.00022272374870550143 206300
1758590426779 0.0002225723025007966 206400
1758590429675 0.00022242893489238954 206500
1758590432703 0.00022227908411686327 206600
1758590435760 0.00022212830468959702 206700
1758590438892 0.00022198113375924234 206800
1758590441912 0.00022182514268512666 206900
1758590446163 0.0002216174600322622 207000
1758590449974 0.00022142951547252738 207100
1758590454346 0.00022121562661658222 207200
1758590457805 0.00022104590153890688 207300
1758590461226 0.00022087898608258972 207400
1758590465219 0.00022068448183482246 207500
1758590469155 0.0002204928472912962 207600
1758590472719 0.0002203195637500261 207700
1758590476234 0.00022014916220051904 207800
1758590479429 0.00021999466954310468 207900
1758590482435 0.00021984911789398748 208000
1758590485598 0.00021969612882877023 208100
1758590489997 0.00021948725300528977 208200
1758590495170 0.00021923549205659032 208300
1758590498364 0.00021908209032904142 208400
1758590502252 0.00021889544413459332 208500
1758590507494 0.00021864486491401862 208600
1758590513638 0.00021835156679859185 208700
1758590517997 0.0002181445056000324 208800
1758590522049 0.0002179531665626617 208900
1758590529011 0.00021762279156828208 209000
1758590534351 0.0002173702691212409 209100
1758590538802 0.00021715846414594223 209200
1758590542631 0.00021697767293737377 209300
1758590546286 0.0002168057128307812 209400
