1771216781670 19.738868713378906 5120
1771216792482 20.904430389404297 10240
1771216801700 21.29094696044922 15360
1771216811001 21.6951904296875 20480
1771216820460 22.015146255493164 25600
1771216831906 21.82988739013672 30720
1771216840973 21.94470977783203 35840
1771216850486 22.07536506652832 40960
1771216859895 22.152191162109375 46080
1771216871093 22.157939910888672 51200
1771216880387 22.163915634155273 56320
1771216890430 22.195098876953125 61440
1771216899740 22.270973205566406 66560
1771216910197 22.273998260498047 71680
1771216919696 22.257455825805664 76800
1771216930359 22.224773406982422 81920
1771216939870 22.232431411743164 87040
1771216949868 22.086669921875 92160
1771216959049 21.904964447021484 97280
1771216970397 21.514848709106445 102400
1771216979526 21.020917892456055 107520
1771216988885 20.480010986328125 112640
1771216998092 20.398317337036133 117760
1771217010200 20.487558364868164 122880
1771217019274 20.548982620239258 128000
1771217028633 20.611745834350586 133120
1771217037833 20.469228744506836 138240
1771217049709 20.367380142211914 143360
1771217059086 20.284671783447266 148480
1771217068287 20.245399475097656 153600
1771217077501 20.215618133544922 158720
1771217089385 20.175182342529297 163840
1771217098408 20.163373947143555 168960
1771217107783 20.159420013427734 174080
1771217117421 20.128583908081055 179200
1771217128574 20.081369400024414 184320
1771217137885 20.05524444580078 189440
1771217147197 20.0153865814209 194560
1771217156759 19.98154067993164 199680
1771217167704 19.924476623535156 204800
1771217177618 19.887001037597656 209920
1771217187038 19.87616729736328 215040
1771217196270 19.879657745361328 220160
1771217207416 19.896787643432617 225280
1771217217542 19.93235969543457 230400
1771217226538 19.94911766052246 235520
1771217236287 19.94874382019043 240640
1771217246739 19.933311462402344 245760
1771217257114 19.92967987060547 250880
1771217266797 19.94584083557129 256000
1771217275897 19.920726776123047 261120
1771217286137 19.90497398376465 266240
1771217296884 19.900745391845703 271360
1771217306037 19.878662109375 276480
1771217315500 19.870534896850586 281600
1771217326138 19.83408546447754 286720
1771217336083 19.81348419189453 291840
1771217345831 19.777629852294922 296960
1771217349659 19.75767707824707 300032
