1771216781667 52.07210607339723 5120
1771216792479 59.32285758737253 10240
1771216801697 30.355013569748508 15360
1771216810999 56.38869618993843 20480
1771216820457 49.61559572253241 25600
1771216831904 9.143395280396751 30720
1771216840971 60.32973260647555 35840
1771216850484 53.75107648144351 40960
1771216859893 4.565298409989377 46080
1771216871091 51.78472745231187 51200
1771216880385 4.209006058161157 56320
1771216890428 35.22020690581755 61440
1771216899737 42.53297232616389 66560
1771216910194 42.8891752050228 71680
1771216919694 47.813592941337404 76800
1771216930357 52.41111124995314 81920
1771216939867 56.166693449033154 87040
1771216949865 57.27654344590258 92160
1771216959046 3.9877087833520948 97280
1771216970395 57.06070252768482 102400
1771216979524 57.7711908762844 107520
1771216988883 54.940976133714074 112640
1771216998090 49.30994592052669 117760
1771217010198 36.125404809481154 122880
1771217019272 56.86497918898033 128000
1771217028630 56.42586738057121 133120
1771217037831 56.34173338348289 138240
1771217049707 53.31109868320708 143360
1771217059084 55.980033366700034 148480
1771217068285 58.23966230664556 153600
1771217077499 55.69459161587592 158720
1771217089383 3.1020847693795983 163840
1771217098406 51.442392130890184 168960
1771217107781 55.15482734134603 174080
1771217117419 49.13088907110226 179200
1771217128571 57.81578584622171 184320
1771217137882 45.92069018371324 189440
1771217147194 56.32130628029703 194560
1771217156757 24.89053468636876 199680
1771217167702 56.35005978531028 204800
1771217177616 52.21146975713592 209920
1771217187035 45.705518263446955 215040
1771217196267 47.787444457103796 220160
1771217207413 56.434218670111136 225280
1771217217540 57.7409691629956 230400
1771217226536 45.283612061798905 235520
1771217236284 57.025791627578144 240640
1771217246737 55.13742605494939 245760
1771217257112 50.74716579351732 250880
1771217266794 2.3918684647530064 256000
1771217275894 3.5437585281879054 261120
1771217286135 50.952452683495714 266240
1771217296882 53.04880794283185 271360
1771217306034 46.54907052882748 276480
1771217315498 56.56131076798597 281600
1771217326136 51.72597333727971 286720
1771217336081 58.56657730116175 291840
1771217345829 4.759569513728445 296960
1771217349657 55.66945834384084 300032
