1771216781670 2.3070149421691895 5120
1771216792482 1.9349336624145508 10240
1771216801700 1.8120193481445312 15360
1771216811001 1.7721315622329712 20480
1771216820460 1.7789781093597412 25600
1771216831906 1.7226756811141968 30720
1771216840973 1.704872488975525 35840
1771216850486 1.7021745443344116 40960
1771216859895 1.7000586986541748 46080
1771216871093 1.6890201568603516 51200
1771216880387 1.6746160984039307 56320
1771216890430 1.6542339324951172 61440
1771216899740 1.6452661752700806 66560
1771216910197 1.6451362371444702 71680
1771216919696 1.6372475624084473 76800
1771216930359 1.6291146278381348 81920
1771216939870 1.626621127128601 87040
1771216949868 1.6441184282302856 92160
1771216959049 1.6710737943649292 97280
1771216970397 1.728611707687378 102400
1771216979526 1.8197039365768433 107520
1771216988885 1.9128329753875732 112640
1771216998092 1.9256118535995483 117760
1771217010200 1.9030671119689941 122880
1771217019274 1.8905854225158691 128000
1771217028633 1.8789092302322388 133120
1771217037833 1.9170100688934326 138240
1771217049709 1.9506189823150635 143360
1771217059086 1.9840294122695923 148480
1771217068287 2.009111166000366 153600
1771217077501 2.0266435146331787 158720
1771217089385 2.043227434158325 163840
1771217098408 2.061119556427002 168960
1771217107783 2.0808849334716797 174080
1771217117421 2.0948309898376465 179200
1771217128574 2.103864908218384 184320
1771217137885 2.1145148277282715 189440
1771217147197 2.120739221572876 194560
1771217156759 2.1293418407440186 199680
1771217167704 2.1355953216552734 204800
1771217177618 2.1394004821777344 209920
1771217187038 2.146726608276367 215040
1771217196270 2.1574437618255615 220160
1771217207416 2.1648876667022705 225280
1771217217542 2.17402982711792 230400
1771217226538 2.1790380477905273 235520
1771217236287 2.1856300830841064 240640
1771217246739 2.189002513885498 245760
1771217257114 2.1990466117858887 250880
1771217266797 2.202690601348877 256000
1771217275897 2.210416316986084 261120
1771217286137 2.218778610229492 266240
1771217296884 2.2251923084259033 271360
1771217306037 2.229356050491333 276480
1771217315500 2.234090805053711 281600
1771217326138 2.235490322113037 286720
1771217336083 2.2394988536834717 291840
1771217345831 2.240729570388794 296960
1771217349659 2.240621328353882 300032
