1771198623740 -1.3753304481506348 5120
1771198635516 -1.4078243970870972 10240
1771198644431 -1.6854066848754883 15360
1771198653013 -1.9378385543823242 20480
1771198661560 -2.027020215988159 25600
1771198671244 -2.0350048542022705 30720
1771198680040 -1.9905154705047607 35840
1771198689281 -1.9343265295028687 40960
1771198697930 -1.883845329284668 46080
1771198707387 -1.8359092473983765 51200
1771198716539 -1.7753652334213257 56320
1771198725281 -1.7309083938598633 61440
1771198733935 -1.6525142192840576 66560
1771198743232 -1.602890968322754 71680
1771198751846 -1.5476323366165161 76800
1771198760507 -1.4807734489440918 81920
1771198769314 -1.4306297302246094 87040
1771198778825 -1.3797485828399658 92160
1771198787854 -1.2775911092758179 97280
1771198796454 -1.246201753616333 102400
1771198805081 -1.15313720703125 107520
1771198813671 -1.1147851943969727 112640
1771198822980 -1.0407392978668213 117760
1771198831888 -0.9996435046195984 122880
1771198840781 -0.9607040286064148 128000
1771198850160 -0.876762866973877 133120
1771198858729 -0.8050450086593628 138240
1771198867346 -0.7469066381454468 143360
1771198875931 -0.7143000364303589 148480
1771198884730 -0.6107169389724731 153600
1771198893813 -0.6164827942848206 158720
1771198902490 -0.5424329042434692 163840
1771198910988 -0.5216002464294434 168960
1771198919995 -0.42339521646499634 174080
1771198928791 -0.5101674199104309 179200
1771198937279 -0.6522718071937561 184320
1771198945889 -0.7268677353858948 189440
1771198954482 -0.8335574865341187 194560
1771198963033 -0.8804835081100464 199680
1771198971614 -1.0330920219421387 204800
1771198980166 -1.0947669744491577 209920
1771198990073 -1.229720115661621 215040
1771198998595 -1.3297288417816162 220160
1771199007291 -1.4432178735733032 225280
1771199016366 -1.7092748880386353 230400
1771199025366 -2.1794049739837646 235520
1771199034110 -2.8253235816955566 240640
1771199042751 -3.5569796562194824 245760
1771199052028 -4.4399518966674805 250880
1771199061304 -5.178102016448975 256000
1771199069904 -5.892945766448975 261120
1771199078539 -6.688788414001465 266240
1771199087499 -7.3989057540893555 271360
1771199096049 -8.171579360961914 276480
1771199104725 -8.795936584472656 281600
1771199113366 -9.437752723693848 286720
1771199122220 -9.613119125366211 291840
1771199131478 -9.939435005187988 296960
1771199135149 -10.08281135559082 300032
