1771198623740 62.39759591782085 5120
1771198635516 70.64685868283645 10240
1771198644431 9.805571985309072 15360
1771198653013 72.52942295388127 20480
1771198661560 75.7108251051463 25600
1771198671244 75.42355691422406 30720
1771198680040 71.32563557520619 35840
1771198689281 72.35176208794053 40960
1771198697930 56.6866781094998 46080
1771198707387 70.8485329639702 51200
1771198716539 71.5702682410757 56320
1771198725281 66.55723761464978 61440
1771198733935 30.016345341863826 66560
1771198743232 61.651928504233304 71680
1771198751846 71.30865876672503 76800
1771198760507 74.35786338575 81920
1771198769314 60.66480568130867 87040
1771198778825 69.80849824409567 92160
1771198787854 66.0738827013658 97280
1771198796454 71.51657345519028 102400
1771198805081 65.61904910902861 107520
1771198813671 75.42220064375753 112640
1771198822980 60.02495849791058 117760
1771198831888 2.5950146415284854 122880
1771198840781 5.353633288659136 128000
1771198850160 71.50438132905998 133120
1771198858729 54.21939553763024 138240
1771198867346 11.755105701401598 143360
1771198875931 73.99188512154677 148480
1771198884730 70.51383611848962 153600
1771198893813 73.04477455983003 158720
1771198902490 57.027342316007015 163840
1771198910988 63.574141720348614 168960
1771198919995 48.63017542232374 174080
1771198928791 62.35121675660408 179200
1771198937279 61.799086488875794 184320
1771198945889 61.857416747780434 189440
1771198954482 70.56959703878186 194560
1771198963033 70.9876279935686 199680
1771198971614 69.38812513441528 204800
1771198980166 66.85534851841815 209920
1771198990073 2.07559384453375 215040
1771198998595 63.4328060252261 220160
1771199007291 72.5419671734205 225280
1771199016366 2.3190900802223156 230400
1771199025366 3.057710280714493 235520
1771199034110 71.63015967893433 240640
1771199042751 73.65923220118717 245760
1771199052028 2.2320813155233887 250880
1771199061304 74.41063033335108 256000
1771199069904 70.49487377726983 261120
1771199078539 10.324821839575614 266240
1771199087499 69.49965202982601 271360
1771199096049 71.5898136137093 276480
1771199104725 59.7956204379562 281600
1771199113366 71.51047687245324 286720
1771199122220 71.2480932239379 291840
1771199131478 69.2060852060852 296960
1771199135149 59.976034204166844 300032
