1760053528666 1.1973161478988996 5120
1760053552404 1.0665464654778167 10240
1760053572625 0.929067930494036 15360
1760053599907 0.8206676341391899 20480
1760053619731 0.726422529371958 25600
1760053646771 0.6509024186016928 30720
1760053670339 0.59987985464754 35840
1760053690783 0.5533716634467796 40960
1760053710737 0.5019862372572251 46080
1760053740364 0.4748478228538158 51200
1760053759673 0.43512774042389407 56320
1760053780405 0.4166145865596942 61440
1760053806206 0.3996315904310258 66560
1760053832265 0.38102833241731654 71680
1760053851127 0.36872646972650946 76800
1760053872205 0.3533784647619736 81920
1760053898676 0.3429071992940303 87040
1760053920671 0.3231112295696272 92160
1760053947720 0.31407197082939253 97280
1760053967150 0.30352760796457157 102400
1760053992892 0.29565103122588954 107520
1760054013276 0.2868989627961674 112640
1760054043480 0.2772177164151596 117760
1760054064371 0.2739057653252042 122880
1760054088554 0.2655324060694281 128000
1760054112102 0.25974420393633413 133120
1760054139841 0.25042545165327623 138240
1760054164206 0.2442563428796983 143360
1760054185455 0.24090691102569292 148480
1760054209492 0.23531383757552551 153600
1760054237419 0.23121065040911992 158720
1760054259168 0.22708449719294624 163840
1760054285586 0.22441577333671905 168960
1760054305649 0.21942577627584275 174080
1760054330562 0.2170949056408494 179200
1760054352314 0.21458290704553357 184320
1760054380479 0.2124332111176709 189440
1760054403027 0.20960578432916463 194560
1760054421888 0.20571123002773078 199680
1760054445775 0.20272827541614438 204800
1760054473420 0.20081524490800542 209920
1760054491258 0.19897147093098058 215040
1760054513279 0.19811715110556663 220160
1760054543668 0.19527996602603165 225280
1760054561960 0.19320476281427545 230400
1760054586496 0.19091171770397766 235520
1760054609365 0.18914363030274486 240640
1760054631982 0.1872633803881342 245760
1760054654361 0.18680781868736396 250880
1760054676616 0.18512050467388988 256000
1760054700096 0.182000670094541 261120
1760054723857 0.1816946742066081 266240
1760054747079 0.17902609755817614 271360
1760054773423 0.17783281164183917 276480
1760054794325 0.1754209763377645 281600
1760054817430 0.17402073352463035 286720
1760054839706 0.17268573540260893 291840
1760054861961 0.17151521815416085 296960
1760054872672 0.17120170073489824 300032
