1760053528662 0.05553209905823072 5120
1760053552400 -1.4371575875715776 10240
1760053572622 -0.5615230798721313 15360
1760053599902 0.10552216640540532 20480
1760053619725 0.19149908881921035 25600
1760053646767 0.30377437606934576 30720
1760053670334 0.3911718991067674 35840
1760053690777 0.30709351562872167 40960
1760053710730 0.2650773421577785 46080
1760053740359 0.28580235032474294 51200
1760053759669 0.24862297092165267 56320
1760053780401 0.2237120026447734 61440
1760053806202 0.2223732037977739 66560
1760053832258 0.20222483554356535 71680
1760053851123 0.18576300457904213 76800
1760053872201 0.17739849031707386 81920
1760053898672 0.17237085797065912 87040
1760053920667 0.16030902914948517 92160
1760053947716 0.1526852771639824 97280
1760053967145 0.1437851580062715 102400
1760053992887 0.13607937659857408 107520
1760054013271 0.1329965591430664 112640
1760054043473 0.1257305987950029 117760
1760054064367 0.11747392149996166 122880
1760054088543 0.11923621003589933 128000
1760054112098 0.10720062073860459 133120
1760054139837 0.1076160003157223 138240
1760054164195 0.10175918687319925 143360
1760054185447 0.09878586579675544 148480
1760054209487 0.09576944483826492 153600
1760054237414 0.09109489887188642 158720
1760054259164 0.09328112542999457 163840
1760054285581 0.08342606906431267 168960
1760054305644 0.08633998541804085 174080
1760054330556 0.08071427182717757 179200
1760054352309 0.07925428474805632 184320
1760054380474 0.07759406489710655 189440
1760054403022 0.07469581933545817 194560
1760054421880 0.07115416380823875 199680
1760054445770 0.07216689361268608 204800
1760054473415 0.067184022329386 209920
1760054491252 0.06897343730474535 215040
1760054513269 0.06458921785707827 220160
1760054543663 0.0656122870035301 225280
1760054561951 0.06162216705558574 230400
1760054586491 0.060519965696128414 235520
1760054609359 0.059996377613584874 240640
1760054631976 0.05760059910691131 245760
1760054654355 0.05702068166034978 250880
1760054676610 0.056040438997793006 256000
1760054700090 0.05502795707434416 261120
1760054723851 0.052725075761933894 266240
1760054747073 0.05232934485700794 271360
1760054773417 0.05122973118321042 276480
1760054794315 0.05034903426101242 281600
1760054817423 0.04913889131512082 286720
1760054839700 0.047977558382741224 291840
1760054861955 0.047376711343981553 296960
1760054872665 0.017879749727737374 300032
