1771078845019 140.63990879522515 6144
1771078863532 139.80547315089498 12288
1771078879286 144.76095810036585 18432
1771078892495 134.8390664180544 24576
1771078900956 137.41003800288297 30720
1771078917407 144.57134978629531 36864
1771078933442 146.30612529649784 43008
1771078946729 143.10146707608325 49152
1771078955261 134.4242035766938 55296
1771078971763 143.29213214444331 61440
1771078987548 137.78017213060903 67584
1771079001422 134.57515962396124 73728
1771079009574 138.81529041866622 79872
1771079025598 143.59137281752825 86016
1771079042101 141.9104073622953 92160
1771079055761 139.84276331143934 98304
1771079063778 127.90631861429617 104448
1771079079917 141.3842108811434 110592
1771079095772 143.76856104750806 116736
1771079110262 128.50589785226262 122880
1771079117561 144.83594046755758 129024
1771079134049 129.48579896270684 135168
1771079150186 142.88209845000853 141312
1771079165088 127.98047172977756 147456
1771079171752 129.51378724718234 153600
1771079188147 124.66722149566044 159744
1771079204974 130.9983134486851 165888
1771079219849 128.0820838550096 172032
1771079226605 141.72818814624586 178176
1771079242764 124.40837634217239 184320
1771079258855 130.7899840967913 190464
1771079274260 142.31487513572205 196608
1771079281002 124.70057975323324 202752
1771079296883 128.05080140436576 208896
1771079313206 139.62396804260985 215040
1771079329120 126.69699441172028 221184
1771079335399 145.42347964773595 227328
1771079351249 145.7874174487313 233472
1771079367991 131.10887437091682 239616
1771079384561 132.9372761560648 245760
1771079389905 130.38341260219465 251904
1771079406204 133.11025071405902 258048
1771079422357 144.96108384599432 264192
1771079437849 127.16948638651385 270336
1771079444733 144.45185287229646 276480
1771079460627 145.26231211470528 282624
1771079476812 145.31767314554966 288768
1771079492798 126.82341557813255 294912
1771079497001 123.13733779578416 301056
