1771133217194 24.88083839416504 8192
1771133221293 25.147092819213867 16384
1771133235081 25.899076461791992 24576
1771133239837 26.11170196533203 32768
1771133252917 26.524993896484375 40960
1771133258201 26.70400047302246 49152
1771133270901 26.73610496520996 57344
1771133277186 26.912630081176758 65536
1771133289257 27.019365310668945 73728
1771133295798 27.1093692779541 81920
1771133307363 27.19980239868164 90112
1771133314277 27.212505340576172 98304
1771133325240 27.22943687438965 106496
1771133332452 27.237449645996094 114688
1771133343044 27.27264404296875 122880
1771133350889 27.23480987548828 131072
1771133361254 27.283214569091797 139264
1771133369773 27.33807945251465 147456
1771133379083 27.360822677612305 155648
1771133387605 27.335918426513672 163840
1771133397197 27.366125106811523 172032
1771133406687 27.36257553100586 180224
1771133415435 27.353315353393555 188416
1771133424897 27.339031219482422 196608
1771133433495 27.324922561645508 204800
1771133443416 27.318008422851562 212992
1771133451763 27.317092895507812 221184
1771133461638 27.34160804748535 229376
1771133469840 27.337080001831055 237568
1771133480465 27.35893440246582 245760
1771133487804 27.337451934814453 253952
1771133498911 27.338560104370117 262144
1771133505897 27.337045669555664 270336
1771133517546 27.352842330932617 278528
1771133524351 27.33458137512207 286720
1771133535510 27.335662841796875 294912
1771133538895 27.331043243408203 303104
