1771133217189 -1.7078638076782227 8192
1771133221287 -2.5938615798950195 16384
1771133235075 -3.3214778900146484 24576
1771133239831 -4.178256034851074 32768
1771133252911 -4.883289337158203 40960
1771133258195 -5.45634651184082 49152
1771133270895 -5.894496440887451 57344
1771133277179 -6.338973045349121 65536
1771133289251 -6.794816017150879 73728
1771133295791 -6.879206657409668 81920
1771133307356 -6.979358673095703 90112
1771133314270 -6.940321922302246 98304
1771133325233 -6.708512783050537 106496
1771133332445 -6.645116806030273 114688
1771133343038 -6.448229789733887 122880
1771133350882 -6.3152899742126465 131072
1771133361248 -6.061677932739258 139264
1771133369766 -5.788916110992432 147456
1771133379076 -5.603816032409668 155648
1771133387598 -5.406706809997559 163840
1771133397190 -5.197446346282959 172032
1771133406680 -4.91447639465332 180224
1771133415428 -4.800762176513672 188416
1771133424890 -4.563860893249512 196608
1771133433488 -4.4789581298828125 204800
1771133443409 -4.318614959716797 212992
1771133451756 -4.146114349365234 221184
1771133461630 -3.9229440689086914 229376
1771133469832 -3.774411678314209 237568
1771133480457 -3.6673457622528076 245760
1771133487796 -3.361821174621582 253952
1771133498903 -3.3851871490478516 262144
1771133505890 -3.0827598571777344 270336
1771133517538 -2.915717601776123 278528
1771133524344 -2.657360076904297 286720
1771133535502 -2.69474458694458 294912
1771133538887 -2.734795570373535 303104
