1771133217189 143.62087385289686 8192
1771133221287 143.35090057760004 16384
1771133235075 145.3781151433226 24576
1771133239831 148.2924621694244 32768
1771133252911 146.75661301609517 40960
1771133258195 143.6848343667569 49152
1771133270895 141.07985200134544 57344
1771133277179 146.75661301609517 65536
1771133289251 144.69603615413806 73728
1771133295791 143.73899931459903 81920
1771133307356 138.32544027438823 90112
1771133314270 146.73094280216898 98304
1771133325233 140.52682011592455 106496
1771133332445 144.62618530395503 114688
1771133343038 141.36038556165954 122880
1771133350882 138.25248862812313 131072
1771133361248 154.6287188940092 139264
1771133369766 140.22144958545064 147456
1771133379076 145.46887247251414 155648
1771133387598 143.52258417738844 163840
1771133397190 142.77509616366547 172032
1771133406680 139.35953749543143 180224
1771133415428 129.01977913808483 188416
1771133424890 138.4990093778893 196608
1771133433488 151.8464991673304 204800
1771133443409 137.96144990461153 212992
1771133451756 141.67552778246917 221184
1771133461630 142.01611701767453 229376
1771133469832 129.0594787531924 237568
1771133480457 114.86837925179383 245760
1771133487796 157.73990221887928 253952
1771133498903 142.73622596562873 262144
1771133505890 144.8759628337536 270336
1771133517538 150.1720014321518 278528
1771133524344 143.13076713076714 286720
1771133535502 146.4593896221803 294912
1771133538887 108.60164159395147 303104
