1771079709462 1.146430253982544 8192
1771079734815 1.1394715309143066 16384
1771079758120 1.1482341289520264 24576
1771079774856 1.1558189392089844 32768
1771079789636 1.1501634120941162 40960
1771079804284 1.1517354249954224 49152
1771079818955 1.1569104194641113 57344
1771079833622 1.1581627130508423 65536
1771079848290 1.1603156328201294 73728
1771079862931 1.161338210105896 81920
1771079877605 1.1604028940200806 90112
1771079892293 1.159050464630127 98304
1771079906921 1.159470558166504 106496
1771079921600 1.1594973802566528 114688
1771079936273 1.1577132940292358 122880
1771079950949 1.1589382886886597 131072
1771079965589 1.158173680305481 139264
1771079980247 1.158176302909851 147456
1771079994890 1.1546998023986816 155648
1771080009538 1.1540168523788452 163840
1771080024207 1.1550341844558716 172032
1771080038907 1.1555696725845337 180224
1771080053526 1.154211401939392 188416
1771080068181 1.1547547578811646 196608
1771080082869 1.1548211574554443 204800
1771080097590 1.1545878648757935 212992
1771080112268 1.1547586917877197 221184
1771080126894 1.156846284866333 229376
1771080141583 1.159319519996643 237568
1771080156232 1.160066843032837 245760
1771080170893 1.1624759435653687 253952
1771080185554 1.1685073375701904 262144
1771080200189 1.1705242395401 270336
1771080214844 1.173047423362732 278528
1771080229495 1.1737619638442993 286720
1771080244146 1.174785852432251 294912
1771080251470 1.1748149394989014 303104
