1771079709457 -1.8654192686080933 8192
1771079734809 -2.4485244750976562 16384
1771079758114 -2.6153759956359863 24576
1771079774850 -3.688563823699951 32768
1771079789630 -4.750257968902588 40960
1771079804278 -5.39694881439209 49152
1771079818949 -6.167766571044922 57344
1771079833616 -7.08760929107666 65536
1771079848284 -7.4150390625 73728
1771079862924 -6.887069225311279 81920
1771079877598 -6.001075744628906 90112
1771079892287 -4.994606971740723 98304
1771079906914 -4.22904109954834 106496
1771079921594 -3.7080576419830322 114688
1771079936266 -3.4525299072265625 122880
1771079950942 -3.4037585258483887 131072
1771079965583 -3.868091583251953 139264
1771079980240 -4.961880683898926 147456
1771079994883 -6.599074840545654 155648
1771080009531 -8.581676483154297 163840
1771080024201 -11.107826232910156 172032
1771080038900 -13.503595352172852 180224
1771080053519 -15.159618377685547 188416
1771080068174 -15.780406951904297 196608
1771080082861 -14.734160423278809 204800
1771080097582 -13.387834548950195 212992
1771080112260 -12.358739852905273 221184
1771080126886 -11.437358856201172 229376
1771080141575 -11.007835388183594 237568
1771080156224 -11.01858139038086 245760
1771080170886 -11.242936134338379 253952
1771080185547 -11.288984298706055 262144
1771080200181 -11.143238067626953 270336
1771080214837 -11.045348167419434 278528
1771080229487 -11.047704696655273 286720
1771080244139 -11.430968284606934 294912
1771080251463 -12.067620277404785 303104
