1760105870640 0.0 5120
1760105887307 0.0 10240
1760105903176 0.0 15360
1760105925737 0.0 20480
1760105941857 0.0 25600
1760105958517 0.0 30720
1760105976339 0.0 35840
1760105997529 0.0 40960
1760106014204 0.0 46080
1760106031157 0.0 51200
1760106048659 0.0 56320
1760106071160 0.0 61440
1760106087795 0.0 66560
1760106104643 0.0 71680
1760106122820 0.0 76800
1760106143984 0.0 81920
1760106161637 0.0 87040
1760106176832 0.0 92160
1760106198777 0.0 97280
1760106216061 0.0 102400
1760106235127 0.0 107520
1760106250928 0.0 112640
1760106271969 0.0 117760
1760106288371 0.0 122880
1760106307546 0.0 128000
1760106322546 0.0 133120
1760106344414 0.0 138240
1760106360050 0.0 143360
1760106379809 0.0 148480
1760106397020 0.0 153600
1760106416369 0.0 158720
1760106431286 0.0 163840
1760106454137 0.0 168960
1760106473480 0.0 174080
1760106490818 0.0 179200
1760106508972 0.0 184320
1760106525374 0.0 189440
1760106545203 0.0 194560
1760106560731 0.0 199680
1760106580056 0.0 204800
1760106602740 0.0 209920
1760106617743 0.0 215040
1760106635884 0.0 220160
1760106653420 0.0 225280
1760106673692 0.0 230400
1760106691440 0.0 235520
1760106707102 0.0 240640
1760106729934 0.0 245760
1760106748634 0.0 250880
1760106763749 0.0 256000
1760106779135 0.0 261120
1760106799905 0.0 266240
1760106819294 0.0 271360
1760106834237 0.0 276480
1760106855111 0.0 281600
1760106871238 0.0 286720
1760106890061 0.0 291840
1760106905513 0.0 296960
1760106913384 0.0 300032
