1760105870637 15.26242764790853 5120
1760105887303 6.384093371304599 10240
1760105903171 4.07715916633606 15360
1760105925734 2.8737979162307012 20480
1760105941853 2.340738443227915 25600
1760105958513 1.8624379557947959 30720
1760105976333 2.036187277899848 35840
1760105997525 2.611930102836795 40960
1760106014199 2.042952537536621 46080
1760106031151 1.532005366157083 51200
1760106048653 1.4177117347717285 56320
1760106071156 1.1337254164648838 61440
1760106087790 0.9371425744258997 66560
1760106104639 0.8453837246961997 71680
1760106122816 0.7308577361859774 76800
1760106143979 0.7447532018025717 81920
1760106161629 0.6381649083869402 87040
1760106176827 0.6098150735373026 92160
1760106198773 0.5292464892069498 97280
1760106216056 0.5010153609927338 102400
1760106235122 0.5023489718167287 107520
1760106250923 0.47516158679584125 112640
1760106271963 0.45063104300663387 117760
1760106288366 0.47115853995331064 122880
1760106307538 0.4037805436149476 128000
1760106322539 0.45633608694294936 133120
1760106344409 0.41927461063160615 138240
1760106360045 0.38213384912369097 143360
1760106379802 0.32095452530743324 148480
1760106397015 0.3505434263620945 153600
1760106416364 0.3953804297324939 158720
1760106431279 0.3357013856402095 163840
1760106454131 0.3553777028279132 168960
1760106473475 0.35138618179232056 174080
1760106490812 0.2827706662091342 179200
1760106508966 0.29446011748761763 184320
1760106525367 0.2887959172648768 189440
1760106545198 0.2676436039789809 194560
1760106560726 0.2609029692046496 199680
1760106580050 0.24699067357760757 204800
1760106602731 0.25988623239461656 209920
1760106617734 0.2746804449795547 215040
1760106635878 0.2327788891615691 220160
1760106653413 0.24242558630343475 225280
1760106673686 0.25437996450778655 230400
1760106691433 0.22717669515898734 235520
1760106707097 0.23374767626746226 240640
1760106729925 0.21366111074740463 245760
1760106748628 0.2052373382134166 250880
1760106763741 0.19819405164376672 256000
1760106779129 0.1953517086803913 261120
1760106799899 0.19317854958019037 266240
1760106819287 0.22269952028317558 271360
1760106834231 0.20003303302610054 276480
1760106855104 0.18143195000247678 281600
1760106871231 0.17158264621721045 286720
1760106890054 0.18155344382866279 291840
1760106905507 0.16971696611122578 296960
1760106913374 0.0662889871174158 300032
