1760105870640 18.142757276774418 5120
1760105887307 17.37971163777167 10240
1760105903176 17.417125516724816 15360
1760105925737 17.41590419737231 20480
1760105941857 17.375468141703493 25600
1760105958517 17.318509608799747 30720
1760105976339 17.241234412560097 35840
1760105997529 17.187940877171734 40960
1760106014204 17.166801063855043 46080
1760106031157 17.091575432548346 51200
1760106048659 16.898314839405526 56320
1760106071160 16.94655970437766 61440
1760106087795 17.038759480514752 66560
1760106104643 17.02536919973429 71680
1760106122820 17.03564454854041 76800
1760106143984 17.13552575917097 81920
1760106161637 17.137805313110352 87040
1760106176832 17.142083816654484 92160
1760106198777 17.15975435109452 97280
1760106216061 17.172074021489763 102400
1760106235127 17.190856242676276 107520
1760106250928 17.144693260965376 112640
1760106271969 17.126764269353366 117760
1760106288371 17.15933074924208 122880
1760106307546 17.197178801507132 128000
1760106322546 17.170426895387912 133120
1760106344414 17.16742272916646 138240
1760106360050 17.169021200036887 143360
1760106379809 17.167010861903446 148480
1760106397020 17.16342977520033 153600
1760106416369 17.16559042258717 158720
1760106431286 17.175055990661217 163840
1760106454137 17.172939428363016 168960
1760106473480 17.175768235150507 174080
1760106490818 17.17199473672395 179200
1760106508972 17.18473696388993 184320
1760106525374 17.167460452069292 189440
1760106545203 17.149806593658134 194560
1760106560731 17.140234467728398 199680
1760106580056 17.162957729429646 204800
1760106602740 17.19232366892917 209920
1760106617743 17.214438774072715 215040
1760106635884 17.22836467809792 220160
1760106653420 17.230260824037572 225280
1760106673692 17.2180303514559 230400
1760106691440 17.22529606827055 235520
1760106707102 17.24698179914587 240640
1760106729934 17.24129538642484 245760
1760106748634 17.23962275846017 250880
1760106763749 17.258110811456746 256000
1760106779135 17.267006451486402 261120
1760106799905 17.262668784975414 266240
1760106819294 17.2501681036929 271360
1760106834237 17.251960701778017 276480
1760106855111 17.258171443058895 281600
1760106871238 17.266751468717533 286720
1760106890061 17.2596656648699 291840
1760106905513 17.252278898087646 296960
1760106913384 17.26159547737272 300032
