1758802921146 -0.06898623238308262 20224
1758802961276 -0.013603050870785383 40448
1758803001982 0.013445112511515617 60672
1758803042330 0.024475344527621564 80896
1758803082509 0.02821142472927321 101120
1758803121491 0.03663996763821544 121344
1758803159809 0.03578677722311951 141568
1758803201583 0.040794402753100874 161792
1758803244360 0.04090094851363549 182016
1758803290373 0.04229097175563681 202240
1758803334188 0.04206583167172981 222464
1758803378549 0.04405578045032151 242688
1758803393359 0.045076328228682745 250112
