1758802921142 5.020976221561432 20224
1758802961273 2.384916091115219 40448
1758803001978 1.419921985794516 60672
1758803042324 1.0390422059910531 80896
1758803082504 0.8069740233999309 101120
1758803121488 0.7108713873813025 121344
1758803159806 0.6209538903047033 141568
1758803201580 0.5578613401777559 161792
1758803244356 0.5224275270874582 182016
1758803290368 0.473860736200692 202240
1758803334169 0.44961945621446625 222464
1758803378546 0.42415551415735864 242688
1758803393352 0.14851245187078063 250112
