1758802921146 0.19638046495842212 20224
1758802961276 0.8887495745866445 40448
1758803001982 1.336055543899536 60672
1758803042330 1.517157460377643 80896
1758803082509 1.54439345094935 101120
1758803121491 1.7443361569896612 121344
1758803159809 1.7156171315686792 141568
1758803201583 1.8020872294166759 161792
1758803244360 1.7927049834779205 182016
1758803290373 1.8061592391357026 202240
1758803334188 1.78745131509458 222464
1758803378549 1.8266611279839298 242688
1758803393359 1.84411052472652 250112
