1771691005062 496.8707580566406 5120
1771691014088 496.6581726074219 10240
1771691023274 497.7280578613281 15360
1771691033578 497.42376708984375 20480
1771691048652 496.89422607421875 25600
1771691057969 496.2369384765625 30720
1771691067688 496.5165100097656 35840
1771691077384 496.7218322753906 40960
1771691092278 497.0688781738281 46080
1771691101248 497.15875244140625 51200
1771691112118 497.2591247558594 56320
1771691122184 497.4811096191406 61440
1771691136352 497.6614685058594 66560
1771691145855 497.82623291015625 71680
1771691155906 497.9618835449219 76800
1771691165565 498.08721923828125 81920
1771691179488 498.0941467285156 87040
1771691190339 498.19891357421875 92160
1771691200087 498.2909851074219 97280
1771691209008 498.1910400390625 102400
1771691222609 498.2777099609375 107520
1771691233495 498.3526306152344 112640
1771691243168 498.42047119140625 117760
1771691252842 498.4809265136719 122880
1771691265935 498.5406799316406 128000
1771691277073 498.59869384765625 133120
1771691286282 498.51690673828125 138240
1771691296102 498.4407043457031 143360
1771691309868 498.3674011230469 148480
1771691320912 498.17987060546875 153600
1771691330478 498.0033264160156 158720
1771691339769 497.8953857421875 163840
1771691353556 497.6846008300781 168960
1771691364112 497.5924072265625 174080
1771691373747 497.5586242675781 179200
1771691383066 497.42816162109375 184320
1771691396024 497.4490661621094 189440
1771691406378 497.37237548828125 194560
1771691417026 497.3001708984375 199680
1771691426599 497.2771301269531 204800
1771691439451 497.1665344238281 209920
1771691449838 497.18896484375 215040
1771691460712 497.1684875488281 220160
1771691471657 497.1928405761719 225280
1771691483004 497.25604248046875 230400
1771691492715 497.31646728515625 235520
1771691504787 497.2966003417969 240640
1771691515160 497.27789306640625 245760
1771691526799 497.2236633300781 250880
1771691536536 497.2069396972656 256000
1771691548490 497.19049072265625 261120
1771691559456 497.2100524902344 266240
1771691570610 497.26348876953125 271360
1771691579842 497.1468811035156 276480
1771691591934 497.1654052734375 281600
1771691602699 497.0867614746094 286720
1771691613438 497.07611083984375 291840
1771691623199 497.1264953613281 296960
1771691628535 497.1462097167969 300032
