1771691005059 14.627095222473145 5120
1771691014085 11.997994422912598 10240
1771691023271 10.660428047180176 15360
1771691033575 15.825162887573242 20480
1771691048649 15.283207893371582 25600
1771691057966 14.593154907226562 30720
1771691067684 16.530942916870117 35840
1771691077381 14.78697395324707 40960
1771691092274 15.119486808776855 46080
1771691101244 14.312894821166992 51200
1771691112114 14.358202934265137 56320
1771691122181 14.498434066772461 61440
1771691136348 12.202493667602539 66560
1771691145851 10.2661771774292 71680
1771691155903 8.603699684143066 76800
1771691165562 8.694376945495605 81920
1771691179485 8.430166244506836 87040
1771691190336 8.223479270935059 92160
1771691200083 9.211633682250977 97280
1771691209005 7.424802303314209 102400
1771691222606 6.759117126464844 107520
1771691233492 6.730254173278809 112640
1771691243165 7.375898838043213 117760
1771691252839 6.771054267883301 122880
1771691265932 5.879595756530762 128000
1771691277069 5.762721061706543 133120
1771691286279 6.197190284729004 138240
1771691296098 5.268125057220459 143360
1771691309865 5.4634833335876465 148480
1771691320909 6.445352077484131 153600
1771691330474 5.991114139556885 158720
1771691339766 6.37180233001709 163840
1771691353552 7.006791114807129 168960
1771691364109 6.305264472961426 174080
1771691373744 6.275454044342041 179200
1771691383063 6.745786190032959 184320
1771691396021 5.863104343414307 189440
1771691406375 6.466619968414307 194560
1771691417023 6.954476833343506 199680
1771691426596 8.912360191345215 204800
1771691439447 7.229098320007324 209920
1771691449834 7.852118492126465 215040
1771691460709 6.857590675354004 220160
1771691471653 8.294570922851562 225280
1771691483001 7.360617637634277 230400
1771691492712 9.009714126586914 235520
1771691504784 5.969620704650879 240640
1771691515156 7.1494855880737305 245760
1771691526796 7.5262298583984375 250880
1771691536532 7.888484001159668 256000
1771691548487 7.162549018859863 261120
1771691559453 7.282003879547119 266240
1771691570607 9.26414966583252 271360
1771691579839 8.435846328735352 276480
1771691591931 8.596158027648926 281600
1771691602696 8.298799514770508 286720
1771691613435 7.009854316711426 291840
1771691623196 8.115456581115723 296960
1771691628532 9.772464752197266 300032
