1771226304436 27.21817398071289 5120
1771226312516 28.702966690063477 10240
1771226320353 28.381643295288086 15360
1771226327581 28.013629913330078 20480
1771226335810 28.01038932800293 25600
1771226343595 28.174304962158203 30720
1771226351334 28.17877197265625 35840
1771226359126 28.25465965270996 40960
1771226366889 28.25305938720703 46080
1771226374556 28.259836196899414 51200
1771226382276 28.330860137939453 56320
1771226390031 28.262794494628906 61440
1771226397380 28.248096466064453 66560
1771226405215 28.205583572387695 71680
1771226412979 28.28279685974121 76800
1771226420332 28.107093811035156 81920
1771226428458 27.932588577270508 87040
1771226435660 27.785799026489258 92160
1771226444353 27.654077529907227 97280
1771226451676 27.645700454711914 102400
1771226459693 27.6245174407959 107520
1771226467442 27.618087768554688 112640
1771226475143 27.57408905029297 117760
1771226482887 27.61972999572754 122880
1771226490462 27.633102416992188 128000
1771226498560 27.636486053466797 133120
1771226506009 27.6104679107666 138240
1771226513673 27.569427490234375 143360
1771226521055 27.576175689697266 148480
1771226528837 27.5552978515625 153600
1771226536321 27.520771026611328 158720
1771226544380 27.560941696166992 163840
1771226552094 27.565162658691406 168960
1771226560358 27.58677864074707 174080
1771226567765 27.578540802001953 179200
1771226575888 27.576396942138672 184320
1771226583282 27.591758728027344 189440
1771226591217 27.606670379638672 194560
1771226598563 27.608001708984375 199680
1771226606553 27.601341247558594 204800
1771226614206 27.581010818481445 209920
1771226622284 27.589576721191406 215040
1771226630590 27.56891632080078 220160
1771226638301 27.581260681152344 225280
1771226646278 27.56715965270996 230400
1771226653750 27.571475982666016 235520
1771226661375 27.559696197509766 240640
1771226668924 27.560958862304688 245760
1771226676446 27.550533294677734 250880
1771226684137 27.534151077270508 256000
1771226692203 27.523643493652344 261120
1771226699829 27.53536605834961 266240
1771226707459 27.542282104492188 271360
1771226715504 27.53880500793457 276480
1771226722975 27.531625747680664 281600
1771226730515 27.546741485595703 286720
1771226738130 27.539962768554688 291840
1771226745557 27.520444869995117 296960
1771226749228 27.52581024169922 300032
