1771226304434 26.658266067504883 5120
1771226312514 32.305999755859375 10240
1771226320349 32.670082092285156 15360
1771226327579 36.18744659423828 20480
1771226335808 37.423946380615234 25600
1771226343593 35.253662109375 30720
1771226351332 36.96435546875 35840
1771226359124 34.657257080078125 40960
1771226366886 35.641212463378906 46080
1771226374554 35.91221237182617 51200
1771226382274 36.06947708129883 56320
1771226390029 36.88904571533203 61440
1771226397377 37.50712203979492 66560
1771226405213 37.98052215576172 71680
1771226412976 36.616851806640625 76800
1771226420329 32.4647331237793 81920
1771226428456 29.171642303466797 87040
1771226435657 27.43246078491211 92160
1771226444351 29.540363311767578 97280
1771226451674 28.079193115234375 102400
1771226459691 30.1500301361084 107520
1771226467439 29.851680755615234 112640
1771226475141 30.77389144897461 117760
1771226482885 31.291118621826172 122880
1771226490459 29.555944442749023 128000
1771226498558 31.700695037841797 133120
1771226506007 31.87599754333496 138240
1771226513671 31.162235260009766 143360
1771226521052 33.65293884277344 148480
1771226528834 32.96620178222656 153600
1771226536319 35.83591842651367 158720
1771226544378 36.7086296081543 163840
1771226552091 34.55135726928711 168960
1771226560356 34.92948913574219 174080
1771226567762 36.9715690612793 179200
1771226575885 38.7290153503418 184320
1771226583279 39.10697937011719 189440
1771226591214 40.771976470947266 194560
1771226598561 39.843441009521484 199680
1771226606551 41.841922760009766 204800
1771226614203 40.43241882324219 209920
1771226622282 40.59537887573242 215040
1771226630588 42.37361145019531 220160
1771226638299 43.38838577270508 225280
1771226646275 44.03989791870117 230400
1771226653748 44.09540557861328 235520
1771226661373 44.850650787353516 240640
1771226668921 45.61785125732422 245760
1771226676444 46.21275329589844 250880
1771226684134 48.41168975830078 256000
1771226692200 47.656517028808594 261120
1771226699827 48.7874870300293 266240
1771226707457 47.313663482666016 271360
1771226715501 51.72014617919922 276480
1771226722973 49.312686920166016 281600
1771226730512 50.320106506347656 286720
1771226738128 50.69326400756836 291840
1771226745555 50.5424690246582 296960
1771226749226 52.6485710144043 300032
