1771226304436 0.3469781279563904 5120
1771226312516 0.3593270480632782 10240
1771226320353 0.3577898442745209 15360
1771226327581 0.35208356380462646 20480
1771226335810 0.3484841585159302 25600
1771226343595 0.34579265117645264 30720
1771226351334 0.34326866269111633 35840
1771226359126 0.34264785051345825 40960
1771226366889 0.3398909568786621 46080
1771226374556 0.3380320072174072 51200
1771226382276 0.33788853883743286 56320
1771226390031 0.3362716734409332 61440
1771226397380 0.33565691113471985 66560
1771226405215 0.3313067555427551 71680
1771226412979 0.3288988769054413 76800
1771226420332 0.3281960189342499 81920
1771226428458 0.33433979749679565 87040
1771226435660 0.3417540192604065 92160
1771226444353 0.34824490547180176 97280
1771226451676 0.3483448922634125 102400
1771226459693 0.34437164664268494 107520
1771226467442 0.3407653570175171 112640
1771226475143 0.3365629017353058 117760
1771226482887 0.33301931619644165 122880
1771226490462 0.3304307758808136 128000
1771226498560 0.32785558700561523 133120
1771226506009 0.3255784809589386 138240
1771226513673 0.3230666220188141 143360
1771226521055 0.320731520652771 148480
1771226528837 0.31900283694267273 153600
1771226536321 0.3168574273586273 158720
1771226544380 0.31577426195144653 163840
1771226552094 0.31430503726005554 168960
1771226560358 0.31288909912109375 174080
1771226567765 0.3117125928401947 179200
1771226575888 0.310602605342865 184320
1771226583282 0.30921798944473267 189440
1771226591217 0.30813735723495483 194560
1771226598563 0.30715492367744446 199680
1771226606553 0.30624908208847046 204800
1771226614206 0.30545350909233093 209920
1771226622284 0.3046610653400421 215040
1771226630590 0.3039156496524811 220160
1771226638301 0.3029481768608093 225280
1771226646278 0.3018690347671509 230400
1771226653750 0.30116006731987 235520
1771226661375 0.3001514673233032 240640
1771226668924 0.2993827760219574 245760
1771226676446 0.29878389835357666 250880
1771226684137 0.2978307604789734 256000
1771226692203 0.2970558702945709 261120
1771226699829 0.2964867651462555 266240
1771226707459 0.2956787049770355 271360
1771226715504 0.29531168937683105 276480
1771226722975 0.29460209608078003 281600
1771226730515 0.29405972361564636 286720
1771226738130 0.29353320598602295 291840
1771226745557 0.2926155924797058 296960
1771226749228 0.2924230396747589 300032
