1771226304434 108.75088155984236 5120
1771226312514 63.6252540881648 10240
1771226320349 3.7390519863499727 15360
1771226327579 106.76604301896398 20480
1771226335808 102.71848749785713 25600
1771226343593 97.11509875199704 30720
1771226351332 103.51705414877338 35840
1771226359124 98.36086487500586 40960
1771226366886 103.6116696721919 46080
1771226374554 105.86597339660264 51200
1771226382274 68.92518035265311 56320
1771226390029 90.2835740577308 61440
1771226397377 56.457007483982125 66560
1771226405213 97.69872586243041 71680
1771226412976 101.88262728332685 76800
1771226420329 84.71458867726363 81920
1771226428456 107.72856629167309 87040
1771226435657 99.92624005336637 92160
1771226444351 71.26746300103648 97280
1771226451674 100.73743875492363 102400
1771226459691 107.74240283593208 107520
1771226467439 4.338610524660741 112640
1771226475141 80.46317647284516 117760
1771226482885 77.52729154729117 122880
1771226490459 102.11579101134538 128000
1771226498558 104.08477057845498 133120
1771226506007 86.50724966484479 138240
1771226513671 99.61534259589122 143360
1771226521052 102.58282583706313 148480
1771226528834 108.61289069580755 153600
1771226536319 92.50576740698264 158720
1771226544378 82.31065408089174 163840
1771226552091 111.89883413814262 168960
1771226560356 107.84490383626452 174080
1771226567762 101.85541173899318 179200
1771226575885 92.31641501958886 184320
1771226583279 110.24876458837136 189440
1771226591214 97.14883957937647 194560
1771226598561 103.7295412390256 199680
1771226606551 11.144512110873746 204800
1771226614203 2.3523819084993125 209920
1771226622282 3.031028574443069 215040
1771226630588 99.19598893172197 220160
1771226638299 99.47831036690937 225280
1771226646275 82.78667298278857 230400
1771226653748 106.08017400541237 235520
1771226661373 105.70322580645161 240640
1771226668921 110.57137584688793 245760
1771226676444 106.70628641208945 250880
1771226684134 107.60419713178891 256000
1771226692200 81.51877478037783 261120
1771226699827 85.54392119271482 266240
1771226707457 95.09383998004851 271360
1771226715501 105.54097783145869 276480
1771226722973 94.09754565441737 281600
1771226730512 105.17839410201114 286720
1771226738128 89.17600034017944 291840
1771226745555 83.45046855414735 296960
1771226749226 82.91432412129838 300032
