1758805981989 0.07370851989035364 20224
1758806026452 0.07236576783823302 40448
1758806070613 0.07119479535230949 60672
1758806115045 0.060723072571434986 80896
1758806156502 0.05784708188166694 101120
1758806196891 0.06283379272106837 121344
1758806237834 0.06345656405268991 141568
1758806278678 0.05979028486378423 161792
1758806320093 0.05834139800295398 182016
1758806360945 0.05514637998536102 202240
1758806399462 0.055162348713332074 222464
1758806438619 0.05577092343008467 242688
1758806452472 0.05642133448454074 250112
