1758805981989 20.415584415584416 20224
1758806026452 20.25149402390438 40448
1758806070613 20.19436152570481 60672
1758806115045 20.123325062034738 80896
1758806156502 20.105555555555554 101120
1758806196891 20.093569184989253 121344
1758806237834 20.118773946360154 141568
1758806278678 20.106118902817425 161792
1758806320093 20.11479028697572 182016
1758806360945 20.12313655336911 202240
1758806399462 20.115085817524843 222464
1758806438619 20.10187024164184 242688
1758806452472 20.09708269709877 250112
