1760376341938 -0.7484049479166668 5120
1760376361378 -0.5552556818181817 10240
1760376381295 -0.6185546875 15360
1760376404982 -0.6429315476190477 20480
1760376425788 -0.7056490384615385 25600
1760376444907 -0.7417842741935483 30720
1760376470024 -0.7621527777777778 35840
1760376490331 -0.7336890243902439 40960
1760376510579 -0.694836956521739 46080
1760376529794 -0.6583946078431373 51200
1760376557389 -0.6178571428571428 56320
1760376576671 -0.5776639344262294 61440
1760376596925 -0.5461174242424243 66560
1760376618155 -0.5148327464788732 71680
1760376642815 -0.4854440789473684 76800
1760376661907 -0.45883487654320987 81920
1760376685538 -0.43339389534883715 87040
1760376708359 -0.413804945054945 92160
1760376728342 -0.39248046875000003 97280
1760376748398 -0.37069925742574256 102400
1760376774903 -0.34973466981132073 107520
1760376795596 -0.3287162162162162 112640
1760376815853 -0.31575969827586203 117760
1760376837403 -0.29798553719008264 122880
1760376859675 -0.28335813492063494 128000
1760376881638 -0.27018129770992366 133120
1760376904087 -0.25769761029411764 138240
1760376926712 -0.24720744680851064 143360
1760376946911 -0.2328125 148480
1760376967904 -0.22315811258278145 153600
1760376992182 -0.21207932692307688 158720
1760377013468 -0.20392080745341612 163840
1760377033529 -0.19316641566265064 168960
1760377053125 -0.18687865497076023 174080
1760377079333 -0.1756924715909091 179200
1760377098627 -0.1677313535911602 184320
1760377120102 -0.16330645161290322 189440
1760377140061 -0.15600458115183247 194560
1760377167046 -0.14856505102040815 199680
1760377187130 -0.14300373134328356 204800
1760377207223 -0.13898665048543687 209920
1760377227027 -0.1390254739336493 215040
1760377253575 -0.13938078703703705 220160
1760377273887 -0.1438772624434389 225280
1760377294178 -0.14813329646017698 230400
1760377313197 -0.15335497835497836 235520
1760377341142 -0.1588718220338983 240640
1760377360765 -0.1663900414937759 245760
1760377380592 -0.18272357723577237 250880
1760377403515 -0.19305278884462154 256000
1760377425688 -0.203271484375 261120
1760377448481 -0.20644157088122606 266240
1760377470880 -0.20587406015037596 271360
1760377496210 -0.20703413284132843 276480
1760377518006 -0.2100996376811594 281600
1760377540848 -0.2080738434163701 286720
1760377563347 -0.21038024475524475 291840
1760377588652 -0.21084621993127148 296960
1760377594304 -0.08587883959044369 300032
