1760376341938 11.051678228378295 5120
1760376361378 5.368744165247136 10240
1760376381295 3.399186211824418 15360
1760376404982 2.419550137292771 20480
1760376425788 1.9515757634089543 25600
1760376444907 1.609281292269307 30720
1760376470024 1.3892431418100992 35840
1760376490331 1.285021239955251 40960
1760376510579 1.147260046005249 46080
1760376529794 1.0479586227267397 51200
1760376557389 0.9608738711902073 56320
1760376576671 0.8470167410178263 61440
1760376596925 0.7712042244997892 66560
1760376618155 0.6911025960680465 71680
1760376642815 0.6380645011600695 76800
1760376661907 0.5814874966939291 81920
1760376685538 0.5580056634060172 87040
1760376708359 0.5506685697115384 92160
1760376728342 0.5097393006086349 97280
1760376748398 0.4601022276547876 102400
1760376774903 0.4187651026923701 107520
1760376795596 0.39684065097087134 112640
1760376815853 0.38292745516217985 117760
1760376837403 0.3483128851110284 122880
1760376859675 0.33549792766571046 128000
1760376881638 0.32002322437199016 133120
1760376904087 0.3163980617242701 138240
1760376926712 0.3006065081197319 143360
1760376946911 0.28553474635294035 148480
1760376967904 0.2777141953146221 153600
1760376992182 0.27494633044952 158720
1760377013468 0.2598083028141756 163840
1760377033529 0.25684583876506395 168960
1760377053125 0.2631905488800584 174080
1760377079333 0.23888918540694498 179200
1760377098627 0.23011519711320572 184320
1760377120102 0.2273430652515863 189440
1760377140061 0.22495929683066165 194560
1760377167046 0.21537588275208763 199680
1760377187130 0.20601168698932398 204800
1760377207223 0.19934725437349488 209920
1760377227027 0.2088594301052003 215040
1760377253575 0.2073584183498665 220160
1760377273887 0.218702444879178 225280
1760377294178 0.2374038708948456 230400
1760377313197 0.22587697991045008 235520
1760377341142 0.22650450245808745 240640
1760377360765 0.23522936437139866 245760
1760377380592 0.2231479024499413 250880
1760377403515 0.2333166187028011 256000
1760377425688 0.25090022198855877 261120
1760377448481 0.24815293637272043 266240
1760377470880 0.2458114057555234 271360
1760377496210 0.23447198551079443 276480
1760377518006 0.2443130900894386 281600
1760377540848 0.24898615901580487 286720
1760377563347 0.24745400168678974 291840
1760377588652 0.2467962668114102 296960
1760377594304 0.09607381202255094 300032
