1760099170927 23.661538461538463 5120
1760099191486 22.859756097560975 10240
1760099211937 22.45068493150685 15360
1760099239599 22.294300518134715 20480
1760099262855 22.115448504983387 25600
1760099283187 22.10452961672474 30720
1760099303917 22.07309766327142 35840
1760099333956 22.005243838489775 40960
1760099354613 21.99018691588785 46080
1760099374582 21.984 51200
1760099395478 21.960934507851398 56320
1760099423598 21.936050597329587 61440
1760099444854 21.899222294232015 66560
1760099466395 21.879325910322 71680
1760099486397 21.822720897615707 76800
1760099512821 21.817942646671927 81920
1760099536080 21.793316831683168 87040
1760099556801 21.77892030848329 92160
1760099576927 21.7766947275144 97280
1760099602387 21.75452250736222 102400
1760099624800 21.72892892892893 107520
1760099646961 21.716087122659534 112640
1760099668054 21.720424209179008 117760
1760099691075 21.712057483350858 122880
1760099714314 21.702943650126155 128000
1760099737029 21.70663430420712 133120
1760099759510 21.699750701153008 138240
1760099782914 21.700736509845182 143360
1760099804626 21.69017559135104 148480
1760099826737 21.68485273492286 153600
1760099848683 21.68503937007874 158720
1760099871018 21.687187582215206 163840
1760099892750 21.685123756060218 168960
1760099915125 21.68751548179341 174080
1760099938377 21.687003610108302 179200
1760099962661 21.69124531835206 184320
1760099983206 21.68021402550091 189440
1760100003821 21.678306174481765 194560
1760100027157 21.696972972972972 199680
1760100052635 21.691715851602023 204800
1760100074262 21.689183631503187 209920
1760100096377 21.68888665796607 215040
1760100119082 21.694163805787152 220160
1760100140672 21.680045981415844 225280
1760100164759 21.677313600599476 230400
1760100185345 21.672805570826462 235520
1760100208860 21.66577012730859 240640
1760100230112 21.66789603090973 245760
1760100254942 21.6664372957165 250880
1760100275685 21.676478029855783 256000
1760100296131 21.677224611313264 261120
1760100322890 21.672397015893612 266240
1760100345077 21.662901686286986 271360
1760100365171 21.663231850117096 276480
1760100386613 21.662271960754254 281600
1760100412607 21.663554919822328 286720
1760100432894 21.665754235407263 291840
1760100457690 21.661844878970705 296960
1760100466059 21.663345606815394 300032
