1760099170828 -0.7187309577285003 5120
1760099191480 -0.5315239895473827 10240
1760099211928 -0.3967913068830967 15360
1760099239595 -0.39092757361275815 20480
1760099262851 -0.37774969889567445 25600
1760099283183 -0.3653019528235159 30720
1760099303913 -0.35477449496587116 35840
1760099333952 -0.3271262831804229 40960
1760099354548 -0.2664551983708921 46080
1760099374577 -0.2961613533543605 51200
1760099395474 -0.31087699958256315 56320
1760099423594 -0.3485107367155982 61440
1760099444850 -0.37776734901197034 66560
1760099466390 -0.34463996752886705 71680
1760099486392 -0.3293470846979242 76800
1760099512815 -0.31532309143631543 81920
1760099536074 -0.3143620003101437 87040
1760099556796 -0.30465183362856013 92160
1760099576922 -0.30117359558741247 97280
1760099602381 -0.2943967790886907 102400
1760099624795 -0.2817454607981556 107520
1760099646955 -0.2720840179168426 112640
1760099668049 -0.26060538867424277 117760
1760099691066 -0.25727095249270604 122880
1760099714310 -0.245688117496551 128000
1760099737023 -0.2372604508436363 133120
1760099759501 -0.2283279250649845 138240
1760099782898 -0.21972698387524758 143360
1760099804621 -0.21519937253978155 148480
1760099826731 -0.20381553346747594 153600
1760099848677 -0.19834837791247248 158720
1760099871013 -0.19342588519457704 163840
1760099892742 -0.18563945724303463 168960
1760099915120 -0.17890249163086652 174080
1760099938372 -0.17399243766611272 179200
1760099962655 -0.1679236954746984 184320
1760099983200 -0.1630796278676679 189440
1760100003816 -0.1585182524476376 194560
1760100027152 -0.15139204239358708 199680
1760100052629 -0.14719048163191004 204800
1760100074254 -0.14374252847097452 209920
1760100096345 -0.1394913555886508 215040
1760100119024 -0.1347852075541461 220160
1760100140663 -0.13103615514832923 225280
1760100164752 -0.12692639089263644 230400
1760100185339 -0.11808613616150695 235520
1760100208854 -0.11445392269199178 240640
1760100230106 -0.11159125759393841 245760
1760100254934 -0.10878528036722322 250880
1760100275678 -0.10485344123080431 256000
1760100296125 -0.10111562497913837 261120
1760100322879 -0.09775790547045712 266240
1760100345072 -0.0961572930328828 271360
1760100365164 -0.09245399109111942 276480
1760100386602 -0.08866181926450868 281600
1760100412594 -0.0862071318982759 286720
1760100432866 -0.08564693044115612 291840
1760100457684 -0.08112527644101697 296960
1760100466053 -0.031531516846536364 300032
