1760099170927 17.58509239783654 5120
1760099191486 17.47630334869633 10240
1760099211937 17.284196493070418 15360
1760099239599 17.576772296490446 20480
1760099262855 17.702431967092114 25600
1760099283187 17.732911559845927 30720
1760099303917 17.802163848054132 35840
1760099333956 17.763544907792426 40960
1760099354613 17.665692366840684 46080
1760099374582 17.652908871299342 51200
1760099395478 17.663267336509 56320
1760099423598 17.653842757138584 61440
1760099444854 17.662658988077457 66560
1760099466395 17.58416246614505 71680
1760099486397 17.53420137937741 76800
1760099512821 17.54373911611973 81920
1760099536080 17.589373190096108 87040
1760099556801 17.64018798314625 92160
1760099576927 17.64610608954001 97280
1760099602387 17.658549731250165 102400
1760099624800 17.64124115570649 107520
1760099646961 17.641605923819917 112640
1760099668054 17.580054710891787 117760
1760099691075 17.5228859159013 122880
1760099714314 17.498025397195647 128000
1760099737029 17.489767149891282 133120
1760099759510 17.497955750215457 138240
1760099782914 17.49859409971594 143360
1760099804626 17.48244117489921 148480
1760099826737 17.45861766756333 153600
1760099848683 17.495926769214126 158720
1760099871018 17.475165861150334 163840
1760099892750 17.480134707502213 168960
1760099915125 17.46202453658638 174080
1760099938377 17.45733392855464 179200
1760099962661 17.460041060429834 184320
1760099983206 17.454302233642135 189440
1760100003821 17.45769557312235 194560
1760100027157 17.467897025443413 199680
1760100052635 17.475460579986315 204800
1760100074262 17.469830892077695 209920
1760100096377 17.479636445173284 215040
1760100119082 17.486587657619772 220160
1760100140672 17.476777342112886 225280
1760100164759 17.51350431988953 230400
1760100185345 17.478036448132844 235520
1760100208860 17.466244981261976 240640
1760100230112 17.466464215175787 245760
1760100254942 17.48789535199593 250880
1760100275685 17.48212331903919 256000
1760100296131 17.481545213906923 261120
1760100322890 17.491824149776114 266240
1760100345077 17.481496472894253 271360
1760100365171 17.481386974135198 276480
1760100386613 17.47484882313215 281600
1760100412607 17.475123705207373 286720
1760100432894 17.461743500914068 291840
1760100457690 17.471727914013663 296960
1760100466059 17.464269681989343 300032
