1771703824898 1.0602914094924927 6144
1771703835708 1.0561188459396362 12288
1771703845371 0.9704042077064514 18432
1771703851200 0.8821989893913269 24576
1771703861564 0.813564121723175 30720
1771703871324 0.7893271446228027 36864
1771703881002 0.7811874151229858 43008
1771703887364 0.7818781733512878 49152
1771703897313 0.7745921015739441 55296
1771703906896 0.7586475610733032 61440
1771703916208 0.7529569864273071 67584
1771703923347 0.7337411046028137 73728
1771703933484 0.7329127788543701 79872
1771703942620 0.7313470840454102 86016
1771703952233 0.7310115694999695 92160
1771703959103 0.7301583886146545 98304
1771703968991 0.7217226028442383 104448
1771703978370 0.7192713618278503 110592
1771703988536 0.7175545692443848 116736
1771703995639 0.7182587385177612 122880
1771704005036 0.7138352990150452 129024
1771704014336 0.7107404470443726 135168
1771704024758 0.7109249234199524 141312
1771704032488 0.7106794118881226 147456
1771704041858 0.7069578170776367 153600
1771704049857 0.7028318047523499 159744
1771704060012 0.7035064101219177 165888
1771704068981 0.7033628821372986 172032
1771704077519 0.6999037861824036 178176
1771704086313 0.6988028287887573 184320
1771704096001 0.6990918517112732 190464
1771704104819 0.6988160014152527 196608
1771704113970 0.6979243755340576 202752
1771704122623 0.6997684836387634 208896
1771704131607 0.702786386013031 215040
1771704140805 0.7037179470062256 221184
1771704150309 0.7024645805358887 227328
1771704158877 0.7004660964012146 233472
1771704167027 0.6981835961341858 239616
1771704176617 0.6958401799201965 245760
1771704186187 0.6980445981025696 251904
1771704195775 0.696403443813324 258048
1771704202769 0.6979245543479919 264192
1771704213164 0.6979120969772339 270336
1771704222030 0.6956527233123779 276480
1771704232692 0.6980313062667847 282624
1771704239102 0.698630154132843 288768
1771704249994 0.6965603232383728 294912
1771704256242 0.6963738203048706 301056
