1771703824898 370.5444030761719 6144
1771703835708 376.0332946777344 12288
1771703845371 382.4869384765625 18432
1771703851200 388.2575378417969 24576
1771703861564 392.7801818847656 30720
1771703871324 395.6739196777344 36864
1771703881002 397.2882385253906 43008
1771703887364 398.0592346191406 49152
1771703897313 399.0885314941406 55296
1771703906896 399.4075927734375 61440
1771703916208 399.049560546875 67584
1771703923347 399.73223876953125 73728
1771703933484 399.8890686035156 79872
1771703942620 399.741943359375 86016
1771703952233 399.80267333984375 92160
1771703959103 399.8090515136719 98304
1771703968991 400.2699279785156 104448
1771703978370 400.66796875 110592
1771703988536 400.9013366699219 116736
1771703995639 400.8529052734375 122880
1771704005036 401.0409851074219 129024
1771704014336 401.2609558105469 135168
1771704024758 401.5193176269531 141312
1771704032488 401.53057861328125 147456
1771704041858 401.4334716796875 153600
1771704049857 401.20343017578125 159744
1771704060012 401.2752990722656 165888
1771704068981 401.4727783203125 172032
1771704077519 401.4214172363281 178176
1771704086313 401.5732116699219 184320
1771704096001 401.59075927734375 190464
1771704104819 401.52838134765625 196608
1771704113970 401.61358642578125 202752
1771704122623 401.6483459472656 208896
1771704131607 401.52069091796875 215040
1771704140805 401.6319885253906 221184
1771704150309 401.7084655761719 227328
1771704158877 401.87835693359375 233472
1771704167027 402.1042175292969 239616
1771704176617 402.173583984375 245760
1771704186187 402.26702880859375 251904
1771704195775 402.2057189941406 258048
1771704202769 402.1544494628906 264192
1771704213164 402.0931091308594 270336
1771704222030 402.24542236328125 276480
1771704232692 401.973876953125 282624
1771704239102 401.9986572265625 288768
1771704249994 402.1172180175781 294912
1771704256242 402.13671875 301056
