1771703824898 0.0 6144
1771703835708 0.0 12288
1771703845371 0.0 18432
1771703851200 0.0 24576
1771703861564 0.0 30720
1771703871324 0.0 36864
1771703881002 0.0 43008
1771703887364 0.0 49152
1771703897313 0.0 55296
1771703906896 0.0 61440
1771703916208 0.0 67584
1771703923347 0.0 73728
1771703933484 0.0 79872
1771703942620 0.0 86016
1771703952233 0.0 92160
1771703959103 0.0 98304
1771703968991 0.0 104448
1771703978370 0.0 110592
1771703988536 0.0 116736
1771703995639 0.0 122880
1771704005036 0.0 129024
1771704014336 0.0 135168
1771704024758 0.0 141312
1771704032488 0.0 147456
1771704041858 0.0 153600
1771704049857 0.0 159744
1771704060012 0.0 165888
1771704068981 0.0 172032
1771704077519 0.0 178176
1771704086313 0.0 184320
1771704096001 0.0 190464
1771704104819 0.0 196608
1771704113970 0.0 202752
1771704122623 0.0 208896
1771704131607 0.0 215040
1771704140805 0.0 221184
1771704150309 0.0 227328
1771704158877 0.0 233472
1771704167027 0.0 239616
1771704176617 0.0 245760
1771704186187 0.0 251904
1771704195775 0.0 258048
1771704202769 0.0 264192
1771704213164 0.0 270336
1771704222030 0.0 276480
1771704232692 0.0 282624
1771704239102 0.0 288768
1771704249994 0.0 294912
1771704256242 0.0 301056
