1771703824895 -0.7252541780471802 6144
1771703835705 -1.7988964319229126 12288
1771703845368 -2.362070322036743 18432
1771703851197 -2.6748151779174805 24576
1771703861561 -2.8676936626434326 30720
1771703871321 -3.0098953247070312 36864
1771703880998 -3.1226651668548584 43008
1771703887360 -3.225977897644043 49152
1771703897310 -3.3206894397735596 55296
1771703906893 -3.4095611572265625 61440
1771703916205 -3.493396759033203 67584
1771703923344 -3.575958251953125 73728
1771703933481 -3.6591243743896484 79872
1771703942617 -3.7343084812164307 86016
1771703952230 -3.809893846511841 92160
1771703959100 -3.8884429931640625 98304
1771703968988 -3.9598379135131836 104448
1771703978366 -4.0298171043396 110592
1771703988533 -4.09705114364624 116736
1771703995635 -4.167264938354492 122880
1771704005033 -4.23344087600708 129024
1771704014333 -4.277772426605225 135168
1771704024754 -4.183194160461426 141312
1771704032485 -3.7074549198150635 147456
1771704041855 -3.036191940307617 153600
1771704049854 -2.3135299682617188 159744
1771704060009 -1.5822006464004517 165888
1771704068978 -0.9657436013221741 172032
1771704077516 -0.3298005759716034 178176
1771704086310 0.15045218169689178 184320
1771704095998 0.5036103129386902 190464
1771704104816 0.8097129464149475 196608
1771704113966 1.0870437622070312 202752
1771704122620 1.2949585914611816 208896
1771704131604 1.5106902122497559 215040
1771704140801 1.6812196969985962 221184
1771704150305 1.793351173400879 227328
1771704158874 1.8738378286361694 233472
1771704167023 1.9866708517074585 239616
1771704176614 2.077026128768921 245760
1771704186184 2.14831280708313 251904
1771704195772 2.258733034133911 258048
1771704202765 2.288713216781616 264192
1771704213161 2.34224796295166 270336
1771704222027 2.435847043991089 276480
1771704232689 2.4875879287719727 282624
1771704239099 2.493039846420288 288768
1771704249991 2.4949796199798584 294912
1771704256239 2.6443357467651367 301056
