1759770609857 408.0815750456204 5120
1759770636660 409.69258729818984 10240
1759770657384 408.14604651409644 15360
1759770680600 409.3662139609133 20480
1759770705769 410.0308183076366 25600
1759770729108 410.72336635431094 30720
1759770748509 410.6130736434828 35840
1759770772523 411.0765549801639 40960
1759770802382 411.107781518147 46080
1759770822319 411.4305251372908 51200
1759770844274 411.9017120314878 56320
1759770867358 411.71428542212044 61440
1759770895138 411.7275126178675 66560
1759770916615 412.0151894151719 71680
1759770935269 411.73438429278616 76800
1759770969271 411.70512581222107 81920
1759770989178 411.84298817013973 87040
1759771008459 411.99670966187807 92160
1759771030269 412.30833589603606 97280
1759771061801 412.4591255252101 102400
1759771081387 412.694262621997 107520
1759771103303 412.74063313180386 112640
1759771126343 412.8028700582724 117760
1759771151331 412.914786158291 122880
1759771172099 413.02961080523596 128000
1759771196136 413.01560606825524 133120
1759771222639 412.9136368111193 138240
1759771241136 412.87343099056073 143360
1759771263984 413.06225706273557 148480
1759771285264 413.1630614447597 153600
1759771310351 413.1704872114798 158720
1759771330040 413.2080593996386 163840
1759771355434 413.23618696223707 168960
1759771373154 413.36786929446953 174080
1759771396340 413.6630063257894 179200
1759771417674 413.7303891655721 184320
1759771442390 413.7665864667396 189440
1759771460815 413.73656372772797 194560
1759771483573 413.74894444463166 199680
1759771504711 413.80480767018565 204800
1759771528016 413.702994056404 209920
1759771548456 413.757787836365 215040
1759771569705 413.9580129744396 220160
1759771591621 413.989793684242 225280
1759771617237 413.9993201436325 230400
1759771635338 414.04989346590907 235520
1759771656885 413.9805289646442 240640
1759771677693 414.01959586852786 245760
1759771702961 414.02413987928884 250880
1759771720927 414.08409400679517 256000
1759771746164 414.18510490462864 261120
1759771765969 414.17924884629804 266240
1759771791563 414.2579873742645 271360
1759771810872 414.2596281303656 276480
1759771835724 414.2761817528736 281600
1759771855492 414.19642533729115 286720
1759771887902 414.19425642886193 291840
1759771908316 414.2124196214488 296960
1759771918201 414.1949757980499 300032
