1759770609841 13.931140740712484 5120
1759770636655 5.598099881952459 10240
1759770657379 3.7119296193122864 15360
1759770680593 2.68893795921689 20480
1759770705764 2.0934253472548265 25600
1759770729100 1.7020157844789567 30720
1759770748501 1.7363502979278564 35840
1759770772518 2.0205198148401773 40960
1759770802377 1.573533887448518 46080
1759770822314 1.4274877473419787 51200
1759770844267 1.1148234265191215 56320
1759770867351 0.9939696671532803 61440
1759770895134 0.9291953318046801 66560
1759770916608 0.8445562980544399 71680
1759770935260 0.8095667864146986 76800
1759770969265 0.7225703015739535 81920
1759770989172 0.6291428943013035 87040
1759771008454 0.6315862320281647 92160
1759771030259 0.5311380326747894 97280
1759771061796 0.5030386141031096 102400
1759771081382 0.5450329150793687 107520
1759771103297 0.45050853007548564 112640
1759771126337 0.4605878057151005 117760
1759771151323 0.4033718266762978 122880
1759771172078 0.3954984498402429 128000
1759771196128 0.3806257393523937 133120
1759771222633 0.3642053113264196 138240
1759771241131 0.33416610068463265 143360
1759771263975 0.32336146210970945 148480
1759771285258 0.2859601911330065 153600
1759771310345 0.274181176454593 158720
1759771330035 0.2605558152524581 163840
1759771355429 0.2818035533629268 168960
1759771373147 0.2840759489271376 174080
1759771396334 0.24025258692828091 179200
1759771417667 0.2422172325092126 184320
1759771442382 0.20574776331583658 189440
1759771460806 0.2003539719506708 194560
1759771483566 0.198032089642116 199680
1759771504706 0.20422063419474892 204800
1759771528010 0.1874845537167151 209920
1759771548446 0.18914834921958887 215040
1759771569698 0.1749341708642465 220160
1759771591613 0.1617580323197723 225280
1759771617228 0.1560078574492868 230400
1759771635331 0.14856277606187962 235520
1759771656879 0.14606086076316188 240640
1759771677684 0.13315895286338458 245760
1759771702950 0.13952383568616417 250880
1759771720920 0.12073636719905048 256000
1759771746157 0.13241860270500183 261120
1759771765962 0.1233847753298237 266240
1759771791556 0.12772954854750096 271360
1759771810863 0.12313567052468162 276480
1759771835712 0.12429395620373712 281600
1759771855485 0.12394800559481692 286720
1759771887895 0.11396237353344897 291840
1759771908299 0.11636820036111419 296960
1759771918182 0.042570844852069946 300032
