1759770609857 16.53666230361827 5120
1759770636660 17.16316273907626 10240
1759770657384 17.84585206404976 15360
1759770680600 17.89345252132514 20480
1759770705769 17.863320559065862 25600
1759770729108 17.817985006316547 30720
1759770748509 17.892751480791176 35840
1759770772523 17.856705489937646 40960
1759770802382 17.827322993517363 46080
1759770822319 17.861444577013597 51200
1759770844274 17.822374364193898 56320
1759770867358 17.865008662092333 61440
1759770895138 17.896323601865983 66560
1759770916615 17.90304991489747 71680
1759770935269 17.877996018177782 76800
1759770969271 17.872557456050842 81920
1759770989178 17.82974518675218 87040
1759771008459 17.828559816677252 92160
1759771030269 17.793754432539874 97280
1759771061801 17.77430018577255 102400
1759771081387 17.766154851140204 107520
1759771103303 17.73149909710866 112640
1759771126343 17.68364916144167 117760
1759771151331 17.637514013184536 122880
1759771172099 17.588020106870776 128000
1759771196136 17.58485082771166 133120
1759771222639 17.590461507819793 138240
1759771241136 17.594443817894625 143360
1759771263984 17.528700087788692 148480
1759771285264 17.50446722269292 153600
1759771310351 17.50537366722256 158720
1759771330040 17.500614089063525 163840
1759771355434 17.48526262778093 168960
1759771373154 17.47632840485453 174080
1759771396340 17.409619347275427 179200
1759771417674 17.39112741233171 184320
1759771442390 17.398164326398312 189440
1759771460815 17.41634631315234 194560
1759771483573 17.407613370827914 199680
1759771504711 17.401333479506157 204800
1759771528016 17.431745243268335 209920
1759771548456 17.4246793140221 215040
1759771569705 17.385460897638357 220160
1759771591621 17.385589771827178 225280
1759771617237 17.378646517910926 230400
1759771635338 17.361634518914002 235520
1759771656885 17.372600981402428 240640
1759771677693 17.378830843863124 245760
1759771702961 17.37852205759846 250880
1759771720927 17.358712795561395 256000
1759771746164 17.35552678483256 261120
1759771765969 17.36517406209475 266240
1759771791563 17.352234619567717 271360
1759771810872 17.349799292321823 276480
1759771835724 17.34751813281998 281600
1759771855492 17.360177112024054 286720
1759771887902 17.356773741488748 291840
1759771908316 17.35188458539767 296960
1759771918201 17.353157667770308 300032
