1758848977782 -0.04228390573656985 5120
1758848988393 -0.33333960143258656 10240
1758848999406 -0.350745664170531 15360
1758849009753 -0.27452391658300235 20480
1758849020768 -0.18187903738257907 25600
1758849031843 -0.11614378286171549 30720
1758849042212 -0.051962151063989236 35840
1758849052871 -0.016233189466484586 40960
1758849063879 0.014940289255663835 46080
1758849074145 0.044423598872117734 51200
1758849084910 0.0605617220720015 56320
1758849095537 0.07646641477447821 61440
1758849106313 0.08745924500441643 66560
1758849117677 0.034571346930920864 71680
1758849128149 0.010688692550376008 76800
1758849138492 0.006091284569109155 81920
1758849149773 0.010988714083854404 87040
1758849160435 0.023616703527455846 92160
1758849170685 0.028572069829100072 97280
1758849182157 0.03493479253292233 102400
1758849192317 0.04500603520105683 107520
1758849203026 0.052260145511216306 112640
1758849214281 0.05761388572591503 117760
1758849224775 0.0644064110430759 122880
1758849235754 0.07149267860515389 128000
1758849246642 0.07765554267476939 133120
1758849257413 0.07145049500377254 138240
1758849269347 0.037365181619258274 143360
1758849280623 0.025757661763187535 148480
1758849291612 0.022612282924490443 153600
1758849302943 0.029779399014805443 158720
1758849314010 0.042131797065043046 163840
1758849325256 0.05213208789183405 168960
1758849336941 0.06509475839295577 174080
1758849348035 0.06868431908257848 179200
1758849359469 0.07397469908784397 184320
1758849370494 0.07361388737373506 189440
1758849381306 0.07609983258115792 194560
1758849393112 0.07339849890270551 199680
1758849403644 0.07422094159060799 204800
1758849414624 0.07317858612058224 209920
1758849426810 0.07294911479269565 215040
1758849438317 0.07321064580192967 220160
1758849449646 0.0712152762797309 225280
1758849460684 0.07137829709661656 230400
1758849471613 0.0728444756695295 235520
1758849483254 0.07143328947417919 240640
1758849495025 0.07106320505707867 245760
1758849505953 0.06842722613269522 250880
1758849517010 0.0677088480014782 256000
1758849528583 0.06549949281713052 261120
1758849539816 0.06374261878523886 266240
1758849551129 0.06376445061973982 271360
1758849562710 0.06486338770687303 276480
1758849574080 0.06253403107974878 281600
1758849584792 0.06090307080458575 286720
1758849595964 0.060971869929227575 291840
1758849607409 0.05985356488174452 296960
1758849613788 0.033446053799508775 300032
