1771187443486 -0.7073590159416199 8192
1771187446352 -1.1272956132888794 16384
1771187479111 -1.423816204071045 24576
1771187483438 -1.5188729763031006 32768
1771187515586 -1.577239990234375 40960
1771187520521 -1.845632553100586 49152
1771187551524 -2.146573305130005 57344
1771187556593 -2.3036742210388184 65536
1771187588988 -2.5197525024414062 73728
1771187593748 -2.947603940963745 81920
1771187625204 -2.952749490737915 90112
1771187630841 -2.8254270553588867 98304
1771187661603 -3.0492687225341797 106496
1771187667098 -3.217991828918457 114688
1771187697993 -3.5161831378936768 122880
1771187704131 -3.7963294982910156 131072
1771187734207 -3.9780120849609375 139264
1771187740275 -4.128146171569824 147456
1771187769963 -4.510021209716797 155648
1771187776385 -4.777297496795654 163840
