1759497310836 500.0 5120
1759497325567 500.0 10240
1759497335241 500.0 15360
1759497345188 500.0 20480
1759497355303 500.0 25600
1759497368835 500.0 30720
1759497381561 500.0 35840
1759497391340 500.0 40960
1759497401352 500.0 46080
1759497415593 500.0 51200
1759497427487 500.0 56320
1759497437908 500.0 61440
1759497451016 500.0 66560
1759497462076 500.0 71680
1759497476037 500.0 76800
1759497487365 500.0 81920
1759497500711 500.0 87040
1759497511269 500.0 92160
1759497524311 500.0 97280
1759497536335 500.0 102400
1759497548366 500.0 107520
1759497561478 500.0 112640
1759497572689 500.0 117760
1759497585077 500.0 122880
1759497595347 500.0 128000
1759497611630 500.0 133120
1759497623070 500.0 138240
1759497633436 500.0 143360
1759497644681 500.0 148480
1759497662681 500.0 153600
1759497675436 500.0 158720
1759497687580 500.0 163840
1759497701393 500.0 168960
1759497717156 500.0 174080
1759497728266 500.0 179200
1759497741275 500.0 184320
1759497754662 500.0 189440
1759497768942 500.0 194560
1759497781472 500.0 199680
1759497795532 500.0 204800
1759497817130 500.0 209920
1759497829877 500.0 215040
1759497844397 500.0 220160
1759497857115 500.0 225280
1759497871514 500.0 230400
1759497882263 500.0 235520
1759497898755 500.0 240640
1759497912112 500.0 245760
1759497923578 500.0 250880
1759497935496 500.0 256000
1759497950002 500.0 261120
1759497962984 500.0 266240
1759497976491 500.0 271360
1759497990430 500.0 276480
1759498002051 500.0 281600
1759498012102 500.0 286720
1759498027355 500.0 291840
1759498040311 500.0 296960
1759498050544 500.0 302080
1759498061677 500.0 307200
1759498074424 500.0 312320
1759498088405 500.0 317440
1759498098592 500.0 322560
1759498113252 500.0 327680
1759498123281 500.0 332800
1759498135020 500.0 337920
1759498147230 500.0 343040
1759498161958 500.0 348160
1759498173900 500.0 353280
1759498185004 500.0 358400
1759498195114 500.0 363520
1759498208212 500.0 368640
1759498222685 500.0 373760
1759498232861 500.0 378880
1759498245462 500.0 384000
1759498256530 500.0 389120
1759498268693 500.0 394240
1759498281419 500.0 399360
1759498293953 500.0 404480
1759498305453 500.0 409600
1759498316755 500.0 414720
1759498330610 500.0 419840
1759498344700 500.0 424960
1759498354494 500.0 430080
1759498364875 500.0 435200
1759498378877 500.0 440320
1759498392429 500.0 445440
1759498403134 500.0 450560
1759498414254 500.0 455680
1759498427335 500.0 460800
1759498440967 500.0 465920
1759498451155 500.0 471040
1759498462729 500.0 476160
1759498474850 500.0 481280
1759498488425 500.0 486400
1759498499457 500.0 491520
1759498510186 500.0 496640
1759498522905 500.0 501760
1759498535296 500.0 506880
1759498547532 500.0 512000
1759498559622 500.0 517120
1759498569788 500.0 522240
1759498582512 500.0 527360
1759498597930 500.0 532480
1759498607543 500.0 537600
1759498619662 500.0 542720
1759498629911 500.0 547840
1759498645624 500.0 552960
1759498656046 500.0 558080
1759498666734 500.0 563200
1759498679578 500.0 568320
1759498693067 500.0 573440
1759498703239 500.0 578560
1759498713559 500.0 583680
1759498730260 500.0 588800
1759498742174 500.0 593920
1759498751917 500.0 599040
1759498763761 500.0 604160
1759498783210 500.0 609280
1759498794965 500.0 614400
1759498806863 500.0 619520
1759498821679 500.0 624640
1759498835243 500.0 629760
1759498847726 500.0 634880
1759498861164 500.0 640000
1759498875745 500.0 645120
1759498887175 500.0 650240
1759498900421 500.0 655360
1759498913284 500.0 660480
1759498926665 500.0 665600
1759498941925 500.0 670720
1759498953643 500.0 675840
1759498964141 500.0 680960
1759498976148 500.0 686080
1759498991422 500.0 691200
1759499001380 500.0 696320
1759499012529 500.0 701440
1759499024519 500.0 706560
1759499038028 500.0 711680
1759499048761 500.0 716800
1759499059418 500.0 721920
1759499075581 500.0 727040
1759499087100 500.0 732160
1759499097229 500.0 737280
1759499108206 500.0 742400
1759499122998 500.0 747520
1759499135352 500.0 752640
1759499146115 500.0 757760
1759499157493 500.0 762880
1759499171399 500.0 768000
1759499182508 500.0 773120
1759499195564 500.0 778240
1759499206153 500.0 783360
1759499220607 500.0 788480
1759499230698 500.0 793600
1759499242186 500.0 798720
1759499257766 500.0 803840
1759499267814 500.0 808960
1759499280060 500.0 814080
1759499290377 500.0 819200
1759499304782 500.0 824320
1759499316145 500.0 829440
1759499327308 500.0 834560
1759499340747 500.0 839680
1759499353465 500.0 844800
1759499365716 500.0 849920
1759499376208 500.0 855040
1759499391095 500.0 860160
1759499401296 500.0 865280
1759499414847 500.0 870400
1759499426815 500.0 875520
1759499439036 500.0 880640
1759499448875 500.0 885760
1759499461956 500.0 890880
1759499476639 500.0 896000
1759499486926 500.0 901120
1759499498920 500.0 906240
1759499510386 500.0 911360
1759499523773 500.0 916480
1759499536329 500.0 921600
1759499547834 500.0 926720
1759499559715 500.0 931840
1759499571805 500.0 936960
1759499584477 500.0 942080
1759499595512 500.0 947200
1759499609414 500.0 952320
1759499619638 500.0 957440
1759499633815 500.0 962560
1759499644332 500.0 967680
1759499656135 500.0 972800
1759499669965 500.0 977920
1759499682382 500.0 983040
1759499694550 500.0 988160
1759499704949 500.0 993280
1759499719280 500.0 998400
1759499730784 500.0 1003520
1759499742620 500.0 1008640
1759499753678 500.0 1013760
1759499766782 500.0 1018880
1759499778848 500.0 1024000
1759499791890 500.0 1029120
1759499803554 500.0 1034240
1759499814945 500.0 1039360
1759499826314 500.0 1044480
1759499841994 500.0 1049600
1759499852462 500.0 1054720
1759499862364 500.0 1059840
1759499875510 500.0 1064960
1759499890532 500.0 1070080
1759499900974 500.0 1075200
1759499912256 500.0 1080320
1759499923158 500.0 1085440
1759499937513 500.0 1090560
1759499948815 500.0 1095680
1759499960898 500.0 1100800
1759499971325 500.0 1105920
1759499985461 500.0 1111040
1759499997818 500.0 1116160
1759500009418 500.0 1121280
1759500020841 500.0 1126400
1759500033486 500.0 1131520
1759500047249 500.0 1136640
1759500057113 500.0 1141760
1759500070662 500.0 1146880
1759500081153 500.0 1152000
1759500094736 500.0 1157120
1759500104698 500.0 1162240
1759500119320 500.0 1167360
1759500130524 500.0 1172480
1759500142574 500.0 1177600
1759500154265 500.0 1182720
1759500167465 500.0 1187840
1759500179089 500.0 1192960
1759500191095 500.0 1198080
1759500201988 500.0 1203200
1759500214853 500.0 1208320
1759500228279 500.0 1213440
1759500238548 500.0 1218560
1759500250814 500.0 1223680
1759500262480 500.0 1228800
1759500279154 500.0 1233920
1759500290864 500.0 1239040
1759500302884 500.0 1244160
1759500314224 500.0 1249280
1759500325647 500.0 1254400
1759500339226 500.0 1259520
1759500351122 500.0 1264640
1759500361026 500.0 1269760
1759500373503 500.0 1274880
1759500388283 500.0 1280000
1759500397923 500.0 1285120
1759500407919 500.0 1290240
1759500421210 500.0 1295360
1759500435128 500.0 1300480
1759500446323 500.0 1305600
1759500456390 500.0 1310720
1759500468327 500.0 1315840
1759500481588 500.0 1320960
1759500495186 500.0 1326080
1759500505495 500.0 1331200
1759500515011 500.0 1336320
1759500529116 500.0 1341440
1759500542463 500.0 1346560
1759500552695 500.0 1351680
1759500563631 500.0 1356800
1759500576755 500.0 1361920
1759500589557 500.0 1367040
1759500601092 500.0 1372160
1759500612805 500.0 1377280
1759500624722 500.0 1382400
1759500637508 500.0 1387520
1759500649255 500.0 1392640
1759500660136 500.0 1397760
1759500674276 500.0 1402880
1759500684167 500.0 1408000
1759500696158 500.0 1413120
1759500709075 500.0 1418240
1759500721684 500.0 1423360
1759500733151 500.0 1428480
1759500743241 500.0 1433600
1759500756998 500.0 1438720
1759500769212 500.0 1443840
1759500780872 500.0 1448960
1759500790864 500.0 1454080
1759500804905 500.0 1459200
1759500816120 500.0 1464320
1759500828077 500.0 1469440
1759500841131 500.0 1474560
1759500851508 500.0 1479680
1759500864240 500.0 1484800
1759500876490 500.0 1489920
1759500889964 500.0 1495040
1759500902235 500.0 1500160
1759500912397 500.0 1505280
1759500923217 500.0 1510400
1759500938376 500.0 1515520
1759500950459 500.0 1520640
1759500960469 500.0 1525760
1759500971015 500.0 1530880
1759500987434 500.0 1536000
1759500999022 500.0 1541120
1759501009101 500.0 1546240
1759501020593 500.0 1551360
1759501036704 500.0 1556480
1759501047046 500.0 1561600
1759501057096 500.0 1566720
1759501071705 500.0 1571840
1759501086416 500.0 1576960
1759501098072 500.0 1582080
1759501109466 500.0 1587200
1759501123661 500.0 1592320
1759501136073 500.0 1597440
1759501148583 500.0 1602560
1759501160017 500.0 1607680
1759501174573 500.0 1612800
1759501187072 500.0 1617920
1759501198780 500.0 1623040
1759501209574 500.0 1628160
1759501223539 500.0 1633280
1759501238331 500.0 1638400
1759501249919 500.0 1643520
1759501260956 500.0 1648640
1759501271947 500.0 1653760
1759501287124 500.0 1658880
1759501299244 500.0 1664000
1759501309876 500.0 1669120
1759501323042 500.0 1674240
1759501337341 500.0 1679360
1759501348132 500.0 1684480
1759501358644 500.0 1689600
1759501373840 500.0 1694720
1759501386386 500.0 1699840
1759501398353 500.0 1704960
1759501410127 500.0 1710080
1759501424977 500.0 1715200
1759501435839 500.0 1720320
1759501446860 500.0 1725440
1759501459573 500.0 1730560
1759501473632 500.0 1735680
1759501485173 500.0 1740800
1759501499163 500.0 1745920
1759501509970 500.0 1751040
1759501524243 500.0 1756160
1759501534731 500.0 1761280
1759501548992 500.0 1766400
1759501562530 500.0 1771520
1759501573358 500.0 1776640
1759501583981 500.0 1781760
1759501597621 500.0 1786880
1759501613079 500.0 1792000
1759501623366 500.0 1797120
1759501633837 500.0 1802240
1759501646602 500.0 1807360
1759501662376 500.0 1812480
1759501673123 500.0 1817600
1759501684427 500.0 1822720
1759501695964 500.0 1827840
1759501711760 500.0 1832960
1759501723320 500.0 1838080
1759501734078 500.0 1843200
1759501745667 500.0 1848320
1759501762730 500.0 1853440
1759501773478 500.0 1858560
1759501783769 500.0 1863680
1759501794270 500.0 1868800
1759501813481 500.0 1873920
1759501823710 500.0 1879040
1759501834144 500.0 1884160
1759501844399 500.0 1889280
1759501862648 500.0 1894400
1759501872908 500.0 1899520
1759501884226 500.0 1904640
1759501895542 500.0 1909760
1759501912572 500.0 1914880
1759501923251 500.0 1920000
1759501934012 500.0 1925120
1759501946450 500.0 1930240
1759501962514 500.0 1935360
1759501972700 500.0 1940480
1759501983862 500.0 1945600
1759501997033 500.0 1950720
1759502010382 500.0 1955840
1759502023497 500.0 1960960
1759502035105 500.0 1966080
1759502047558 500.0 1971200
1759502059634 500.0 1976320
1759502072600 500.0 1981440
1759502086827 500.0 1986560
1759502098296 500.0 1991680
1759502109273 500.0 1996800
1759502121674 500.0 2001920
1759502136243 500.0 2007040
1759502147557 500.0 2012160
1759502158952 500.0 2017280
1759502170551 500.0 2022400
1759502187251 500.0 2027520
1759502198605 500.0 2032640
1759502209357 500.0 2037760
1759502219665 500.0 2042880
1759502235190 500.0 2048000
1759502249456 500.0 2053120
1759502259972 500.0 2058240
1759502271515 500.0 2063360
1759502283293 500.0 2068480
1759502298400 500.0 2073600
1759502309714 500.0 2078720
1759502322116 500.0 2083840
1759502332854 500.0 2088960
1759502347193 500.0 2094080
1759502360847 500.0 2099200
1759502373188 500.0 2104320
1759502386667 500.0 2109440
1759502398305 500.0 2114560
1759502412046 500.0 2119680
1759502422773 500.0 2124800
1759502437328 500.0 2129920
1759502447835 500.0 2135040
1759502460370 500.0 2140160
1759502472559 500.0 2145280
1759502486241 500.0 2150400
1759502498820 500.0 2155520
1759502508915 500.0 2160640
1759502523029 500.0 2165760
1759502534227 500.0 2170880
1759502547716 500.0 2176000
1759502560913 500.0 2181120
1759502573260 500.0 2186240
1759502583681 500.0 2191360
1759502596876 500.0 2196480
1759502610952 500.0 2201600
1759502622903 500.0 2206720
1759502633185 500.0 2211840
1759502647033 500.0 2216960
1759502660994 500.0 2222080
1759502672383 500.0 2227200
1759502684125 500.0 2232320
1759502696510 500.0 2237440
1759502709707 500.0 2242560
1759502723023 500.0 2247680
1759502734004 500.0 2252800
1759502746254 500.0 2257920
1759502758689 500.0 2263040
1759502772803 500.0 2268160
1759502784547 500.0 2273280
1759502795151 500.0 2278400
1759502806784 500.0 2283520
1759502823687 500.0 2288640
1759502834463 500.0 2293760
1759502845244 500.0 2298880
1759502855993 500.0 2304000
1759502873620 500.0 2309120
1759502884247 500.0 2314240
1759502894836 500.0 2319360
1759502905944 500.0 2324480
1759502923536 500.0 2329600
1759502933928 500.0 2334720
1759502945892 500.0 2339840
1759502957606 500.0 2344960
1759502971785 500.0 2350080
1759502982176 500.0 2355200
1759502995564 500.0 2360320
1759503009530 500.0 2365440
1759503021046 500.0 2370560
1759503031969 500.0 2375680
1759503046076 500.0 2380800
1759503058889 500.0 2385920
1759503070276 500.0 2391040
1759503081258 500.0 2396160
1759503096052 500.0 2401280
1759503109236 500.0 2406400
1759503119733 500.0 2411520
1759503131355 500.0 2416640
1759503146353 500.0 2421760
1759503156854 500.0 2426880
1759503169854 500.0 2432000
1759503181267 500.0 2437120
1759503195857 500.0 2442240
1759503208396 500.0 2447360
1759503220222 500.0 2452480
1759503231943 500.0 2457600
1759503243626 500.0 2462720
1759503259030 500.0 2467840
1759503269194 500.0 2472960
1759503281535 500.0 2478080
1759503295363 500.0 2483200
1759503308296 500.0 2488320
1759503318815 500.0 2493440
1759503329947 500.0 2498560
1759503346967 500.0 2503680
1759503357907 500.0 2508800
1759503368356 500.0 2513920
1759503380176 500.0 2519040
1759503395796 500.0 2524160
1759503405999 500.0 2529280
1759503417819 500.0 2534400
1759503432258 500.0 2539520
1759503444070 500.0 2544640
1759503456654 500.0 2549760
1759503467805 500.0 2554880
1759503482294 500.0 2560000
1759503492836 500.0 2565120
1759503507427 500.0 2570240
1759503517572 500.0 2575360
1759503532094 500.0 2580480
1759503542457 500.0 2585600
1759503556359 500.0 2590720
1759503569497 500.0 2595840
1759503580224 500.0 2600960
1759503592983 500.0 2606080
1759503607522 500.0 2611200
1759503619271 500.0 2616320
1759503629323 500.0 2621440
1759503644398 500.0 2626560
1759503656996 500.0 2631680
1759503668164 500.0 2636800
1759503680149 500.0 2641920
1759503694539 500.0 2647040
1759503706436 500.0 2652160
1759503717194 500.0 2657280
1759503729888 500.0 2662400
1759503745035 500.0 2667520
1759503756318 500.0 2672640
1759503767261 500.0 2677760
1759503779026 500.0 2682880
1759503796100 500.0 2688000
1759503806615 500.0 2693120
1759503816750 500.0 2698240
1759503828142 500.0 2703360
1759503845190 500.0 2708480
1759503856852 500.0 2713600
1759503867451 500.0 2718720
1759503877798 500.0 2723840
1759503895625 500.0 2728960
1759503906730 500.0 2734080
1759503917509 500.0 2739200
1759503928191 500.0 2744320
1759503945592 500.0 2749440
1759503956965 500.0 2754560
1759503967908 500.0 2759680
1759503978336 500.0 2764800
1759503994670 500.0 2769920
1759504007062 500.0 2775040
1759504017741 500.0 2780160
1759504030738 500.0 2785280
1759504042748 500.0 2790400
1759504056292 500.0 2795520
1759504068253 500.0 2800640
1759504081272 500.0 2805760
1759504094264 500.0 2810880
1759504106521 500.0 2816000
1759504117880 500.0 2821120
1759504129796 500.0 2826240
1759504142958 500.0 2831360
1759504155749 500.0 2836480
1759504169047 500.0 2841600
1759504179626 500.0 2846720
1759504192975 500.0 2851840
1759504206990 500.0 2856960
1759504219355 500.0 2862080
1759504229750 500.0 2867200
1759504243107 500.0 2872320
1759504257828 500.0 2877440
1759504269492 500.0 2882560
1759504281518 500.0 2887680
1759504293353 500.0 2892800
1759504307071 500.0 2897920
1759504319647 500.0 2903040
1759504331209 500.0 2908160
1759504344127 500.0 2913280
1759504358616 500.0 2918400
1759504369064 500.0 2923520
1759504380014 500.0 2928640
1759504397170 500.0 2933760
1759504412830 500.0 2938880
1759504427257 500.0 2944000
1759504442354 500.0 2949120
1759504464019 500.0 2954240
1759504476916 500.0 2959360
1759504488395 500.0 2964480
1759504500560 500.0 2969600
1759504521061 500.0 2974720
1759504533467 500.0 2979840
1759504546274 500.0 2984960
1759504559410 500.0 2990080
1759504577109 500.0 2995200
1759504589286 500.0 3000320
1759504600608 500.0 3005440
1759504615493 500.0 3010560
1759504629706 500.0 3015680
1759504643066 500.0 3020800
1759504657821 500.0 3025920
1759504671584 500.0 3031040
1759504685487 500.0 3036160
1759504701051 500.0 3041280
1759504720800 500.0 3046400
1759504732822 500.0 3051520
1759504745609 500.0 3056640
1759504758854 500.0 3061760
1759504776544 500.0 3066880
1759504790564 500.0 3072000
1759504802483 500.0 3077120
1759504813924 500.0 3082240
1759504830871 500.0 3087360
1759504846377 500.0 3092480
1759504857898 500.0 3097600
1759504871116 500.0 3102720
1759504888038 500.0 3107840
1759504907724 500.0 3112960
1759504920023 500.0 3118080
1759504934530 500.0 3123200
1759504949384 500.0 3128320
1759504965674 500.0 3133440
1759504979711 500.0 3138560
1759504993377 500.0 3143680
1759505006062 500.0 3148800
1759505022474 500.0 3153920
1759505035960 500.0 3159040
1759505051404 500.0 3164160
1759505063945 500.0 3169280
1759505081748 500.0 3174400
1759505096067 500.0 3179520
1759505109969 500.0 3184640
1759505122920 500.0 3189760
1759505138992 500.0 3194880
1759505153603 500.0 3200000
1759505167482 500.0 3205120
1759505184486 500.0 3210240
1759505199290 500.0 3215360
1759505215219 500.0 3220480
1759505228896 500.0 3225600
1759505246943 500.0 3230720
1759505260631 500.0 3235840
1759505276254 500.0 3240960
1759505288260 500.0 3246080
1759505306555 500.0 3251200
1759505318275 500.0 3256320
1759505332758 500.0 3261440
1759505345147 500.0 3266560
1759505362643 500.0 3271680
1759505374393 500.0 3276800
1759505387858 500.0 3281920
1759505400194 500.0 3287040
1759505416848 500.0 3292160
1759505430605 500.0 3297280
1759505441738 500.0 3302400
1759505454670 500.0 3307520
1759505469175 500.0 3312640
1759505483629 500.0 3317760
1759505494865 500.0 3322880
1759505506470 500.0 3328000
1759505521390 500.0 3333120
1759505537526 500.0 3338240
1759505548664 500.0 3343360
1759505560314 500.0 3348480
1759505573380 500.0 3353600
1759505591075 500.0 3358720
1759505604240 500.0 3363840
1759505615733 500.0 3368960
1759505627358 500.0 3374080
1759505643629 500.0 3379200
1759505656645 500.0 3384320
1759505667967 500.0 3389440
1759505679060 500.0 3394560
1759505695390 500.0 3399680
1759505709621 500.0 3404800
1759505720796 500.0 3409920
1759505733726 500.0 3415040
1759505750730 500.0 3420160
1759505763385 500.0 3425280
1759505775182 500.0 3430400
1759505787400 500.0 3435520
1759505803481 500.0 3440640
1759505817014 500.0 3445760
1759505828270 500.0 3450880
1759505842026 500.0 3456000
1759505855795 500.0 3461120
1759505869447 500.0 3466240
1759505879918 500.0 3471360
1759505895022 500.0 3476480
1759505907954 500.0 3481600
1759505921567 500.0 3486720
1759505932696 500.0 3491840
1759505946777 500.0 3496960
1759505960198 500.0 3502080
1759505976916 500.0 3507200
1759505990759 500.0 3512320
1759506002475 500.0 3517440
1759506017068 500.0 3522560
1759506034564 500.0 3527680
1759506045980 500.0 3532800
1759506057196 500.0 3537920
1759506071097 500.0 3543040
1759506091532 500.0 3548160
1759506104051 500.0 3553280
1759506116059 500.0 3558400
1759506130028 500.0 3563520
1759506148465 500.0 3568640
1759506161090 500.0 3573760
1759506172500 500.0 3578880
1759506185974 500.0 3584000
1759506205096 500.0 3589120
1759506218595 500.0 3594240
1759506230017 500.0 3599360
1759506242355 500.0 3604480
1759506259495 500.0 3609600
1759506273756 500.0 3614720
1759506285919 500.0 3619840
1759506297981 500.0 3624960
1759506315501 500.0 3630080
1759506332222 500.0 3635200
1759506344075 500.0 3640320
1759506356899 500.0 3645440
1759506371525 500.0 3650560
1759506386162 500.0 3655680
1759506397457 500.0 3660800
1759506411437 500.0 3665920
1759506425913 500.0 3671040
1759506443970 500.0 3676160
1759506455424 500.0 3681280
1759506469721 500.0 3686400
1759506483439 500.0 3691520
1759506497543 500.0 3696640
1759506509274 500.0 3701760
1759506524636 500.0 3706880
1759506538634 500.0 3712000
1759506552136 500.0 3717120
1759506565105 500.0 3722240
1759506582163 500.0 3727360
1759506595897 500.0 3732480
1759506607379 500.0 3737600
1759506619712 500.0 3742720
1759506636489 500.0 3747840
1759506650863 500.0 3752960
1759506663077 500.0 3758080
1759506674482 500.0 3763200
1759506691120 500.0 3768320
1759506706875 500.0 3773440
1759506719590 500.0 3778560
1759506731680 500.0 3783680
1759506747470 500.0 3788800
1759506762302 500.0 3793920
1759506774935 500.0 3799040
1759506786728 500.0 3804160
1759506803739 500.0 3809280
1759506820306 500.0 3814400
1759506835330 500.0 3819520
1759506848244 500.0 3824640
1759506863532 500.0 3829760
1759506877978 500.0 3834880
1759506891864 500.0 3840000
1759506904022 500.0 3845120
1759506918045 500.0 3850240
1759506932403 500.0 3855360
1759506946027 500.0 3860480
1759506960869 500.0 3865600
1759506972333 500.0 3870720
1759506986623 500.0 3875840
1759507000660 500.0 3880960
1759507015252 500.0 3886080
1759507030205 500.0 3891200
1759507046443 500.0 3896320
1759507062867 500.0 3901440
1759507079347 500.0 3906560
1759507096747 500.0 3911680
1759507111663 500.0 3916800
1759507127501 500.0 3921920
1759507146001 500.0 3927040
1759507161707 500.0 3932160
1759507175218 500.0 3937280
1759507190569 500.0 3942400
1759507209899 500.0 3947520
1759507223958 500.0 3952640
1759507238301 500.0 3957760
1759507252182 500.0 3962880
1759507272743 500.0 3968000
1759507286771 500.0 3973120
1759507300948 500.0 3978240
1759507313663 500.0 3983360
1759507335655 500.0 3988480
1759507349850 500.0 3993600
1759507362442 500.0 3998720
1759507377905 500.0 4003840
1759507397651 500.0 4008960
1759507411022 500.0 4014080
1759507426483 500.0 4019200
1759507439983 500.0 4024320
1759507460286 500.0 4029440
1759507473512 500.0 4034560
1759507489904 500.0 4039680
1759507502765 500.0 4044800
1759507521479 500.0 4049920
1759507534433 500.0 4055040
1759507551716 500.0 4060160
1759507565790 500.0 4065280
1759507583211 500.0 4070400
1759507596265 500.0 4075520
1759507614034 500.0 4080640
1759507629600 500.0 4085760
1759507646734 500.0 4090880
1759507660452 500.0 4096000
1759507677526 500.0 4101120
1759507693483 500.0 4106240
1759507708705 500.0 4111360
1759507722840 500.0 4116480
1759507740581 500.0 4121600
1759507757695 500.0 4126720
1759507770815 500.0 4131840
1759507785496 500.0 4136960
1759507803410 500.0 4142080
1759507819902 500.0 4147200
1759507834372 500.0 4152320
1759507848257 500.0 4157440
1759507865009 500.0 4162560
1759507880599 500.0 4167680
1759507897271 500.0 4172800
1759507912176 500.0 4177920
1759507928576 500.0 4183040
1759507944211 500.0 4188160
1759507962726 500.0 4193280
1759507976956 500.0 4198400
1759507992729 500.0 4203520
1759508005960 500.0 4208640
1759508025463 500.0 4213760
1759508042716 500.0 4218880
1759508055609 500.0 4224000
1759508069829 500.0 4229120
1759508087625 500.0 4234240
1759508103351 500.0 4239360
1759508116545 500.0 4244480
1759508133375 500.0 4249600
1759508149526 500.0 4254720
1759508164157 500.0 4259840
1759508177360 500.0 4264960
1759508198076 500.0 4270080
1759508211898 500.0 4275200
1759508225129 500.0 4280320
1759508239062 500.0 4285440
1759508259171 500.0 4290560
1759508274200 500.0 4295680
1759508288127 500.0 4300800
1759508304405 500.0 4305920
1759508318873 500.0 4311040
1759508334691 500.0 4316160
1759508350875 500.0 4321280
1759508367311 500.0 4326400
1759508380763 500.0 4331520
1759508396323 500.0 4336640
1759508412753 500.0 4341760
1759508429059 500.0 4346880
1759508443975 500.0 4352000
1759508457834 500.0 4357120
1759508474988 500.0 4362240
1759508491717 500.0 4367360
1759508504381 500.0 4372480
1759508516810 500.0 4377600
1759508538730 500.0 4382720
1759508552204 500.0 4387840
1759508565128 500.0 4392960
1759508578297 500.0 4398080
1759508598027 500.0 4403200
1759508611684 500.0 4408320
1759508626569 500.0 4413440
1759508639460 500.0 4418560
1759508658329 500.0 4423680
1759508670608 500.0 4428800
1759508685198 500.0 4433920
1759508700420 500.0 4439040
1759508717743 500.0 4444160
1759508730388 500.0 4449280
1759508748204 500.0 4454400
1759508761593 500.0 4459520
1759508776839 500.0 4464640
1759508791199 500.0 4469760
1759508808338 500.0 4474880
1759508822473 500.0 4480000
1759508836732 500.0 4485120
1759508850356 500.0 4490240
1759508871257 500.0 4495360
1759508883689 500.0 4500480
1759508897387 500.0 4505600
1759508910026 500.0 4510720
1759508930753 500.0 4515840
1759508945952 500.0 4520960
1759508960388 500.0 4526080
1759508973794 500.0 4531200
1759508991064 500.0 4536320
1759509003967 500.0 4541440
1759509023893 500.0 4546560
1759509037590 500.0 4551680
1759509051483 500.0 4556800
1759509064267 500.0 4561920
1759509081850 500.0 4567040
1759509097022 500.0 4572160
1759509109571 500.0 4577280
1759509122226 500.0 4582400
1759509138971 500.0 4587520
1759509155663 500.0 4592640
1759509168976 500.0 4597760
1759509181099 500.0 4602880
1759509196682 500.0 4608000
1759509213634 500.0 4613120
1759509227360 500.0 4618240
1759509240142 500.0 4623360
1759509254065 500.0 4628480
1759509271626 500.0 4633600
1759509285569 500.0 4638720
1759509301191 500.0 4643840
1759509314356 500.0 4648960
1759509332443 500.0 4654080
1759509346295 500.0 4659200
1759509362273 500.0 4664320
1759509378839 500.0 4669440
1759509394897 500.0 4674560
1759509407968 500.0 4679680
1759509423629 500.0 4684800
1759509440146 500.0 4689920
1759509453207 500.0 4695040
1759509465459 500.0 4700160
1759509482499 500.0 4705280
1759509496907 500.0 4710400
1759509510965 500.0 4715520
1759509523729 500.0 4720640
1759509541509 500.0 4725760
1759509555097 500.0 4730880
1759509570075 500.0 4736000
1759509584435 500.0 4741120
1759509603404 500.0 4746240
1759509615742 500.0 4751360
1759509629672 500.0 4756480
1759509643090 500.0 4761600
1759509660995 500.0 4766720
1759509673064 500.0 4771840
1759509687182 500.0 4776960
1759509702247 500.0 4782080
1759509717661 500.0 4787200
1759509732133 500.0 4792320
1759509744604 500.0 4797440
1759509759890 500.0 4802560
1759509775263 500.0 4807680
1759509789367 500.0 4812800
1759509803651 500.0 4817920
1759509819315 500.0 4823040
1759509833317 500.0 4828160
1759509847763 500.0 4833280
1759509860378 500.0 4838400
1759509876889 500.0 4843520
1759509890069 500.0 4848640
1759509905788 500.0 4853760
1759509918412 500.0 4858880
1759509935722 500.0 4864000
1759509947586 500.0 4869120
1759509963910 500.0 4874240
1759509976182 500.0 4879360
1759509992657 500.0 4884480
1759510006114 500.0 4889600
1759510021956 500.0 4894720
1759510033874 500.0 4899840
1759510049540 500.0 4904960
1759510064812 500.0 4910080
1759510078861 500.0 4915200
1759510091643 500.0 4920320
1759510106211 500.0 4925440
1759510123566 500.0 4930560
1759510135536 500.0 4935680
1759510150505 500.0 4940800
1759510163957 500.0 4945920
1759510182767 500.0 4951040
1759510195360 500.0 4956160
1759510209039 500.0 4961280
1759510221881 500.0 4966400
1759510240153 500.0 4971520
1759510254487 500.0 4976640
1759510267031 500.0 4981760
1759510278834 500.0 4986880
1759510297713 500.0 4992000
1759510313890 500.0 4997120
1759510314707 500.0 5000192
