1759497310836 2.9923664122137406 5120
1759497325567 2.316 10240
1759497335241 2.095890410958904 15360
1759497345188 1.9843096234309623 20480
1759497355303 1.919463087248322 25600
1759497368835 1.834965034965035 30720
1759497381561 1.7885304659498207 35840
1759497391340 1.7515690376569037 40960
1759497401352 1.7236414305620065 46080
1759497415593 1.6967042136003339 51200
1759497427487 1.6937142857142857 56320
1759497437908 1.6901754385964913 61440
1759497451016 1.671078114912847 66560
1759497462076 1.6605642256902762 71680
1759497476037 1.6590845268183094 76800
1759497487365 1.6595520421607377 81920
1759497500711 1.6549243363929547 87040
1759497511269 1.6427902621722847 92160
1759497524311 1.638439370427843 97280
1759497536335 1.6365740740740742 102400
1759497548366 1.6358892011240467 107520
1759497561478 1.6202942862602714 112640
1759497572689 1.6202670568867752 117760
1759497585077 1.6165439887837365 122880
1759497595347 1.6185185185185185 128000
1759497611630 1.6172519825214435 133120
1759497623070 1.608749805386891 138240
1759497633436 1.611035934445948 143360
1759497644681 1.6169313711205013 148480
1759497662681 1.613447742298495 153600
1759497675436 1.6029311982629937 158720
1759497687580 1.6051869404949974 163840
1759497701393 1.6002552648372688 168960
1759497717156 1.593734522040614 174080
1759497728266 1.594099939795304 179200
1759497741275 1.593955014058107 184320
1759497754662 1.5942772457820338 189440
1759497768942 1.5958439826647406 194560
1759497781472 1.5915782636934401 199680
1759497795532 1.5867088607594937 204800
1759497817130 1.5868312757201646 209920
1759497829877 1.583785412899337 215040
1759497844397 1.5841185708676875 220160
1759497857115 1.5780546238620028 225280
1759497871514 1.5758029778069107 230400
1759497882263 1.578358551123338 235520
1759497898755 1.5783143344403554 240640
1759497912112 1.5731718023000614 245760
1759497923578 1.575167900809368 250880
1759497935496 1.573259146855505 256000
1759497950002 1.572904612332617 261120
1759497962984 1.5694151952049247 266240
1759497976491 1.5675224544948732 271360
1759497990430 1.5651122894572675 276480
1759498002051 1.5651774082305157 281600
1759498012102 1.5651617757712566 286720
1759498027355 1.5676675048069812 291840
1759498040311 1.5658745730688177 296960
1759498050544 1.5671023498321548 302080
1759498061677 1.5651654605494274 307200
1759498074424 1.5686328746283107 312320
1759498088405 1.5659505031275496 317440
1759498098592 1.5630308299337925 322560
1759498113252 1.5642899466719336 327680
1759498123281 1.5626782473424943 332800
1759498135020 1.561422551398289 337920
1759498147230 1.5631489522371154 343040
1759498161958 1.5599206840996407 348160
1759498173900 1.5614688989368202 353280
1759498185004 1.5611372123840501 358400
1759498195114 1.5593753710960694 363520
1759498208212 1.5597447456237925 368640
1759498222685 1.5578455143747836 373760
1759498232861 1.5586509428587705 378880
1759498245462 1.5592667566351777 384000
1759498256530 1.5600998890122086 389120
1759498268693 1.559669204228052 394240
1759498281419 1.558354505648954 399360
1759498293953 1.5594188965443572 404480
1759498305453 1.5580390089615181 409600
1759498316755 1.5577253554132167 414720
1759498330610 1.5598393987749009 419840
1759498344700 1.5597944961595198 424960
1759498354494 1.5588279640146756 430080
1759498364875 1.5582861682057392 435200
1759498378877 1.5584294478527607 440320
1759498392429 1.5602310231023102 445440
1759498403134 1.5592764957059924 450560
1759498414254 1.5593284643839513 455680
1759498427335 1.557905101275319 460800
1759498440967 1.558513845725683 465920
1759498451155 1.5582132035625746 471040
1759498462729 1.5587767528513654 476160
1759498474850 1.5582535185934618 481280
1759498488425 1.5583236942788505 486400
1759498499457 1.56157743996475 491520
1759498510186 1.5600523331879634 496640
1759498522905 1.5603712497301965 501760
1759498535296 1.5614147634932853 506880
1759498547532 1.5600558659217878 512000
1759498559622 1.5585204423592494 517120
1759498569788 1.5570486499937788 522240
1759498582512 1.55704780680138 527360
1759498597930 1.5561249389946314 532480
1759498607543 1.5552690944247503 537600
1759498619662 1.5557506584723442 542720
1759498629911 1.5568204276848887 547840
1759498645624 1.5553249804228662 552960
1759498656046 1.554969353712468 558080
1759498666734 1.5547824081193296 563200
1759498679578 1.5533973187081047 568320
1759498693067 1.5538653178317983 573440
1759498703239 1.5531708046664672 578560
1759498713559 1.5554484088717455 583680
1759498730260 1.5561766761060645 588800
1759498742174 1.5563051564437314 593920
1759498751917 1.5565679574791191 599040
1759498763761 1.5554838709677419 604160
1759498783210 1.555630598606569 609280
1759498794965 1.5559708070373375 614400
1759498806863 1.554600412342314 619520
1759498821679 1.5539964660638188 624640
1759498835243 1.55487197112906 629760
1759498847726 1.5544264084026735 634880
1759498861164 1.5533123668458964 640000
1759498875745 1.5536199778471453 645120
1759498887175 1.5541346121823691 650240
1759498900421 1.5543072398638602 655360
1759498913284 1.554801259346714 660480
1759498926665 1.5544203299385027 665600
1759498941925 1.5539589253422887 670720
1759498953643 1.5536509563935792 675840
1759498964141 1.552891799942768 680960
1759498976148 1.5526423726139769 686080
1759498991422 1.5523093784249256 691200
1759499001380 1.5514422479174437 696320
1759499012529 1.5514985030402173 701440
1759499024519 1.551156733568255 706560
1759499038028 1.5506099972618577 711680
1759499048761 1.5507158823174048 716800
1759499059418 1.550700296913895 721920
1759499075581 1.5518422541923569 727040
1759499087100 1.5526043361235173 732160
1759499097229 1.5522953564190678 737280
1759499108206 1.5513500903948212 742400
1759499122998 1.5507875839703498 747520
1759499135352 1.5506829618979152 752640
1759499146115 1.550369883750821 757760
1759499157493 1.549896433334279 762880
1759499171399 1.5497631667982408 768000
1759499182508 1.5486643893151146 773120
1759499195564 1.5488761544453098 778240
1759499206153 1.5507999226326987 783360
1759499220607 1.564733675795951 788480
1759499230698 1.5789559944275997 793600
1759499242186 1.5948051243078927 798720
1759499257766 1.6055016181229773 803840
1759499267814 1.6055903950259955 808960
1759499280060 1.604361370716511 814080
1759499290377 1.6048794686565584 819200
1759499304782 1.60404943465685 824320
1759499316145 1.6039619485678445 829440
1759499327308 1.6042965502909394 834560
1759499340747 1.6043791474089184 839680
1759499353465 1.6045890868025254 844800
1759499365716 1.6034126559032826 849920
1759499376208 1.6031842612311125 855040
1759499391095 1.6029337634842222 860160
1759499401296 1.6022752900493649 865280
1759499414847 1.6023369957894211 870400
1759499426815 1.601486068111455 875520
1759499439036 1.6015611533820886 880640
1759499448875 1.6009645987367185 885760
1759499461956 1.600335913538776 890880
1759499476639 1.600929534506548 896000
1759499486926 1.6021088615517947 901120
1759499498920 1.601220679751077 906240
1759499510386 1.601951916210426 911360
1759499523773 1.6016947146678029 916480
1759499536329 1.6017138686818748 921600
1759499547834 1.600931495307417 926720
1759499559715 1.600898426589703 931840
1759499571805 1.6011204741179739 936960
1759499584477 1.6001335113484647 942080
1759499595512 1.599876356642396 947200
1759499609414 1.5993394829746042 952320
1759499619638 1.599506038565246 957440
1759499633815 1.5983102399459277 962560
1759499644332 1.5981128269493692 967680
1759499656135 1.5979443503076787 972800
1759499669965 1.5976267051125652 977920
1759499682382 1.597104839243551 983040
1759499694550 1.5963568528475804 988160
1759499704949 1.5948087670275934 993280
1759499719280 1.5955810467314084 998400
1759499730784 1.5951325999092225 1003520
1759499742620 1.5948950627902976 1008640
1759499753678 1.59519428277987 1013760
1759499766782 1.5937559854434016 1018880
1759499778848 1.5928866306764051 1024000
1759499791890 1.591486403942962 1029120
1759499803554 1.590766200016766 1034240
1759499814945 1.5906531531531531 1039360
1759499826314 1.5910798414378515 1044480
1759499841994 1.5900332500361414 1049600
1759499852462 1.590520430814766 1054720
1759499862364 1.5904181327223632 1059840
1759499875510 1.589905940795635 1064960
1759499890532 1.5898802407343613 1070080
1759499900974 1.5890444112782864 1075200
1759499912256 1.5890311960493033 1080320
1759499923158 1.589465902052071 1085440
1759499937513 1.588977067048551 1090560
1759499948815 1.5886451817246021 1095680
1759499960898 1.5885922569205004 1100800
1759499971325 1.5879988234140603 1105920
1759499985461 1.588257109952958 1111040
1759499997818 1.587508499271491 1116160
1759500009418 1.5877381297746833 1121280
1759500020841 1.5879351509550215 1126400
1759500033486 1.5883638454902713 1131520
1759500047249 1.5874351343101343 1136640
1759500057113 1.5874912157413914 1141760
1759500070662 1.5875723308498166 1146880
1759500081153 1.5876383763837638 1152000
1759500094736 1.5868518206180544 1157120
1759500104698 1.5862622192373703 1162240
1759500119320 1.5857989264686763 1167360
1759500130524 1.586388015535417 1172480
1759500142574 1.586376443290426 1177600
1759500154265 1.5859293349713048 1182720
1759500167465 1.585762526238934 1187840
1759500179089 1.5859248623202893 1192960
1759500191095 1.5853693850218988 1198080
1759500201988 1.585553112496846 1203200
1759500214853 1.5863634732043506 1208320
1759500228279 1.5950568303667167 1213440
1759500238548 1.605886958997722 1218560
1759500250814 1.6173218020061673 1223680
1759500262480 1.6294649159960468 1228800
1759500279154 1.640878734622144 1233920
1759500290864 1.6501119977600447 1239040
1759500302884 1.6608810818346578 1244160
1759500314224 1.670658266951285 1249280
1759500325647 1.6821355733001486 1254400
1759500339226 1.6918098254552967 1259520
1759500351122 1.7020641887258263 1264640
1759500361026 1.7122342696149577 1269760
1759500373503 1.72191894971345 1274880
1759500388283 1.732143159606362 1280000
1759500397923 1.7419572515478179 1285120
1759500407919 1.7509955807974729 1290240
1759500421210 1.7606152404224338 1295360
1759500435128 1.7699129796952622 1300480
1759500446323 1.778895807388958 1305600
1759500456390 1.7883368616035988 1310720
1759500468327 1.7976704339516953 1315840
1759500481588 1.807283290117176 1320960
1759500495186 1.815710315514141 1326080
1759500505495 1.8249816790163667 1331200
1759500515011 1.8332792576490056 1336320
1759500529116 1.8425500969618616 1341440
1759500542463 1.8518739133234594 1346560
1759500552695 1.859596510359869 1351680
1759500563631 1.8674175253614507 1356800
1759500576755 1.8760007002912575 1361920
1759500589557 1.8847910192173527 1367040
1759500601092 1.8936452524997236 1372160
1759500612805 1.9019814602055432 1377280
1759500624722 1.9111891620672352 1382400
1759500637508 1.9190544636440334 1387520
1759500649255 1.928121157408128 1392640
1759500660136 1.9358590636291735 1397760
1759500674276 1.9444375772558715 1402880
1759500684167 1.952463785963886 1408000
1759500696158 1.959340490797546 1413120
1759500709075 1.967572358568416 1418240
1759500721684 1.9753795088082586 1423360
1759500733151 1.982855669008208 1428480
1759500743241 1.9912622826908541 1433600
1759500756998 1.9989154013015185 1438720
1759500769212 2.0070847467803428 1443840
1759500780872 2.014911978940756 1448960
1759500790864 2.0229677765522998 1454080
1759500804905 2.030311581073455 1459200
1759500816120 2.037472250998964 1464320
1759500828077 2.044049550213833 1469440
1759500841131 2.051465185315816 1474560
1759500851508 2.058989792481291 1479680
1759500864240 2.06608193108682 1484800
1759500876490 2.0744236782779435 1489920
1759500889964 2.081573492963054 1495040
1759500902235 2.089271527005359 1500160
1759500912397 2.095209305003743 1505280
1759500923217 2.101570905960835 1510400
1759500938376 2.1090077209036315 1515520
1759500950459 2.1152497933825414 1520640
1759500960469 2.1221063992955944 1525760
1759500971015 2.128290777331144 1530880
1759500987434 2.135907128953085 1536000
1759500999022 2.1426522894377977 1541120
1759501009101 2.1492846833970884 1546240
1759501020593 2.1571324823328957 1551360
1759501036704 2.1639198218262807 1556480
1759501047046 2.1702484842598886 1561600
1759501057096 2.176329871817918 1566720
1759501071705 2.183031038094713 1571840
1759501086416 2.188924454946353 1576960
1759501098072 2.1947719399142804 1582080
1759501109466 2.2017497167970084 1587200
1759501123661 2.208271546153323 1592320
1759501136073 2.215090655130796 1597440
1759501148583 2.222022465834899 1602560
1759501160017 2.2275924328985663 1607680
1759501174573 2.2332975151108125 1612800
1759501187072 2.2396636675235646 1617920
1759501198780 2.24598238120662 1623040
1759501209574 2.2519957424161787 1628160
1759501223539 2.2584722719615877 1633280
1759501238331 2.2644313404024645 1638400
1759501249919 2.270693836663679 1643520
1759501260956 2.276972603639708 1648640
1759501271947 2.2823102517750007 1653760
1759501287124 2.288150643788033 1658880
1759501299244 2.293843490034239 1664000
1759501309876 2.2985386492239006 1669120
1759501323042 2.3045025229654548 1674240
1759501337341 2.3100588204942984 1679360
1759501348132 2.315608764981225 1684480
1759501358644 2.3216968795671904 1689600
1759501373840 2.3275432340197093 1694720
1759501386386 2.333239888886057 1699840
1759501398353 2.337936028048068 1704960
1759501410127 2.343051457085323 1710080
1759501424977 2.348733553877623 1715200
1759501435839 2.3542178078225513 1720320
1759501446860 2.3598503865849985 1725440
1759501459573 2.3641118688606646 1730560
1759501473632 2.3683842794759826 1735680
1759501485173 2.37369075755691 1740800
1759501499163 2.379128579756161 1745920
1759501509970 2.3842691070986892 1751040
1759501524243 2.389075215782984 1756160
1759501534731 2.3943495740050897 1761280
1759501548992 2.399338032485443 1766400
1759501562530 2.404371050347753 1771520
1759501573358 2.4094576477757466 1776640
1759501583981 2.4142221790166962 1781760
1759501597621 2.4191273582047956 1786880
1759501613079 2.424075103303289 1792000
1759501623366 2.4291703814365917 1797120
1759501633837 2.43425399762125 1802240
1759501646602 2.439815036657243 1807360
1759501662376 2.4445851351028502 1812480
1759501673123 2.449399656946827 1817600
1759501684427 2.454439627011938 1822720
1759501695964 2.459399912344085 1827840
1759501711760 2.463891710566724 1832960
1759501723320 2.468409893992933 1838080
1759501734078 2.472984401428303 1843200
1759501745667 2.4773115936936305 1848320
1759501762730 2.482052959246843 1853440
1759501773478 2.485952242283052 1858560
1759501783769 2.4904172280815873 1863680
1759501794270 2.4946424641189893 1868800
1759501813481 2.4992548779501633 1873920
1759501823710 2.5035943872261006 1879040
1759501834144 2.5080021599512863 1884160
1759501844399 2.512540819249499 1889280
1759501862648 2.516591631053317 1894400
1759501872908 2.5214131054131053 1899520
1759501884226 2.5258115111838517 1904640
1759501895542 2.530009861597579 1909760
1759501912572 2.534649212055439 1914880
1759501923251 2.5392481847291752 1920000
1759501934012 2.5439906441165885 1925120
1759501946450 2.5485817472156485 1930240
1759501962514 2.5532586079602657 1935360
1759501972700 2.557665487732765 1940480
1759501983862 2.5610499727380964 1945600
1759501997033 2.5653785541473377 1950720
1759502010382 2.5693998627498726 1955840
1759502023497 2.573679097392418 1960960
1759502035105 2.5774261742749554 1966080
1759502047558 2.581491121141238 1971200
1759502059634 2.585170823611887 1976320
1759502072600 2.5892295253911373 1981440
1759502086827 2.5933941395054867 1986560
1759502098296 2.596734924568497 1991680
1759502109273 2.600860741929189 1996800
1759502121674 2.6047706064898413 2001920
1759502136243 2.6090295304040207 2007040
1759502147557 2.613434891126603 2012160
1759502158952 2.617593407300899 2017280
1759502170551 2.6214278069142676 2022400
1759502187251 2.625090746039202 2027520
1759502198605 2.628648711968734 2032640
1759502209357 2.6327788046826863 2037760
1759502219665 2.6365100557356898 2042880
1759502235190 2.6397649446182463 2048000
1759502249456 2.6432585158086725 2053120
1759502259972 2.647397202650121 2058240
1759502271515 2.6512703774416213 2063360
1759502283293 2.655371961364992 2068480
1759502298400 2.6587198864348043 2073600
1759502309714 2.662463556851312 2078720
1759502322116 2.665936166014063 2083840
1759502332854 2.669650627875171 2088960
1759502347193 2.6736366643238103 2094080
1759502360847 2.676984307013383 2099200
1759502373188 2.6803538366591235 2104320
1759502386667 2.6841581415393456 2109440
1759502398305 2.6875646130382713 2114560
1759502412046 2.690883656339984 2119680
1759502422773 2.6936858938447905 2124800
1759502437328 2.6973367339680734 2129920
1759502447835 2.701253940739389 2135040
1759502460370 2.704869292612631 2140160
1759502472559 2.7086477543279126 2145280
1759502486241 2.712042833276303 2150400
1759502498820 2.7154991515979074 2155520
1759502508915 2.7188989943507353 2160640
1759502523029 2.7222827336044686 2165760
1759502534227 2.7256342521058667 2170880
1759502547716 2.7290891731147933 2176000
1759502560913 2.7319190736532946 2181120
1759502573260 2.735136312340375 2186240
1759502583681 2.738363077895527 2191360
1759502596876 2.74147206621342 2196480
1759502610952 2.7451708985814975 2201600
1759502622903 2.748661265961829 2206720
1759502633185 2.7516389111759065 2211840
1759502647033 2.7551861143922607 2216960
1759502660994 2.758595165280402 2222080
1759502672383 2.761577627922343 2227200
1759502684125 2.7652806995433967 2232320
1759502696510 2.768239015001306 2237440
1759502709707 2.7716232256072257 2242560
1759502723023 2.7749203262052164 2247680
1759502734004 2.777846088819297 2252800
1759502746254 2.7814593656848743 2257920
1759502758689 2.7849109653233364 2263040
1759502772803 2.7888916453570474 2268160
1759502784547 2.7923822398233122 2273280
1759502795151 2.795854981336018 2278400
1759502806784 2.7991034620013835 2283520
1759502823687 2.8023753912492553 2288640
1759502834463 2.804908195422037 2293760
1759502845244 2.807853067987122 2298880
1759502855993 2.811376936155024 2304000
1759502873620 2.81472595036365 2309120
1759502884247 2.817989675295526 2314240
1759502894836 2.821182288993608 2319360
1759502905944 2.8242255514483374 2324480
1759502923536 2.827187677099882 2329600
1759502933928 2.8298387096774196 2334720
1759502945892 2.8323390401139505 2339840
1759502957606 2.834879149478114 2344960
1759502971785 2.8378010037294534 2350080
1759502982176 2.840210590148571 2355200
1759502995564 2.8426495530598213 2360320
1759503009530 2.845122218969555 2365440
1759503021046 2.847756234709899 2370560
1759503031969 2.850438600486423 2375680
1759503046076 2.853105855405479 2380800
1759503058889 2.8555853862061458 2385920
1759503070276 2.8588496175951486 2391040
1759503081258 2.861856247403313 2396160
1759503096052 2.8639780100937275 2401280
1759503109236 2.866496996294831 2406400
1759503119733 2.8694282663124926 2411520
1759503131355 2.8715021267069623 2416640
1759503146353 2.874260592955305 2421760
1759503156854 2.8771142992162493 2426880
1759503169854 2.880190769395037 2432000
1759503181267 2.8832032533319127 2437120
1759503195857 2.885708969440285 2442240
1759503208396 2.8882041397359837 2447360
1759503220222 2.890741770119202 2452480
1759503231943 2.89326782538257 2457600
1759503243626 2.8965644495211316 2462720
1759503259030 2.898632178868917 2467840
1759503269194 2.9013186101656356 2472960
1759503281535 2.9037739473638253 2478080
1759503295363 2.906257352236387 2483200
1759503308296 2.9088584919606597 2488320
1759503318815 2.9111751332025895 2493440
1759503329947 2.91413800270186 2498560
1759503346967 2.916405966434485 2503680
1759503357907 2.9186114704614057 2508800
1759503368356 2.920697490274383 2513920
1759503380176 2.923255314580202 2519040
1759503395796 2.925672258462699 2524160
1759503405999 2.9289007896110117 2529280
1759503417819 2.931522871241484 2534400
1759503432258 2.9341824997869983 2539520
1759503444070 2.936424933465976 2544640
1759503456654 2.939074061502953 2549760
1759503467805 2.94208262055182 2554880
1759503482294 2.944455713319811 2560000
1759503492836 2.9466998439542826 2565120
1759503507427 2.949147263329798 2570240
1759503517572 2.951935275189663 2575360
1759503532094 2.954253133777722 2580480
1759503542457 2.9569048475770483 2585600
1759503556359 2.959136462335059 2590720
1759503569497 2.9613182306903707 2595840
1759503580224 2.9634324881879284 2600960
1759503592983 2.965854468473704 2606080
1759503607522 2.968117190866006 2611200
1759503619271 2.9708431184467305 2616320
1759503629323 2.9731781794173475 2621440
1759503644398 2.975380940614447 2626560
1759503656996 2.978034805626115 2631680
1759503668164 2.9802110168518126 2636800
1759503680149 2.9824360286591607 2641920
1759503694539 2.984260462379563 2647040
1759503706436 2.9867292006525283 2652160
1759503717194 2.988717305829392 2657280
1759503729888 2.9912575764962055 2662400
1759503745035 2.993342145596977 2667520
1759503756318 2.995831478408677 2672640
1759503767261 2.998723541767652 2677760
1759503779026 3.0011046872606175 2682880
1759503796100 3.003203167755851 2688000
1759503806615 3.005446308077887 2693120
1759503816750 3.008033609672402 2698240
1759503828142 3.0103792383223564 2703360
1759503845190 3.0128915797376954 2708480
1759503856852 3.014692166038217 2713600
1759503867451 3.016741195754229 2718720
1759503877798 3.019171663423738 2723840
1759503895625 3.0213071221909558 2728960
1759503906730 3.0232374140563807 2734080
1759503917509 3.0252230908947326 2739200
1759503928191 3.027486126876025 2744320
1759503945592 3.03004649772232 2749440
1759503956965 3.0326849226854726 2754560
1759503967908 3.0349217298602347 2759680
1759503978336 3.036600918543787 2764800
1759503994670 3.0381653754841933 2769920
1759504007062 3.040661370918077 2775040
1759504017741 3.04246842879263 2780160
1759504030738 3.044408891098029 2785280
1759504042748 3.0464027410640226 2790400
1759504056292 3.048850129998762 2795520
1759504068253 3.050745346412296 2800640
1759504081272 3.053190341084315 2805760
1759504094264 3.0554114686347997 2810880
1759504106521 3.0572604991665195 2816000
1759504117880 3.058904267147184 2821120
1759504129796 3.0608860042555146 2826240
1759504142958 3.062715347650371 2831360
1759504155749 3.0644937428028887 2836480
1759504169047 3.066453528202786 2841600
1759504179626 3.0686144143459595 2846720
1759504192975 3.0708196174208524 2851840
1759504206990 3.0727973409853195 2856960
1759504219355 3.075018516559094 2862080
1759504229750 3.0766485858486794 2867200
1759504243107 3.079058348645962 2872320
1759504257828 3.0808557661226668 2877440
1759504269492 3.0829349922332865 2882560
1759504281518 3.084450703381324 2887680
1759504293353 3.0864987737034157 2892800
1759504307071 3.088314324953723 2897920
1759504319647 3.090386850654189 2903040
1759504331209 3.0925562299178866 2908160
1759504344127 3.094168572361973 2913280
1759504358616 3.0955165692007798 2918400
1759504369064 3.0975317410991745 2923520
1759504380014 3.0992503415931165 2928640
1759504397170 3.101134696345231 2933760
1759504412830 3.1027998174672105 2938880
1759504427257 3.104392294014783 2944000
1759504442354 3.1067030460389757 2949120
1759504464019 3.108078226934257 2954240
1759504476916 3.1097678634077885 2959360
1759504488395 3.111788054343543 2964480
1759504500560 3.113833692675252 2969600
1759504521061 3.1160781804432554 2974720
1759504533467 3.118138528767004 2979840
1759504546274 3.120387547465144 2984960
1759504559410 3.1223875630276416 2990080
1759504577109 3.123438334994295 2995200
1759504589286 3.1251658111771152 3000320
1759504600608 3.1271796938533174 3005440
1759504615493 3.129262159637905 3010560
1759504629706 3.1311252008262564 3015680
1759504643066 3.1331796278130617 3020800
1759504657821 3.1349359524217992 3025920
1759504671584 3.1362144263979674 3031040
1759504685487 3.138427014319299 3036160
1759504701051 3.1398132409731954 3041280
1759504720800 3.1416775531068954 3046400
1759504732822 3.1435021440975297 3051520
1759504745609 3.1451932466282675 3056640
1759504758854 3.146804091666902 3061760
1759504776544 3.148588797833477 3066880
1759504790564 3.150529458150276 3072000
1759504802483 3.152170551353783 3077120
1759504813924 3.153847233430406 3082240
1759504830871 3.1556288838913527 3087360
1759504846377 3.1576068710832588 3092480
1759504857898 3.159431623782425 3097600
1759504871116 3.16136048351679 3102720
1759504888038 3.162739066284346 3107840
1759504907724 3.1645080600333517 3112960
1759504920023 3.166297871159729 3118080
1759504934530 3.1679547909914403 3123200
1759504949384 3.1696005088706665 3128320
1759504965674 3.170689619470309 3133440
1759504979711 3.172018633112364 3138560
1759504993377 3.1737470331257955 3143680
1759505006062 3.175412448315178 3148800
1759505022474 3.1770236168637025 3153920
1759505035960 3.178767278029945 3159040
1759505051404 3.1800050578577923 3164160
1759505063945 3.1813100949235356 3169280
1759505081748 3.182532923647116 3174400
1759505096067 3.1842286056335154 3179520
1759505109969 3.186036088040149 3184640
1759505122920 3.187563565355356 3189760
1759505138992 3.1888276627719634 3194880
1759505153603 3.1905106282315567 3200000
1759505167482 3.1921561217879506 3205120
1759505184486 3.1936144553961827 3210240
1759505199290 3.1949565813989467 3215360
1759505215219 3.196446080077364 3220480
1759505228896 3.1986509410557793 3225600
1759505246943 3.1999437664432944 3230720
1759505260631 3.20153328921952 3235840
1759505276254 3.2034595056323742 3240960
1759505288260 3.2049346357324664 3246080
1759505306555 3.206337063104536 3251200
1759505318275 3.2076885269855606 3256320
1759505332758 3.2091898989363115 3261440
1759505345147 3.210669191501195 3266560
1759505362643 3.2123710113503403 3271680
1759505374393 3.2138142696851695 3276800
1759505387858 3.21506708490392 3281920
1759505400194 3.216470154753132 3287040
1759505416848 3.217804610462557 3292160
1759505430605 3.219310616247417 3297280
1759505441738 3.22081851582608 3302400
1759505454670 3.221731084854152 3307520
1759505469175 3.2230100282043246 3312640
1759505483629 3.22437564782039 3317760
1759505494865 3.2259343148357873 3322880
1759505506470 3.22706211862259 3328000
1759505521390 3.228422937672753 3333120
1759505537526 3.229503948587384 3338240
1759505548664 3.2306975781411715 3343360
1759505560314 3.2323819488848846 3348480
1759505573380 3.233659867279751 3353600
1759505591075 3.2350448814537214 3358720
1759505604240 3.236393912702444 3363840
1759505615733 3.2378075789771015 3368960
1759505627358 3.239457203843417 3374080
1759505643629 3.2406318201309463 3379200
1759505656645 3.2422100662048514 3384320
1759505667967 3.2435043389484433 3389440
1759505679060 3.2450273321525502 3394560
1759505695390 3.2460669368228867 3399680
1759505709621 3.2473495988667906 3404800
1759505720796 3.248936048760996 3409920
1759505733726 3.250194742275223 3415040
1759505750730 3.251659942581796 3420160
1759505763385 3.2533338384603727 3425280
1759505775182 3.254947576806441 3430400
1759505787400 3.256613323596439 3435520
1759505803481 3.2582032133966963 3440640
1759505817014 3.25956728324933 3445760
1759505828270 3.261108813096178 3450880
1759505842026 3.262218550920537 3456000
1759505855795 3.2632378119649577 3461120
1759505869447 3.264517779483244 3466240
1759505879918 3.2659730226472696 3471360
1759505895022 3.267458426393097 3476480
1759505907954 3.2688085875621984 3481600
1759505921567 3.270356103884826 3486720
1759505932696 3.2716946307685637 3491840
1759505946777 3.273034819716742 3496960
1759505960198 3.2741824918943956 3502080
1759505976916 3.2753649106146283 3507200
1759505990759 3.276594827586207 3512320
1759506002475 3.277921582853243 3517440
1759506017068 3.2794010204018984 3522560
1759506034564 3.2807511219009786 3527680
1759506045980 3.2822126450854596 3532800
1759506057196 3.2834315475462748 3537920
1759506071097 3.284332157288831 3543040
1759506091532 3.2857970060464208 3548160
1759506104051 3.287346317711503 3553280
1759506116059 3.2884214492788857 3558400
1759506130028 3.2895905907485403 3563520
1759506148465 3.2906732925277256 3568640
1759506161090 3.292367650262642 3573760
1759506172500 3.2937049414125057 3578880
1759506185974 3.294739891020342 3584000
1759506205096 3.2960079539634237 3589120
1759506218595 3.2974932608067777 3594240
1759506230017 3.298890838300327 3599360
1759506242355 3.3000521986428355 3604480
1759506259495 3.301271950583851 3609600
1759506273756 3.3023865220434705 3614720
1759506285919 3.303557132786082 3619840
1759506297981 3.3048043479557805 3624960
1759506315501 3.305841351166185 3630080
1759506332222 3.306570689193611 3635200
1759506344075 3.30754608260712 3640320
1759506356899 3.3088732544757793 3645440
1759506371525 3.309792492284362 3650560
1759506386162 3.3106336661776536 3655680
1759506397457 3.3118682915591053 3660800
1759506411437 3.313068151652617 3665920
1759506425913 3.3140706181741066 3671040
1759506443970 3.315511450202062 3676160
1759506455424 3.3169986665178492 3681280
1759506469721 3.317944506364756 3686400
1759506483439 3.3192037772544607 3691520
1759506497543 3.320231883379741 3696640
1759506509274 3.3213814213779163 3701760
1759506524636 3.3224050728907195 3706880
1759506538634 3.3235717323297935 3712000
1759506552136 3.3246147312572356 3717120
1759506565105 3.3259280776157554 3722240
1759506582163 3.326694359676502 3727360
1759506595897 3.327970289859271 3732480
1759506607379 3.3291676068479914 3737600
1759506619712 3.330253761353394 3742720
1759506636489 3.331248521495295 3747840
1759506650863 3.3325247473408854 3752960
1759506663077 3.3334407401866577 3758080
1759506674482 3.334541923324446 3763200
1759506691120 3.335601817847962 3768320
1759506706875 3.336328368985336 3773440
1759506719590 3.337800872142931 3778560
1759506731680 3.3385681874032036 3783680
1759506747470 3.34006415012499 3788800
1759506762302 3.34125780858146 3793920
1759506774935 3.342916827941076 3799040
1759506786728 3.344135653340458 3804160
1759506803739 3.3448857249906334 3809280
1759506820306 3.345826341330673 3814400
1759506835330 3.3468040536715167 3819520
1759506848244 3.347522983501634 3824640
1759506863532 3.348723884810841 3829760
1759506877978 3.3497423058271587 3834880
1759506891864 3.351145124141931 3840000
1759506904022 3.352500871677783 3845120
1759506918045 3.3535255960237005 3850240
1759506932403 3.354274048357516 3855360
1759506946027 3.355549332063741 3860480
1759506960869 3.3566893588933207 3865600
1759506972333 3.3579066155685413 3870720
1759506986623 3.359557896381267 3875840
1759507000660 3.360860528999114 3880960
1759507015252 3.361451481864824 3886080
1759507030205 3.362352104300854 3891200
1759507046443 3.3631772319099578 3896320
1759507062867 3.364413355799929 3901440
1759507079347 3.3654409281882947 3906560
1759507096747 3.3664145769758083 3911680
1759507111663 3.367398205659075 3916800
1759507127501 3.368406252584567 3921920
1759507146001 3.3692615210101153 3927040
1759507161707 3.3703880905636305 3932160
1759507175218 3.3716223637961336 3937280
1759507190569 3.37255923650724 3942400
1759507209899 3.3734607125640914 3947520
1759507223958 3.374433095721343 3952640
1759507238301 3.375570258590075 3957760
1759507252182 3.3765250889407863 3962880
1759507272743 3.3777465341354955 3968000
1759507286771 3.3787844979128456 3973120
1759507300948 3.3797995390703135 3978240
1759507313663 3.3808559610018785 3983360
1759507335655 3.382309568988886 3988480
1759507349850 3.382984368316467 3993600
1759507362442 3.3837027583857413 3998720
1759507377905 3.3847204895146437 4003840
1759507397651 3.385486672204183 4008960
1759507411022 3.38612906701142 4014080
1759507426483 3.38684219020669 4019200
1759507439983 3.387683281306247 4024320
1759507460286 3.3889309229060354 4029440
1759507473512 3.389844315228168 4034560
1759507489904 3.3908538151922585 4039680
1759507502765 3.391664127523774 4044800
1759507521479 3.3925417756660083 4049920
1759507534433 3.3932284724073583 4055040
1759507551716 3.3940208853648017 4060160
1759507565790 3.3948686855793473 4065280
1759507583211 3.3956920134923374 4070400
1759507596265 3.3964614446006527 4075520
1759507614034 3.3973178330719342 4080640
1759507629600 3.3982123389887913 4085760
1759507646734 3.3993033900275895 4090880
1759507660452 3.3999788851351354 4096000
1759507677526 3.4009374027932284 4101120
1759507693483 3.4017850560791953 4106240
1759507708705 3.403045044571248 4111360
1759507722840 3.404356572941343 4116480
1759507740581 3.405477008629961 4121600
1759507757695 3.4066775304036176 4126720
1759507770815 3.4073977162115487 4131840
1759507785496 3.40820497274243 4136960
1759507803410 3.4091041971183964 4142080
1759507819902 3.4098646992883026 4147200
1759507834372 3.4105222594268634 4152320
1759507848257 3.4115848108639457 4157440
1759507865009 3.4124451970827185 4162560
1759507880599 3.41298178441169 4167680
1759507897271 3.413746288533187 4172800
1759507912176 3.4143429387653708 4177920
1759507928576 3.415272328789782 4183040
1759507944211 3.4162596673102934 4188160
1759507962726 3.417339603766385 4193280
1759507976956 3.418583450932726 4198400
1759507992729 3.4194192237454666 4203520
1759508005960 3.4202957375971064 4208640
1759508025463 3.4212046882055915 4213760
1759508042716 3.422223361180872 4218880
1759508055609 3.4232387660868406 4224000
1759508069829 3.424062541542678 4229120
1759508087625 3.425278316821571 4234240
1759508103351 3.4260087627577693 4239360
1759508116545 3.4270664051555055 4244480
1759508133375 3.427527641105746 4249600
1759508149526 3.428492295808432 4254720
1759508164157 3.4296475270039797 4259840
1759508177360 3.4307166612589226 4264960
1759508198076 3.431719556223954 4270080
1759508211898 3.432756937736126 4275200
1759508225129 3.433593986785476 4280320
1759508239062 3.434344096871847 4285440
1759508259171 3.43516428139488 4290560
1759508274200 3.435929313113112 4295680
1759508288127 3.4367393107608777 4300800
1759508304405 3.4374877606664223 4305920
1759508318873 3.4387162460377962 4311040
1759508334691 3.4393581901885053 4316160
1759508350875 3.4400586404619187 4321280
1759508367311 3.440955112892425 4326400
1759508380763 3.4417811808983774 4331520
1759508396323 3.4426767311652116 4336640
1759508412753 3.4433173481532386 4341760
1759508429059 3.444332809422438 4346880
1759508443975 3.445574953051876 4352000
1759508457834 3.446407304485907 4357120
1759508474988 3.4471082121916523 4362240
1759508491717 3.4479120770316096 4367360
1759508504381 3.4488822077941346 4372480
1759508516810 3.449497693439886 4377600
1759508538730 3.4502844062495375 4382720
1759508552204 3.4510374936557917 4387840
1759508565128 3.45167021857789 4392960
1759508578297 3.4524892216481415 4398080
1759508598027 3.4532540485332968 4403200
1759508611684 3.454252966016489 4408320
1759508626569 3.4552228569189016 4413440
1759508639460 3.456233240032101 4418560
1759508658329 3.4573563842006734 4423680
1759508670608 3.4581484247989804 4428800
1759508685198 3.4591767568648297 4433920
1759508700420 3.4599157351257883 4439040
1759508717743 3.460421329181668 4444160
1759508730388 3.4615410782493754 4449280
1759508748204 3.4621030099165613 4454400
1759508761593 3.462885928166938 4459520
1759508776839 3.4636711882957445 4464640
1759508791199 3.4644847335629425 4469760
1759508808338 3.465228756275155 4474880
1759508822473 3.466074332900585 4480000
1759508836732 3.4668633462524827 4485120
1759508850356 3.4677532742681048 4490240
1759508871257 3.468297750566326 4495360
1759508883689 3.469178921274255 4500480
1759508897387 3.4698599767747633 4505600
1759508910026 3.4709629487609646 4510720
1759508930753 3.471758999918607 4515840
1759508945952 3.4725585844093736 4520960
1759508960388 3.4736336755215227 4526080
1759508973794 3.474469516588492 4531200
1759508991064 3.47522067374602 4536320
1759509003967 3.4763507562521125 4541440
1759509023893 3.4769529262389023 4546560
1759509037590 3.4775774848592804 4551680
1759509051483 3.4781771166939484 4556800
1759509064267 3.4790428526743824 4561920
1759509081850 3.479714824037342 4567040
1759509097022 3.480833979609208 4572160
1759509109571 3.4817269313431427 4577280
1759509122226 3.482304371417113 4582400
1759509138971 3.483129651187452 4587520
1759509155663 3.483683422621009 4592640
1759509168976 3.484249135924385 4597760
1759509181099 3.485187116290649 4602880
1759509196682 3.4859613561930503 4608000
1759509213634 3.4867431255009116 4613120
1759509227360 3.4873807952135505 4618240
1759509240142 3.487951215634192 4623360
1759509254065 3.4888005493453167 4628480
1759509271626 3.4895527123753 4633600
1759509285569 3.49034741836554 4638720
1759509301191 3.4911400184369556 4643840
1759509314356 3.4920776653877454 4648960
1759509332443 3.4926229432040956 4654080
1759509346295 3.4934222432586695 4659200
1759509362273 3.4940483364080506 4664320
1759509378839 3.4948906596535743 4669440
1759509394897 3.495439787621752 4674560
1759509407968 3.495973796181228 4679680
1759509423629 3.496407426037278 4684800
1759509440146 3.497229597669359 4689920
1759509453207 3.498105162339008 4695040
1759509465459 3.498518940996817 4700160
1759509482499 3.4994440615667357 4705280
1759509496907 3.5001468657922032 4710400
1759509510965 3.5008825295819332 4715520
1759509523729 3.5017700047169593 4720640
1759509541509 3.502527458954524 4725760
1759509555097 3.5034249235732533 4730880
1759509570075 3.504153847558359 4736000
1759509584435 3.504967831070945 4741120
1759509603404 3.505750424734342 4746240
1759509615742 3.5062425494353495 4751360
1759509629672 3.5068654409926596 4756480
1759509643090 3.5073936356165754 4761600
1759509660995 3.5079481702200996 4766720
1759509673064 3.5086280710179265 4771840
1759509687182 3.5093133971724924 4776960
1759509702247 3.509922787602618 4782080
1759509717661 3.5103884902482307 4787200
1759509732133 3.510729284609104 4792320
1759509744604 3.511684601380703 4797440
1759509759890 3.512358599703808 4802560
1759509775263 3.5129232429515715 4807680
1759509789367 3.5138487108076544 4812800
1759509803651 3.5146057130549497 4817920
1759509819315 3.51519538849095 4823040
1759509833317 3.516077177616879 4828160
1759509847763 3.5170487330306623 4833280
1759509860378 3.517754612356513 4838400
1759509876889 3.518282449562578 4843520
1759509890069 3.5188319592639328 4848640
1759509905788 3.5194731731651476 4853760
1759509918412 3.5201400661176145 4858880
1759509935722 3.5210610296503386 4864000
1759509947586 3.5216873942714555 4869120
1759509963910 3.521983846430203 4874240
1759509976182 3.522714282549458 4879360
1759509992657 3.5234581780519973 4884480
1759510006114 3.523995437020268 4889600
1759510021956 3.524710143327223 4894720
1759510033874 3.525449603783908 4899840
1759510049540 3.5260487830678504 4904960
1759510064812 3.5264302633780367 4910080
1759510078861 3.526987799192477 4915200
1759510091643 3.5276819725574793 4920320
1759510106211 3.528155723314607 4925440
1759510123566 3.5290339269898894 4930560
1759510135536 3.5297129442269117 4935680
1759510150505 3.5302458872943645 4940800
1759510163957 3.530791353071268 4945920
1759510182767 3.5313097618694167 4951040
1759510195360 3.531978924963799 4956160
1759510209039 3.5326736728362786 4961280
1759510221881 3.5332140743062084 4966400
1759510240153 3.53384785964302 4971520
1759510254487 3.5342582377010014 4976640
1759510267031 3.5349885663951817 4981760
1759510278834 3.535626663430112 4986880
1759510297713 3.5360792600547337 4992000
1759510313890 3.5364308022389674 4997120
1759510314707 3.5368005050286673 5000192
