1760052037101 5.2677824267782425 5120
1760052056708 5.124183006535947 10240
1760052082020 4.918220946915351 15360
1760052113606 4.914346895074947 20480
1760052135268 4.844842284739983 25600
1760052158980 4.828490432317506 30720
1760052181702 4.780797101449275 35840
1760052215111 4.773903856312731 40960
1760052234885 4.741784037558685 46080
1760052260310 4.697429414243573 51200
1760052284768 4.674320704171451 56320
1760052314980 4.665496665496666 61440
1760052338198 4.678756476683938 66560
1760052365754 4.734724742891712 71680
1760052391728 4.825913242009133 76800
1760052415931 4.839582217461167 81920
1760052439887 4.81536523929471 87040
1760052473001 4.789973865526253 92160
1760052496094 4.756519784172662 97280
1760052522269 4.724226254002135 102400
1760052553976 4.702988412278918 107520
1760052576776 4.674806201550387 112640
1760052602096 4.643267271716985 117760
1760052625804 4.6204081632653065 122880
1760052652050 4.595708446866485 128000
1760052680844 4.5814105711012925 133120
1760052703745 4.567805953693495 138240
1760052735401 4.5547456340167045 143360
1760052767840 4.541055718475073 148480
1760052792093 4.532228360957642 153600
1760052815604 4.520756267981915 158720
1760052837884 4.507963897000265 163840
1760052869096 4.499678291082229 168960
1760052893415 4.496375906023494 174080
1760052915037 4.487674559805708 179200
1760052943428 4.474814203137902 184320
1760052968584 4.46425702811245 189440
1760052990333 4.458049379957546 194560
1760053018999 4.479938944614043 199680
1760053044957 4.5309195770586355 204800
1760053066693 4.532090018753907 209920
1760053094353 4.524908499389996 215040
1760053116810 4.512998610835483 220160
1760053141807 4.502714756641458 225280
1760053164002 4.500189609404626 230400
1760053188165 4.497264719517849 235520
1760053207914 4.48929802285507 240640
1760053229866 4.487657609660806 245760
1760053261427 4.481217391304348 250880
1760053283257 4.4787388155091605 256000
1760053301526 4.471472725753905 261120
1760053332613 4.464984847243836 266240
1760053353697 4.456801027782238 271360
1760053373640 4.454953889808466 276480
1760053395801 4.449300023203651 281600
1760053421500 4.444706061066383 286720
1760053441579 4.440107470706769 291840
1760053470823 4.434690135680235 296960
1760053475180 4.434418469157381 300032
