1760052037097 140.98026957077073 5120
1760052056704 78.08731591979596 10240
1760052082016 237.90720363017584 15360
1760052113602 33.543966282519854 20480
1760052135261 25.350425800680554 25600
1760052158973 66.51923747898627 30720
1760052181698 72.97741587500435 35840
1760052215105 38.30624509105522 40960
1760052234881 34.064583197972844 46080
1760052260305 75.98239162334016 51200
1760052284749 98.12844208408394 56320
1760052314973 79.59435251252467 61440
1760052338190 75.64119026149685 66560
1760052365748 36.25342714401784 71680
1760052391720 34.03693965657156 76800
1760052415926 97.26598951811141 81920
1760052439882 72.33678836900471 87040
1760052472996 94.31124502507139 92160
1760052496089 109.54045442674328 97280
1760052522264 29.304771287038783 102400
1760052553966 59.42034652273082 107520
1760052576770 69.80036611749043 112640
1760052602091 91.23407217279707 117760
1760052625799 117.72493544403278 122880
1760052652042 58.551860848200576 128000
1760052680836 31.374529677974344 133120
1760052703736 81.45386751597304 138240
1760052735390 66.23875175692109 143360
1760052767835 81.33697907576551 148480
1760052792087 108.48647250530236 153600
1760052815599 113.66369475081976 158720
1760052837878 114.93763016551573 163840
1760052869091 47.962858351725004 168960
1760052893410 125.78132309722305 174080
1760052915031 81.97603830743672 179200
1760052943419 68.9614442380099 184320
1760052968579 108.90618752109677 189440
1760052990327 115.33586316889402 194560
1760053018993 179.1365849491757 199680
1760053044951 62.56793364759234 204800
1760053066688 46.60803858163594 209920
1760053094346 54.36486889346865 215040
1760053116805 30.862936990897786 220160
1760053141801 214.74011877943886 225280
1760053163993 87.4104701567189 230400
1760053188157 117.97659765976597 235520
1760053207904 31.646048680378456 240640
1760053229860 217.68237492215073 245760
1760053261421 125.18442023578571 250880
1760053283251 117.62918921950809 256000
1760053301516 68.21226560848282 261120
1760053332604 94.34943200989765 266240
1760053353691 128.70700871486437 271360
1760053373634 46.28044313015845 276480
1760053395790 88.14155423864162 281600
1760053421494 94.24978652644825 286720
1760053441572 118.56689752650176 291840
1760053470816 108.74242306395998 296960
1760053475168 89.54916947777446 300032
