1758899839814 -0.2683691831985838 5120
1758899852902 -0.5236263987090852 10240
1758899865165 -0.44341121277849405 15360
1758899875195 -0.3199733879513406 20480
1758899888909 -0.25250906063549555 25600
1758899900258 -0.2072426977576133 30720
1758899914641 -0.16647909272026706 35840
1758899927356 -0.13923437072479872 40960
1758899944464 -0.12147602219996685 46080
1758899957506 -0.10315702559847485 51200
1758899969535 -0.08954396623306435 56320
1758899980610 -0.07717040438191866 61440
1758899995287 -0.06425938865750992 66560
1758900007616 -0.061798870054346436 71680
1758900021614 -0.057762816659750846 76800
1758900034243 -0.04803815201314352 81920
1758900044465 -0.03899777981749639 87040
1758900057604 -0.03468523899029041 92160
1758900071630 -0.03289715484740737 97280
1758900084176 -0.030062906228386595 102400
1758900096501 -0.02894075967505224 107520
1758900106785 -0.025061041179899612 112640
1758900119673 -0.019711903721627934 117760
1758900131222 -0.016526416380878404 122880
1758900141494 -0.012003854285652706 128000
1758900154968 -0.007320575647804726 133120
1758900164703 -0.0050800321528417305 138240
1758900175462 -0.0042256472888696954 143360
1758900184908 -0.0028679877735392663 148480
1758900199219 -0.0014145765895282449 153600
1758900210382 -0.000365799836690087 158720
1758900220539 0.0013852457550631854 163840
1758900232122 0.0036487199277447538 168960
1758900243907 0.004263353036726386 174080
1758900254284 0.005453093037062268 179200
1758900265754 0.006458770778968226 184320
1758900278555 0.009695919887811445 189440
1758900289551 0.009652212234655072 194560
1758900299118 0.010514923244253493 199680
1758900309211 0.01158184689804752 204800
1758900323162 0.012233924305884374 209920
1758900335282 0.012844712679115917 215040
1758900344859 0.013305248813385306 220160
1758900355070 0.013870152719602838 225280
1758900366902 0.013328203295504406 230400
1758900378714 0.013628598934698578 235520
1758900389482 0.014626034703857179 240640
1758900401741 0.015545827733259958 245760
1758900411468 0.017488932366525708 250880
1758900423277 0.017659453406399447 256000
1758900433892 0.01668854011942631 261120
1758900446096 0.01589846442794857 266240
1758900458940 0.014808518705219875 271360
1758900469520 0.01669069465583984 276480
1758900479026 0.01647800137741769 281600
1758900490486 0.01665533696596829 286720
1758900504906 0.017210089405766984 291840
1758900515053 0.018268405701005873 296960
1758900524676 0.018570626900660102 302080
1758900534584 0.01913228939306099 307200
1758900549178 0.019691578078729483 312320
1758900559275 0.020221256408591688 317440
1758900568431 0.02097311581947459 322560
1758900582508 0.021638516057186034 327680
1758900593522 0.021619609820697286 332800
1758900602916 0.022406067363097436 337920
1758900612737 0.023453149709459033 343040
1758900628228 0.023325441236468566 348160
1758900637950 0.02316633792632269 353280
1758900648141 0.024139616149439963 358400
1758900660219 0.02472246345127463 363520
1758900672946 0.025218549380635613 368640
1758900681880 0.026166083646627432 373760
1758900693260 0.02609065708089493 378880
1758900706366 0.02682598405198851 384000
1758900716023 0.026986665231637837 389120
1758900726138 0.027205238268372855 394240
1758900737298 0.026988246179361436 399360
1758900749757 0.026870999850247615 404480
1758900762280 0.027712458711533043 409600
1758900772227 0.02720714372297296 414720
1758900782563 0.026722902060122934 419840
1758900794801 0.026767572701255026 424960
1758900808459 0.027365553941309267 430080
1758900819174 0.02732144261719292 435200
1758900828580 0.027464574621188516 440320
1758900839189 0.027205558321345257 445440
1758900852996 0.02715942758588048 450560
1758900865224 0.02791437322390828 455680
1758900875529 0.02850582888457916 460800
1758900885016 0.029107245342235136 465920
1758900899078 0.028982369254444317 471040
1758900910531 0.02872217659721187 476160
1758900920413 0.028692066005069284 481280
1758900930052 0.028378037649422275 486400
1758900943964 0.028518283282198215 491520
1758900954046 0.028659429413920728 496640
1758900966115 0.029306364768093132 501760
1758900976181 0.0298606158385764 506880
1758900988911 0.030595394574939927 512000
1758900998619 0.03139244605497162 517120
1758901012627 0.031410013080461346 522240
1758901024778 0.031475756961102504 527360
1758901035827 0.03151414818038688 532480
1758901045006 0.031377071180155744 537600
1758901059424 0.031435810502829925 542720
1758901071225 0.031475248904409635 547840
1758901080906 0.03156052288509741 552960
1758901092148 0.031029687465654997 558080
1758901104239 0.031168421244439873 563200
1758901118328 0.03132598304032952 568320
1758901130011 0.03123641457742127 573440
1758901140233 0.0313871972920453 578560
1758901150274 0.03141621427689724 583680
1758901165916 0.03132084189234553 588800
1758901175317 0.03147104628248292 593920
1758901186670 0.031770950207294445 599040
1758901196706 0.0321857362662778 604160
1758901209547 0.03204930030288626 609280
1758901221275 0.0320121980726748 614400
1758901231428 0.03184674635766289 619520
1758901242342 0.032631955886682946 624640
1758901253720 0.03242035464316346 629760
1758901266568 0.03267194751501685 634880
1758901276336 0.03273812540625691 640000
1758901289199 0.032580336482280425 645120
1758901299025 0.03250246234149857 650240
1758901311095 0.03223099786690149 655360
1758901320793 0.03270562168655675 660480
1758901333463 0.032828099354357695 665600
1758901345032 0.03333578508113657 670720
1758901356124 0.033688403737301024 675840
1758901366361 0.033563491132247034 680960
1758901378520 0.03375258850189275 686080
1758901390870 0.03361198844051681 691200
1758901401038 0.033949026646147754 696320
1758901411792 0.03378420503161342 701440
1758901425054 0.03438872755565459 706560
1758901438570 0.03479937671870287 711680
1758901448329 0.03453791146839884 716800
1758901459406 0.03452424168633036 721920
1758901469740 0.03459249069663378 727040
1758901484378 0.03470701230385116 732160
1758901494438 0.034737110288583034 737280
1758901503936 0.03428066439724344 742400
1758901514692 0.03423027295127716 747520
1758901529798 0.03443015827059594 752640
1758901540543 0.03381492074538626 757760
1758901551046 0.03452092263241301 762880
1758901560441 0.034272157620909675 768000
1758901575464 0.03424037382911899 773120
1758901585545 0.034370135020188354 778240
1758901595263 0.034394985681775736 783360
1758901604804 0.03462088223782272 788480
1758901619827 0.03464719793698051 793600
1758901630466 0.03463412580360678 798720
1758901639405 0.03495381058726342 803840
1758901649117 0.03833377325977869 808960
1758901665826 0.04148494504977591 814080
1758901674696 0.04391676409556301 819200
1758901684147 0.04684819202387029 824320
1758901696808 0.049680686358337216 829440
1758901710452 0.053597133548945124 834560
1758901719862 0.05799258522160582 839680
1758901729556 0.061422713223354276 844800
1758901742828 0.06468413846978263 849920
1758901755245 0.06800478170916367 855040
1758901765603 0.07175850565138747 860160
1758901775593 0.0750636801123968 865280
1758901789436 0.07841036061719409 870400
1758901800605 0.08180598661797152 875520
1758901809952 0.08516316458851057 880640
1758901819732 0.0887030629478401 885760
1758901841478 0.092297660839969 890880
1758901852973 0.09644541462011852 896000
1758901863244 0.10021267350840213 901120
1758901873287 0.10456204318391814 906240
1758901891762 0.10865888406454026 911360
1758901900784 0.11271018500357874 916480
1758901910481 0.11680925353378765 921600
1758901922128 0.12119787385498114 926720
1758901937729 0.12499257934318976 931840
1758901947176 0.12935314453381022 936960
1758901956881 0.13348547178247802 942080
1758901968685 0.13779450301276736 947200
1758901982491 0.1412513009359088 952320
1758901993125 0.14554603290988144 957440
1758902002758 0.15002837608720732 962560
1758902015779 0.15438391156242828 967680
1758902028934 0.15882453904168026 972800
1758902038040 0.16313328168014155 977920
1758902048447 0.16735799397158652 983040
1758902061706 0.17133063568485216 988160
1758902074139 0.17537268445117205 993280
1758902083453 0.17922865309873315 998400
1758902093830 0.1835033839104259 1003520
1758902106343 0.18757619090672797 1008640
1758902120608 0.19204441390421784 1013760
1758902130296 0.19637388096025624 1018880
1758902141160 0.2005700118227003 1024000
1758902154533 0.20481971582992667 1029120
1758902165340 0.20892865446338668 1034240
1758902175646 0.21322529842311522 1039360
1758902187745 0.2169597250569305 1044480
1758902202806 0.2211058709412196 1049600
1758902212345 0.22468033549464375 1054720
1758902223479 0.2281353819124059 1059840
1758902234964 0.23139500263487178 1064960
1758902249295 0.23520030561983984 1070080
1758902259449 0.23887817871727038 1075200
1758902269822 0.24257939197516704 1080320
1758902280333 0.24607917177411756 1085440
1758902294420 0.249529481889453 1090560
1758902305213 0.25303126232317297 1095680
1758902315869 0.2562525590620052 1100800
1758902327602 0.259598009367653 1105920
1758902339314 0.2629086898615725 1111040
1758902350414 0.2661878070996644 1116160
1758902361284 0.26931628512916994 1121280
1758902374924 0.2727134989428922 1126400
1758902384670 0.2760774120030987 1131520
1758902395318 0.2797584883898049 1136640
1758902406646 0.283177808047455 1141760
1758902420406 0.2862692187896612 1146880
1758902430960 0.289270696598221 1152000
1758902441019 0.292426883178314 1157120
1758902454135 0.29565049343114486 1162240
1758902465790 0.29887462085868854 1167360
1758902476788 0.3018625148694736 1172480
1758902486388 0.3049486298934121 1177600
1758902499972 0.30781592517575573 1182720
1758902510754 0.31067744970736877 1187840
1758902521757 0.3137199732025146 1192960
1758902533642 0.31679165826883265 1198080
1758902546656 0.31963992129596863 1203200
1758902557322 0.32266548818203494 1208320
1758902567080 0.3255445793470619 1213440
1758902578599 0.32866969832242154 1218560
1758902592970 0.3314315859666663 1223680
1758902603025 0.3343396876372763 1228800
1758902613038 0.33762408746486755 1233920
1758902624921 0.3406460880842972 1239040
1758902638266 0.3437103468110616 1244160
1758902648432 0.3466365991089087 1249280
1758902658239 0.34960952424199376 1254400
1758902671071 0.35263958103261167 1259520
1758902683338 0.3558130862302557 1264640
1758902693271 0.35904813570969657 1269760
1758902703904 0.36215271852090086 1274880
1758902717587 0.36514709563230946 1280000
1758902727332 0.3685598571461271 1285120
1758902738822 0.37177679165409716 1290240
1758902748311 0.3748672158486539 1295360
1758902763585 0.3779563451566144 1300480
1758902773210 0.3808169862165634 1305600
1758902783167 0.383975339524847 1310720
1758902792327 0.3871366789081925 1315840
1758902809009 0.38983285417721875 1320960
1758902818510 0.3928656473211308 1326080
1758902828126 0.395857983467066 1331200
1758902840775 0.39874227896276787 1336320
1758902851247 0.4018320467153196 1341440
1758902861787 0.4047610286215244 1346560
1758902872667 0.4080117084859646 1351680
1758902885090 0.4108229342547814 1356800
1758902897415 0.41372466133464264 1361920
1758902907807 0.4162828680934455 1367040
1758902917858 0.4189086485642959 1372160
1758902928187 0.4215545779015235 1377280
1758902942549 0.4244159873118311 1382400
1758902951837 0.42724930499237246 1387520
1758902962659 0.43028558545545076 1392640
1758902976312 0.433290084358223 1397760
1758902986568 0.43598154584451926 1402880
1758902997388 0.43903139706861033 1408000
1758903006951 0.44177013636883317 1413120
1758903021517 0.4443687925690091 1418240
1758903032547 0.44707096098059024 1423360
1758903041744 0.4497871738355195 1428480
1758903052835 0.45275316935832677 1433600
1758903066623 0.45527922789735176 1438720
1758903076681 0.45788743462316184 1443840
1758903087775 0.4607045430137431 1448960
1758903099072 0.46325573481235055 1454080
1758903112141 0.4662488438472096 1459200
1758903121574 0.4692350453828515 1464320
1758903132232 0.4719307662341865 1469440
1758903145113 0.47436526592400097 1474560
1758903157285 0.47691621982142735 1479680
1758903166831 0.4794907758959851 1484800
1758903175774 0.4819759961880631 1489920
1758903190182 0.4848753825089717 1495040
1758903201186 0.4878147116770931 1500160
1758903210800 0.49052980338144214 1505280
1758903221847 0.49308303064243714 1510400
1758903234947 0.49545039525300183 1515520
1758903246573 0.4979272334409981 1520640
1758903257293 0.5002912972214162 1525760
1758903269721 0.5028336014028548 1530880
1758903282566 0.5055669862680923 1536000
1758903295373 0.5083166551562556 1541120
1758903305877 0.511247880949395 1546240
1758903318286 0.5136624380514249 1551360
1758903331200 0.5162160937420818 1556480
1758903344162 0.5187242642406119 1561600
1758903354444 0.5209553508921614 1566720
1758903366219 0.5234292385657309 1571840
1758903379937 0.526077705262738 1576960
1758903390103 0.5284603328605434 1582080
1758903400276 0.5310972910616305 1587200
1758903412173 0.5334313396423241 1592320
1758903425549 0.5358527341063382 1597440
1758903435417 0.538330700134583 1602560
1758903445369 0.5406492496143006 1607680
1758903458425 0.54292769876103 1612800
1758903471159 0.5452569997036044 1617920
1758903481431 0.5473225120043037 1623040
1758903492705 0.5496547732895262 1628160
1758903504601 0.5521659181256025 1633280
1758903514868 0.5542263132044267 1638400
1758903526331 0.5565582126336798 1643520
1758903539909 0.5591411970224994 1648640
1758903550517 0.5614548316188512 1653760
1758903561200 0.5639577543739894 1658880
1758903573175 0.5661765677537969 1664000
1758903584750 0.5684023977670783 1669120
1758903594797 0.5704225322091236 1674240
1758903609379 0.5727596521580404 1679360
1758903619764 0.5752498717879604 1684480
1758903629277 0.5776975977350727 1689600
1758903639185 0.5799693607710352 1694720
1758903653655 0.5820661813802488 1699840
1758903665081 0.5840916045520456 1704960
1758903676150 0.5862467642781747 1710080
1758903687459 0.5882448008721705 1715200
1758903698659 0.5905025659570061 1720320
1758903710020 0.5928029775374877 1725440
1758903722482 0.5948091911266145 1730560
1758903735587 0.597004194465551 1735680
1758903745821 0.5993932638208246 1740800
1758903755493 0.6016386905073673 1745920
1758903768785 0.6036489768774037 1751040
1758903780983 0.605609207531925 1756160
1758903791388 0.6076658238689018 1761280
1758903801412 0.6098789155392959 1766400
1758903815775 0.612047070751826 1771520
1758903825622 0.6141357530217865 1776640
1758903837020 0.6164125079806463 1781760
1758903847369 0.6185888458138675 1786880
1758903861758 0.6209778587358366 1792000
1758903872164 0.6233243658686605 1797120
1758903881778 0.6256094424899458 1802240
1758903891582 0.6277787213811578 1807360
1758903907171 0.6300002397149105 1812480
1758903917930 0.6320199375374819 1817600
1758903928712 0.6339432127188988 1822720
1758903938253 0.6360584792937908 1827840
1758903951506 0.6382421207743466 1832960
1758903964146 0.6404113659160611 1838080
1758903975080 0.6426858143068328 1843200
1758903985006 0.6448899502150048 1848320
1758903997137 0.6470277769325021 1853440
1758904011126 0.6493218649253278 1858560
1758904021589 0.6516881461426367 1863680
1758904031524 0.6540252668644265 1868800
1758904042238 0.6562370247547307 1873920
1758904058025 0.6584500537745358 1879040
1758904068133 0.6606542480238636 1884160
1758904079050 0.6626038236004197 1889280
1758904088600 0.6647070253180029 1894400
1758904104062 0.6667045347719711 1899520
1758904114285 0.6686941895930675 1904640
1758904124690 0.6705579487265045 1909760
1758904134313 0.6725397793843586 1914880
1758904149597 0.6743484444940594 1920000
1758904160562 0.6763399437589994 1925120
1758904170586 0.6782437795138746 1930240
1758904179736 0.6801996495389884 1935360
1758904195998 0.6821802626435741 1940480
1758904205483 0.6840556390173826 1945600
1758904214694 0.6860336314371733 1950720
1758904225887 0.6881533820787279 1955840
1758904241677 0.6900411711235395 1960960
1758904251040 0.6921846480969751 1966080
1758904261323 0.6942119467515274 1971200
1758904272021 0.6962147902022867 1976320
1758904285754 0.6982527942242485 1981440
1758904296757 0.7002534126455698 1986560
1758904308019 0.7021975198846118 1991680
1758904318354 0.7039988114223866 1996800
1758904331365 0.7057293155182882 2001920
1758904342938 0.707565875288411 2007040
1758904354330 0.7094663063455722 2012160
1758904364654 0.7116211464493305 2017280
1758904375888 0.7134851009675907 2022400
1758904390896 0.7155445952584693 2027520
1758904400928 0.7175530876758236 2032640
1758904411935 0.7194101866777407 2037760
1758904421631 0.7213155975729161 2042880
1758904436343 0.7233083246102554 2048000
1758904448263 0.7253147501574582 2053120
1758904458374 0.7270875401189233 2058240
1758904468666 0.7288340110037838 2063360
1758904484677 0.7306832250885241 2068480
1758904497553 0.7326315817180589 2073600
1758904507598 0.7344079391586561 2078720
1758904517853 0.7363466356445273 2083840
1758904532331 0.7381150607674464 2088960
1758904545752 0.739849999062409 2094080
1758904555925 0.7417583890380595 2099200
1758904566588 0.7436086246083503 2104320
1758904579009 0.7454252623980173 2109440
1758904592890 0.7475672579903956 2114560
1758904602793 0.7492761916416898 2119680
1758904615606 0.7511296167414978 2124800
1758904627221 0.7528705550105991 2129920
1758904640168 0.7549425109068073 2135040
1758904649749 0.7566322498961622 2140160
1758904664327 0.7583706326108796 2145280
1758904675502 0.7603290138220671 2150400
1758904687943 0.7622617241520286 2155520
1758904699630 0.7642119133671248 2160640
1758904712193 0.7661134106160067 2165760
1758904721945 0.7681991856839676 2170880
1758904734654 0.7699592198493093 2176000
1758904747849 0.771716346125366 2181120
1758904759349 0.7735488848330262 2186240
1758904768849 0.7754342842724635 2191360
1758904780010 0.7773208506907998 2196480
1758904791219 0.7791531219564914 2201600
1758904803039 0.7810378403301763 2206720
1758904812464 0.7830274924029035 2211840
1758904825614 0.7848509366764459 2216960
1758904835822 0.7867050152554711 2222080
1758904848993 0.7886887538396938 2227200
1758904858639 0.7906114475019491 2232320
1758904870475 0.7924488233088198 2237440
1758904880935 0.7943612542322247 2242560
1758904894215 0.7962739353812525 2247680
1758904905456 0.7982164510798462 2252800
1758904920146 0.8000282599442559 2257920
1758904933662 0.8017659179357416 2263040
1758904945844 0.8035685342996461 2268160
1758904957963 0.805538337103311 2273280
1758904967641 0.8071876836203136 2278400
1758904979627 0.8090818740367302 2283520
1758904991526 0.8109324496577369 2288640
1758905004161 0.8127168812493523 2293760
1758905013664 0.8145967934542293 2298880
1758905026912 0.8164659570803809 2304000
1758905037168 0.8183777796233463 2309120
1758905049819 0.820064269149152 2314240
1758905060210 0.821997990818838 2319360
1758905071917 0.8236840867431681 2324480
1758905082517 0.8254131256150379 2329600
1758905095181 0.8269931991318524 2334720
1758905106963 0.8284964095077609 2339840
1758905115891 0.8301012343924029 2344960
1758905126897 0.8317769569486235 2350080
1758905139207 0.8336809089309699 2355200
1758905151927 0.8354282744415213 2360320
1758905162440 0.8373175725359406 2365440
1758905172612 0.8389676699509834 2370560
1758905183638 0.8405016597193792 2375680
1758905195266 0.8422656770926167 2380800
1758905207590 0.84392120989262 2385920
1758905219054 0.845727068392023 2391040
1758905228861 0.8473548627591833 2396160
1758905239582 0.8490972219338346 2401280
1758905252506 0.8507819883521067 2406400
1758905262100 0.8523948007642593 2411520
1758905274362 0.8540250093646956 2416640
1758905287582 0.8556895649395025 2421760
1758905298894 0.8574532676191587 2426880
1758905308651 0.859174542614216 2432000
1758905321049 0.8608244961639472 2437120
1758905336563 0.8624612896760353 2442240
1758905345688 0.8642243570491318 2447360
1758905358124 0.8661650540142714 2452480
1758905371304 0.8678733041345426 2457600
1758905385522 0.8696096620334615 2462720
1758905395767 0.8713640648568126 2467840
1758905410522 0.8731893840442808 2472960
1758905422878 0.8749421700527291 2478080
1758905433901 0.8766285202130913 2483200
1758905444194 0.8783381338734902 2488320
1758905459148 0.8798496549929482 2493440
1758905470399 0.881304360691727 2498560
1758905482081 0.8827610952366443 2503680
1758905494466 0.8844433430546139 2508800
1758905504953 0.886097424447398 2513920
1758905515496 0.8876672831035725 2519040
1758905528105 0.8893048366576554 2524160
1758905541791 0.8908701074970905 2529280
1758905553013 0.8924730989654774 2534400
1758905562806 0.8941693242712522 2539520
1758905574273 0.8958408570265975 2544640
1758905587046 0.8974119954472617 2549760
1758905598982 0.8991428803648749 2554880
1758905611643 0.9007589921756988 2560000
1758905622387 0.902464257447748 2565120
1758905633132 0.9040525231270329 2570240
1758905644888 0.9055187165276839 2575360
1758905657491 0.907238666400553 2580480
1758905670712 0.9087977891210625 2585600
1758905680951 0.9102067995568184 2590720
1758905690716 0.9116134176096589 2595840
1758905703517 0.9134334236355766 2600960
1758905715370 0.9148419082852834 2606080
1758905725504 0.9163772720883553 2611200
1758905740747 0.9178711701144969 2616320
1758905750589 0.9194247452736365 2621440
1758905760541 0.9210822219432419 2626560
1758905770161 0.922567377469989 2631680
1758905786992 0.9241354452743186 2636800
1758905797441 0.9257498198661188 2641920
1758905807013 0.9273800377200473 2647040
1758905816905 0.9288683920585576 2652160
1758905833399 0.9306193075237802 2657280
1758905842839 0.9321252318748717 2662400
1758905856317 0.9338355022773798 2667520
1758905866199 0.9357067158048306 2672640
1758905878289 0.9374263816412023 2677760
1758905888300 0.9391547383741236 2682880
1758905903880 0.9407993594561171 2688000
1758905914095 0.9421594262245551 2693120
1758905924020 0.9436776817253055 2698240
1758905934434 0.9452490756750459 2703360
1758905950384 0.946654423060075 2708480
1758905960024 0.9481791028573678 2713600
1758905970423 0.9497697787935135 2718720
1758905982569 0.9513108652183553 2723840
1758905996019 0.9529094275694414 2728960
1758906006416 0.9544534565084015 2734080
1758906016710 0.95587768382381 2739200
1758906032067 0.95725100381526 2744320
1758906042347 0.9586284303580035 2749440
1758906052398 0.9602483202060896 2754560
1758906063497 0.9617290917584211 2759680
1758906077347 0.9633251956564168 2764800
1758906087315 0.9650099471803553 2769920
1758906100605 0.9664466653017881 2775040
1758906111033 0.967991980886109 2780160
1758906123583 0.9695392847137754 2785280
1758906133330 0.9710899285351475 2790400
1758906146963 0.9724231609208386 2795520
1758906159347 0.9738352571903424 2800640
1758906168999 0.9752908724941921 2805760
1758906179375 0.9768012865275245 2810880
1758906193889 0.9782435832865478 2816000
1758906205155 0.9796410437440767 2821120
1758906214990 0.9811598690947064 2826240
1758906227312 0.9826605988782912 2831360
1758906240816 0.9842927686773784 2836480
1758906250808 0.9857688537646635 2841600
1758906261199 0.9872756095687159 2846720
1758906275119 0.9888714233006503 2851840
1758906285416 0.9903822587469466 2856960
1758906297236 0.9918151767222557 2862080
1758906306468 0.9932968814193333 2867200
1758906319444 0.9947776200822522 2872320
1758906330233 0.9961393583554622 2877440
1758906339032 0.9976033302360345 2882560
1758906348060 0.9990392712305594 2887680
1758906359921 1.0005174148492555 2892800
1758906370477 1.0019791240172355 2897920
1758906381432 1.0032468896464959 2903040
1758906391406 1.0045517594077218 2908160
1758906401034 1.0059974133393932 2913280
1758906411564 1.0075512915501739 2918400
1758906423598 1.0090812980794313 2923520
1758906432186 1.0104333977379287 2928640
1758906444379 1.0120448247627256 2933760
1758906454293 1.0136022468915116 2938880
1758906464017 1.0151760086444035 2944000
1758906473653 1.0165403918291793 2949120
1758906484915 1.0181462582730703 2954240
1758906497405 1.0197228691032438 2959360
1758906507995 1.0211873597641346 2964480
1758906517574 1.022522913348532 2969600
1758906528347 1.0239290481431877 2974720
1758906537155 1.0254731715637064 2979840
1758906549595 1.02693470061361 2984960
1758906562065 1.0283446427234213 2990080
1758906572167 1.029786473814389 2995200
1758906585534 1.0311968003651613 3000320
1758906594858 1.0328286257870842 3005440
1758906607348 1.0342155332888618 3010560
1758906619457 1.0355298229218237 3015680
1758906631137 1.0371375399702598 3020800
1758906642738 1.038486474618719 3025920
1758906652218 1.0398374985948629 3031040
1758906667644 1.0413504399642473 3036160
1758906677212 1.0429089043014141 3041280
1758906687296 1.0444573076570516 3046400
1758906700708 1.0459245338844718 3051520
1758906713081 1.0473317451959174 3056640
1758906722919 1.048751380627444 3061760
1758906735392 1.0502196011239147 3066880
1758906749179 1.0517135157662167 3072000
1758906759213 1.053066618222945 3077120
1758906770315 1.0545979257754954 3082240
1758906782180 1.0560001058564417 3087360
1758906794025 1.057467044572763 3092480
1758906804535 1.0590399171082157 3097600
1758906819989 1.0604008036279196 3102720
1758906830707 1.0618481694194297 3107840
1758906841139 1.063305447068265 3112960
1758906851055 1.0647499467159218 3118080
1758906867536 1.0662297129379927 3123200
1758906879328 1.0677685403951191 3128320
1758906890495 1.069153924167877 3133440
1758906901208 1.070583660094538 3138560
1758906914415 1.0719391873354358 3143680
1758906925807 1.0734291282072663 3148800
1758906938181 1.0748950221568854 3153920
1758906950832 1.076189843468805 3159040
1758906961136 1.077552854343645 3164160
1758906971206 1.0790138099992024 3169280
1758906983993 1.0803817931429271 3174400
1758906997435 1.081723871607551 3179520
1758907007240 1.0830588748223546 3184640
1758907020417 1.0845390097006637 3189760
1758907031019 1.0858593847943305 3194880
1758907042939 1.0872183653314988 3200000
1758907052668 1.0886073412499293 3205120
1758907067485 1.0901993867612105 3210240
1758907079213 1.0917080687168483 3215360
1758907089828 1.0931317276723724 3220480
1758907100420 1.0945821181727027 3225600
1758907114938 1.0959200440701524 3230720
1758907124413 1.0974273692231844 3235840
1758907135843 1.098928138293106 3240960
1758907150537 1.1004589879137237 3246080
1758907160223 1.1018301865942999 3251200
1758907170571 1.1032227903972893 3256320
1758907181787 1.1046376435310257 3261440
1758907195796 1.105972770417072 3266560
1758907207124 1.1074908117502456 3271680
1758907218793 1.1089027900660915 3276800
1758907228394 1.1102501580482498 3281920
1758907242411 1.1117146094676094 3287040
1758907252689 1.1131642567999835 3292160
1758907264346 1.114445140516047 3297280
1758907277853 1.1158853591907298 3302400
1758907288683 1.117329998952234 3307520
1758907299431 1.1188193801514714 3312640
1758907310720 1.1202772706748596 3317760
1758907323324 1.1215812407731751 3322880
1758907335865 1.1230029808445188 3328000
1758907346772 1.1243732302386706 3333120
1758907358139 1.1257554743479803 3338240
1758907368460 1.127137205801045 3343360
1758907382611 1.12855631792639 3348480
1758907392121 1.1300525845853489 3353600
1758907404101 1.1314538574937831 3358720
1758907416463 1.132725373918677 3363840
1758907427792 1.1341552087777815 3368960
1758907438195 1.1356767783658428 3374080
1758907449702 1.1370756065545948 3379200
1758907466763 1.1385407203785327 3384320
1758907476505 1.1399329276532397 3389440
1758907486349 1.1414152641235253 3394560
1758907497007 1.1427637207086794 3399680
1758907511097 1.1443030739656452 3404800
1758907521005 1.1457851317175523 3409920
1758907530622 1.1471282730107704 3415040
1758907545543 1.1485280999126812 3420160
1758907556151 1.1498402827545315 3425280
1758907565682 1.1511479132203581 3430400
1758907576320 1.1526542479232496 3435520
1758907591916 1.154064030754459 3440640
1758907602258 1.155358083803068 3445760
1758907613635 1.1565971929724785 3450880
1758907624286 1.1580327321159498 3456000
1758907637509 1.1593067252040639 3461120
1758907647484 1.1606214462994309 3466240
1758907661075 1.1620360791286926 3471360
1758907673458 1.1633771425795372 3476480
1758907683054 1.1648533530050977 3481600
1758907693200 1.166269326955132 3486720
1758907708442 1.1675752720154227 3491840
1758907720690 1.1689832267708655 3496960
1758907730928 1.1703704600449336 3502080
1758907743048 1.1718405203830533 3507200
1758907756436 1.1733866049126125 3512320
1758907768365 1.1747524917743966 3517440
1758907778529 1.1760561687176876 3522560
1758907793574 1.1772681577250728 3527680
1758907805041 1.1786555066474833 3532800
1758907815389 1.1800888993867753 3537920
1758907826189 1.1815299614685295 3543040
1758907839707 1.1829062051161723 3548160
1758907852622 1.1843231267248349 3553280
1758907863502 1.1858488004241294 3558400
1758907875037 1.1872623592596436 3563520
1758907887685 1.1885225877342152 3568640
1758907899015 1.1900086848722917 3573760
1758907909831 1.1914384481999643 3578880
1758907925907 1.193006528411716 3584000
1758907935963 1.194485355014946 3589120
1758907946319 1.1958797767629274 3594240
1758907958685 1.1972957276464569 3599360
1758907972597 1.1987984161387095 3604480
1758907982792 1.2001895815665773 3609600
1758907994843 1.2015354716043964 3614720
1758908006876 1.2028923461692262 3619840
1758908019819 1.2042123825046747 3624960
1758908029884 1.2055095351608847 3630080
1758908041656 1.2069275666158992 3635200
1758908056547 1.2084301891326674 3640320
1758908066861 1.2099647389166597 3645440
1758908077951 1.2112594929787994 3650560
1758908088154 1.2126055415904933 3655680
1758908102943 1.2140135376109278 3660800
1758908115780 1.2153629636285304 3665920
1758908126237 1.2167615817221245 3671040
1758908136656 1.2181743469891848 3676160
1758908150317 1.219460841192529 3681280
1758908163335 1.2207670640326764 3686400
1758908173561 1.2220914541117525 3691520
1758908186264 1.223450468334544 3696640
1758908196138 1.224794478022386 3701760
1758908210655 1.2261759736739788 3706880
1758908220815 1.2275019988019906 3712000
1758908233872 1.2288592485055694 3717120
1758908245802 1.2303385212867166 3722240
1758908257001 1.2317990099485832 3727360
1758908268762 1.233116490334951 3732480
1758908283008 1.2343734089022045 3737600
1758908296408 1.2357193104593114 3742720
1758908306182 1.237014239444953 3747840
1758908315816 1.238390419805505 3752960
1758908327985 1.2396843612080886 3758080
1758908342792 1.2411678103584116 3763200
1758908352025 1.2424303377886468 3768320
1758908364983 1.2438656840634945 3773440
1758908374898 1.2452522963012103 3778560
1758908386889 1.2465699789864249 3783680
1758908396688 1.2478131962860806 3788800
1758908409636 1.249089098756414 3793920
1758908419061 1.2504037708331237 3799040
1758908431965 1.2516293671210086 3804160
1758908442089 1.252942618040518 3809280
1758908455265 1.254261359267582 3814400
1758908464612 1.2555563741983502 3819520
1758908476856 1.256902395572147 3824640
1758908487421 1.2582499754723064 3829760
1758908499286 1.2595509713175277 3834880
1758908510133 1.2608363554220396 3840000
1758908519559 1.2620940439131654 3845120
1758908531796 1.2634277019893443 3850240
1758908543740 1.2648430689120653 3855360
1758908553897 1.266177198415383 3860480
1758908566144 1.2675287975627307 3865600
1758908575395 1.2688065994308433 3870720
1758908584469 1.2701533487249903 3875840
1758908596190 1.271586901162036 3880960
1758908608081 1.2728757773991985 3886080
1758908617692 1.2741450354228818 3891200
1758908628913 1.2753558139356014 3896320
1758908637350 1.276632079532306 3901440
1758908647807 1.2780169721894197 3906560
1758908659964 1.2793743231657067 3911680
1758908669855 1.2806280170515962 3916800
1758908681409 1.2818864645209436 3921920
1758908690621 1.2831905275708249 3927040
1758908701924 1.2844695428980188 3932160
1758908712137 1.2859124344531554 3937280
1758908723021 1.287153020025839 3942400
1758908735751 1.288189231660253 3947520
1758908745519 1.2894318059065941 3952640
1758908755445 1.2906039349420688 3957760
1758908765015 1.2919805289413815 3962880
1758908778439 1.2930966169818574 3968000
1758908789504 1.294321971754342 3973120
1758908798918 1.295460598102866 3978240
1758908809378 1.2966700366096666 3983360
1758908821336 1.297901204163922 3988480
1758908832553 1.299137283431508 3993600
1758908841642 1.3003180695419572 3998720
1758908855500 1.3015701419279648 4003840
1758908864523 1.3027938390521165 4008960
1758908875741 1.304114173448598 4014080
1758908884656 1.305343213858107 4019200
1758908897996 1.3068274666002841 4024320
1758908908749 1.3081162820577756 4029440
1758908918342 1.3093679745210132 4034560
1758908928763 1.3106323652205547 4039680
1758908940318 1.3118472775983583 4044800
1758908950304 1.313202585531501 4049920
1758908960795 1.3143895772459067 4055040
1758908973968 1.3155872769816255 4060160
1758908984040 1.3168713373826828 4065280
1758908992582 1.3182058465609607 4070400
1758909003243 1.3194982501043775 4075520
1758909017048 1.3207666275849805 4080640
1758909026113 1.321993487354307 4085760
1758909036705 1.3231927440908062 4090880
1758909047007 1.3244387912104796 4096000
1758909058736 1.3256451936689655 4101120
1758909067829 1.326826522184084 4106240
1758909079092 1.3279647063975148 4111360
1758909091616 1.329099595914009 4116480
1758909101129 1.3303191834886838 4121600
1758909110459 1.331622678246199 4126720
1758909122665 1.332916632967123 4131840
1758909134521 1.3340892605740047 4136960
1758909143959 1.335287451015803 4142080
1758909153609 1.3364963215119237 4147200
1758909167701 1.337659468713081 4152320
1758909177337 1.338848022275697 4157440
1758909187744 1.3398760767674913 4162560
1758909197414 1.341022046422778 4167680
1758909210250 1.3421792854937102 4172800
1758909220207 1.3434122646424584 4177920
1758909231193 1.3446739008974633 4183040
1758909241773 1.3458935100865648 4188160
1758909251942 1.3471807229569595 4193280
1758909262606 1.3485158283091958 4198400
1758909273409 1.3497658906816377 4203520
1758909285796 1.3510165093624527 4208640
1758909294596 1.352293187056202 4213760
1758909305787 1.3534999582637262 4218880
1758909318460 1.3547165590331707 4224000
1758909328515 1.3558897215619958 4229120
1758909337799 1.3570902437077046 4234240
1758909347721 1.3581903283371952 4239360
1758909361852 1.3594914059791805 4244480
1758909370257 1.3606246256620402 4249600
1758909381950 1.3618172299208282 4254720
1758909391066 1.3628894868469321 4259840
1758909403862 1.36416766899692 4264960
1758909414016 1.3653766450380784 4270080
1758909424658 1.366509123107743 4275200
1758909434395 1.3677164828084214 4280320
1758909445463 1.3689557880824548 4285440
1758909456828 1.370206107356485 4290560
1758909466852 1.3713747414125803 4295680
1758909477514 1.372531315816551 4300800
1758909488039 1.37377868455042 4305920
1758909500493 1.3750116644166104 4311040
1758909510561 1.3761260798639738 4316160
1758909520967 1.3773060233556043 4321280
1758909532312 1.3784100928403324 4326400
1758909543283 1.3794430059485163 4331520
1758909555054 1.3806847432685943 4336640
1758909564246 1.381889082438914 4341760
1758909574486 1.3830529345652525 4346880
1758909585474 1.3841863967893908 4352000
1758909598227 1.3852140452271369 4357120
1758909609180 1.3863954514457295 4362240
1758909618451 1.3875576560909768 4367360
1758909627630 1.3886086496343306 4372480
1758909641867 1.3897518426883215 4377600
1758909652082 1.390953475917167 4382720
1758909662537 1.3921033219892702 4387840
1758909673320 1.3932495653353731 4392960
1758909684920 1.3945168286988234 4398080
1758909695514 1.3956959611530844 4403200
1758909704862 1.3968130281338136 4408320
1758909719217 1.397936940601973 4413440
1758909728495 1.3990611099743708 4418560
1758909737680 1.4002877120840136 4423680
1758909749142 1.4013896386199802 4428800
1758909762026 1.4026690711373397 4433920
1758909772736 1.4038785387129 4439040
1758909785959 1.4050137972117693 4444160
1758909798494 1.406096033526108 4449280
1758909811682 1.4072252225389477 4454400
1758909820841 1.4082930404810081 4459520
1758909830098 1.4094672439877705 4464640
1758909841875 1.4105517984836446 4469760
1758909853914 1.4117385573449817 4474880
1758909863577 1.4128270502077511 4480000
1758909873740 1.4139460442690506 4485120
1758909886687 1.4151648781029789 4490240
1758909897213 1.4163214165171685 4495360
1758909906271 1.417451537457801 4500480
1758909916746 1.4185299432210958 4505600
1758909931085 1.4196752971024864 4510720
1758909941315 1.420730480234068 4515840
1758909950338 1.4218250304173912 4520960
1758909960720 1.4230184000616652 4526080
1758909974253 1.4242342891375113 4531200
1758909984542 1.425352313764194 4536320
1758909994549 1.4263934521650905 4541440
1758910005296 1.4274998442773452 4546560
1758910017740 1.4285273043410045 4551680
1758910026810 1.4296711939089195 4556800
1758910038160 1.43086285672109 4561920
1758910050680 1.4320723375588702 4567040
1758910060766 1.433179079985358 4572160
1758910070024 1.4342263107628774 4577280
1758910080836 1.4352920155100681 4582400
1758910094978 1.4363569487603558 4587520
1758910104929 1.4375525077812996 4592640
1758910114709 1.438699860951972 4597760
1758910125026 1.439809087982014 4602880
1758910140029 1.4409851143067165 4608000
1758910150632 1.4420596566191952 4613120
1758910159811 1.4432057555476723 4618240
1758910169359 1.4443241639848832 4623360
1758910182955 1.4456009772058862 4628480
1758910194771 1.4468065778171408 4633600
1758910204133 1.4479964290591025 4638720
1758910215793 1.4490667887644666 4643840
1758910225767 1.4502258186690575 4648960
1758910237941 1.451335752111474 4654080
1758910247683 1.452538653393466 4659200
1758910259870 1.4535920434345038 4664320
1758910269302 1.4546258667808523 4669440
1758910280826 1.4557354361129315 4674560
1758910289827 1.456835430522451 4679680
1758910303349 1.4579087460830598 4684800
1758910314059 1.4590215591799054 4689920
1758910323912 1.460042566498479 4695040
1758910333581 1.4611953606380823 4700160
1758910346832 1.4622878393484642 4705280
1758910358837 1.4634601353780565 4710400
1758910368950 1.4644825499732224 4715520
1758910380135 1.4654850285093757 4720640
1758910393788 1.4665545098057242 4725760
1758910406927 1.4676695833490905 4730880
1758910416371 1.468668063892712 4736000
1758910426185 1.4697402786017169 4741120
1758910438798 1.4708028603305983 4746240
1758910451773 1.4719052840230638 4751360
1758910461304 1.4729684511254408 4756480
1758910472055 1.4740143713382974 4761600
1758910482401 1.4750418436894297 4766720
1758910495906 1.4760726060006404 4771840
1758910505263 1.4772312707493345 4776960
1758910516682 1.4782405339087548 4782080
1758910526911 1.4793247292772356 4787200
1758910540349 1.4804148965887092 4792320
1758910549102 1.4814724494417333 4797440
1758910560917 1.4825264015254718 4802560
1758910570151 1.4835713464927294 4807680
1758910582280 1.4846740883707217 4812800
1758910592940 1.4857076260464055 4817920
1758910603943 1.4867116381694945 4823040
1758910614807 1.4877722989078639 4828160
1758910626050 1.4887983316258735 4833280
1758910636422 1.4898842833980008 4838400
1758910647167 1.490918980274033 4843520
1758910660247 1.491986508988173 4848640
1758910669823 1.4930980886885452 4853760
1758910679444 1.4941272748465722 4858880
1758910691983 1.4951719105501393 4864000
1758910705130 1.4962226232093516 4869120
1758910714719 1.4973199876002714 4874240
1758910725286 1.498282242487894 4879360
1758910735715 1.499272616578817 4884480
1758910748515 1.5003500560308805 4889600
1758910758711 1.5014021746481696 4894720
1758910769896 1.50243118446973 4899840
1758910780272 1.503439556283398 4904960
1758910792786 1.5045978399498028 4910080
1758910802008 1.505672266953232 4915200
1758910815249 1.5066828180204634 4920320
1758910824590 1.5077287144754281 4925440
1758910836776 1.5087747517877645 4930560
1758910847218 1.5097578766041382 4935680
1758910859214 1.5108298255180679 4940800
1758910869549 1.5119553882058925 4945920
1758910879534 1.5129601615856316 4951040
1758910890392 1.51391393118382 4956160
1758910903154 1.5148375846616138 4961280
1758910914389 1.5159748653034513 4966400
1758910924011 1.5170631847938023 4971520
1758910933901 1.5181653290652906 4976640
1758910946157 1.5192441080685382 4981760
1758910958503 1.5201995939571675 4986880
1758910968457 1.521204974997084 4992000
1758910978577 1.5221909355453622 4997120
1758910984278 1.52260000355246 5000192
