1758899839814 431.31967256825936 5120
1758899852902 451.0448472764757 10240
1758899865165 447.2673872889023 15360
1758899875195 439.03151666282287 20480
1758899888909 434.87562237639924 25600
1758899900258 432.1135849333856 30720
1758899914641 429.524169921875 35840
1758899927356 427.7300171711465 40960
1758899944464 426.3784136146497 46080
1758899957506 425.04661458333334 51200
1758899969535 424.1153973627357 56320
1758899980610 423.60708560436035 61440
1758899995287 422.5841251251112 66560
1758900007616 422.51442212472443 71680
1758900021614 422.1620278059745 76800
1758900034243 421.5534060571454 81920
1758900044465 420.81551672555275 87040
1758900057604 420.58006591796874 92160
1758900071630 420.45974782578156 97280
1758900084176 420.1630087156353 102400
1758900096501 420.0953488657922 107520
1758900106785 419.7912261208039 112640
1758900119673 419.4778928560113 117760
1758900131222 419.3247241902834 122880
1758900141494 419.0192110456525 128000
1758900154968 418.685158177426 133120
1758900164703 418.5375069784613 138240
1758900175462 418.5432237767398 143360
1758900184908 418.55347759955754 148480
1758900199219 418.5256363790981 153600
1758900210382 418.4495679161178 158720
1758900220539 418.3561542776546 163840
1758900232122 418.22542983014785 168960
1758900243907 418.15390705467496 174080
1758900254284 418.0938431817866 179200
1758900265754 418.01602031300683 184320
1758900278555 417.77738632100926 189440
1758900289551 417.8271141967398 194560
1758900299118 417.81204911382923 199680
1758900309211 417.7226935393532 204800
1758900323162 417.6539442764284 209920
1758900335282 417.62625784658405 215040
1758900344859 417.62887313418037 220160
1758900355070 417.5847672176919 225280
1758900366902 417.6344608088713 230400
1758900378714 417.58796266853216 235520
1758900389482 417.5057149092541 240640
1758900401741 417.4371603744106 245760
1758900411468 417.309482820837 250880
1758900423277 417.3121494195522 256000
1758900433892 417.3582967900945 261120
1758900446096 417.3936477842103 266240
1758900458940 417.49148396657097 271360
1758900469520 417.35281643646533 276480
1758900479026 417.35195753429826 281600
1758900490486 417.37326614361797 286720
1758900504906 417.33449871441906 291840
1758900515053 417.23270587028776 296960
1758900524676 417.1837741856098 302080
1758900534584 417.14904692179056 307200
1758900549178 417.0924639665509 312320
1758900559275 417.07666778372226 317440
1758900568431 417.02874629475355 322560
1758900582508 416.9812086983395 327680
1758900593522 416.97085902750644 332800
1758900602916 416.91170469009 337920
1758900612737 416.85445687496355 343040
1758900628228 416.8492922728089 348160
1758900637950 416.8438230181545 353280
1758900648141 416.7663548456605 358400
1758900660219 416.7209783493078 363520
1758900672946 416.66003472976274 368640
1758900681880 416.5796304205598 373760
1758900693260 416.59287879300445 378880
1758900706366 416.56920650252033 384000
1758900716023 416.56307904955145 389120
1758900726138 416.5196787080141 394240
1758900737298 416.53972019393314 399360
1758900749757 416.5528963706786 404480
1758900762280 416.4988853184826 409600
1758900772227 416.5139462638654 414720
1758900782563 416.5401902547697 419840
1758900794801 416.54063766603724 424960
1758900808459 416.48988370461996 430080
1758900819174 416.49696703216205 435200
1758900828580 416.49145925971675 440320
1758900839189 416.53407615056244 445440
1758900852996 416.5396426782185 450560
1758900865224 416.47009977492314 455680
1758900875529 416.4054262070192 460800
1758900885016 416.3779679478746 465920
1758900899078 416.3887403401848 471040
1758900910531 416.41065994331314 476160
1758900920413 416.388054735266 481280
1758900930052 416.41446812492285 486400
1758900943964 416.4129233958206 491520
1758900954046 416.40168460081406 496640
1758900966115 416.35802912427687 501760
1758900976181 416.318219596079 506880
1758900988911 416.2600993312737 512000
1758900998619 416.23003848629446 517120
1758901012627 416.2483609265374 522240
1758901024778 416.23373322820555 527360
1758901035827 416.25406700314426 532480
1758901045006 416.2685623615042 537600
1758901059424 416.26420349738066 542720
1758901071225 416.24814517013266 547840
1758901080906 416.2551358643993 552960
1758901092148 416.30986367015123 558080
1758901104239 416.2922680110263 563200
1758901118328 416.2875728353868 568320
1758901130011 416.30054566674085 573440
1758901140233 416.2773413848692 578560
1758901150274 416.26463751982595 583680
1758901165916 416.2870869321562 588800
1758901175317 416.28107046281633 593920
1758901186670 416.2688661564484 599040
1758901196706 416.23477536895024 604160
1758901209547 416.261079618936 609280
1758901221275 416.27011868231966 614400
1758901231428 416.28103049105414 619520
1758901242342 416.2199424710904 624640
1758901253720 416.2257292494043 629760
1758901266568 416.211758135066 634880
1758901276336 416.2113662958294 640000
1758901289199 416.23646639182954 645120
1758901299025 416.22931842075394 650240
1758901311095 416.24910897843364 655360
1758901320793 416.2207571663712 660480
1758901333463 416.204052634522 665600
1758901345032 416.1605624636227 670720
1758901356124 416.15786920605507 675840
1758901366361 416.1735896113226 680960
1758901378520 416.1660049095157 686080
1758901390870 416.18991583527037 691200
1758901401038 416.15981316000875 696320
1758901411792 416.16816967662635 701440
1758901425054 416.1189804801533 706560
1758901438570 416.08343615445773 711680
1758901448329 416.09307601741955 716800
1758901459406 416.1139592784113 721920
1758901469740 416.1106592539467 727040
1758901484378 416.09216160297757 732160
1758901494438 416.0884398800344 737280
1758901503936 416.1198472583932 742400
1758901514692 416.1144386457747 747520
1758901529798 416.1145828481021 752640
1758901540543 416.172098450304 757760
1758901551046 416.11677622400003 762880
1758901560441 416.13231898293395 768000
1758901575464 416.13264960459645 773120
1758901585545 416.1312930116913 778240
1758901595263 416.1304187641475 783360
1758901604804 416.12517316662746 788480
1758901619827 416.12459550724043 793600
1758901630466 416.1331497559488 798720
1758901639405 416.10718908762937 803840
1758901649117 415.81193195069017 808960
1758901665826 415.5198472922933 814080
1758901674696 415.287979506174 819200
1758901684147 414.99332644565084 824320
1758901696808 414.72261954033144 829440
1758901710452 414.3868931782525 834560
1758901719862 414.0002356767082 839680
1758901729556 413.674274207665 844800
1758901742828 413.36770319165765 849920
1758901755245 413.03615805449056 855040
1758901765603 412.683765012655 860160
1758901775593 412.3714203758955 865280
1758901789436 412.05210337553433 870400
1758901800605 411.7290062267094 875520
1758901809952 411.37930647388384 880640
1758901819732 411.00768152314953 885760
1758901841478 410.5989719553206 890880
1758901852973 410.14555530760464 896000
1758901863244 409.69391288664764 901120
1758901873287 409.2070907303311 906240
1758901891762 408.7295373515386 911360
1758901900784 408.24831341710967 916480
1758901910481 407.776717163263 921600
1758901922128 407.2729888947903 926720
1758901937729 406.78901002269026 931840
1758901947176 406.2810578465993 936960
1758901956881 405.78777242806984 942080
1758901968685 405.2793333485315 947200
1758901982491 404.8333146983524 952320
1758901993125 404.31094757564483 957440
1758902002758 403.7548533040188 962560
1758902015779 403.2098687830997 967680
1758902028934 402.6546618066278 972800
1758902038040 402.10452410637214 977920
1758902048447 401.58905396921955 983040
1758902061706 401.08604682740844 988160
1758902074139 400.55887781357814 993280
1758902083453 400.0388300992899 998400
1758902093830 399.48994081913827 1003520
1758902106343 398.9556169694366 1008640
1758902120608 398.40354484103204 1013760
1758902130296 397.8788766126937 1018880
1758902141160 397.34889601469786 1024000
1758902154533 396.7770796232688 1029120
1758902165340 396.2550690197388 1034240
1758902175646 395.72041809452156 1039360
1758902187745 395.20242403706135 1044480
1758902202806 394.63668872425734 1049600
1758902212345 394.1242855979094 1054720
1758902223479 393.6093707888766 1059840
1758902234964 393.1034337467245 1064960
1758902249295 392.5495385376853 1070080
1758902259449 392.00849610954845 1075200
1758902269822 391.46754875407737 1080320
1758902280333 390.9409288984411 1085440
1758902294420 390.4136137645164 1090560
1758902305213 389.8820960601214 1095680
1758902315869 389.3617308895514 1100800
1758902327602 388.8433880776451 1105920
1758902339314 388.32390606039127 1111040
1758902350414 387.78850833554316 1116160
1758902361284 387.285703396053 1121280
1758902374924 386.7677163344163 1126400
1758902384670 386.2650421630183 1131520
1758902395318 385.73224232872894 1136640
1758902406646 385.2102431452938 1141760
1758902420406 384.72229429074116 1146880
1758902430960 384.21660226643667 1152000
1758902441019 383.7124344605336 1157120
1758902454135 383.1937506655759 1162240
1758902465790 382.67598301852695 1167360
1758902476788 382.17141331069877 1172480
1758902486388 381.6752472000102 1177600
1758902499972 381.1932131547431 1182720
1758902510754 380.69929012510886 1187840
1758902521757 380.2180852831024 1192960
1758902533642 379.6940227652274 1198080
1758902546656 379.2214129599929 1203200
1758902557322 378.7319804130205 1208320
1758902567080 378.2551002430286 1213440
1758902578599 377.7482868597654 1218560
1758902592970 377.2385503141472 1223680
1758902603025 376.72408428133355 1228800
1758902613038 376.2195189262536 1233920
1758902624921 375.72379824382796 1239040
1758902638266 375.2150326916131 1244160
1758902648432 374.7196908203525 1249280
1758902658239 374.2372828589309 1254400
1758902671071 373.73657080122484 1259520
1758902683338 373.2121840729435 1264640
1758902693271 372.7013223904556 1269760
1758902703904 372.20435090320296 1274880
1758902717587 371.6975233586564 1280000
1758902727332 371.15235629258973 1285120
1758902738822 370.606216520576 1290240
1758902748311 370.09108902857184 1295360
1758902763585 369.5716532783012 1300480
1758902773210 369.07556565637304 1305600
1758902783167 368.54890602256893 1310720
1758902792327 368.03101776118075 1315840
1758902809009 367.51335204076554 1320960
1758902818510 366.9655130670587 1326080
1758902828126 366.4329998598004 1331200
1758902840775 365.9109781086611 1336320
1758902851247 365.3913609503109 1341440
1758902861787 364.8693087971714 1346560
1758902872667 364.3466461120057 1351680
1758902885090 363.8475708273249 1356800
1758902897415 363.31970368150945 1361920
1758902907807 362.8496347088757 1367040
1758902917858 362.3645373093636 1372160
1758902928187 361.8948358623001 1377280
1758902942549 361.39514564579474 1382400
1758902951837 360.8805748654274 1387520
1758902962659 360.3612992301036 1392640
1758902976312 359.86455184366224 1397760
1758902986568 359.3847407081102 1402880
1758902997388 358.86040616330104 1408000
1758903006951 358.3702342548785 1413120
1758903021517 357.89639237264925 1418240
1758903032547 357.39781923590306 1423360
1758903041744 356.91659396270285 1428480
1758903052835 356.3987545898488 1433600
1758903066623 355.939709102158 1438720
1758903076681 355.4773106194875 1443840
1758903087775 354.9914703928783 1448960
1758903099072 354.51841626449476 1454080
1758903112141 354.0464682238881 1459200
1758903121574 353.5539317469308 1464320
1758903132232 353.05795217270054 1469440
1758903145113 352.59367249266006 1474560
1758903157285 352.119295347583 1479680
1758903166831 351.6363408432684 1484800
1758903175774 351.16285712996836 1489920
1758903190182 350.6668864336085 1495040
1758903201186 350.1612431359178 1500160
1758903210800 349.69207175686415 1505280
1758903221847 349.2206434127844 1510400
1758903234947 348.7855561936734 1515520
1758903246573 348.3222773971559 1520640
1758903257293 347.86758032806466 1525760
1758903269721 347.38961685080386 1530880
1758903282566 346.9067359461655 1536000
1758903295373 346.4293152626315 1541120
1758903305877 345.9573975340165 1546240
1758903318286 345.50846602746606 1551360
1758903331200 345.0677455766321 1556480
1758903344162 344.6111428963498 1561600
1758903354444 344.18215255877146 1566720
1758903366219 343.7197043313116 1571840
1758903379937 343.24619017690935 1576960
1758903390103 342.80204804732097 1582080
1758903400276 342.3243497257766 1587200
1758903412173 341.87678677612166 1592320
1758903425549 341.42389116410516 1597440
1758903435417 340.97005378478434 1602560
1758903445369 340.5220294563057 1607680
1758903458425 340.0934281288238 1612800
1758903471159 339.66605484015975 1617920
1758903481431 339.2519416883269 1623040
1758903492705 338.81569471597953 1628160
1758903504601 338.36904916591715 1633280
1758903514868 337.9590424576042 1638400
1758903526331 337.5374194140229 1643520
1758903539909 337.0968266061521 1648640
1758903550517 336.68388500160086 1653760
1758903561200 336.2597993932457 1658880
1758903573175 335.84793691435596 1664000
1758903584750 335.4474482591097 1669120
1758903594797 335.0549100023728 1674240
1758903609379 334.64548709991436 1679360
1758903619764 334.23113601706854 1684480
1758903629277 333.81516864129054 1689600
1758903639185 333.40401392893017 1694720
1758903653655 333.00499025419344 1699840
1758903665081 332.60528328458736 1704960
1758903676150 332.19263066963686 1710080
1758903687459 331.80410659542537 1715200
1758903698659 331.3844941406633 1720320
1758903710020 330.97445282642616 1725440
1758903722482 330.57525225338077 1730560
1758903735587 330.17196745478105 1735680
1758903745821 329.7735440325515 1740800
1758903755493 329.37465798868 1745920
1758903768785 328.9991530332663 1751040
1758903780983 328.6347381233034 1756160
1758903791388 328.2617835084832 1761280
1758903801412 327.88138594662166 1766400
1758903815775 327.48654906181133 1771520
1758903825622 327.0976061718729 1776640
1758903837020 326.72726494632894 1781760
1758903847369 326.3402926957752 1786880
1758903861758 325.93387094552725 1792000
1758903872164 325.5454050811146 1797120
1758903881778 325.16435269872085 1802240
1758903891582 324.77753605508383 1807360
1758903907171 324.39733761770447 1812480
1758903917930 324.0266023251427 1817600
1758903928712 323.66151277993885 1822720
1758903938253 323.2879500812081 1827840
1758903951506 322.9082971048337 1832960
1758903964146 322.5274092515703 1838080
1758903975080 322.13562407580196 1843200
1758903985006 321.74653995460244 1848320
1758903997137 321.3711098345178 1853440
1758904011126 320.98121676067535 1858560
1758904021589 320.5827877644353 1863680
1758904031524 320.18190417333574 1868800
1758904042238 319.793502185423 1873920
1758904058025 319.38204173411583 1879040
1758904068133 318.9859316439524 1884160
1758904079050 318.6158962985945 1889280
1758904088600 318.2425291158155 1894400
1758904104062 317.87521875216936 1899520
1758904114285 317.49914454213774 1904640
1758904124690 317.13225275724267 1909760
1758904134313 316.7716631455574 1914880
1758904149597 316.41236587125076 1920000
1758904160562 316.04500912535906 1925120
1758904170586 315.67853059780714 1930240
1758904179736 315.30123102900063 1935360
1758904195998 314.927385703075 1940480
1758904205483 314.56264943769474 1945600
1758904214694 314.20330498057416 1950720
1758904225887 313.82349056543063 1955840
1758904241677 313.4707932288273 1960960
1758904251040 313.0866240661942 1966080
1758904261323 312.7106043541965 1971200
1758904272021 312.3346430883602 1976320
1758904285754 311.96281143033207 1981440
1758904296757 311.59865894110345 1986560
1758904308019 311.253533824286 1991680
1758904318354 310.92082339080554 1996800
1758904331365 310.5865236654885 2001920
1758904342938 310.2322566471898 2007040
1758904354330 309.8817020402818 2012160
1758904364654 309.506742934873 2017280
1758904375888 309.1580433838302 2022400
1758904390896 308.807342316082 2027520
1758904400928 308.4475453342746 2032640
1758904411935 308.0976484045564 2037760
1758904421631 307.74392320853616 2042880
1758904436343 307.3954096284055 2048000
1758904448263 307.0593146217654 2053120
1758904458374 306.7135253995945 2058240
1758904468666 306.37777701004427 2063360
1758904484677 306.0282498803737 2068480
1758904497553 305.66884241308475 2073600
1758904507598 305.32182885451664 2078720
1758904517853 304.9671405312536 2083840
1758904532331 304.64023802421633 2088960
1758904545752 304.3200939804299 2094080
1758904555925 303.9842506119507 2099200
1758904566588 303.64608057247335 2104320
1758904579009 303.3048810427516 2109440
1758904592890 302.9315810962036 2114560
1758904602793 302.6045788690828 2119680
1758904615606 302.2592302174163 2124800
1758904627221 301.92346698201544 2129920
1758904640168 301.55671273866324 2135040
1758904649749 301.2279813558765 2140160
1758904664327 300.90855672367127 2145280
1758904675502 300.55465362126637 2150400
1758904687943 300.20403585685517 2155520
1758904699630 299.8515587485014 2160640
1758904712193 299.51653092490744 2165760
1758904721945 299.16311737053866 2170880
1758904734654 298.83264975320697 2176000
1758904747849 298.5041369247093 2181120
1758904759349 298.16407722585535 2186240
1758904768849 297.82882891006517 2191360
1758904780010 297.4977328037356 2196480
1758904791219 297.15698524340525 2201600
1758904803039 296.8124556824428 2206720
1758904812464 296.4599036556219 2211840
1758904825614 296.1197293173037 2216960
1758904835822 295.77495238192205 2222080
1758904848993 295.44373610561087 2227200
1758904858639 295.0921989195603 2232320
1758904870475 294.7494119584332 2237440
1758904880935 294.4062133887321 2242560
1758904894215 294.0719673420124 2247680
1758904905456 293.7226113840325 2252800
1758904920146 293.38963446184425 2257920
1758904933662 293.06083439406615 2263040
1758904945844 292.7292893476316 2268160
1758904957963 292.3915764909372 2273280
1758904967641 292.07235664380346 2278400
1758904979627 291.743445250439 2283520
1758904991526 291.41264588977384 2288640
1758905004161 291.0966555045206 2293760
1758905013664 290.7615949977718 2298880
1758905026912 290.433089900381 2304000
1758905037168 290.09716231177816 2309120
1758905049819 289.77958263897125 2314240
1758905060210 289.43945895711465 2319360
1758905071917 289.12861926226293 2324480
1758905082517 288.81345114544405 2329600
1758905095181 288.5036846396344 2334720
1758905106963 288.21259505755694 2339840
1758905115891 287.90777658369103 2344960
1758905126897 287.5855840881291 2350080
1758905139207 287.2512445526766 2355200
1758905151927 286.9290751695834 2360320
1758905162440 286.60007889283406 2365440
1758905172612 286.28615494777955 2370560
1758905183638 285.9772339333255 2375680
1758905195266 285.6586786072326 2380800
1758905207590 285.3406651317104 2385920
1758905219054 285.0279178768377 2391040
1758905228861 284.71644326867084 2396160
1758905239582 284.412645813033 2401280
1758905252506 284.09948064097836 2406400
1758905262100 283.80075922030915 2411520
1758905274362 283.49578270641564 2416640
1758905287582 283.1888104794397 2421760
1758905298894 282.8691540813244 2426880
1758905308651 282.5570502836901 2432000
1758905321049 282.25393847506996 2437120
1758905336563 281.9449847727774 2442240
1758905345688 281.6254829864864 2447360
1758905358124 281.29961791831147 2452480
1758905371304 280.98963506865283 2457600
1758905385522 280.672207696928 2462720
1758905395767 280.3669679503376 2467840
1758905410522 280.05409170625063 2472960
1758905422878 279.737422040201 2478080
1758905433901 279.4271200469581 2483200
1758905444194 279.1189195939548 2488320
1758905459148 278.8391068258141 2493440
1758905470399 278.5459754647945 2498560
1758905482081 278.2617173103366 2503680
1758905494466 277.9547632623222 2508800
1758905504953 277.640279644278 2513920
1758905515496 277.33854635556935 2519040
1758905528105 277.03900503569383 2524160
1758905541791 276.74678294423904 2529280
1758905553013 276.4486684856898 2534400
1758905562806 276.1431591283099 2539520
1758905574273 275.8367306559966 2544640
1758905587046 275.53518876904656 2549760
1758905598982 275.2257873349566 2554880
1758905611643 274.93529626830116 2560000
1758905622387 274.6307535580547 2565120
1758905633132 274.34317080854635 2570240
1758905644888 274.059810209381 2575360
1758905657491 273.767860916202 2580480
1758905670712 273.4815489199996 2585600
1758905680951 273.21823209198595 2590720
1758905690716 272.94764816419894 2595840
1758905703517 272.63976696641924 2600960
1758905715370 272.3640558232836 2606080
1758905725504 272.07384000785333 2611200
1758905740747 271.78857864749875 2616320
1758905750589 271.50148294690126 2621440
1758905760541 271.20983005514 2626560
1758905770161 270.9268913338433 2631680
1758905786992 270.64433708358627 2636800
1758905797441 270.3506688754998 2641920
1758905807013 270.0675265681109 2647040
1758905816905 269.78355369475355 2652160
1758905833399 269.4895259773745 2657280
1758905842839 269.20716766087094 2662400
1758905856317 268.9130694533492 2667520
1758905866199 268.61553365211796 2672640
1758905878289 268.3264758112733 2677760
1758905888300 268.0376769074638 2682880
1758905903880 267.75566465935697 2688000
1758905914095 267.48319952670386 2693120
1758905924020 267.2029334038357 2698240
1758905934434 266.9146827715206 2703360
1758905950384 266.64794253180634 2708480
1758905960024 266.3670404036848 2713600
1758905970423 266.0814042214646 2718720
1758905982569 265.7988162023412 2723840
1758905996019 265.515001658882 2728960
1758906006416 265.2314460978059 2734080
1758906016710 264.9589438684942 2739200
1758906032067 264.68586702676345 2744320
1758906042347 264.418847397187 2749440
1758906052398 264.13903314896413 2754560
1758906063497 263.86763069111043 2759680
1758906077347 263.58706934928256 2764800
1758906087315 263.30019596817334 2769920
1758906100605 263.0280338861412 2775040
1758906111033 262.74753955658394 2780160
1758906123583 262.4696719568632 2785280
1758906133330 262.19392399417285 2790400
1758906146963 261.93391581901506 2795520
1758906159347 261.6680497133937 2800640
1758906168999 261.39918320667766 2805760
1758906179375 261.132104529468 2810880
1758906193889 260.8636976424418 2816000
1758906205155 260.6071882794015 2821120
1758906214990 260.337997822985 2826240
1758906227312 260.0715975654068 2831360
1758906240816 259.79008133977186 2836480
1758906250808 259.5268716420638 2841600
1758906261199 259.25325158858243 2846720
1758906275119 258.9769769034215 2851840
1758906285416 258.71039581666884 2856960
1758906297236 258.4461689192081 2862080
1758906306468 258.1789693995552 2867200
1758906319444 257.91135212384404 2872320
1758906330233 257.6513609426198 2877440
1758906339032 257.3848452854337 2882560
1758906348060 257.12000023344035 2887680
1758906359921 256.85321433987275 2892800
1758906370477 256.58979354290017 2897920
1758906381432 256.34267276146846 2903040
1758906391406 256.09240191738036 2908160
1758906401034 255.83300620012002 2913280
1758906411564 255.55731686304154 2918400
1758906423598 255.29397659703878 2923520
1758906432186 255.03867683628283 2928640
1758906444379 254.77148944106122 2933760
1758906454293 254.50598979120684 2938880
1758906464017 254.24587813252427 2944000
1758906473653 254.00010096400507 2949120
1758906484915 253.7268335352431 2954240
1758906497405 253.46121787248367 2959360
1758906507995 253.19905989941975 2964480
1758906517574 252.94554078664584 2969600
1758906528347 252.6892710284501 2974720
1758906537155 252.42454394651168 2979840
1758906549595 252.1689336139703 2984960
1758906562065 251.9135407035213 2990080
1758906572167 251.66288257003498 2995200
1758906585534 251.40862976619442 3000320
1758906594858 251.13819510328693 3005440
1758906607348 250.8901073353865 3010560
1758906619457 250.6494486112244 3015680
1758906631137 250.38748678842703 3020800
1758906642738 250.14116914851718 3025920
1758906652218 249.8933696690011 3031040
1758906667644 249.63328904030539 3036160
1758906677212 249.37166582779435 3041280
1758906687296 249.11015083073622 3046400
1758906700708 248.8578702116076 3051520
1758906713081 248.6072832611539 3056640
1758906722919 248.35115459446527 3061760
1758906735392 248.09709617804413 3066880
1758906749179 247.84302903751745 3072000
1758906759213 247.5988018791632 3077120
1758906770315 247.34155623757587 3082240
1758906782180 247.10096291445967 3087360
1758906794025 246.85075655654327 3092480
1758906804535 246.58987404210166 3097600
1758906819989 246.34601115577004 3102720
1758906830707 246.0998794578491 3107840
1758906841139 245.85015246258726 3112960
1758906851055 245.60334065746406 3118080
1758906867536 245.35103144205272 3123200
1758906879328 245.0986798368346 3128320
1758906890495 244.85955116101437 3133440
1758906901208 244.61305100922462 3138560
1758906914415 244.3718823431466 3143680
1758906925807 244.12527322355868 3148800
1758906938181 243.88636107147812 3153920
1758906950832 243.6529271435673 3159040
1758906961136 243.4099259010325 3164160
1758906971206 243.16690522998843 3169280
1758906983993 242.92330617765444 3174400
1758906997435 242.68889294756912 3179520
1758907007240 242.45664298256608 3184640
1758907020417 242.21218082815324 3189760
1758907031019 241.97904487060046 3194880
1758907042939 241.74404273439325 3200000
1758907052668 241.5079070063825 3205120
1758907067485 241.26699380500017 3210240
1758907079213 241.024132556773 3215360
1758907089828 240.78675918971808 3220480
1758907100420 240.5485712435608 3225600
1758907114938 240.3127346489563 3230720
1758907124413 240.07211200721343 3235840
1758907135843 239.82538476478766 3240960
1758907150537 239.58879212626422 3246080
1758907160223 239.35688999537945 3251200
1758907170571 239.12328605441084 3256320
1758907181787 238.89269012761173 3261440
1758907195796 238.65871990660398 3266560
1758907207124 238.415551099307 3271680
1758907218793 238.17977450753605 3276800
1758907228394 237.95890473559922 3281920
1758907242411 237.72399386551908 3287040
1758907252689 237.4911646402868 3292160
1758907264346 237.27117314623973 3297280
1758907277853 237.03804838588107 3302400
1758907288683 236.80558414198663 3307520
1758907299431 236.57231231856906 3312640
1758907310720 236.33947405056384 3317760
1758907323324 236.11782113922754 3322880
1758907335865 235.8889385528744 3328000
1758907346772 235.65500475813414 3333120
1758907358139 235.42805010147163 3338240
1758907368460 235.20259461331057 3343360
1758907382611 234.97255042354655 3348480
1758907392121 234.73878220594233 3353600
1758907404101 234.51302697888264 3358720
1758907416463 234.2973800960191 3363840
1758907427792 234.06545303869763 3368960
1758907438195 233.83597333413053 3374080
1758907449702 233.61137388782402 3379200
1758907466763 233.38044096514344 3384320
1758907476505 233.15920043491798 3389440
1758907486349 232.93546918531737 3394560
1758907497007 232.71287512602487 3399680
1758907511097 232.48554526716615 3404800
1758907521005 232.26089741192584 3409920
1758907530622 232.0412679706466 3415040
1758907545543 231.81904029531896 3420160
1758907556151 231.6003003864793 3425280
1758907565682 231.38751072763364 3430400
1758907576320 231.1623660946906 3435520
1758907591916 230.9356350598242 3440640
1758907602258 230.7170548426275 3445760
1758907613635 230.50423923027034 3450880
1758907624286 230.28049865505318 3456000
1758907637509 230.06327508508352 3461120
1758907647484 229.847286939442 3466240
1758907661075 229.6333947854589 3471360
1758907673458 229.41357733645816 3476480
1758907683054 229.1936440253127 3481600
1758907693200 228.97111241954144 3486720
1758907708442 228.75711725544792 3491840
1758907720690 228.53354623005728 3496960
1758907730928 228.31327215931194 3502080
1758907743048 228.08876844213873 3507200
1758907756436 227.86638276050002 3512320
1758907768365 227.6498305561268 3517440
1758907778529 227.43604148943797 3522560
1758907793574 227.2280249307238 3527680
1758907805041 227.00887869682145 3532800
1758907815389 226.78846374425106 3537920
1758907826189 226.57412710744708 3543040
1758907839707 226.3608451598178 3548160
1758907852622 226.14367706414225 3553280
1758907863502 225.92637902208088 3558400
1758907875037 225.7078382569747 3563520
1758907887685 225.50088247014435 3568640
1758907899015 225.28068440739293 3573760
1758907909831 225.06970701715713 3578880
1758907925907 224.84661593824103 3584000
1758907935963 224.63063895407754 3589120
1758907946319 224.42169259441846 3594240
1758907958685 224.21091753219537 3599360
1758907972597 223.99613588673083 3604480
1758907982792 223.78636481336252 3609600
1758907994843 223.57686101104457 3614720
1758908006876 223.3706403379634 3619840
1758908019819 223.16799769409943 3624960
1758908029884 222.95953132192744 3630080
1758908041656 222.74861117472764 3635200
1758908056547 222.53945142676855 3640320
1758908066861 222.32366144673546 3645440
1758908077951 222.1199980777057 3650560
1758908088154 221.91155215004912 3655680
1758908102943 221.70459731150234 3660800
1758908115780 221.50084809545413 3665920
1758908126237 221.2849962340343 3671040
1758908136656 221.07682160450634 3676160
1758908150317 220.8704828785911 3681280
1758908163335 220.66474186364198 3686400
1758908173561 220.45724993812055 3691520
1758908186264 220.24846506480222 3696640
1758908196138 220.0422114632297 3701760
1758908210655 219.83947466158315 3706880
1758908220815 219.63819001062146 3712000
1758908233872 219.43855796035842 3717120
1758908245802 219.22661274624193 3722240
1758908257001 219.01697330883374 3727360
1758908268762 218.81807252095552 3732480
1758908283008 218.61903079726963 3737600
1758908296408 218.4157533348135 3742720
1758908306182 218.21598651007423 3747840
1758908315816 218.0097123096952 3752960
1758908327985 217.80973153753305 3758080
1758908342792 217.6038100671053 3763200
1758908352025 217.4078153972464 3768320
1758908364983 217.19926213744571 3773440
1758908374898 216.9912459418316 3778560
1758908386889 216.79242726862907 3783680
1758908396688 216.59411229285143 3788800
1758908409636 216.39500826894604 3793920
1758908419061 216.19397879833366 3799040
1758908431965 215.99811921932923 3804160
1758908442089 215.79793118429657 3809280
1758908455265 215.5963330271252 3814400
1758908464612 215.39946464739302 3819520
1758908476856 215.1990418705472 3824640
1758908487421 214.9999241863494 3829760
1758908499286 214.80555922419197 3834880
1758908510133 214.60660998733923 3840000
1758908519559 214.41125226817113 3845120
1758908531796 214.21547444501988 3850240
1758908543740 214.01293121849517 3855360
1758908553897 213.8127839201311 3860480
1758908566144 213.6136336017813 3865600
1758908575395 213.41845245798478 3870720
1758908584469 213.2186742349805 3875840
1758908596190 213.0233158603081 3880960
1758908608081 212.82960174653564 3886080
1758908617692 212.63626093163612 3891200
1758908628913 212.4483283833439 3896320
1758908637350 212.25368396799306 3901440
1758908647807 212.055208994051 3906560
1758908659964 211.85718061237466 3911680
1758908669855 211.6654445596561 3916800
1758908681409 211.47480217843096 3921920
1758908690621 211.27893493839605 3927040
1758908701924 211.08690889653928 3932160
1758908712137 210.88772373943922 3937280
1758908723021 210.69611098369305 3942400
1758908735751 210.52197254231461 3947520
1758908745519 210.33439725397963 3952640
1758908755445 210.15112404075356 3957760
1758908765015 209.95471717789508 3962880
1758908778439 209.77379380134482 3968000
1758908789504 209.59024024796642 3973120
1758908798918 209.40857656193057 3978240
1758908809378 209.22388700293868 3983360
1758908821336 209.03693938949857 3988480
1758908832553 208.85159688851758 3993600
1758908841642 208.66618030441083 3998720
1758908855500 208.476028758413 4003840
1758908864523 208.29173234347792 4008960
1758908875741 208.10238665564424 4014080
1758908884656 207.91547978771652 4019200
1758908897996 207.7173680965167 4024320
1758908908749 207.53322288440725 4029440
1758908918342 207.34321310772467 4034560
1758908928763 207.15525098108205 4039680
1758908940318 206.9724500840038 4044800
1758908950304 206.78088911073309 4049920
1758908960795 206.60028411893046 4055040
1758908973968 206.41737725286896 4060160
1758908984040 206.23257558570643 4065280
1758908992582 206.04872161562415 4070400
1758909003243 205.8596727507479 4075520
1758909017048 205.67266953446355 4080640
1758909026113 205.4935821817386 4085760
1758909036705 205.31375872738556 4090880
1758909047007 205.13251265645954 4096000
1758909058736 204.95285917870513 4101120
1758909067829 204.7745566789382 4106240
1758909079092 204.59869445188278 4111360
1758909091616 204.42229536823558 4116480
1758909101129 204.24603351077837 4121600
1758909110459 204.0632318008437 4126720
1758909122665 203.88261964712729 4131840
1758909134521 203.7056508961741 4136960
1758909143959 203.52788920785275 4142080
1758909153609 203.3510168595639 4147200
1758909167701 203.17695686182142 4152320
1758909177337 203.00208939080866 4157440
1758909187744 202.83416327288867 4162560
1758909197414 202.65874138508585 4167680
1758909210250 202.4851060861456 4172800
1758909220207 202.30822182329257 4177920
1758909231193 202.12835515825057 4183040
1758909241773 201.94966771579493 4188160
1758909251942 201.76903797296276 4193280
1758909262606 201.58813114569173 4198400
1758909273409 201.40973099755772 4203520
1758909285796 201.23197463461287 4208640
1758909294596 201.05277898528365 4213760
1758909305787 200.8779388440283 4218880
1758909318460 200.70325154540217 4224000
1758909328515 200.52965684596487 4229120
1758909337799 200.35417610111506 4234240
1758909347721 200.187647193965 4239360
1758909361852 200.01182553668067 4244480
1758909370257 199.8413748969561 4249600
1758909381950 199.66729036717612 4254720
1758909391066 199.49840905706108 4259840
1758909403862 199.32272695769743 4264960
1758909414016 199.15130369293132 4270080
1758909424658 198.9817355276649 4275200
1758909434395 198.80640428725 4280320
1758909445463 198.63252381616118 4285440
1758909456828 198.46077130112823 4290560
1758909466852 198.29028333655037 4295680
1758909477514 198.12181740058668 4300800
1758909488039 197.95034266879847 4305920
1758909500493 197.77717404579337 4311040
1758909510561 197.61055233818732 4316160
1758909520967 197.4427915809326 4321280
1758909532312 197.27714177432858 4326400
1758909543283 197.1167162332489 4331520
1758909555054 196.9440641672103 4336640
1758909564246 196.7720305607567 4341760
1758909574486 196.60567267698337 4346880
1758909585474 196.43756123697085 4352000
1758909598227 196.2797416746328 4357120
1758909609180 196.1142680445383 4362240
1758909618451 195.94688601895203 4367360
1758909627630 195.7865954087648 4372480
1758909641867 195.62223128676513 4377600
1758909652082 195.45385235064384 4382720
1758909662537 195.28885739023744 4387840
1758909673320 195.1236354785022 4392960
1758909684920 194.953724076589 4398080
1758909695514 194.78682141024453 4403200
1758909704862 194.62336789132212 4408320
1758909719217 194.46097284013325 4413440
1758909728495 194.30144964711332 4418560
1758909737680 194.13353333440094 4423680
1758909749142 193.9724673359525 4428800
1758909762026 193.8038782829044 4433920
1758909772736 193.63538176813 4439040
1758909785959 193.47389658728966 4444160
1758909798494 193.31482481979543 4449280
1758909811682 193.15198948247297 4454400
1758909820841 192.9942794163975 4459520
1758909830098 192.83112349741594 4464640
1758909841875 192.67174991872545 4469760
1758909853914 192.50742108049133 4474880
1758909863577 192.34756664111586 4480000
1758909873740 192.1875419057578 4485120
1758909886687 192.02122617924397 4490240
1758909897213 191.85934334255134 4495360
1758909906271 191.69860604008645 4500480
1758909916746 191.54378092900103 4505600
1758909931085 191.3826244909053 4510720
1758909941315 191.2253611266099 4515840
1758909950338 191.0689781818222 4520960
1758909960720 190.9102814191221 4526080
1758909974253 190.74693484270614 4531200
1758909984542 190.588343692486 4536320
1758909994549 190.4308473688701 4541440
1758910005296 190.2733545262963 4546560
1758910017740 190.12017189269542 4551680
1758910026810 189.96146546493975 4556800
1758910038160 189.7983935981647 4561920
1758910050680 189.63885508521483 4567040
1758910060766 189.48278382527127 4572160
1758910070024 189.32874930286712 4577280
1758910080836 189.17568703569 4582400
1758910094978 189.02075127408426 4587520
1758910104929 188.86195104235185 4592640
1758910114709 188.70214649553424 4597760
1758910125026 188.54823213472224 4602880
1758910140029 188.39023072958238 4608000
1758910150632 188.23582578495953 4613120
1758910159811 188.07922998710572 4618240
1758910169359 187.92552451451908 4623360
1758910182955 187.7633270871023 4628480
1758910194771 187.60306856608645 4633600
1758910204133 187.44336537428111 4638720
1758910215793 187.29173765695222 4643840
1758910225767 187.1359202968998 4648960
1758910237941 186.98086315453654 4654080
1758910247683 186.82331800325855 4659200
1758910259870 186.67476760502973 4664320
1758910269302 186.52586251333335 4669440
1758910280826 186.37383921396912 4674560
1758910289827 186.2225759519005 4679680
1758910303349 186.07295884437204 4684800
1758910314059 185.91978094135928 4689920
1758910323912 185.77504134779494 4695040
1758910333581 185.62203563815592 4700160
1758910346832 185.47223009210703 4705280
1758910358837 185.3172875751836 4710400
1758910368950 185.169750200019 4715520
1758910380135 185.0230865148983 4720640
1758910393788 184.87373992510587 4725760
1758910406927 184.72351560691283 4730880
1758910416371 184.57970739061977 4736000
1758910426185 184.43118070364886 4741120
1758910438798 184.28129146984915 4746240
1758910451773 184.1342452413041 4751360
1758910461304 183.98754886547619 4756480
1758910472055 183.84114732366626 4761600
1758910482401 183.69514061657492 4766720
1758910495906 183.5505984097539 4771840
1758910505263 183.4006903373509 4776960
1758910516682 183.25686899369936 4782080
1758910526911 183.11089609835346 4787200
1758910540349 182.96399601026647 4792320
1758910549102 182.81926240221046 4797440
1758910560917 182.67574472714207 4802560
1758910570151 182.53027577260946 4807680
1758910582280 182.38196680899338 4812800
1758910592940 182.23838712150487 4817920
1758910603943 182.09599936903507 4823040
1758910614807 181.9514115640849 4828160
1758910626050 181.80752728724443 4833280
1758910636422 181.66299353308193 4838400
1758910647167 181.52047186645075 4843520
1758910660247 181.3765662824571 4848640
1758910669823 181.23067615699793 4853760
1758910679444 181.0871156908449 4858880
1758910691983 180.9440947403148 4864000
1758910705130 180.80148404698005 4869120
1758910714719 180.65684778528305 4874240
1758910725286 180.51812920735043 4879360
1758910735715 180.3771384269155 4884480
1758910748515 180.23616001411335 4889600
1758910758711 180.093385973667 4894720
1758910769896 179.95378757958295 4899840
1758910780272 179.81236954624598 4904960
1758910792786 179.6657746212834 4910080
1758910802008 179.52664014931185 4915200
1758910815249 179.3872030716494 4920320
1758910824590 179.2487577215375 4925440
1758910836776 179.1084516392329 4930560
1758910847218 178.97212931327317 4935680
1758910859214 178.82937387215887 4940800
1758910869549 178.68677320596126 4945920
1758910879534 178.54926989834786 4951040
1758910890392 178.4119478556528 4956160
1758910903154 178.277966848393 4961280
1758910914389 178.13392994407914 4966400
1758910924011 177.99486521121912 4971520
1758910933901 177.8533798534327 4976640
1758910946157 177.7111900865766 4981760
1758910958503 177.57516379715415 4986880
1758910968457 177.43905485229786 4992000
1758910978577 177.30172681379858 4997120
1758910984278 177.24754694923325 5000192
