1758899839814 500.0 5120
1758899852902 500.0 10240
1758899865165 500.0 15360
1758899875195 500.0 20480
1758899888909 500.0 25600
1758899900258 500.0 30720
1758899914641 500.0 35840
1758899927356 500.0 40960
1758899944464 500.0 46080
1758899957506 500.0 51200
1758899969535 500.0 56320
1758899980610 500.0 61440
1758899995287 500.0 66560
1758900007616 500.0 71680
1758900021614 500.0 76800
1758900034243 500.0 81920
1758900044465 500.0 87040
1758900057604 500.0 92160
1758900071630 500.0 97280
1758900084176 500.0 102400
1758900096501 500.0 107520
1758900106785 500.0 112640
1758900119673 500.0 117760
1758900131222 500.0 122880
1758900141494 500.0 128000
1758900154968 500.0 133120
1758900164703 500.0 138240
1758900175462 500.0 143360
1758900184908 500.0 148480
1758900199219 500.0 153600
1758900210382 500.0 158720
1758900220539 500.0 163840
1758900232122 500.0 168960
1758900243907 500.0 174080
1758900254284 500.0 179200
1758900265754 500.0 184320
1758900278555 500.0 189440
1758900289551 500.0 194560
1758900299118 500.0 199680
1758900309211 500.0 204800
1758900323162 500.0 209920
1758900335282 500.0 215040
1758900344859 500.0 220160
1758900355070 500.0 225280
1758900366902 500.0 230400
1758900378714 500.0 235520
1758900389482 500.0 240640
1758900401741 500.0 245760
1758900411468 500.0 250880
1758900423277 500.0 256000
1758900433892 500.0 261120
1758900446096 500.0 266240
1758900458940 500.0 271360
1758900469520 500.0 276480
1758900479026 500.0 281600
1758900490486 500.0 286720
1758900504906 500.0 291840
1758900515053 500.0 296960
1758900524676 500.0 302080
1758900534584 500.0 307200
1758900549178 500.0 312320
1758900559275 500.0 317440
1758900568431 500.0 322560
1758900582508 500.0 327680
1758900593522 500.0 332800
1758900602916 500.0 337920
1758900612737 500.0 343040
1758900628228 500.0 348160
1758900637950 500.0 353280
1758900648141 500.0 358400
1758900660219 500.0 363520
1758900672946 500.0 368640
1758900681880 500.0 373760
1758900693260 500.0 378880
1758900706366 500.0 384000
1758900716023 500.0 389120
1758900726138 500.0 394240
1758900737298 500.0 399360
1758900749757 500.0 404480
1758900762280 500.0 409600
1758900772227 500.0 414720
1758900782563 500.0 419840
1758900794801 500.0 424960
1758900808459 500.0 430080
1758900819174 500.0 435200
1758900828580 500.0 440320
1758900839189 500.0 445440
1758900852996 500.0 450560
1758900865224 500.0 455680
1758900875529 500.0 460800
1758900885016 500.0 465920
1758900899078 500.0 471040
1758900910531 500.0 476160
1758900920413 500.0 481280
1758900930052 500.0 486400
1758900943964 500.0 491520
1758900954046 500.0 496640
1758900966115 500.0 501760
1758900976181 500.0 506880
1758900988911 500.0 512000
1758900998619 500.0 517120
1758901012627 500.0 522240
1758901024778 500.0 527360
1758901035827 500.0 532480
1758901045006 500.0 537600
1758901059424 500.0 542720
1758901071225 500.0 547840
1758901080906 500.0 552960
1758901092148 500.0 558080
1758901104239 500.0 563200
1758901118328 500.0 568320
1758901130011 500.0 573440
1758901140233 500.0 578560
1758901150274 500.0 583680
1758901165916 500.0 588800
1758901175317 500.0 593920
1758901186670 500.0 599040
1758901196706 500.0 604160
1758901209547 500.0 609280
1758901221275 500.0 614400
1758901231428 500.0 619520
1758901242342 500.0 624640
1758901253720 500.0 629760
1758901266568 500.0 634880
1758901276336 500.0 640000
1758901289199 500.0 645120
1758901299025 500.0 650240
1758901311095 500.0 655360
1758901320793 500.0 660480
1758901333463 500.0 665600
1758901345032 500.0 670720
1758901356124 500.0 675840
1758901366361 500.0 680960
1758901378520 500.0 686080
1758901390870 500.0 691200
1758901401038 500.0 696320
1758901411792 500.0 701440
1758901425054 500.0 706560
1758901438570 500.0 711680
1758901448329 500.0 716800
1758901459406 500.0 721920
1758901469740 500.0 727040
1758901484378 500.0 732160
1758901494438 500.0 737280
1758901503936 500.0 742400
1758901514692 500.0 747520
1758901529798 500.0 752640
1758901540543 500.0 757760
1758901551046 500.0 762880
1758901560441 500.0 768000
1758901575464 500.0 773120
1758901585545 500.0 778240
1758901595263 500.0 783360
1758901604804 500.0 788480
1758901619827 500.0 793600
1758901630466 500.0 798720
1758901639405 500.0 803840
1758901649117 500.0 808960
1758901665826 500.0 814080
1758901674696 500.0 819200
1758901684147 500.0 824320
1758901696808 500.0 829440
1758901710452 500.0 834560
1758901719862 500.0 839680
1758901729556 500.0 844800
1758901742828 500.0 849920
1758901755245 500.0 855040
1758901765603 500.0 860160
1758901775593 500.0 865280
1758901789436 500.0 870400
1758901800605 500.0 875520
1758901809952 500.0 880640
1758901819732 500.0 885760
1758901841478 500.0 890880
1758901852973 500.0 896000
1758901863244 500.0 901120
1758901873287 500.0 906240
1758901891762 500.0 911360
1758901900784 500.0 916480
1758901910481 500.0 921600
1758901922128 499.99106289322157 926720
1758901937729 499.99109555663847 931840
1758901947176 499.9911293525751 936960
1758901956881 499.99116269867443 942080
1758901968685 499.99119656622287 947200
1758901982491 499.99122807017545 952320
1758901993125 499.9912589693412 957440
1758902002758 499.98192849404114 962560
1758902015779 499.9819905417953 967680
1758902028934 499.9820525511631 972800
1758902038040 499.9821133677912 977920
1758902048447 499.98217415466166 983040
1758902061706 499.9822360433662 988160
1758902074139 499.98229299363055 993280
1758902083453 499.98234845919404 998400
1758902093830 499.9824069191014 1003520
1758902106343 499.98246425567703 1008640
1758902120608 499.98252121974224 1013760
1758902130296 499.9747686780709 1018880
1758902141160 499.97484905267544 1024000
1758902154533 499.9670804101457 1029120
1758902165340 499.9671825856646 1034240
1758902175646 499.9672868281011 1039360
1758902187745 499.958748046393 1044480
1758902202806 499.9588681566537 1049600
1758902212345 499.95898589245553 1054720
1758902223479 499.95910045466593 1059840
1758902234964 499.9592118907708 1064960
1758902249295 499.9593251956689 1070080
1758902259449 499.95943459181814 1075200
1758902269822 499.9595466645156 1080320
1758902280333 499.9596564969933 1085440
1758902294420 499.9524993982187 1090560
1758902305213 499.9526238921233 1095680
1758902315869 499.9527430202159 1100800
1758902327602 499.94454507454367 1105920
1758902339314 499.93647138234303 1111040
1758902350414 499.9285502109036 1116160
1758902361284 499.9142236270249 1121280
1758902374924 499.9144467213115 1126400
1758902384670 499.9077098441523 1131520
1758902395318 499.8852931375816 1136640
1758902406646 499.88558468727393 1141760
1758902420406 499.86450329576036 1146880
1758902430960 499.83567773692096 1152000
1758902441019 499.8217529694899 1157120
1758902454135 499.80676515576897 1162240
1758902465790 499.7771682441568 1167360
1758902476788 499.75413848258853 1172480
1758902486388 499.71907563348327 1177600
1758902499972 499.6995434840987 1182720
1758902510754 499.6560131669601 1187840
1758902521757 499.6347842688049 1192960
1758902533642 499.6135471827498 1198080
1758902546656 499.56189896993425 1203200
1758902557322 499.5110437008247 1208320
1758902567080 499.4201028977832 1213440
1758902578599 499.36998244918755 1218560
1758902592970 499.2752509557979 1223680
1758902603025 499.16905961061417 1228800
1758902613038 499.157217847769 1233920
1758902624921 499.1288114033447 1239040
1758902638266 499.07445359016 1244160
1758902648432 498.984727706176 1249280
1758902658239 498.9245921135764 1254400
1758902671071 498.8557654868077 1259520
1758902683338 498.77392140901355 1264640
1758902693271 498.7122842639594 1269760
1758902703904 498.6860784205389 1274880
1758902717587 498.6415496581636 1280000
1758902727332 498.536428820304 1285120
1758902738822 498.4309190059657 1290240
1758902748311 498.3639683728065 1295360
1758902763585 498.2405524580008 1300480
1758902773210 498.0089461051713 1305600
1758902783167 497.7332704311221 1310720
1758902792327 497.59023012438666 1315840
1758902809009 497.32561039524336 1320960
1758902818510 497.01605281194765 1326080
1758902828126 496.7418181818182 1331200
1758902840775 496.48126920243635 1336320
1758902851247 496.3913643780595 1341440
1758902861787 496.198138869005 1346560
1758902872667 496.02242977302353 1351680
1758902885090 495.8163476277047 1356800
1758902897415 495.5294138575113 1361920
1758902907807 495.3362569465405 1367040
1758902917858 495.1273990324124 1372160
1758902928187 494.97753882069964 1377280
1758902942549 494.74750683964345 1382400
1758902951837 494.41665932594566 1387520
1758902962659 494.13894359262906 1392640
1758902976312 494.00147394279696 1397760
1758902986568 493.7569834848246 1402880
1758902997388 493.47669073047945 1408000
1758903006951 493.1998604204833 1413120
1758903021517 493.01469819929645 1418240
1758903032547 492.7246779884928 1423360
1758903041744 492.4827717825046 1428480
1758903052835 492.28726775293933 1433600
1758903066623 492.0665445243363 1438720
1758903076681 491.8981799361684 1443840
1758903087775 491.67300904003446 1448960
1758903099072 491.4194668362524 1454080
1758903112141 491.2634774703693 1459200
1758903121574 491.0719323473021 1464320
1758903132232 490.788899900892 1469440
1758903145113 490.5306860437349 1474560
1758903157285 490.2050129410162 1479680
1758903166831 489.853554067376 1484800
1758903175774 489.6055109693401 1489920
1758903190182 489.3262095476791 1495040
1758903201186 489.07261663286005 1500160
1758903210800 488.8971858550412 1505280
1758903221847 488.7022584502417 1510400
1758903234947 488.554459107338 1515520
1758903246573 488.30741865655364 1520640
1758903257293 488.0604710375557 1525760
1758903269721 487.70294811123557 1530880
1758903282566 487.4180840942096 1536000
1758903295373 487.1887433769869 1541120
1758903305877 487.0238134832208 1546240
1758903318286 486.8213420100269 1551360
1758903331200 486.65911049247694 1556480
1758903344162 486.4734430568191 1561600
1758903354444 486.19769150745554 1566720
1758903366219 485.94873401028616 1571840
1758903379937 485.7016949152542 1576960
1758903390103 485.47634535777644 1582080
1758903400276 485.12947658402203 1587200
1758903412173 484.80639774736426 1592320
1758903425549 484.52859174034546 1597440
1758903435417 484.2502365647535 1602560
1758903445369 483.92142554647035 1607680
1758903458425 483.69784383231973 1612800
1758903471159 483.4493125334805 1617920
1758903481431 483.22737585893947 1623040
1758903492705 483.02968919378065 1628160
1758903504601 482.8652970249055 1633280
1758903514868 482.6529605263158 1638400
1758903526331 482.4243126649926 1643520
1758903539909 482.16856008869894 1648640
1758903550517 482.10724196006095 1653760
1758903561200 482.0254887206007 1658880
1758903573175 481.9292872784234 1664000
1758903584750 481.88616926219044 1669120
1758903594797 481.7628560504684 1674240
1758903609379 481.77014820940144 1679360
1758903619764 481.77011238808814 1684480
1758903629277 481.7572770920154 1689600
1758903639185 481.612218425715 1694720
1758903653655 481.3662249877604 1699840
1758903665081 481.10688154408984 1704960
1758903676150 480.86453725422285 1710080
1758903687459 480.6599082107381 1715200
1758903698659 480.4164757571003 1720320
1758903710020 480.2698748374767 1725440
1758903722482 479.9771653789609 1730560
1758903735587 479.7909217244664 1735680
1758903745821 479.70482707024735 1740800
1758903755493 479.5901473540075 1745920
1758903768785 479.5300824879996 1751040
1758903780983 479.3726232203232 1756160
1758903791388 479.2786474058247 1761280
1758903801412 479.1857301842463 1766400
1758903815775 478.9896458606589 1771520
1758903825622 478.91018609810203 1776640
1758903837020 478.88228328899413 1781760
1758903847369 478.8594193776195 1786880
1758903861758 478.87694830572116 1792000
1758903872164 478.8227896516378 1797120
1758903881778 478.8427788213375 1802240
1758903891582 478.7532055680068 1807360
1758903907171 478.65274501149145 1812480
1758903917930 478.4135971310479 1817600
1758903928712 478.1329105281525 1822720
1758903938253 477.87478793019875 1827840
1758903951506 477.6558336483932 1832960
1758903964146 477.6106347001631 1838080
1758903975080 477.5738036023815 1843200
1758903985006 477.5037544202844 1848320
1758903997137 477.4765481806436 1853440
1758904011126 477.4666586675466 1858560
1758904021589 477.3905400751643 1863680
1758904031524 477.1868450556843 1868800
1758904042238 476.907552238806 1873920
1758904058025 476.5237619778549 1879040
1758904068133 476.32959871445786 1884160
1758904079050 476.1346605259248 1889280
1758904088600 475.9118955799466 1894400
1758904104062 475.68924102184377 1899520
1758904114285 475.36595247600883 1904640
1758904124690 475.0957330577292 1909760
1758904134313 474.9490690920884 1914880
1758904149597 474.64293915040184 1920000
1758904160562 474.38891909765596 1925120
1758904170586 474.0972617615121 1930240
1758904179736 473.7177563520206 1935360
1758904195998 473.3997951719093 1940480
1758904205483 473.14947700578506 1945600
1758904214694 473.02026051314965 1950720
1758904225887 472.7844753513435 1955840
1758904241677 472.623333187919 1960960
1758904251040 472.37654267212594 1966080
1758904261323 472.06199257712825 1971200
1758904272021 471.72782675410025 1976320
1758904285754 471.4829729417206 1981440
1758904296757 471.2644719941116 1986560
1758904308019 471.0865624324519 1991680
1758904318354 470.9089077854995 1996800
1758904331365 470.690726240931 2001920
1758904342938 470.4110575543697 2007040
1758904354330 470.217091127854 2012160
1758904364654 470.0462229341266 2017280
1758904375888 469.7787393253934 2022400
1758904390896 469.5997376450794 2027520
1758904400928 469.46906409270804 2032640
1758904411935 469.2734277266007 2037760
1758904421631 469.066189725901 2042880
1758904436343 468.8042461521018 2048000
1758904448263 468.61753551819777 2053120
1758904458374 468.3501533157173 2058240
1758904468666 468.1390111750762 2063360
1758904484677 467.84216533047777 2068480
1758904497553 467.55397667318545 2073600
1758904507598 467.3368644365455 2078720
1758904517853 467.0578250378767 2083840
1758904532331 466.8164397377711 2088960
1758904545752 466.6505252262459 2094080
1758904555925 466.4121951900785 2099200
1758904566588 466.1845819155464 2104320
1758904579009 465.91405216471014 2109440
1758904592890 465.6114015572859 2114560
1758904602793 465.3544750215212 2119680
1758904615606 465.0616013864818 2124800
1758904627221 464.7761408949934 2129920
1758904640168 464.5462312669358 2135040
1758904649749 464.3051689860835 2140160
1758904664327 464.0944069922936 2145280
1758904675502 463.8642989882304 2150400
1758904687943 463.62428007862434 2155520
1758904699630 463.3454670235399 2160640
1758904712193 463.14518317503394 2165760
1758904721945 462.92875520035034 2170880
1758904734654 462.6382507687052 2176000
1758904747849 462.3873195229127 2181120
1758904759349 462.04069062316887 2186240
1758904768849 461.7856248639234 2191360
1758904780010 461.59244513893606 2196480
1758904791219 461.3140298507463 2201600
1758904803039 461.015473416075 2206720
1758904812464 460.72774996617505 2211840
1758904825614 460.48490826059935 2216960
1758904835822 460.1425583874145 2222080
1758904848993 459.9011114853486 2227200
1758904858639 459.52638234898427 2232320
1758904870475 459.1850607912944 2237440
1758904880935 458.9281727931312 2242560
1758904894215 458.6617546585931 2247680
1758904905456 458.3373555222603 2252800
1758904920146 458.042239410091 2257920
1758904933662 457.7105122732124 2263040
1758904945844 457.4245633667719 2268160
1758904957963 457.15198275976746 2273280
1758904967641 456.8563002324809 2278400
1758904979627 456.57208049773817 2283520
1758904991526 456.2414158541755 2288640
1758905004161 455.9637268001005 2293760
1758905013664 455.61624327930355 2298880
1758905026912 455.3499986808432 2304000
1758905037168 455.000131728008 2309120
1758905049819 454.69351995579996 2314240
1758905060210 454.32034154351396 2319360
1758905071917 454.07939131575495 2324480
1758905082517 453.7856263264076 2329600
1758905095181 453.4777466705042 2334720
1758905106963 453.1922549288598 2339840
1758905115891 452.8873202682602 2344960
1758905126897 452.547229063237 2350080
1758905139207 452.2301566647582 2355200
1758905151927 451.9039438632967 2360320
1758905162440 451.6346932419807 2365440
1758905172612 451.2953022743472 2370560
1758905183638 450.95248818999545 2375680
1758905195266 450.66502946954813 2380800
1758905207590 450.297877833428 2385920
1758905219054 450.0740673902395 2391040
1758905228861 449.78882595262615 2396160
1758905239582 449.54264851453325 2401280
1758905252506 449.2722137345778 2406400
1758905262100 448.9950764180942 2411520
1758905274362 448.73468551526327 2416640
1758905287582 448.4753196930946 2421760
1758905298894 448.1548795750006 2426880
1758905308651 447.80732049483487 2432000
1758905321049 447.612328854359 2437120
1758905336563 447.3091912793508 2442240
1758905345688 446.9887069524015 2447360
1758905358124 446.6824639740207 2452480
1758905371304 446.37659935645695 2457600
1758905385522 446.0408385309262 2462720
1758905395767 445.78882866492313 2467840
1758905410522 445.4720971018333 2472960
1758905422878 445.10761088709677 2478080
1758905433901 444.7428204676449 2483200
1758905444194 444.43353567344064 2488320
1758905459148 444.1805424809529 2493440
1758905470399 443.86313836588363 2498560
1758905482081 443.5947316364729 2503680
1758905494466 443.2501500450135 2508800
1758905504953 442.84854766602564 2513920
1758905515496 442.5118732851085 2519040
1758905528105 442.2082606746051 2524160
1758905541791 441.89371151334205 2529280
1758905553013 441.5443984742878 2534400
1758905562806 441.1858745284892 2539520
1758905574273 440.828229754012 2544640
1758905587046 440.4613042563461 2549760
1758905598982 440.08474450569827 2554880
1758905611643 439.75086411218643 2560000
1758905622387 439.41461911160974 2565120
1758905633132 439.10268659656725 2570240
1758905644888 438.79133771120786 2575360
1758905657491 438.53067089120583 2580480
1758905670712 438.19425501643525 2585600
1758905680951 437.9523010399696 2590720
1758905690716 437.6843856665729 2595840
1758905703517 437.3364529371518 2600960
1758905715370 437.0317030311905 2606080
1758905725504 436.71094806888397 2611200
1758905740747 436.3903982861038 2616320
1758905750589 436.04427694365086 2621440
1758905760541 435.6848751229344 2626560
1758905770161 435.3469961921855 2631680
1758905786992 435.0492085215643 2636800
1758905797441 434.7175672242987 2641920
1758905807013 434.4410162243135 2647040
1758905816905 434.09121731681125 2652160
1758905833399 433.7589925890221 2657280
1758905842839 433.4543375698055 2662400
1758905856317 433.1780515655989 2667520
1758905866199 432.97023023551725 2672640
1758905878289 432.76252472576874 2677760
1758905888300 432.49235521605345 2682880
1758905903880 432.23872101782877 2688000
1758905914095 431.9259515818892 2693120
1758905924020 431.64424086267775 2698240
1758905934434 431.3125238276782 2703360
1758905950384 431.003415162369 2708480
1758905960024 430.67218121961946 2713600
1758905970423 430.3335707333286 2718720
1758905982569 430.00934202726734 2723840
1758905996019 429.70891351709764 2728960
1758906006416 429.386785870555 2734080
1758906016710 429.06223644889616 2739200
1758906032067 428.71330651345517 2744320
1758906042347 428.42070160140463 2749440
1758906052398 428.08753677768624 2754560
1758906063497 427.7965065707502 2759680
1758906077347 427.47221733056267 2764800
1758906087315 427.1400565150609 2769920
1758906100605 426.8047780770582 2775040
1758906111033 426.4454581608066 2780160
1758906123583 426.1103764106638 2785280
1758906133330 425.7756385573097 2790400
1758906146963 425.4823611677641 2795520
1758906159347 425.2056991863294 2800640
1758906168999 424.8815616607178 2805760
1758906179375 424.58465325839563 2810880
1758906193889 424.27831452464073 2816000
1758906205155 424.01075032146707 2821120
1758906214990 423.7027618044869 2826240
1758906227312 423.3730411870753 2831360
1758906240816 423.0328024007387 2836480
1758906250808 422.74392760389645 2841600
1758906261199 422.4030213358818 2846720
1758906275119 422.0937014846418 2851840
1758906285416 421.79350348027845 2856960
1758906297236 421.48516032811335 2862080
1758906306468 421.14860947186287 2867200
1758906319444 420.7994369034266 2872320
1758906330233 420.44831607106113 2877440
1758906339032 420.1095480600151 2882560
1758906348060 419.809472759828 2887680
1758906359921 419.4625005695539 2892800
1758906370477 419.1491569390402 2897920
1758906381432 418.89362911107577 2903040
1758906391406 418.6180373460469 2908160
1758906401034 418.30757369614514 2913280
1758906411564 417.9513515349859 2918400
1758906423598 417.62867871604044 2923520
1758906432186 417.3130881771451 2928640
1758906444379 416.9687894926882 2933760
1758906454293 416.65674905050093 2938880
1758906464017 416.3812922107159 2944000
1758906473653 416.0932507336159 2949120
1758906484915 415.75263890760453 2954240
1758906497405 415.43053577236685 2959360
1758906507995 415.10410342007685 2964480
1758906517574 414.7822535526463 2969600
1758906528347 414.45649525555194 2974720
1758906537155 414.1229515516856 2979840
1758906549595 413.8447249291974 2984960
1758906562065 413.5136983250178 2990080
1758906572167 413.2296910977875 2995200
1758906585534 412.908070752411 3000320
1758906594858 412.55136826686197 3005440
1758906607348 412.23365884478534 3010560
1758906619457 411.9708822780466 3015680
1758906631137 411.6629143906053 3020800
1758906642738 411.36926628303826 3025920
1758906652218 411.06341431124645 3031040
1758906667644 410.7516033057851 3036160
1758906677212 410.4315745448942 3041280
1758906687296 410.08939603808017 3046400
1758906700708 409.78950951434564 3051520
1758906713081 409.4904528455017 3056640
1758906722919 409.1540778879334 3061760
1758906735392 408.83801645658264 3066880
1758906749179 408.5318965234593 3072000
1758906759213 408.22564516833324 3077120
1758906770315 407.8890233663712 3082240
1758906782180 407.5756651673401 3087360
1758906794025 407.2663881817984 3092480
1758906804535 406.9192924507801 3097600
1758906819989 406.6214388817139 3102720
1758906830707 406.3142683693602 3107840
1758906841139 406.01340494185416 3112960
1758906851055 405.71674543861735 3118080
1758906867536 405.397104893594 3123200
1758906879328 405.1044238239102 3128320
1758906890495 404.8193908563792 3133440
1758906901208 404.5139676832485 3138560
1758906914415 404.2110152906514 3143680
1758906925807 403.9028859269443 3148800
1758906938181 403.6299522609022 3153920
1758906950832 403.36670202848234 3159040
1758906961136 403.0506384663962 3164160
1758906971206 402.756494964398 3169280
1758906983993 402.44762443801324 3174400
1758906997435 402.15893841936276 3179520
1758907007240 401.8883573247525 3184640
1758907020417 401.6054617242957 3189760
1758907031019 401.3259272646093 3194880
1758907042939 401.05101195659097 3200000
1758907052668 400.73493068592825 3205120
1758907067485 400.5046612144582 3210240
1758907079213 400.1956933495582 3215360
1758907089828 399.91804508894126 3220480
1758907100420 399.6557963746925 3225600
1758907114938 399.362262598994 3230720
1758907124413 399.083463239941 3235840
1758907135843 398.76106511241335 3240960
1758907150537 398.52795174645877 3246080
1758907160223 398.25969582148144 3251200
1758907170571 397.99855317096694 3256320
1758907181787 397.7295004712535 3261440
1758907195796 397.4277435484377 3266560
1758907207124 397.1232590456488 3271680
1758907218793 396.8274350598524 3276800
1758907228394 396.5762238345426 3281920
1758907242411 396.3002321973365 3287040
1758907252689 396.0366510660426 3292160
1758907264346 395.77728373001446 3297280
1758907277853 395.53793790469865 3302400
1758907288683 395.27519227181324 3307520
1758907299431 395.00594264416605 3312640
1758907310720 394.75490429261333 3317760
1758907323324 394.502535921247 3322880
1758907335865 394.2376235580594 3328000
1758907346772 393.9314211508137 3333120
1758907358139 393.6585164976579 3338240
1758907368460 393.4140572780091 3343360
1758907382611 393.14734733706536 3348480
1758907392121 392.8590072435516 3353600
1758907404101 392.61706532210127 3358720
1758907416463 392.3668601496678 3363840
1758907427792 392.07098522419346 3368960
1758907438195 391.83035267442216 3374080
1758907449702 391.55768661817365 3379200
1758907466763 391.2833195764931 3384320
1758907476505 391.0614484197669 3389440
1758907486349 390.8326030154841 3394560
1758907497007 390.5902914593277 3399680
1758907511097 390.41278084901353 3404800
1758907521005 390.202879461798 3409920
1758907530622 389.9827546073738 3415040
1758907545543 389.72037727837926 3420160
1758907556151 389.4470306677842 3425280
1758907565682 389.2156344563244 3430400
1758907576320 388.9541282555035 3435520
1758907591916 388.6567840106274 3440640
1758907602258 388.3761988057181 3445760
1758907613635 388.1072694590334 3450880
1758907624286 387.83182707257134 3456000
1758907637509 387.54193302739424 3461120
1758907647484 387.28335652017256 3466240
1758907661075 387.0529767558111 3471360
1758907673458 386.7605656307422 3476480
1758907683054 386.49568079800497 3481600
1758907693200 386.2038241946573 3486720
1758907708442 385.9314614458191 3491840
1758907720690 385.6632001749816 3496960
1758907730928 385.3896298650353 3502080
1758907743048 385.1230966103544 3507200
1758907756436 384.88745987079386 3512320
1758907768365 384.6146841657264 3517440
1758907778529 384.3615043897809 3522560
1758907793574 384.118417413977 3527680
1758907805041 383.828696578667 3532800
1758907815389 383.54292640624385 3537920
1758907826189 383.33186994910966 3543040
1758907839707 383.06995998072784 3548160
1758907852622 382.81860236703824 3553280
1758907863502 382.59413322868636 3558400
1758907875037 382.3171573046921 3563520
1758907887685 382.070306305248 3568640
1758907899015 381.837682973335 3573760
1758907909831 381.61198636492384 3578880
1758907925907 381.3644744929318 3584000
1758907935963 381.11553753800575 3589120
1758907946319 380.91500048671276 3594240
1758907958685 380.7122757547766 3599360
1758907972597 380.4690708132205 3604480
1758907982792 380.22077556683126 3609600
1758907994843 380.00125986083384 3614720
1758908006876 379.75082284607936 3619840
1758908019819 379.52592492312453 3624960
1758908029884 379.25517507848343 3630080
1758908041656 379.01293914453055 3635200
1758908056547 378.85813415574404 3640320
1758908066861 378.6038872897754 3645440
1758908077951 378.3716162286396 3650560
1758908088154 378.0966926985774 3655680
1758908102943 377.83741460044524 3660800
1758908115780 377.6085422897017 3665920
1758908126237 377.32513117077093 3671040
1758908136656 377.08858241358865 3676160
1758908150317 376.83278080843786 3681280
1758908163335 376.56324022026473 3686400
1758908173561 376.3120966281209 3691520
1758908186264 376.0430046089971 3696640
1758908196138 375.7844090368609 3701760
1758908210655 375.57901938426454 3706880
1758908220815 375.39566802080566 3712000
1758908233872 375.22215585326774 3717120
1758908245802 374.981712110163 3722240
1758908257001 374.7108340270945 3727360
1758908268762 374.4796771785252 3732480
1758908283008 374.23175900839243 3737600
1758908296408 373.987439176191 3742720
1758908306182 373.75310153828764 3747840
1758908315816 373.4932625715146 3752960
1758908327985 373.2402428936682 3758080
1758908342792 373.01038478150645 3763200
1758908352025 372.77678772416897 3768320
1758908364983 372.50342914964585 3773440
1758908374898 372.23474468403714 3778560
1758908386889 371.99891549256273 3783680
1758908396688 371.76634850664027 3788800
1758908409636 371.5100011195283 3793920
1758908419061 371.2347952507875 3799040
1758908431965 370.96947296882126 3804160
1758908442089 370.70224222753353 3809280
1758908455265 370.42593039891494 3814400
1758908464612 370.17992668553666 3819520
1758908476856 369.9197181792899 3824640
1758908487421 369.65610038431265 3829760
1758908499286 369.4163313259142 3834880
1758908510133 369.1402986729753 3840000
1758908519559 368.88189354356297 3845120
1758908531796 368.6330204164438 3850240
1758908543740 368.37083640383196 3855360
1758908553897 368.08555864328173 3860480
1758908566144 367.84730354533 3865600
1758908575395 367.57871152574745 3870720
1758908584469 367.30032379676936 3875840
1758908596190 367.0724953728307 3880960
1758908608081 366.8124628156664 3886080
1758908617692 366.5530055044529 3891200
1758908628913 366.29368725851094 3896320
1758908637350 366.0299477146846 3901440
1758908647807 365.7588121086166 3906560
1758908659964 365.48243992606285 3911680
1758908669855 365.2232571678067 3916800
1758908681409 364.9685415720127 3921920
1758908690621 364.70479095183634 3927040
1758908701924 364.4393180993834 3932160
1758908712137 364.17047255862826 3937280
1758908723021 363.9034140779818 3942400
1758908735751 363.6871869971615 3947520
1758908745519 363.4382083352147 3952640
1758908755445 363.19519698322915 3957760
1758908765015 362.9229313483409 3962880
1758908778439 362.66580238577535 3968000
1758908789504 362.42951704289953 3973120
1758908798918 362.1868446824377 3978240
1758908809378 361.9457877825049 3983360
1758908821336 361.6930484447991 3988480
1758908832553 361.42867379659987 3993600
1758908841642 361.1667665876247 3998720
1758908855500 360.9110850890758 4003840
1758908864523 360.6696611153279 4008960
1758908875741 360.40932730305707 4014080
1758908884656 360.15514721608326 4019200
1758908897996 359.8779743094439 4024320
1758908908749 359.64089567104185 4029440
1758908918342 359.3742804349371 4034560
1758908928763 359.1133001428787 4039680
1758908940318 358.86283201531967 4044800
1758908950304 358.59797722160226 4049920
1758908960795 358.3489431728702 4055040
1758908973968 358.0971177557207 4060160
1758908984040 357.847250059599 4065280
1758908992582 357.6034399117971 4070400
1758909003243 357.32915095337114 4075520
1758909017048 357.0669401191807 4080640
1758909026113 356.83905630347425 4085760
1758909036705 356.60727870062107 4090880
1758909047007 356.3827300250099 4096000
1758909058736 356.14740071885683 4101120
1758909067829 355.90741259721153 4106240
1758909079092 355.6638931905474 4111360
1758909091616 355.41781312822303 4116480
1758909101129 355.2082391051892 4121600
1758909110459 354.9529500017445 4126720
1758909122665 354.70964874826814 4131840
1758909134521 354.46960609357996 4136960
1758909143959 354.226837116271 4142080
1758909153609 353.98948795023716 4147200
1758909167701 353.7727324012116 4152320
1758909177337 353.5405210907357 4157440
1758909187744 353.3154721688062 4162560
1758909197414 353.0831855037599 4167680
1758909210250 352.8497773935595 4172800
1758909220207 352.61334646043304 4177920
1758909231193 352.37025278233114 4183040
1758909241773 352.1142847292848 4188160
1758909251942 351.86272213803556 4193280
1758909262606 351.625232230097 4198400
1758909273409 351.38243027272256 4203520
1758909285796 351.139357419377 4208640
1758909294596 350.90548628856607 4213760
1758909305787 350.66582144019736 4218880
1758909318460 350.4182762663563 4224000
1758909328515 350.1704954473561 4229120
1758909337799 349.93064689704653 4234240
1758909347721 349.71971500490633 4239360
1758909361852 349.5012061543707 4244480
1758909370257 349.263589062327 4249600
1758909381950 349.01630864775194 4254720
1758909391066 348.7762158119295 4259840
1758909403862 348.5400884722824 4264960
1758909414016 348.30500538624005 4270080
1758909424658 348.0810453528574 4275200
1758909434395 347.8317728527166 4280320
1758909445463 347.59260512161296 4285440
1758909456828 347.3684459539379 4290560
1758909466852 347.134834021219 4295680
1758909477514 346.89507057692634 4300800
1758909488039 346.68205940327175 4305920
1758909500493 346.4422377810691 4311040
1758909510561 346.2159767293271 4316160
1758909520967 346.00141099399485 4321280
1758909532312 345.7659990434556 4326400
1758909543283 345.54970995540356 4331520
1758909555054 345.3050054015124 4336640
1758909564246 345.06577428260687 4341760
1758909574486 344.8340604784113 4346880
1758909585474 344.59388959862395 4352000
1758909598227 344.385848710334 4357120
1758909609180 344.161591412904 4362240
1758909618451 343.9210223961369 4367360
1758909627630 343.70881022092095 4372480
1758909641867 343.4877015123816 4377600
1758909652082 343.25414667352936 4382720
1758909662537 343.02792452830187 4387840
1758909673320 342.8057203460047 4392960
1758909684920 342.567791279012 4398080
1758909695514 342.33583064582814 4403200
1758909704862 342.10473617685693 4408320
1758909719217 341.8801954375887 4413440
1758909728495 341.6658146437995 4418560
1758909737680 341.4250529246534 4423680
1758909749142 341.2060205567945 4428800
1758909762026 340.9751722323616 4433920
1758909772736 340.73467041180044 4439040
1758909785959 340.5157087179487 4444160
1758909798494 340.2988277727683 4449280
1758909811682 340.0703645163668 4454400
1758909820841 339.86678448409873 4459520
1758909830098 339.6334834601646 4464640
1758909841875 339.4130021150281 4469760
1758909853914 339.1845059391724 4474880
1758909863577 338.96131777132985 4480000
1758909873740 338.734447267279 4485120
1758909886687 338.4992963417908 4490240
1758909897213 338.27937065210324 4495360
1758909906271 338.0478545041205 4500480
1758909916746 337.83562621674236 4505600
1758909931085 337.6102075381486 4510720
1758909941315 337.3872161275958 4515840
1758909950338 337.16973623547113 4520960
1758909960720 336.96189152498545 4526080
1758909974253 336.7252809351589 4531200
1758909984542 336.50320592955825 4536320
1758909994549 336.27529914185567 4541440
1758910005296 336.0547890067782 4546560
1758910017740 335.8429751401433 4551680
1758910026810 335.62545799318633 4556800
1758910038160 335.39277715790234 4561920
1758910050680 335.17608282476726 4567040
1758910060766 334.97388155364695 4572160
1758910070024 334.7532477927816 4577280
1758910080836 334.5498368626447 4582400
1758910094978 334.324534211115 4587520
1758910104929 334.094346399751 4592640
1758910114709 333.869302414596 4597760
1758910125026 333.6521538228663 4602880
1758910140029 333.42861008747144 4608000
1758910150632 333.20377232462346 4613120
1758910159811 332.9815535677402 4618240
1758910169359 332.7793836361183 4623360
1758910182955 332.5428480811925 4628480
1758910194771 332.3082833627744 4633600
1758910204133 332.0763198088048 4638720
1758910215793 331.85678368121444 4643840
1758910225767 331.64074533376515 4648960
1758910237941 331.41723484848484 4654080
1758910247683 331.1883381556437 4659200
1758910259870 330.98334882402054 4664320
1758910269302 330.7768011017116 4669440
1758910280826 330.5689060104564 4674560
1758910289827 330.35631867916084 4679680
1758910303349 330.1393706348584 4684800
1758910314059 329.93094526895123 4689920
1758910323912 329.7586239308206 4695040
1758910333581 329.5499925658703 4700160
1758910346832 329.34808340304437 4705280
1758910358837 329.13141348579643 4710400
1758910368950 328.9161353757794 4715520
1758910380135 328.71161597654816 4720640
1758910393788 328.5040426227976 4725760
1758910406927 328.2928381880297 4730880
1758910416371 328.09449835168255 4736000
1758910426185 327.89886278896347 4741120
1758910438798 327.6792518722595 4746240
1758910451773 327.47950749763515 4751360
1758910461304 327.2708512467756 4756480
1758910472055 327.0592523798468 4761600
1758910482401 326.86026227885685 4766720
1758910495906 326.6565466947863 4771840
1758910505263 326.44020128426774 4776960
1758910516682 326.24210786052464 4782080
1758910526911 326.04545244441704 4787200
1758910540349 325.84281821960195 4792320
1758910549102 325.64932138875 4797440
1758910560917 325.4671224983675 4802560
1758910570151 325.2728249606632 4807680
1758910582280 325.0671052934275 4812800
1758910592940 324.8639264508715 4817920
1758910603943 324.6585427462627 4823040
1758910614807 324.4517520380539 4828160
1758910626050 324.2512511365286 4833280
1758910636422 324.05902199966414 4838400
1758910647167 323.86772623968517 4843520
1758910660247 323.66911506987094 4848640
1758910669823 323.46861749503284 4853760
1758910679444 323.2609939003057 4858880
1758910691983 323.0562837668407 4864000
1758910705130 322.85467658669904 4869120
1758910714719 322.6478762135922 4874240
1758910725286 322.45154934487226 4879360
1758910735715 322.2478251323092 4884480
1758910748515 322.0583976943501 4889600
1758910758711 321.86837769615624 4894720
1758910769896 321.674559787369 4899840
1758910780272 321.46982007468597 4904960
1758910792786 321.26176155805786 4910080
1758910802008 321.0862951807229 4915200
1758910815249 320.8953422761231 4920320
1758910824590 320.71487308232923 4925440
1758910836776 320.51868818480165 4930560
1758910847218 320.3401187001508 4935680
1758910859214 320.1345737224417 4940800
1758910869549 319.9378075358932 4945920
1758910879534 319.7496726304053 4951040
1758910890392 319.55837320574165 4956160
1758910903154 319.3722203548086 4961280
1758910914389 319.16959081784194 4966400
1758910924011 318.9824189916643 4971520
1758910933901 318.78355246005435 4976640
1758910946157 318.57703156280934 4981760
1758910958503 318.39334949362757 4986880
1758910968457 318.209501875859 4992000
1758910978577 318.0184969382075 4997120
1758910984278 317.9478827361564 5000192
