1758899839814 1.68259385665529 5120
1758899852902 1.1979166666666667 10240
1758899865165 1.2895054282267793 15360
1758899875195 1.4880073800738007 20480
1758899888909 1.5880597014925373 25600
1758899900258 1.6545454545454545 30720
1758899914641 1.716991341991342 35840
1758899927356 1.7602283539486203 40960
1758899944464 1.7927813163481954 46080
1758899957506 1.824904214559387 51200
1758899969535 1.8474162011173185 56320
1758899980610 1.8595703751202308 61440
1758899995287 1.8843416370106763 66560
1758900007616 1.8859189859465417 71680
1758900021614 1.894560453725187 76800
1758900034243 1.909244917715392 81920
1758900044465 1.9270572144973785 87040
1758900057604 1.9327586206896552 92160
1758900071630 1.9356354720065385 97280
1758900084176 1.9428793471925394 102400
1758900096501 1.9444752915047196 107520
1758900106785 1.9517667844522968 112640
1758900119673 1.9592767826968571 117760
1758900131222 1.962914979757085 122880
1758900141494 1.9702908694975891 128000
1758900154968 1.9783193779904307 133120
1758900164703 1.9818469961100706 138240
1758900175462 1.981664120016669 143360
1758900184908 1.9813622955215875 148480
1758900199219 1.9819878191006868 153600
1758900210382 1.9838163342115167 158720
1758900220539 1.9860284291094643 163840
1758900232122 1.9891624455177288 168960
1758900243907 1.9909590295262074 174080
1758900254284 1.9924377224199288 179200
1758900265754 1.9942696507730566 184320
1758900278555 2.0001052964093926 189440
1758900289551 1.9988722575353701 194560
1758900299118 1.999201198202696 199680
1758900309211 2.0013637249172023 204800
1758900323162 2.0030421142694173 209920
1758900335282 2.0037129861691265 215040
1758900344859 2.003626802067277 220160
1758900355070 2.00469774862613 225280
1758900366902 2.003466204506066 230400
1758900378714 2.004578987534978 235520
1758900389482 2.0065581935912338 240640
1758900401741 2.008210714576051 245760
1758900411468 2.011308433543044 250880
1758900423277 2.0112429731417865 256000
1758900433892 2.0101025562528703 261120
1758900446096 2.0092328479207326 266240
1758900458940 2.00684780207643 271360
1758900469520 2.0101930166991977 276480
1758900479026 2.0102229163708647 281600
1758900490486 2.0096924900634545 286720
1758900504906 2.010618620264438 291840
1758900515053 2.01305957590037 296960
1758900524676 2.0142280457944546 302080
1758900534584 2.0151031833864983 307200
1758900549178 2.0164564256899533 312320
1758900559275 2.0168178382464097 317440
1758900568431 2.0179789212647243 322560
1758900582508 2.019168548928637 327680
1758900593522 2.0194145579130853 332800
1758900602916 2.0208382666350935 337920
1758900612737 2.022220926163537 343040
1758900628228 2.0223563218390805 348160
1758900637950 2.0224878214568935 353280
1758900648141 2.0243425827703647 358400
1758900660219 2.025430726041724 363520
1758900672946 2.0269287149139474 368640
1758900681880 2.0288605697151425 373760
1758900693260 2.0285156043723926 378880
1758900706366 2.029071584870272 384000
1758900716023 2.029200082253753 389120
1758900726138 2.0302399918818814 394240
1758900737298 2.0297520661157025 399360
1758900749757 2.0294277659627085 404480
1758900762280 2.030718890408283 409600
1758900772227 2.03033518205932 414720
1758900782563 2.0296779725609757 419840
1758900794801 2.0296484540448962 424960
1758900808459 2.0308851574491835 430080
1758900819174 2.030702762329365 435200
1758900828580 2.030848212257508 440320
1758900839189 2.0298172347209125 445440
1758900852996 2.029709565680789 450560
1758900865224 2.031400966183575 455680
1758900875529 2.0329727616316955 460800
1758900885016 2.0336369103874903 465920
1758900899078 2.0333545782876565 471040
1758900910531 2.032824780397596 476160
1758900920413 2.0333984943642642 481280
1758900930052 2.0327612462443923 486400
1758900943964 2.0327835471390756 491520
1758900954046 2.0330471930036675 496640
1758900966115 2.0341113105924595 501760
1758900976181 2.0350724752162406 506880
1758900988911 2.0364866450275705 512000
1758900998619 2.0372062410468854 517120
1758901012627 2.0367672430318597 522240
1758901024778 2.0371340699396288 527360
1758901035827 2.036622048428335 532480
1758901045006 2.03627425421772 537600
1758901059424 2.036375710174869 542720
1758901071225 2.036767662000658 547840
1758901080906 2.036609212050985 552960
1758901092148 2.0352671043662327 558080
1758901104239 2.0356965085685843 563200
1758901118328 2.035791031105788 568320
1758901130011 2.0354699064376485 573440
1758901140233 2.0360170224544163 578560
1758901150274 2.0363168724279834 583680
1758901165916 2.0357640659527454 588800
1758901175317 2.035886376655322 593920
1758901186670 2.036184430337454 599040
1758901196706 2.037002683274257 604160
1758901209547 2.0363594560861853 609280
1758901221275 2.036117896108126 614400
1758901231428 2.0358480816431985 619520
1758901242342 2.0373182138509836 624640
1758901253720 2.0371723590150914 629760
1758901266568 2.0375063035804337 634880
1758901276336 2.0375234521575987 640000
1758901289199 2.036916395222584 645120
1758901299025 2.037089476438179 650240
1758901311095 2.0366196322765866 655360
1758901320793 2.037306421795921 660480
1758901333463 2.0377120173222663 665600
1758901345032 2.038772647225622 670720
1758901356124 2.0388317881579336 675840
1758901366361 2.0384524929444967 680960
1758901378520 2.038637756442058 686080
1758901390870 2.038060479666319 691200
1758901401038 2.038790004888288 696320
1758901411792 2.0385921845117463 701440
1758901425054 2.0397925346484143 706560
1758901438570 2.0406652783249846 711680
1758901448329 2.0404348069077294 716800
1758901459406 2.039925642306198 721920
1758901469740 2.0400044081992506 727040
1758901484378 2.040467330633687 732160
1758901494438 2.040573959833682 737280
1758901503936 2.039806768500027 742400
1758901514692 2.0399346037361634 747520
1758901529798 2.0399275979557068 752640
1758901540543 2.0385144065556435 757760
1758901551046 2.0398665861281087 762880
1758901560441 2.039500117404576 768000
1758901575464 2.039498237611445 773120
1758901585545 2.0395180598820892 778240
1758901595263 2.0395426759086375 783360
1758901604804 2.0396676153689772 788480
1758901619827 2.0396929603070397 793600
1758901630466 2.039487218082838 798720
1758901639405 2.0401446203715246 803840
1758901649117 2.0474053504574417 808960
1758901665826 2.0545871446534676 814080
1758901674696 2.0603296056503826 819200
1758901684147 2.0676345004269856 824320
1758901696808 2.074307763244109 829440
1758901710452 2.0825488776249097 834560
1758901719862 2.092048401037165 839680
1758901729556 2.100085992738391 844800
1758901742828 2.107662325316095 849920
1758901755245 2.115853946932791 855040
1758901765603 2.1245470375076474 860160
1758901775593 2.1322548170346263 865280
1758901789436 2.1401216017890836 870400
1758901800605 2.1481095115562048 875520
1758901809952 2.156783571758191 880640
1758901819732 2.1660197965229773 885760
1758901841478 2.1762136699366583 890880
1758901852973 2.1875042692228877 896000
1758901863244 2.1987890332675692 901120
1758901873287 2.2109078590785907 906240
1758901891762 2.2228270649631097 911360
1758901900784 2.234869703555984 916480
1758901910481 2.246691217498047 921600
1758901922128 2.2592427914008137 926720
1758901937729 2.271386169317326 931840
1758901947176 2.2840813804669224 936960
1758901956881 2.2964233111301633 942080
1758901968685 2.309105641205326 947200
1758901982491 2.3203281836431877 952320
1758901993125 2.3334203087627747 957440
1758902002758 2.347367280606717 962560
1758902015779 2.36105292707681 967680
1758902028934 2.374981170242527 972800
1758902038040 2.3887876123276213 977920
1758902048447 2.401722737571068 983040
1758902061706 2.4143645232060322 988160
1758902074139 2.427664543524416 993280
1758902083453 2.4408228919742636 998400
1758902093830 2.4546355869634007 1003520
1758902106343 2.4680613961312026 1008640
1758902120608 2.4819239232945614 1013760
1758902130296 2.4950811454351776 1018880
1758902141160 2.5084322298563397 1024000
1758902154533 2.5228112416455644 1029120
1758902165340 2.535983280913756 1034240
1758902175646 2.5493791510251227 1039360
1758902187745 2.5625154232129637 1044480
1758902202806 2.57680951404552 1049600
1758902212345 2.589777141688816 1054720
1758902223479 2.6029114930576793 1059840
1758902234964 2.6158069173054637 1064960
1758902249295 2.6298714465306783 1070080
1758902259449 2.6436674688075064 1075200
1758902269822 2.6574171170444463 1080320
1758902280333 2.670836433843493 1085440
1758902294420 2.6843256037872103 1090560
1758902305213 2.697877278274613 1095680
1758902315869 2.711209563152328 1100800
1758902327602 2.7244769999402854 1105920
1758902339314 2.7377062198487225 1111040
1758902350414 2.7513911717527773 1116160
1758902361284 2.7643816673251678 1121280
1758902374924 2.777604823455233 1126400
1758902384670 2.790381856415699 1131520
1758902395318 2.8038692984691376 1136640
1758902406646 2.8171544763133713 1141760
1758902420406 2.8296150395881274 1146880
1758902430960 2.842642852973793 1152000
1758902441019 2.8555818647620526 1157120
1758902454135 2.8688210351036845 1162240
1758902465790 2.88205524435001 1167360
1758902476788 2.894972153167216 1172480
1758902486388 2.9077171530741723 1177600
1758902499972 2.9201288986074347 1182720
1758902510754 2.932844675801883 1187840
1758902521757 2.9451126384116075 1192960
1758902533642 2.9585698502800106 1198080
1758902546656 2.97071344406857 1203200
1758902557322 2.9832590766897336 1208320
1758902567080 2.995498221986835 1213440
1758902578599 3.0084734567551754 1218560
1758902592970 3.0216961410249166 1223680
1758902603025 3.0349357287829815 1228800
1758902613038 3.0478065241844767 1233920
1758902624921 3.0605522092109694 1239040
1758902638266 3.0736510069619425 1244160
1758902648432 3.08641883334575 1249280
1758902658239 3.0987661203404318 1254400
1758902671071 3.111601431405633 1259520
1758902683338 3.1250647524605935 1264640
1758902693271 3.1381449007844946 1269760
1758902703904 3.15083706282115 1274880
1758902717587 3.1638609130338895 1280000
1758902727332 3.1778254570794595 1285120
1758902738822 3.1918530176042164 1290240
1758902748311 3.2050837244124684 1295360
1758902763585 3.2183958310557195 1300480
1758902773210 3.2311986326278275 1305600
1758902783167 3.244719843228335 1310720
1758902792327 3.2579710669732576 1315840
1758902809009 3.2713570563678096 1320960
1758902818510 3.2854875365246565 1326080
1758902828126 3.2992259225922593 1331200
1758902840775 3.3127369423432813 1336320
1758902851247 3.326077211353978 1341440
1758902861787 3.3395669291338583 1346560
1758902872667 3.352965337428791 1351680
1758902885090 3.3658788721348873 1356800
1758902897415 3.379489460108512 1361920
1758902907807 3.391669477833212 1367040
1758902917858 3.404189335270871 1372160
1758902928187 3.4163099996462805 1377280
1758902942549 3.4291412937957815 1382400
1758902951837 3.442434065643664 1387520
1758902962659 3.4557603038402025 1392640
1758902976312 3.468485699245482 1397760
1758902986568 3.480884078530272 1402880
1758902997388 3.494345295320666 1408000
1758903006951 3.506970252115502 1413120
1758903021517 3.519226080596287 1418240
1758903032547 3.5321316205739715 1423360
1758903041744 3.5445712897741073 1428480
1758903052835 3.5578431542310955 1433600
1758903066623 3.5697248340707963 1438720
1758903076681 3.5816785991546625 1443840
1758903087775 3.5941455015066723 1448960
1758903099072 3.606383527268352 1454080
1758903112141 3.618462805097683 1459200
1758903121574 3.6310428649685016 1464320
1758903132232 3.6438433409657907 1469440
1758903145113 3.655852352198683 1474560
1758903157285 3.668165100122599 1479680
1758903166831 3.680660842370058 1484800
1758903175774 3.6929093778102042 1489920
1758903190182 3.7056273390797787 1495040
1758903201186 3.7185936443542933 1500160
1758903210800 3.730631664192199 1505280
1758903221847 3.7428128736716237 1510400
1758903234947 3.7540556442800708 1515520
1758903246573 3.7660631282197574 1520640
1758903257293 3.777898757077289 1525760
1758903269721 3.7902376214444575 1530880
1758903282566 3.802684070840775 1536000
1758903295373 3.8149555133459963 1541120
1758903305877 3.8270362856287625 1546240
1758903318286 3.838673262724526 1551360
1758903331200 3.8500198846689204 1556480
1758903344162 3.8618641965098006 1561600
1758903354444 3.873016397232451 1566720
1758903366219 3.8849729658446526 1571840
1758903379937 3.8971367451044925 1576960
1758903390103 3.908601090741836 1582080
1758903400276 3.920880886789978 1587200
1758903412173 3.932519153951935 1592320
1758903425549 3.944222000686398 1597440
1758903435417 3.9559500114203674 1602560
1758903445369 3.9675538326220803 1607680
1758903458425 3.9786497121857622 1612800
1758903471159 3.9896920604516013 1617920
1758903481431 4.0004213665240504 1623040
1758903492705 4.011681524746388 1628160
1758903504601 4.023209613334625 1633280
1758903514868 4.0338622291021675 1638400
1758903526331 4.04474921125491 1643520
1758903539909 4.05607957193129 1648640
1758903550517 4.0667094394097365 1653760
1758903561200 4.077570886501545 1658880
1758903573175 4.088215079200166 1664000
1758903584750 4.098560760786316 1669120
1758903594797 4.108742751545275 1674240
1758903609379 4.119283124483175 1679360
1758903619764 4.129881262302368 1684480
1758903629277 4.140566321760764 1689600
1758903639185 4.151164262212098 1694720
1758903653655 4.161531293924415 1699840
1758903665081 4.171928220007569 1704960
1758903676150 4.182579538120051 1710080
1758903687459 4.19263171130391 1715200
1758903698659 4.203436372195198 1720320
1758903710020 4.213998151542209 1725440
1758903722482 4.224404892239357 1730560
1758903735587 4.2348422153865375 1735680
1758903745821 4.245063046493867 1740800
1758903755493 4.255309879098138 1745920
1758903768785 4.264955804452177 1751040
1758903780983 4.274372654238655 1756160
1758903791388 4.284004521033644 1761280
1758903801412 4.29375850129838 1766400
1758903815775 4.303911735205617 1771520
1758903825622 4.313932708898201 1776640
1758903837020 4.323394177982131 1781760
1758903847369 4.33332821591415 1786880
1758903861758 4.343714079909271 1792000
1758903872164 4.353609840429601 1797120
1758903881778 4.36334203814847 1802240
1758903891582 4.373294302398268 1807360
1758903907171 4.383053530387666 1812480
1758903917930 4.392642231947484 1817600
1758903928712 4.40208469253061 1822720
1758903938253 4.411733519146874 1827840
1758903951506 4.4214896030245745 1832960
1758903964146 4.4312609457092815 1838080
1758903975080 4.441314341698696 1843200
1758903985006 4.45132796629298 1848320
1758903997137 4.4609687208918 1853440
1758904011126 4.470918198998111 1858560
1758904021589 4.481096620599818 1863680
1758904031524 4.491382016593168 1868800
1758904042238 4.5013582089552235 1873920
1758904058025 4.5119592268602 1879040
1758904068133 4.522132452498921 1884160
1758904079050 4.531718912494429 1889280
1758904088600 4.5413082171462476 1894400
1758904104062 4.550744168826361 1899520
1758904114285 4.560469621020568 1904640
1758904124690 4.56998375904326 1909760
1758904134313 4.579270899361705 1914880
1758904149597 4.588536606906297 1920000
1758904160562 4.598045411124991 1925120
1758904170586 4.607519150060165 1930240
1758904179736 4.617310904668406 1935360
1758904195998 4.626949524506218 1940480
1758904205483 4.636343715304155 1945600
1758904214694 4.645579590705545 1950720
1758904225887 4.655326585596738 1955840
1758904241677 4.664456368421818 1960960
1758904251040 4.674318320411186 1966080
1758904261323 4.684020528879611 1971200
1758904272021 4.693721862740841 1976320
1758904285754 4.703283996299723 1981440
1758904296757 4.712696098947885 1986560
1758904308019 4.721564954247424 1991680
1758904318354 4.730133379375836 1996800
1758904331365 4.738768766611594 2001920
1758904342938 4.747934239972457 2007040
1758904354330 4.756925545019624 2012160
1758904364654 4.766511255398873 2017280
1758904375888 4.775483391883015 2022400
1758904390896 4.7844839877947924 2027520
1758904400928 4.79369892656815 2032640
1758904411935 4.802712384851587 2037760
1758904421631 4.811807122883221 2042880
1758904436343 4.820757391082513 2048000
1758904448263 4.829371143940681 2053120
1758904458374 4.838347298958584 2058240
1758904468666 4.847034089626368 2063360
1758904484677 4.856029757795218 2068480
1758904497553 4.865286942330149 2073600
1758904507598 4.8742149851777965 2078720
1758904517853 4.883395993490826 2083840
1758904532331 4.891816551801424 2088960
1758904545752 4.900088120515295 2094080
1758904555925 4.90874556576632 2099200
1758904566588 4.9174569085736595 2104320
1758904579009 4.926264778376572 2109440
1758904592890 4.935803670745273 2114560
1758904602793 4.944280914165116 2119680
1758904615606 4.95313691507799 2124800
1758904627221 4.961813247673903 2129920
1758904640168 4.971188409002931 2135040
1758904649749 4.979691296664457 2140160
1758904664327 4.987882046403905 2145280
1758904675502 4.9969165118039784 2150400
1758904687943 5.005896826160465 2155520
1758904699630 5.014961224349736 2160640
1758904712193 5.023546180941025 2165760
1758904721945 5.032570615283556 2170880
1758904734654 5.041079603689785 2176000
1758904747849 5.049564671524878 2181120
1758904759349 5.058310507883297 2186240
1758904768849 5.066908883082952 2191360
1758904780010 5.075412731843196 2196480
1758904791219 5.084165535956581 2201600
1758904803039 5.093003089263455 2206720
1758904812464 5.102043025301041 2211840
1758904825614 5.110776339611425 2216960
1758904835822 5.119689140143287 2222080
1758904848993 5.128164365106096 2227200
1758904858639 5.1372124310507195 2232320
1758904870475 5.146046886545308 2237440
1758904880935 5.154829621679635 2242560
1758904894215 5.163382319450212 2247680
1758904905456 5.172289704623288 2252800
1758904920146 5.180860016831644 2257920
1758904933662 5.18934098185699 2263040
1758904945844 5.19786046387701 2268160
1758904957963 5.206497013555399 2273280
1758904967641 5.2147592162072405 2278400
1758904979627 5.2231596821480215 2283520
1758904991526 5.231665960152607 2288640
1758905004161 5.239784106994033 2293760
1758905013664 5.24839165642875 2298880
1758905026912 5.256800253278104 2304000
1758905037168 5.265418763337461 2309120
1758905049819 5.273593096371912 2314240
1758905060210 5.282298850574713 2319360
1758905071917 5.290292535747081 2324480
1758905082517 5.298359839652055 2329600
1758905095181 5.306352861142364 2334720
1758905106963 5.313840003135656 2339840
1758905115891 5.321677409253412 2344960
1758905126897 5.32997146319534 2350080
1758905139207 5.338507781189819 2355200
1758905151927 5.346787083360406 2360320
1758905162440 5.3551982767569815 2365440
1758905172612 5.363260545584138 2370560
1758905183638 5.371254772536077 2375680
1758905195266 5.379446282700858 2380800
1758905207590 5.387656838952858 2385920
1758905219054 5.395666297146098 2391040
1758905228861 5.403681771369722 2396160
1758905239582 5.411482638487151 2401280
1758905252506 5.419547829659396 2406400
1758905262100 5.427248948610114 2411520
1758905274362 5.4351055111657445 2416640
1758905287582 5.443005115089514 2421760
1758905298894 5.451178709166602 2426880
1758905308651 5.4591633720188755 2432000
1758905321049 5.466942622428835 2437120
1758905336563 5.474865806812689 2442240
1758905345688 5.483022319330293 2447360
1758905358124 5.491285264867059 2452480
1758905371304 5.499189237122805 2457600
1758905385522 5.507331452500537 2462720
1758905395767 5.515129692099711 2467840
1758905410522 5.523146220523109 2472960
1758905422878 5.531262600806452 2478080
1758905433901 5.539238881477939 2483200
1758905444194 5.547160326257713 2488320
1758905459148 5.554367335667934 2493440
1758905470399 5.561950008774788 2498560
1758905482081 5.569278729983849 2503680
1758905494466 5.577135640692208 2508800
1758905504953 5.585191937860586 2513920
1758905515496 5.5929533549513595 2519040
1758905528105 5.600642718349858 2524160
1758905541791 5.608198046899298 2529280
1758905553013 5.6158634313615865 2534400
1758905562806 5.623709549334921 2539520
1758905574273 5.631550901542846 2544640
1758905587046 5.63930591482357 2549760
1758905598982 5.6472275098267035 2554880
1758905611643 5.654676081374679 2560000
1758905622387 5.662458545485927 2565120
1758905633132 5.669863823290403 2570240
1758905644888 5.677180943948449 2575360
1758905657491 5.684608677498189 2580480
1758905670712 5.69197370357651 2585600
1758905680951 5.698788539510271 2590720
1758905690716 5.705746338956924 2595840
1758905703517 5.713591046818493 2600960
1758905715370 5.720713135158881 2606080
1758905725504 5.7282056282068465 2611200
1758905740747 5.735539000876424 2616320
1758905750589 5.742909245638563 2621440
1758905760541 5.750391568825051 2626560
1758905770161 5.757706580000485 2631680
1758905786992 5.764990855910957 2636800
1758905797441 5.772495796591308 2641920
1758905807013 5.779745581502108 2647040
1758905816905 5.787026870497955 2652160
1758905833399 5.794517081400253 2657280
1758905842839 5.801788465241671 2662400
1758905856317 5.809291423763447 2667520
1758905866199 5.816831920870046 2672640
1758905878289 5.824192291554277 2677760
1758905888300 5.831551346367979 2682880
1758905903880 5.83875210752251 2688000
1758905914095 5.845776254344373 2693120
1758905924020 5.852932054585361 2698240
1758905934434 5.860345977887914 2703360
1758905950384 5.867177552744624 2708480
1758905960024 5.874389417763041 2713600
1758905970423 5.881715452365691 2718720
1758905982569 5.888927089508003 2723840
1758905996019 5.896170787155442 2728960
1758906006416 5.903442485306465 2734080
1758906016710 5.910454636727655 2739200
1758906032067 5.917522975826717 2744320
1758906042347 5.924395790862921 2749440
1758906052398 5.931564081440508 2754560
1758906063497 5.938547617368409 2759680
1758906077347 5.945714319257094 2764800
1758906087315 5.953040908931021 2769920
1758906100605 5.9600421595034545 2775040
1758906111033 5.96722577022949 2780160
1758906123583 5.974333512465244 2785280
1758906133330 5.9813887819278655 2790400
1758906146963 5.988112580851932 2795520
1758906159347 5.9949014632102156 2800640
1758906168999 6.001802095080862 2805760
1758906179375 6.008604672766966 2810880
1758906193889 6.0154606293276425 2816000
1758906205155 6.022033525248196 2821120
1758906214990 6.028937046593158 2826240
1758906227312 6.0357440022188324 2831360
1758906240816 6.042924746075715 2836480
1758906250808 6.049651276730647 2841600
1758906261199 6.056627019309376 2846720
1758906275119 6.063663649849926 2851840
1758906285416 6.070467023500494 2856960
1758906297236 6.0772328342798145 2862080
1758906306468 6.084073382300702 2867200
1758906319444 6.09096527571131 2872320
1758906330233 6.097651873699614 2877440
1758906339032 6.1044668752426405 2882560
1758906348060 6.111241631787234 2887680
1758906359921 6.118045746571285 2892800
1758906370477 6.124786674858352 2897920
1758906381432 6.131145305361729 2903040
1758906391406 6.137567398830807 2908160
1758906401034 6.144183673469388 2913280
1758906411564 6.151188467505407 2918400
1758906423598 6.1578935462709525 2923520
1758906432186 6.1644241089080944 2928640
1758906444379 6.171217728831919 2933760
1758906454293 6.177987400119462 2938880
1758906464017 6.184635299414678 2944000
1758906473653 6.190931270589029 2949120
1758906484915 6.197873152764677 2954240
1758906497405 6.204607395610188 2959360
1758906507995 6.211298688205048 2964480
1758906517574 6.217780015665212 2969600
1758906528347 6.224335833156371 2974720
1758906537155 6.231067202500558 2979840
1758906549595 6.237573311330642 2984960
1758906562065 6.244097469707769 2990080
1758906572167 6.2504699718573065 2995200
1758906585534 6.256977467668103 3000320
1758906594858 6.263821381805269 3005440
1758906607348 6.270148641608566 3010560
1758906619457 6.2763083599969 3015680
1758906631137 6.2829577371342635 3020800
1758906642738 6.289267608433935 3025920
1758906652218 6.295591447673264 3031040
1758906667644 6.302192837465565 3036160
1758906677212 6.308833564463228 3041280
1758906687296 6.31548050920124 3046400
1758906700708 6.32190660239588 3051520
1758906713081 6.328288312001667 3056640
1758906722919 6.334797611874897 3061760
1758906735392 6.341277135854342 3066880
1758906749179 6.347741505371643 3072000
1758906759213 6.353991092092048 3077120
1758906770315 6.36051595738881 3082240
1758906782180 6.3666561387076746 3087360
1758906794025 6.373028305376064 3092480
1758906804535 6.379655786866009 3097600
1758906819989 6.385854288536048 3102720
1758906830707 6.392114563233094 3107840
1758906841139 6.3984559412694635 3112960
1758906851055 6.404743621635068 3118080
1758906867536 6.411169925461813 3123200
1758906879328 6.417565817867932 3128320
1758906890495 6.423630720151747 3133440
1758906901208 6.429903221986587 3138560
1758906914415 6.436041635303985 3143680
1758906925807 6.4422975716111575 3148800
1758906938181 6.448361315238964 3153920
1758906950832 6.454302890024754 3159040
1758906961136 6.460498571076884 3164160
1758906971206 6.466632454508521 3169280
1758906983993 6.472827073610918 3174400
1758906997435 6.478799321578291 3179520
1758907007240 6.484704804321652 3184640
1758907020417 6.490895352425955 3189760
1758907031019 6.496816099163362 3194880
1758907042939 6.502813940153334 3200000
1758907052668 6.508851200135765 3205120
1758907067485 6.514926479935591 3210240
1758907079213 6.52108354055341 3215360
1758907089828 6.527094585310687 3220480
1758907100420 6.533122895178574 3225600
1758907114938 6.539107235128494 3230720
1758907124413 6.545186433536971 3235840
1758907135843 6.551419764126627 3240960
1758907150537 6.557385145643311 3246080
1758907160223 6.563265563171098 3251200
1758907170571 6.569190929011019 3256320
1758907181787 6.5750340349774845 3261440
1758907195796 6.580991035283534 3266560
1758907207124 6.587123468012413 3271680
1758907218793 6.593118275081142 3276800
1758907228394 6.598719873238262 3281920
1758907242411 6.604650194191943 3287040
1758907252689 6.610535621424857 3292160
1758907264346 6.616131813790166 3297280
1758907277853 6.622042586750789 3302400
1758907288683 6.62793590248554 3307520
1758907299431 6.63384408323843 3312640
1758907310720 6.63972451163897 3317760
1758907323324 6.645353221291409 3322880
1758907335865 6.651138075486494 3328000
1758907346772 6.657074834839787 3333120
1758907358139 6.662819786894528 3338240
1758907368460 6.668538228186539 3343360
1758907382611 6.674336192285963 3348480
1758907392121 6.680226950936737 3353600
1758907404101 6.685953801061714 3358720
1758907416463 6.691440680568778 3363840
1758907427792 6.697285137276957 3368960
1758907438195 6.703050792062017 3374080
1758907449702 6.70871547933606 3379200
1758907466763 6.714550660837842 3384320
1758907476505 6.720148608071658 3389440
1758907486349 6.725790217468661 3394560
1758907497007 6.731410581903118 3399680
1758907511097 6.737089820966679 3404800
1758907521005 6.742743087569276 3409920
1758907530622 6.748292159621087 3415040
1758907545543 6.753919873836169 3420160
1758907556151 6.759484595421543 3425280
1758907565682 6.76487795037321 3430400
1758907576320 6.770560677043978 3435520
1758907591916 6.776291689310227 3440640
1758907602258 6.781832438627179 3445760
1758907613635 6.787218445285747 3450880
1758907624286 6.792878278750188 3456000
1758907637509 6.798370774132783 3461120
1758907647484 6.803839340225997 3466240
1758907661075 6.809257685578605 3471360
1758907673458 6.814831828712951 3476480
1758907683054 6.820399002493765 3481600
1758907693200 6.826028038780004 3486720
1758907708442 6.831440543849347 3491840
1758907720690 6.837068262711022 3496960
1758907730928 6.842640501325812 3502080
1758907743048 6.848284345333162 3507200
1758907756436 6.853850422099798 3512320
1758907768365 6.859314686145258 3517440
1758907778529 6.864717630309262 3522560
1758907793574 6.86998775332833 3527680
1758907805041 6.875517935361667 3532800
1758907815389 6.881085182703299 3537920
1758907826189 6.886486007618785 3543040
1758907839707 6.891859470408354 3548160
1758907852622 6.897362864018072 3553280
1758907863502 6.902815657804376 3558400
1758907875037 6.908323860295559 3563520
1758907887685 6.913561031002516 3568640
1758907899015 6.919076161886789 3573760
1758907909831 6.924391744723245 3578880
1758907925907 6.930000682920166 3584000
1758907935963 6.935448662976534 3589120
1758907946319 6.940708653752555 3594240
1758907958685 6.946025572463416 3599360
1758907972597 6.951408785850953 3604480
1758907982792 6.9567102927051705 3609600
1758907994843 6.9619812765297615 3614720
1758908006876 6.967173281703776 3619840
1758908019819 6.972305490552537 3624960
1758908029884 6.977560975609756 3630080
1758908041656 6.982844296066153 3635200
1758908056547 6.98805898226677 3640320
1758908066861 6.993473049857043 3645440
1758908077951 6.998615238150189 3650560
1758908088154 7.003861560185586 3655680
1758908102943 7.009086896445843 3660800
1758908115780 7.014224369296833 3665920
1758908126237 7.01966604113209 3671040
1758908136656 7.0248761452973465 3676160
1758908150317 7.030094295459105 3681280
1758908163335 7.03529198438678 3686400
1758908173561 7.040525467839881 3691520
1758908186264 7.045785243591209 3696640
1758908196138 7.0509774078478005 3701760
1758908210655 7.056071835803877 3706880
1758908220815 7.061135578419834 3712000
1758908233872 7.0661414037982 3717120
1758908245802 7.071446836318177 3722240
1758908257001 7.0766953000832515 3727360
1758908268762 7.081697647825964 3732480
1758908283008 7.086690141509879 3737600
1758908296408 7.091792086303799 3742720
1758908306182 7.096809442618009 3747840
1758908315816 7.101964769647696 3752960
1758908327985 7.106999172807941 3758080
1758908342792 7.11214812867364 3763200
1758908352025 7.117083739776394 3768320
1758908364983 7.122296968107034 3773440
1758908374898 7.127498876909255 3778560
1758908386889 7.132478192986229 3783680
1758908396688 7.1374563386069445 3788800
1758908409636 7.142459976863082 3793920
1758908419061 7.1475089001136975 3799040
1758908431965 7.152448958692151 3804160
1758908442089 7.1574767267756005 3809280
1758908455265 7.162538785975735 3814400
1758908464612 7.167491067699875 3819520
1758908476856 7.172531751181978 3824640
1758908487421 7.177533916747697 3829760
1758908499286 7.182425369337366 3834880
1758908510133 7.187409899086977 3840000
1758908519559 7.192326865203183 3845120
1758908531796 7.1972390771103445 3850240
1758908543740 7.20232129697863 3855360
1758908553897 7.207335701271694 3860480
1758908566144 7.212306165032034 3865600
1758908575395 7.217209652538015 3870720
1758908584469 7.22220897274787 3875840
1758908596190 7.227088640070369 3880960
1758908608081 7.231947864131877 3886080
1758908617692 7.236792056032039 3891200
1758908628913 7.241539318761018 3896320
1758908637350 7.246425345146956 3901440
1758908647807 7.251378672281623 3906560
1758908659964 7.2563397466833 3911680
1758908669855 7.261142846747198 3916800
1758908681409 7.265942753293957 3921920
1758908690621 7.270845814498121 3927040
1758908701924 7.275661951396446 3932160
1758908712137 7.280636599969203 3937280
1758908723021 7.285459629183897 3942400
1758908735751 7.289888087360561 3947520
1758908745519 7.294604235336615 3952640
1758908755445 7.299241296561927 3957760
1758908765015 7.304156228033812 3962880
1758908778439 7.30871933378348 3968000
1758908789504 7.313310549509848 3973120
1758908798918 7.3178857332818215 3978240
1758908809378 7.322517816432406 3983360
1758908821336 7.327215343094621 3988480
1758908832553 7.331873309328031 3993600
1758908841642 7.336530803990873 3998720
1758908855500 7.3412948842863655 4003840
1758908864523 7.345912398982007 4008960
1758908875741 7.350648076288347 4014080
1758908884656 7.355332572895131 4019200
1758908897996 7.36025530323936 4024320
1758908908749 7.364857894924056 4029440
1758908918342 7.369607703787933 4034560
1758908928763 7.374297808897527 4039680
1758908940318 7.378869818078655 4044800
1758908950304 7.3836371043449 4049920
1758908960795 7.388172737487503 4055040
1758908973968 7.392757709406847 4060160
1758908984040 7.397361752474461 4065280
1758908992582 7.401958103638369 4070400
1758909003243 7.406680647094069 4075520
1758909017048 7.411367057187371 4080640
1758909026113 7.415852554012821 4085760
1758909036705 7.420356819719077 4090880
1758909047007 7.424895792198675 4096000
1758909058736 7.429385465065311 4101120
1758909067829 7.433869894205843 4106240
1758909079092 7.4382879690630554 4111360
1758909091616 7.442714797657548 4116480
1758909101129 7.447117273655993 4121600
1758909110459 7.451676494190712 4126720
1758909122665 7.45620027709762 4131840
1758909134521 7.46063112078346 4136960
1758909143959 7.465110009566049 4142080
1758909153609 7.469549806265529 4147200
1758909167701 7.4739066663195075 4152320
1758909177337 7.478293666276499 4157440
1758909187744 7.482528628103182 4162560
1758909197414 7.486928981230692 4167680
1758909210250 7.491290252863626 4172800
1758909220207 7.4957034657270425 4177920
1758909231193 7.500207057199551 4183040
1758909241773 7.504679985520487 4188160
1758909251942 7.509169651467144 4193280
1758909262606 7.5136757723801 4198400
1758909273409 7.51812995136705 4203520
1758909285796 7.522571009193212 4208640
1758909294596 7.527054142585193 4213760
1758909305787 7.531421865095003 4218880
1758909318460 7.535802004261837 4224000
1758909328515 7.540135938101141 4229120
1758909337799 7.544507268410174 4234240
1758909347721 7.548666751994539 4239360
1758909361852 7.553032434045092 4244480
1758909370257 7.557306968466052 4249600
1758909381950 7.5616657450338165 4254720
1758909391066 7.565911370242567 4259840
1758909403862 7.570298105742208 4264960
1758909414016 7.574597304335287 4270080
1758909424658 7.578833638397397 4275200
1758909434395 7.583216226740937 4280320
1758909445463 7.587539325462603 4285440
1758909456828 7.591811561142935 4290560
1758909466852 7.596071877716726 4295680
1758909477514 7.600308615950217 4300800
1758909488039 7.604562225179844 4305920
1758909500493 7.608876396930119 4311040
1758909510561 7.613057806772708 4316160
1758909520967 7.617251081342124 4321280
1758909532312 7.621409812131332 4326400
1758909543283 7.625456862153372 4331520
1758909555054 7.629766101950406 4336640
1758909564246 7.6340583953819126 4341760
1758909574486 7.638199354763218 4346880
1758909585474 7.6424187770847425 4352000
1758909598227 7.646392939370683 4357120
1758909609180 7.65052419287631 4362240
1758909618451 7.654708184164516 4367360
1758909627630 7.658745342028214 4372480
1758909641867 7.662855243476816 4377600
1758909652082 7.667054076939681 4382720
1758909662537 7.6711839104291935 4387840
1758909673320 7.675297451363802 4392960
1758909684920 7.679518590868457 4398080
1758909695514 7.683668237823534 4403200
1758909704862 7.687765909109685 4408320
1758909719217 7.6918309068700275 4413440
1758909728495 7.695836081794195 4418560
1758909737680 7.700014003410242 4423680
1758909749142 7.70402495124139 4428800
1758909762026 7.7082244035580985 4433920
1758909772736 7.7124213604034235 4439040
1758909785959 7.716438974358974 4444160
1758909798494 7.720419706533322 4449280
1758909811682 7.7244793500782105 4454400
1758909820841 7.728430819076606 4459520
1758909830098 7.732509951692401 4464640
1758909841875 7.736487093428714 4469760
1758909853914 7.7405772745072445 4474880
1758909863577 7.7445717732207475 4480000
1758909873740 7.748550583023907 4485120
1758909886687 7.752678375322341 4490240
1758909897213 7.756704700604642 4495360
1758909906271 7.760719360207851 4500480
1758909916746 7.7645846852693055 4505600
1758909931085 7.768612387458569 4510720
1758909941315 7.772553940816905 4515840
1758909950338 7.776459359556106 4520960
1758909960720 7.780399508694809 4526080
1758909974253 7.784471066907776 4531200
1758909984542 7.788416714385954 4536320
1758909994549 7.792345191571653 4541440
1758910005296 7.796276021960684 4546560
1758910017740 7.800091686304158 4551680
1758910026810 7.804043195988944 4556800
1758910038160 7.808094592099665 4561920
1758910050680 7.81204038589541 4567040
1758910060766 7.815929047558005 4572160
1758910070024 7.819764510009525 4577280
1758910080836 7.823595739236134 4582400
1758910094978 7.827458374612508 4587520
1758910104929 7.831405697500858 4592640
1758910114709 7.835396000127588 4597760
1758910125026 7.839238055783494 4602880
1758910140029 7.843156294521693 4608000
1758910150632 7.847015696814517 4613120
1758910159811 7.850919143933014 4618240
1758910169359 7.854726699842059 4623360
1758910182955 7.858753568030447 4628480
1758910194771 7.862714965819346 4633600
1758910204133 7.86668565956807 4638720
1758910215793 7.870477545857052 4643840
1758910225767 7.874345384317659 4648960
1758910237941 7.878203914141414 4654080
1758910247683 7.8821043668845245 4659200
1758910259870 7.885804754328203 4664320
1758910269302 7.8895219358646465 4669440
1758910280826 7.893313416407878 4674560
1758910289827 7.8970804238373145 4679680
1758910303349 7.900823981793926 4684800
1758910314059 7.90464206474273 4689920
1758910323912 7.908246389071655 4695040
1758910333581 7.912034682171392 4700160
1758910346832 7.915752605367879 4705280
1758910358837 7.919589786848498 4710400
1758910368950 7.923275613163008 4715520
1758910380135 7.926931383173636 4720640
1758910393788 7.930660061379321 4725760
1758910406927 7.934389615645014 4730880
1758910416371 7.937978167568576 4736000
1758910426185 7.941655791697738 4741120
1758910438798 7.945388227076947 4746240
1758910451773 7.949036239862298 4751360
1758910461304 7.952693019760948 4756480
1758910472055 7.956342388360034 4761600
1758910482401 7.959977731040455 4766720
1758910495906 7.963583551569368 4771840
1758910505263 7.967306742405532 4776960
1758910516682 7.970906651450426 4782080
1758910526911 7.974531223518174 4787200
1758910540349 7.978164493634838 4792320
1758910549102 7.981760159944635 4797440
1758910560917 7.985333999154919 4802560
1758910570151 7.9889473078251525 4807680
1758910582280 7.992630763685998 4812800
1758910592940 7.996207623060716 4817920
1758910603943 7.9997703665714965 4823040
1758910614807 8.003364891941084 4828160
1758910626050 8.006945240332822 4833280
1758910636422 8.010526556846461 4838400
1758910647167 8.014070865301017 4843520
1758910660247 8.017631550875482 4848640
1758910669823 8.021246469706082 4853760
1758910679444 8.024817085228396 4858880
1758910691983 8.028381243303622 4864000
1758910705130 8.031923777710295 4869120
1758910714719 8.035512742718447 4874240
1758910725286 8.038974226843186 4879360
1758910735715 8.042497936809589 4884480
1758910748515 8.045991966534793 4889600
1758910758711 8.049532187608639 4894720
1758910769896 8.052999184511764 4899840
1758910780272 8.056527479159595 4904960
1758910792786 8.06014561570117 4910080
1758910802008 8.06359186746988 4915200
1758910815249 8.067063399513989 4920320
1758910824590 8.070498124610078 4925440
1758910836776 8.073994247478579 4930560
1758910847218 8.077380193131598 4935680
1758910859214 8.080930141905112 4940800
1758910869549 8.084451135027448 4945920
1758910879534 8.087877223307219 4951040
1758910890392 8.091297846889953 4956160
1758910903154 8.09462558356676 4961280
1758910914389 8.098179837162965 4966400
1758910924011 8.10163135056143 4971520
1758910933901 8.105136131699505 4976640
1758910946157 8.108650189406625 4981760
1758910958503 8.11203396636081 4986880
1758910968457 8.115404331191263 4992000
1758910978577 8.11881981814808 4997120
1758910984278 8.120165018215815 5000192
