1771730774260 0.8275271058082581 5120
1771730787752 0.39947348833084106 10240
1771730800909 0.04070335999131203 15360
1771730813694 0.01244511641561985 20480
1771730826752 0.1358431577682495 25600
1771730839720 0.22824899852275848 30720
1771730852926 0.29472070932388306 35840
1771730865727 0.3367435336112976 40960
1771730878576 0.37147605419158936 46080
1771730891335 0.4019376039505005 51200
1771730904127 0.42477527260780334 56320
1771730916900 0.4508715271949768 61440
1771730930354 0.4778861701488495 66560
1771730943172 0.5011619925498962 71680
1771730955979 0.5136446356773376 76800
1771730969146 0.5265145301818848 81920
1771730981985 0.5293828248977661 87040
1771730995247 0.5373971462249756 92160
1771731008028 0.5423462390899658 97280
1771731020829 0.5511188507080078 102400
1771731034305 0.5597169399261475 107520
1771731047097 0.5635544061660767 112640
1771731060453 0.5670472979545593 117760
1771731073274 0.575873076915741 122880
1771731086086 0.6018977165222168 128000
1771731098866 0.6241512298583984 133120
1771731111758 0.6483954191207886 138240
1771731125051 0.6729167103767395 143360
1771731138108 0.6942151188850403 148480
1771731151308 0.7101635932922363 153600
1771731164382 0.7225722670555115 158720
1771731177172 0.7431653141975403 163840
1771731190277 0.7558610439300537 168960
1771731203519 0.7679502964019775 174080
1771731216503 0.7804874181747437 179200
1771731229690 0.7953497767448425 184320
1771731242477 0.8089507818222046 189440
1771731255458 0.8194484710693359 194560
1771731269223 0.8314071297645569 199680
1771731282043 0.8379807472229004 204800
1771731294896 0.8461130261421204 209920
1771731308037 0.8516743779182434 215040
1771731321505 0.8582939505577087 220160
1771731334799 0.8640415668487549 225280
1771731347712 0.8709053993225098 230400
1771731360502 0.8760300278663635 235520
1771731373391 0.8829143047332764 240640
1771731386335 0.8884541392326355 245760
1771731399611 0.8959512710571289 250880
1771731412623 0.8987109065055847 256000
1771731425534 0.9084236025810242 261120
1771731438332 0.9187508225440979 266240
1771731451273 0.9280043244361877 271360
1771731464081 0.9375850558280945 276480
1771731477455 0.9511634707450867 281600
1771731490286 0.9622783660888672 286720
1771731503082 0.9732269048690796 291840
1771731515952 0.9836896061897278 296960
1771731522713 0.9874061942100525 300032
