1771730774257 -0.7095794081687927 5120
1771730787749 -1.0665831565856934 10240
1771730800905 -0.402299165725708 15360
1771730813691 -2.6475765705108643 20480
1771730826748 -3.1856529712677 25600
1771730839717 -2.6670992374420166 30720
1771730852922 -3.256505250930786 35840
1771730865722 -3.2752768993377686 40960
1771730878572 -3.315000534057617 46080
1771730891332 -3.3902363777160645 51200
1771730904123 -3.515432834625244 56320
1771730916895 -3.740870714187622 61440
1771730930351 -4.068737506866455 66560
1771730943168 -4.260092735290527 71680
1771730955976 -4.441152095794678 76800
1771730969142 -4.53140926361084 81920
1771730981982 -4.634511470794678 87040
1771730995244 -4.645092487335205 92160
1771731008025 -4.653722286224365 97280
1771731020825 -4.71859073638916 102400
1771731034302 -4.711358547210693 107520
1771731047094 -4.731949329376221 112640
1771731060450 -4.725270748138428 117760
1771731073271 -4.8357744216918945 122880
1771731086083 -4.943894386291504 128000
1771731098862 -5.368814945220947 133120
1771731111755 -5.626093864440918 138240
1771731125048 -5.823581695556641 143360
1771731138105 -6.140504360198975 148480
1771731151305 -6.225648880004883 153600
1771731164378 -6.500180244445801 158720
1771731177169 -6.63769006729126 163840
1771731190274 -6.806382656097412 168960
1771731203516 -7.04403018951416 174080
1771731216500 -7.322803497314453 179200
1771731229687 -7.482108116149902 184320
1771731242473 -7.663233757019043 189440
1771731255453 -8.0974760055542 194560
1771731269220 -8.19612979888916 199680
1771731282040 -8.451592445373535 204800
1771731294893 -8.569609642028809 209920
1771731308034 -8.691367149353027 215040
1771731321501 -8.968645095825195 220160
1771731334795 -9.10152530670166 225280
1771731347709 -9.198448181152344 230400
1771731360499 -9.283870697021484 235520
1771731373387 -9.4204740524292 240640
1771731386332 -9.513498306274414 245760
1771731399606 -9.615043640136719 250880
1771731412620 -9.840042114257812 256000
1771731425531 -10.351702690124512 261120
1771731438329 -10.728289604187012 266240
1771731451270 -10.752161026000977 271360
1771731464078 -10.983034133911133 276480
1771731477452 -11.344182014465332 281600
1771731490282 -12.57079792022705 286720
1771731503079 -13.030073165893555 291840
1771731515949 -13.313494682312012 296960
1771731522709 -13.412416458129883 300032
