1771730774260 4.085501670837402 5120
1771730787752 3.287937641143799 10240
1771730800909 2.647831916809082 15360
1771730813694 2.5994036197662354 20480
1771730826752 2.7851500511169434 25600
1771730839720 2.9295589923858643 30720
1771730852926 3.0292627811431885 35840
1771730865727 3.093811511993408 40960
1771730878576 3.1463520526885986 46080
1771730891335 3.1962249279022217 51200
1771730904127 3.2345988750457764 56320
1771730916900 3.270819664001465 61440
1771730930354 3.3213202953338623 66560
1771730943172 3.3567416667938232 71680
1771730955979 3.374213933944702 76800
1771730969146 3.3925325870513916 81920
1771730981985 3.3914549350738525 87040
1771730995247 3.40584135055542 92160
1771731008028 3.4124691486358643 97280
1771731020829 3.4268627166748047 102400
1771731034305 3.4397759437561035 107520
1771731047097 3.444582939147949 112640
1771731060453 3.4486873149871826 117760
1771731073274 3.462493896484375 122880
1771731086086 3.513746976852417 128000
1771731098866 3.556025981903076 133120
1771731111758 3.6019530296325684 138240
1771731125051 3.649500608444214 143360
1771731138108 3.694640874862671 148480
1771731151308 3.7259678840637207 153600
1771731164382 3.7539541721343994 158720
1771731177172 3.793346643447876 163840
1771731190277 3.82102108001709 168960
1771731203519 3.847841262817383 174080
1771731216503 3.8724467754364014 179200
1771731229690 3.902684211730957 184320
1771731242477 3.92911696434021 189440
1771731255458 3.951896905899048 194560
1771731269223 3.980482339859009 199680
1771731282043 3.998603582382202 204800
1771731294896 4.015185356140137 209920
1771731308037 4.028232097625732 215040
1771731321505 4.039557933807373 220160
1771731334799 4.049927234649658 225280
1771731347712 4.063398838043213 230400
1771731360502 4.071322917938232 235520
1771731373391 4.083914279937744 240640
1771731386335 4.096709728240967 245760
1771731399611 4.1111836433410645 250880
1771731412623 4.115984916687012 256000
1771731425534 4.142688751220703 261120
1771731438332 4.171936511993408 266240
1771731451273 4.194634437561035 271360
1771731464081 4.222413063049316 276480
1771731477455 4.262441158294678 281600
1771731490286 4.3085479736328125 286720
1771731503082 4.35577392578125 291840
1771731515952 4.406892776489258 296960
1771731522713 4.422410011291504 300032
