1771215328374 25.294940948486328 5120
1771215339771 26.30177879333496 10240
1771215350796 25.868179321289062 15360
1771215362009 25.997053146362305 20480
1771215373856 26.30425262451172 25600
1771215384936 26.514875411987305 30720
1771215395955 26.918453216552734 35840
1771215406966 27.05061149597168 40960
1771215418794 27.07718849182129 46080
1771215429617 27.1900634765625 51200
1771215441022 27.19121551513672 56320
1771215452554 27.271549224853516 61440
1771215463720 27.328523635864258 66560
1771215474765 27.360260009765625 71680
1771215486461 27.362520217895508 76800
1771215497764 27.451309204101562 81920
1771215508914 27.506305694580078 87040
1771215520019 27.55211067199707 92160
1771215531030 27.559749603271484 97280
1771215542652 27.498077392578125 102400
1771215553789 27.5364933013916 107520
1771215564937 27.55745506286621 112640
1771215576262 27.548690795898438 117760
1771215587724 27.591060638427734 122880
1771215598642 27.593887329101562 128000
1771215610007 27.6030330657959 133120
1771215621050 27.592803955078125 138240
1771215632648 27.604225158691406 143360
1771215643932 27.615909576416016 148480
1771215655526 27.60930633544922 153600
1771215666604 27.559707641601562 158720
1771215678585 27.553970336914062 163840
1771215689663 27.545915603637695 168960
1771215701040 27.532062530517578 174080
1771215712504 27.502758026123047 179200
1771215724179 27.508832931518555 184320
1771215735354 27.52661895751953 189440
1771215746362 27.538660049438477 194560
1771215757886 27.55562400817871 199680
1771215768941 27.569889068603516 204800
1771215780287 27.5804443359375 209920
1771215791376 27.566144943237305 215040
1771215802887 27.560489654541016 220160
1771215813903 27.590824127197266 225280
1771215825087 27.612253189086914 230400
1771215836882 27.61771011352539 235520
1771215848244 27.617624282836914 240640
1771215859607 27.624826431274414 245760
1771215870792 27.626155853271484 250880
1771215881660 27.580625534057617 256000
1771215893675 27.444841384887695 261120
1771215905095 27.283153533935547 266240
1771215916694 27.137636184692383 271360
1771215927733 27.059072494506836 276480
1771215939288 27.019641876220703 281600
1771215950475 27.00971031188965 286720
1771215962069 27.01559829711914 291840
1771215973913 26.999616622924805 296960
1771215980072 27.006887435913086 300032
