1771215328374 1.1225755214691162 5120
1771215339771 1.1434352397918701 10240
1771215350796 1.120907187461853 15360
1771215362009 1.1437066793441772 20480
1771215373856 1.143051266670227 25600
1771215384936 1.1404502391815186 30720
1771215395955 1.149648904800415 35840
1771215406966 1.1487852334976196 40960
1771215418794 1.144911527633667 46080
1771215429617 1.1465070247650146 51200
1771215441022 1.144932508468628 56320
1771215452554 1.1457936763763428 61440
1771215463720 1.1467550992965698 66560
1771215474765 1.1472718715667725 71680
1771215486461 1.1463042497634888 76800
1771215497764 1.1490094661712646 81920
1771215508914 1.1497478485107422 87040
1771215520019 1.1511763334274292 92160
1771215531030 1.150566577911377 97280
1771215542652 1.1475707292556763 102400
1771215553789 1.1486332416534424 107520
1771215564937 1.1489230394363403 112640
1771215576262 1.1487493515014648 117760
1771215587724 1.1503313779830933 122880
1771215598642 1.1496573686599731 128000
1771215610007 1.1499298810958862 133120
1771215621050 1.149091362953186 138240
1771215632648 1.1495661735534668 143360
1771215643932 1.1499038934707642 148480
1771215655526 1.1496467590332031 153600
1771215666604 1.147674798965454 158720
1771215678585 1.1473594903945923 163840
1771215689663 1.1472477912902832 168960
1771215701040 1.1466275453567505 174080
1771215712504 1.1456358432769775 179200
1771215724179 1.145676612854004 184320
1771215735354 1.1464847326278687 189440
1771215746362 1.1469571590423584 194560
1771215757886 1.14774489402771 199680
1771215768941 1.1483930349349976 204800
1771215780287 1.1490195989608765 209920
1771215791376 1.1484224796295166 215040
1771215802887 1.1483181715011597 220160
1771215813903 1.1495234966278076 225280
1771215825087 1.1504075527191162 230400
1771215836882 1.1506420373916626 235520
1771215848244 1.1509435176849365 240640
1771215859607 1.151141881942749 245760
1771215870792 1.1511081457138062 250880
1771215881660 1.1499841213226318 256000
1771215893675 1.1502695083618164 261120
1771215905095 1.149966835975647 266240
1771215916694 1.149780511856079 271360
1771215927733 1.1504061222076416 276480
1771215939288 1.1504861116409302 281600
1771215950475 1.150097131729126 286720
1771215962069 1.1499301195144653 291840
1771215973913 1.1491247415542603 296960
1771215980072 1.1494219303131104 300032
