1771215328372 26.642030715942383 5120
1771215339769 29.340784072875977 10240
1771215350794 30.64481544494629 15360
1771215362006 31.18633460998535 20480
1771215373854 33.0645751953125 25600
1771215384933 33.4826545715332 30720
1771215395952 32.70994567871094 35840
1771215406963 33.94554138183594 40960
1771215418791 32.71280288696289 46080
1771215429615 31.702037811279297 51200
1771215441019 31.7962703704834 56320
1771215452551 31.154943466186523 61440
1771215463717 31.4941349029541 66560
1771215474763 30.218460083007812 71680
1771215486459 30.538818359375 76800
1771215497762 30.128437042236328 81920
1771215508912 29.375951766967773 87040
1771215520017 29.471012115478516 92160
1771215531028 29.219440460205078 97280
1771215542650 28.159305572509766 102400
1771215553787 28.372732162475586 107520
1771215564935 29.42838478088379 112640
1771215576259 28.935964584350586 117760
1771215587721 28.136600494384766 122880
1771215598640 29.047924041748047 128000
1771215610005 28.55851173400879 133120
1771215621047 28.558324813842773 138240
1771215632646 28.489004135131836 143360
1771215643929 28.005935668945312 148480
1771215655524 27.824691772460938 153600
1771215666602 28.143178939819336 158720
1771215678582 28.115509033203125 163840
1771215689661 27.521066665649414 168960
1771215701037 27.870946884155273 174080
1771215712502 27.571420669555664 179200
1771215724177 28.867380142211914 184320
1771215735352 28.9520206451416 189440
1771215746360 28.587453842163086 194560
1771215757883 28.411182403564453 199680
1771215768939 29.562908172607422 204800
1771215780285 28.085189819335938 209920
1771215791373 29.2812557220459 215040
1771215802885 28.799606323242188 220160
1771215813900 29.559307098388672 225280
1771215825084 29.17254638671875 230400
1771215836879 28.807519912719727 235520
1771215848241 29.0152645111084 240640
1771215859605 29.030803680419922 245760
1771215870789 29.421306610107422 250880
1771215881658 27.71072769165039 256000
1771215893672 26.13567543029785 261120
1771215905093 23.894264221191406 266240
1771215916691 21.85977554321289 271360
1771215927731 20.104724884033203 276480
1771215939286 19.786815643310547 281600
1771215950473 19.62508773803711 286720
1771215962067 18.37890625 291840
1771215973911 18.40444564819336 296960
1771215980070 17.936723709106445 300032
