1771215328374 1.1795783042907715 5120
1771215339771 1.2446101903915405 10240
1771215350796 1.23637056350708 15360
1771215362009 1.2658761739730835 20480
1771215373856 1.299090027809143 25600
1771215384936 1.293006420135498 30720
1771215395955 1.3116101026535034 35840
1771215406966 1.3030925989151 40960
1771215418794 1.2872769832611084 46080
1771215429617 1.2852407693862915 51200
1771215441022 1.2707548141479492 56320
1771215452554 1.266770362854004 61440
1771215463720 1.2615890502929688 66560
1771215474765 1.2542190551757812 71680
1771215486461 1.2485322952270508 76800
1771215497764 1.2437326908111572 81920
1771215508914 1.2384846210479736 87040
1771215520019 1.2323615550994873 92160
1771215531030 1.226334810256958 97280
1771215542652 1.2165836095809937 102400
1771215553789 1.2129380702972412 107520
1771215564937 1.21148681640625 112640
1771215576262 1.2091559171676636 117760
1771215587724 1.2078686952590942 122880
1771215598642 1.2056852579116821 128000
1771215610007 1.2045245170593262 133120
1771215621050 1.201504111289978 138240
1771215632648 1.2006314992904663 143360
1771215643932 1.1991583108901978 148480
1771215655526 1.195402979850769 153600
1771215666604 1.1905949115753174 158720
1771215678585 1.1879528760910034 163840
1771215689663 1.187637448310852 168960
1771215701040 1.1846734285354614 174080
1771215712504 1.1800662279129028 179200
1771215724179 1.1801817417144775 184320
1771215735354 1.1801519393920898 189440
1771215746362 1.180442452430725 194560
1771215757886 1.1809505224227905 199680
1771215768941 1.1807568073272705 204800
1771215780287 1.179168462753296 209920
1771215791376 1.1767592430114746 215040
1771215802887 1.1755107641220093 220160
1771215813903 1.1741633415222168 225280
1771215825087 1.1746727228164673 230400
1771215836882 1.1743805408477783 235520
1771215848244 1.1734342575073242 240640
1771215859607 1.1725058555603027 245760
1771215870792 1.1712045669555664 250880
1771215881660 1.1683475971221924 256000
1771215893675 1.1566455364227295 261120
1771215905095 1.1434873342514038 266240
1771215916694 1.1324383020401 271360
1771215927733 1.1250042915344238 276480
1771215939288 1.1199371814727783 281600
1771215950475 1.1183581352233887 286720
1771215962069 1.1181844472885132 291840
1771215973913 1.1176307201385498 296960
1771215980072 1.1176788806915283 300032
