1771781928231 0.009836065582931042 5120
1771781942090 0.014234875328838825 10240
1771781951012 0.013414634391665459 15360
1771781960265 0.012081784196197987 20480
1771781969639 0.009767092764377594 25600
1771781982763 0.010069225914776325 30720
1771781991805 0.009761388413608074 35840
1771782001702 0.009034711867570877 40960
1771782010760 0.008463816717267036 46080
1771782023741 0.00840978603810072 51200
1771782032798 0.007646854501217604 56320
1771782042697 0.007977026514708996 61440
1771782051760 0.007669616490602493 66560
1771782064590 0.007407407276332378 71680
1771782074196 0.006923076696693897 76800
1771782083734 0.007957560010254383 81920
1771782092883 0.0075017050839960575 87040
1771782105794 0.007083064876496792 92160
1771782115364 0.007523383479565382 97280
1771782125275 0.0071511403657495975 102400
1771782134272 0.006815251428633928 107520
1771782146458 0.006861365400254726 112640
1771782156402 0.006897712126374245 117760
1771782166365 0.006775286514312029 122880
1771782175290 0.006506584119051695 128000
1771782187150 0.006403574254363775 133120
1771782197426 0.006744152866303921 138240
1771782207877 0.006644518114626408 143360
1771782216835 0.006956521887332201 148480
1771782228031 0.006851971615105867 153600
1771782238477 0.006636613979935646 158720
1771782249349 0.006802720949053764 163840
1771782258317 0.006966583896428347 168960
1771782268887 0.007110907230526209 174080
1771782279373 0.007024977821856737 179200
1771782290336 0.0072715431451797485 184320
1771782299780 0.0072930981405079365 189440
1771782309612 0.007212033960968256 194560
1771782320391 0.007130661979317665 199680
1771782331691 0.007348618470132351 204800
1771782341191 0.007276905234903097 209920
1771782350979 0.007293809670954943 215040
1771782361598 0.007223847787827253 220160
1771782373337 0.007424635346978903 225280
1771782382808 0.00735165411606431 230400
1771782392351 0.007364274933934212 235520
1771782403034 0.007381930947303772 240640
1771782415054 0.007398881949484348 245760
1771782424230 0.007658819667994976 250880
1771782433614 0.00782732479274273 256000
1771782444223 0.007916796021163464 261120
1771782456624 0.007843435741961002 266240
1771782465623 0.008070542477071285 271360
1771782474593 0.007998239248991013 276480
1771782485266 0.008215623907744884 281600
1771782497566 0.008283772505819798 286720
1771782507130 0.008350149728357792 291840
1771782516341 0.008280298672616482 296960
1771782522341 0.008225137367844582 300032
