1771781928231 384.9732971191406 5120
1771781942090 389.2843017578125 10240
1771781951012 393.6039733886719 15360
1771781960265 394.85693359375 20480
1771781969639 396.59674072265625 25600
1771781982763 397.2193298339844 30720
1771781991805 398.3941955566406 35840
1771782001702 399.0813293457031 40960
1771782010760 399.82012939453125 46080
1771782023741 399.9071960449219 51200
1771782032798 400.6756286621094 56320
1771782042697 400.6633605957031 61440
1771782051760 400.86578369140625 66560
1771782064590 401.5094909667969 71680
1771782074196 401.069580078125 76800
1771782083734 398.82000732421875 81920
1771782092883 398.5440979003906 87040
1771782105794 399.1207580566406 92160
1771782115364 399.0816650390625 97280
1771782125275 399.1860046386719 102400
1771782134272 399.3544921875 107520
1771782146458 399.7396545410156 112640
1771782156402 400.2822265625 117760
1771782166365 400.5407409667969 122880
1771782175290 400.5434265136719 128000
1771782187150 400.74676513671875 133120
1771782197426 400.85125732421875 138240
1771782207877 400.8487548828125 143360
1771782216835 400.84912109375 148480
1771782228031 400.9942932128906 153600
1771782238477 400.9051513671875 158720
1771782249349 400.1830139160156 163840
1771782258317 399.3216247558594 168960
1771782268887 398.6531677246094 174080
1771782279373 397.8302001953125 179200
1771782290336 397.16265869140625 184320
1771782299780 396.50494384765625 189440
1771782309612 396.0675964355469 194560
1771782320391 395.8076477050781 199680
1771782331691 395.09918212890625 204800
1771782341191 394.4141540527344 209920
1771782350979 393.9457702636719 215040
1771782361598 393.5499267578125 220160
1771782373337 393.1269226074219 225280
1771782382808 392.77215576171875 230400
1771782392351 392.2960205078125 235520
1771782403034 391.8635559082031 240640
1771782415054 391.5080871582031 245760
1771782424230 391.04437255859375 250880
1771782433614 390.478271484375 256000
1771782444223 390.03924560546875 261120
1771782456624 389.7533874511719 266240
1771782465623 389.43304443359375 271360
1771782474593 389.0292663574219 276480
1771782485266 388.70513916015625 281600
1771782497566 388.3552551269531 286720
1771782507130 388.20159912109375 291840
1771782516341 387.8567810058594 296960
1771782522341 387.807861328125 300032
