1771781928228 16.818435668945312 5120
1771781942087 14.670637130737305 10240
1771781951009 13.207585334777832 15360
1771781960262 11.978947639465332 20480
1771781969635 11.395099639892578 25600
1771781982759 10.652191162109375 30720
1771781991802 10.834890365600586 35840
1771782001699 10.243139266967773 40960
1771782010756 9.650785446166992 46080
1771782023738 9.354743957519531 51200
1771782032795 9.039996147155762 56320
1771782042694 9.06814956665039 61440
1771782051757 9.045621871948242 66560
1771782064586 9.179289817810059 71680
1771782074193 8.9194917678833 76800
1771782083730 9.00342845916748 81920
1771782092879 10.048135757446289 87040
1771782105790 11.244354248046875 92160
1771782115361 10.58515453338623 97280
1771782125272 11.727131843566895 102400
1771782134269 10.33779239654541 107520
1771782146454 9.919330596923828 112640
1771782156398 9.200897216796875 117760
1771782166361 9.893773078918457 122880
1771782175287 8.977035522460938 128000
1771782187146 9.086424827575684 133120
1771782197422 8.296012878417969 138240
1771782207874 9.167320251464844 143360
1771782216831 7.948889255523682 148480
1771782228028 8.750726699829102 153600
1771782238474 8.149772644042969 158720
1771782249345 7.765481472015381 163840
1771782258314 8.919401168823242 168960
1771782268883 8.638816833496094 174080
1771782279370 9.053543090820312 179200
1771782290333 9.087248802185059 184320
1771782299777 10.138230323791504 189440
1771782309609 10.613574028015137 194560
1771782320388 10.786200523376465 199680
1771782331688 11.532236099243164 204800
1771782341187 10.285428047180176 209920
1771782350976 10.70446491241455 215040
1771782361595 10.437665939331055 220160
1771782373333 10.827402114868164 225280
1771782382805 10.811748504638672 230400
1771782392347 10.745624542236328 235520
1771782403030 12.266560554504395 240640
1771782415050 10.603212356567383 245760
1771782424226 10.751653671264648 250880
1771782433610 12.422874450683594 256000
1771782444219 11.300775527954102 261120
1771782456620 11.026164054870605 266240
1771782465620 10.409539222717285 271360
1771782474590 10.766633987426758 276480
1771782485263 10.683304786682129 281600
1771782497562 10.040271759033203 286720
1771782507127 9.809492111206055 291840
1771782516338 10.29697322845459 296960
1771782522338 10.832382202148438 300032
