1771781928228 -0.8423354029655457 5120
1771781942087 -1.647523283958435 10240
1771781951009 -2.0258402824401855 15360
1771781960262 -1.7857515811920166 20480
1771781969635 -1.7376205921173096 25600
1771781982759 -1.5430582761764526 30720
1771781991802 -1.4441838264465332 35840
1771782001699 -1.31276273727417 40960
1771782010756 -1.209174633026123 46080
1771782023738 -1.0604286193847656 51200
1771782032795 -0.9612976908683777 56320
1771782042694 -0.8829358816146851 61440
1771782051757 -0.7633919715881348 66560
1771782064586 -0.7132967710494995 71680
1771782074193 -0.583001971244812 76800
1771782083730 -0.5714982748031616 81920
1771782092879 -0.9327457547187805 87040
1771782105790 -1.2385516166687012 92160
1771782115361 -1.218899130821228 97280
1771782125272 -1.1349265575408936 102400
1771782134269 -0.9783763885498047 107520
1771782146454 -0.9663639068603516 112640
1771782156398 -0.9791377782821655 117760
1771782166361 -0.8614484071731567 122880
1771782175287 -0.8210587501525879 128000
1771782187146 -0.7538267374038696 133120
1771782197422 -0.6382735371589661 138240
1771782207874 -0.627937912940979 143360
1771782216831 -0.5239996910095215 148480
1771782228028 -0.4709869921207428 153600
1771782238474 -0.20704424381256104 158720
1771782249345 -0.3703431487083435 163840
1771782258314 -0.4276720881462097 168960
1771782268883 -0.47666239738464355 174080
1771782279370 -0.6093915700912476 179200
1771782290333 -0.6933459639549255 184320
1771782299777 -0.9548468589782715 189440
1771782309609 -0.9832509756088257 194560
1771782320388 -1.0948566198349 199680
1771782331688 -1.4011471271514893 204800
1771782341187 -1.4912941455841064 209920
1771782350976 -1.4404034614562988 215040
1771782361595 -1.8106462955474854 220160
1771782373333 -1.8672027587890625 225280
1771782382805 -2.12988018989563 230400
1771782392347 -2.294792890548706 235520
1771782403030 -1.9399254322052002 240640
1771782415050 -2.2905211448669434 245760
1771782424226 -2.2128610610961914 250880
1771782433610 -2.1405434608459473 256000
1771782444219 -2.265151262283325 261120
1771782456620 -2.413206100463867 266240
1771782465620 -2.3091537952423096 271360
1771782474590 -2.1761410236358643 276480
1771782485263 -2.360060453414917 281600
1771782497562 -2.08636474609375 286720
1771782507127 -2.11430025100708 291840
1771782516338 -2.173586130142212 296960
1771782522338 -2.135953903198242 300032
