1771781928231 20.23532485961914 5120
1771781942090 18.399890899658203 10240
1771781951012 17.437028884887695 15360
1771781960265 17.21831703186035 20480
1771781969639 17.07249641418457 25600
1771781982763 16.91210174560547 30720
1771781991805 16.59402084350586 35840
1771782001702 16.433984756469727 40960
1771782010760 16.215028762817383 46080
1771782023741 16.274375915527344 51200
1771782032798 16.16755485534668 56320
1771782042697 16.225805282592773 61440
1771782051760 16.137948989868164 66560
1771782064590 16.055784225463867 71680
1771782074196 16.110755920410156 76800
1771782083734 16.78234100341797 81920
1771782092883 16.880521774291992 87040
1771782105794 16.612985610961914 92160
1771782115364 16.538068771362305 97280
1771782125275 16.524150848388672 102400
1771782134272 16.462318420410156 107520
1771782146458 16.346088409423828 112640
1771782156402 16.192155838012695 117760
1771782166365 16.17719268798828 122880
1771782175290 16.232845306396484 128000
1771782187150 16.190038681030273 133120
1771782197426 16.158267974853516 138240
1771782207877 16.1788330078125 143360
1771782216835 16.194049835205078 148480
1771782228031 16.148832321166992 153600
1771782238477 16.193857192993164 158720
1771782249349 16.461681365966797 163840
1771782258317 16.80377769470215 168960
1771782268887 17.099088668823242 174080
1771782279373 17.460819244384766 179200
1771782290336 17.623498916625977 184320
1771782299780 17.80365562438965 189440
1771782309612 18.017932891845703 194560
1771782320391 18.159696578979492 199680
1771782331691 18.39480209350586 204800
1771782341191 18.635255813598633 209920
1771782350979 18.758440017700195 215040
1771782361598 18.954299926757812 220160
1771782373337 19.115480422973633 225280
1771782382808 19.322856903076172 230400
1771782392351 19.534141540527344 235520
1771782403034 19.758838653564453 240640
1771782415054 19.92476463317871 245760
1771782424230 20.087263107299805 250880
1771782433614 20.21096420288086 256000
1771782444223 20.347644805908203 261120
1771782456624 20.573625564575195 266240
1771782465623 20.663286209106445 271360
1771782474593 20.824575424194336 276480
1771782485266 20.961261749267578 281600
1771782497566 21.106075286865234 286720
1771782507130 21.171764373779297 291840
1771782516341 21.298925399780273 296960
1771782522341 21.357221603393555 300032
