1771055964722 0.0 5120
1771055994688 0.0 10240
1771056024980 0.0 15360
1771056055220 0.0 20480
1771056085502 0.0 25600
1771056117071 0.0 30720
1771056147855 0.0 35840
1771056178232 0.0 40960
1771056208816 0.0 46080
1771056238960 0.0 51200
1771056269021 0.0 56320
1771056299235 0.0 61440
1771056329628 0.0 66560
1771056359816 0.0 71680
1771056389993 0.0 76800
1771056420255 0.0 81920
1771056451187 0.0 87040
1771056481508 0.0 92160
1771056511905 0.0 97280
1771056542213 0.0 102400
1771056572527 0.0 107520
1771056603094 0.0 112640
1771056635816 0.0 117760
1771056666410 0.0 122880
1771056696852 0.0 128000
1771056727099 0.0 133120
1771056757323 0.0 138240
1771056787481 0.0 143360
1771056817873 0.0 148480
1771056847823 0.0 153600
1771056878338 0.0 158720
1771056908616 0.0 163840
1771056938954 0.0 168960
1771056969362 0.0 174080
1771056999623 0.0 179200
1771057030210 0.0 184320
1771057061149 0.0 189440
1771057091555 0.0 194560
1771057121992 0.0 199680
1771057152425 0.0 204800
1771057182700 0.0 209920
1771057213315 0.0 215040
1771057243878 0.0 220160
1771057274093 0.0 225280
1771057304242 0.0 230400
1771057334556 0.0 235520
1771057364480 0.0 240640
1771057394682 0.0 245760
1771057425432 0.0 250880
1771057456050 0.0 256000
1771057486246 0.0 261120
1771057516587 0.0 266240
1771057546854 0.0 271360
1771057577251 0.0 276480
1771057607684 0.0 281600
1771057638117 0.0 286720
1771057668336 0.0 291840
1771057699337 0.0 296960
1771057714564 0.0 300032
