1771747911388 286.0 5120
1771747927330 536.0 10240
1771747943448 780.0 15360
1771747958677 1028.0 20480
1771747974597 1284.0 25600
1771747990072 1541.0 30720
1771748006534 1796.0 35840
1771748022061 2038.0 40960
1771748037720 2279.0 46080
1771748053292 2522.0 51200
1771748069640 2762.0 56320
1771748085265 3005.0 61440
1771748100904 3248.0 66560
1771748116470 3481.0 71680
1771748132714 3718.0 76800
1771748148131 3956.0 81920
1771748163658 4199.0 87040
1771748179613 4440.0 92160
1771748195940 4666.0 97280
1771748211394 4892.0 102400
1771748226856 5115.0 107520
1771748242566 5340.0 112640
1771748258384 5558.0 117760
1771748275781 5770.0 122880
1771748291518 5978.0 128000
1771748307207 6186.0 133120
1771748322609 6390.0 138240
1771748338948 6592.0 143360
1771748354696 6777.0 148480
1771748370357 6956.0 153600
1771748385705 7121.0 158720
1771748402133 7283.0 163840
1771748418118 7440.0 168960
1771748433303 7608.0 174080
1771748449506 7791.0 179200
1771748465744 7971.0 184320
1771748481826 8151.0 189440
1771748497387 8343.0 194560
1771748513577 8518.0 199680
1771748530076 8697.0 204800
1771748546424 8876.0 209920
1771748562322 9064.0 215040
1771748577917 9238.0 220160
1771748593954 9420.0 225280
1771748609001 9604.0 230400
1771748624767 9799.0 235520
1771748641182 9990.0 240640
1771748657543 10186.0 245760
1771748673039 10381.0 250880
1771748688822 10570.0 256000
1771748704889 10760.0 261120
1771748720852 10948.0 266240
1771748737502 11130.0 271360
1771748753608 11323.0 276480
1771748769204 11512.0 281600
1771748785597 11698.0 286720
1771748801133 11882.0 291840
1771748816745 12055.0 296960
1771748824391 12147.0 300032
