1771747911388 19.688810348510742 5120
1771747927330 20.080223083496094 10240
1771747943448 20.317949295043945 15360
1771747958677 20.414396286010742 20480
1771747974597 20.340343475341797 25600
1771747990072 20.265411376953125 30720
1771748006534 20.234966278076172 35840
1771748022061 20.328262329101562 40960
1771748037720 20.44317626953125 46080
1771748053292 20.500396728515625 51200
1771748069640 20.574220657348633 56320
1771748085265 20.607986450195312 61440
1771748100904 20.64131736755371 66560
1771748116470 20.732547760009766 71680
1771748132714 20.7869815826416 76800
1771748148131 20.828866958618164 81920
1771748163658 20.84520149230957 87040
1771748179613 20.861936569213867 92160
1771748195940 20.946420669555664 97280
1771748211394 21.0269832611084 102400
1771748226856 21.116716384887695 107520
1771748242566 21.184268951416016 112640
1771748258384 21.275999069213867 117760
1771748275781 21.38457489013672 122880
1771748291518 21.495817184448242 128000
1771748307207 21.59731674194336 133120
1771748322609 21.709388732910156 138240
1771748338948 21.828428268432617 143360
1771748354696 21.98465347290039 148480
1771748370357 22.158855438232422 153600
1771748385705 22.358657836914062 158720
1771748402133 22.561307907104492 163840
1771748418118 22.778091430664062 168960
1771748433303 22.947423934936523 174080
1771748449506 23.06610107421875 179200
1771748465744 23.18755531311035 184320
1771748481826 23.300945281982422 189440
1771748497387 23.38223648071289 194560
1771748513577 23.497886657714844 199680
1771748530076 23.605266571044922 204800
1771748546424 23.702117919921875 209920
1771748562322 23.7833194732666 215040
1771748577917 23.8891544342041 220160
1771748593954 23.968364715576172 225280
1771748609001 24.04300308227539 230400
1771748624767 24.087661743164062 235520
1771748641182 24.136137008666992 240640
1771748657543 24.173669815063477 245760
1771748673039 24.214719772338867 250880
1771748688822 24.265657424926758 256000
1771748704889 24.3115234375 261120
1771748720852 24.363719940185547 266240
1771748737502 24.422101974487305 271360
1771748753608 24.460037231445312 276480
1771748769204 24.501737594604492 281600
1771748785597 24.549495697021484 286720
1771748801133 24.598468780517578 291840
1771748816745 24.6720027923584 296960
1771748824391 24.696550369262695 300032
