1771747911388 3.6118881702423096 5120
1771747927330 3.888059616088867 10240
1771747943448 3.797435998916626 15360
1771747958677 3.6926069259643555 20480
1771747974597 3.6931464672088623 25600
1771747990072 3.770927906036377 30720
1771748006534 3.8095767498016357 35840
1771748022061 3.947497606277466 40960
1771748037720 4.1079421043396 46080
1771748053292 4.2192702293396 51200
1771748069640 4.377624988555908 56320
1771748085265 4.495840072631836 61440
1771748100904 4.540024757385254 66560
1771748116470 4.589773178100586 71680
1771748132714 4.612964153289795 76800
1771748148131 4.648887634277344 81920
1771748163658 4.700166702270508 87040
1771748179613 4.728153228759766 92160
1771748195940 4.841620445251465 97280
1771748211394 4.939901828765869 102400
1771748226856 5.046725273132324 107520
1771748242566 5.159738063812256 112640
1771748258384 5.241633892059326 117760
1771748275781 5.349913120269775 122880
1771748291518 5.439444541931152 128000
1771748307207 5.512770652770996 133120
1771748322609 5.579812049865723 138240
1771748338948 5.6636834144592285 143360
1771748354696 5.751070022583008 148480
1771748370357 5.834531307220459 153600
1771748385705 5.907597064971924 158720
1771748402133 5.964712142944336 163840
1771748418118 6.033871173858643 168960
1771748433303 6.0699262619018555 174080
1771748449506 6.102810859680176 179200
1771748465744 6.152678489685059 184320
1771748481826 6.200098037719727 189440
1771748497387 6.224379539489746 194560
1771748513577 6.245480060577393 199680
1771748530076 6.2749223709106445 204800
1771748546424 6.310275077819824 209920
1771748562322 6.347087383270264 215040
1771748577917 6.375405788421631 220160
1771748593954 6.403290748596191 225280
1771748609001 6.42971658706665 230400
1771748624767 6.451168537139893 235520
1771748641182 6.48348331451416 240640
1771748657543 6.502650737762451 245760
1771748673039 6.514786720275879 250880
1771748688822 6.548439025878906 256000
1771748704889 6.5705389976501465 261120
1771748720852 6.597278118133545 266240
1771748737502 6.635130405426025 271360
1771748753608 6.664576530456543 276480
1771748769204 6.698575496673584 281600
1771748785597 6.724739074707031 286720
1771748801133 6.75324010848999 291840
1771748816745 6.785897731781006 296960
1771748824391 6.800197601318359 300032
