1771747911385 70.92160973960095 5120
1771747927327 71.98791706714266 10240
1771747943445 70.1693712985579 15360
1771747958674 76.58171593419635 20480
1771747974593 74.41459087360727 25600
1771747990068 66.75851531164449 30720
1771748006531 69.96336947456213 35840
1771748022058 74.80077755782641 40960
1771748037717 71.23720235062332 46080
1771748053289 72.50058770656157 51200
1771748069637 73.09696758452422 56320
1771748085261 70.16232853797257 61440
1771748100901 72.089374720704 66560
1771748116467 66.50341689260968 71680
1771748132711 69.76785654878738 76800
1771748148127 68.36681336593317 81920
1771748163655 70.4546126453 87040
1771748179610 73.01807040144841 92160
1771748195937 73.77713672582716 97280
1771748211391 71.54585152838428 102400
1771748226852 43.97190363365693 107520
1771748242563 68.76810073452256 112640
1771748258381 72.51688307197566 117760
1771748275778 73.79401104894613 122880
1771748291515 74.14885266768023 128000
1771748307204 61.5903671071953 133120
1771748322606 73.25271577770792 138240
1771748338944 72.49056342896647 143360
1771748354693 72.8810425716768 148480
1771748370354 72.15758597553632 153600
1771748385702 74.62776008398129 158720
1771748402130 60.73596107619682 163840
1771748418115 72.59470031327345 168960
1771748433299 57.53424507208406 174080
1771748449503 62.91802049112701 179200
1771748465740 75.23010420963894 184320
1771748481822 70.92041054429245 189440
1771748497384 64.82094396192007 194560
1771748513573 72.60978100926167 199680
1771748530072 3.114599909850972 204800
1771748546421 3.1425069303963435 209920
1771748562318 71.32442267795803 215040
1771748577914 71.81658476448128 220160
1771748593951 70.4782900927544 225280
1771748608998 72.44423717981934 230400
1771748624764 69.46166967523972 235520
1771748641179 70.98882946313722 240640
1771748657540 74.04936266374774 245760
1771748673035 70.90482469486425 250880
1771748688819 54.40647538006537 256000
1771748704885 76.22819548188939 261120
1771748720849 13.957518177734148 266240
1771748737499 73.43226303441998 271360
1771748753605 69.42372881355932 276480
1771748769200 67.7068509072125 281600
1771748785594 72.24956505262432 286720
1771748801130 70.88804759329368 291840
1771748816742 76.74987648447365 296960
1771748824388 65.37664442920382 300032
