1758740090764 -0.04204626753926277 0
1758740092349 -0.20896170133411293 100
1758740093860 -0.0798894973536629 200
1758740095155 -0.06734339100775924 300
1758740096438 -0.06568607394386111 400
1758740097702 -0.0596376446906678 500
1758740098919 -0.054266234305059655 600
1758740100104 -0.05154939665433854 700
1758740101477 -0.04935586206921924 800
1758740102840 -0.046597578880128006 900
1758740104017 -0.04699231078336527 1000
1758740105262 -0.04540029931458205 1100
1758740106459 -0.04424600130711666 1200
1758740107677 -0.042385693745462825 1300
1758740108854 -0.040459439807241086 1400
1758740110075 -0.03895363505485453 1500
1758740111269 -0.03619449208260774 1600
1758740112471 -0.03542600201551246 1700
1758740113659 -0.03274708440209812 1800
1758740114971 -0.03162479794132026 1900
1758740116273 -0.029019079227437978 2000
1758740117692 -0.027316035655837352 2100
1758740119287 -0.024522056028768183 2200
1758740120621 -0.02328888963793009 2300
1758740121831 -0.021367624855101085 2400
1758740123029 -0.019192691935581572 2500
1758740124236 -0.018398742442495866 2600
