1771768519617 0.909309446811676 5120
1771768544888 0.8030227422714233 10240
1771768569699 0.6618186831474304 15360
1771768594951 0.45415979623794556 20480
1771768619716 0.4939664602279663 25600
1771768644785 0.491420179605484 30720
1771768669927 0.5336722731590271 35840
1771768694654 0.5414417386054993 40960
1771768719401 0.5556871891021729 46080
1771768744908 0.5643575191497803 51200
1771768769669 0.6706647872924805 56320
1771768794897 0.7946489453315735 61440
1771768819912 0.890334963798523 66560
1771768844654 0.9153203368186951 71680
1771768869775 0.9587773084640503 76800
1771768894508 1.02531099319458 81920
1771768919211 1.112244725227356 87040
1771768944408 1.180445671081543 92160
1771768969425 1.215399980545044 97280
1771768994148 1.2420086860656738 102400
1771769019665 1.2877247333526611 107520
1771769044405 1.3265496492385864 112640
1771769069529 1.3785829544067383 117760
1771769094269 1.4227832555770874 122880
1771769119116 1.466295838356018 128000
1771769144212 1.5109851360321045 133120
1771769169368 1.5490458011627197 138240
1771769194131 1.572814702987671 143360
1771769219236 1.5996625423431396 148480
1771769244226 1.6301336288452148 153600
1771769269212 1.6572825908660889 158720
1771769294631 1.6891934871673584 163840
1771769319374 1.7073155641555786 168960
1771769344682 1.7325665950775146 174080
1771769369442 1.7483066320419312 179200
1771769394325 1.7759284973144531 184320
1771769419526 1.8001264333724976 189440
1771769444249 1.8268380165100098 194560
1771769469267 1.8524446487426758 199680
1771769494494 1.8696439266204834 204800
1771769519984 1.896855354309082 209920
1771769545100 1.919962763786316 215040
1771769569816 1.9306669235229492 220160
1771769595459 1.9453957080841064 225280
1771769620637 1.9672234058380127 230400
1771769645352 1.9816663265228271 235520
1771769670084 2.0026023387908936 240640
1771769695307 2.0129220485687256 245760
1771769720383 2.024897575378418 250880
1771769745188 2.0365302562713623 256000
1771769770376 2.047027826309204 261120
1771769795479 2.0642950534820557 266240
1771769820709 2.0741560459136963 271360
1771769845461 2.082033157348633 276480
1771769870214 2.0980184078216553 281600
1771769895312 2.1101553440093994 286720
1771769920393 2.121636152267456 291840
1771769945137 2.1351771354675293 296960
1771769955311 2.1382217407226562 300032
