1771768519613 -1.7150636911392212 5120
1771768544884 -2.742624521255493 10240
1771768569696 -3.1208367347717285 15360
1771768594948 -4.567906856536865 20480
1771768619713 -5.028352737426758 25600
1771768644782 -4.947333335876465 30720
1771768669924 -4.455967426300049 35840
1771768694651 -3.8594276905059814 40960
1771768719398 -3.2000415325164795 46080
1771768744905 -2.562356472015381 51200
1771768769666 -2.4557061195373535 56320
1771768794894 -3.489018201828003 61440
1771768819908 -4.753720283508301 66560
1771768844651 -5.876911163330078 71680
1771768869771 -6.907887935638428 76800
1771768894505 -7.8189496994018555 81920
1771768919208 -8.513349533081055 87040
1771768944405 -9.276433944702148 92160
1771768969422 -11.786288261413574 97280
1771768994145 -13.566896438598633 102400
1771769019662 -14.683026313781738 107520
1771769044401 -15.418560981750488 112640
1771769069526 -16.115541458129883 117760
1771769094266 -16.89082908630371 122880
1771769119113 -17.640382766723633 128000
1771769144209 -18.328088760375977 133120
1771769169365 -18.750343322753906 138240
1771769194128 -18.910402297973633 143360
1771769219233 -19.122310638427734 148480
1771769244223 -19.14910125732422 153600
1771769269209 -19.056461334228516 158720
1771769294628 -19.023014068603516 163840
1771769319371 -18.947227478027344 168960
1771769344678 -18.80606460571289 174080
1771769369439 -18.553752899169922 179200
1771769394322 -18.42816734313965 184320
1771769419523 -18.281301498413086 189440
1771769444246 -17.862171173095703 194560
1771769469263 -17.812881469726562 199680
1771769494491 -17.789386749267578 204800
1771769519981 -17.82408332824707 209920
1771769545097 -18.002971649169922 215040
1771769569813 -17.998920440673828 220160
1771769595455 -18.041051864624023 225280
1771769620634 -17.96245002746582 230400
1771769645349 -17.800100326538086 235520
1771769670081 -17.767314910888672 240640
1771769695303 -17.709157943725586 245760
1771769720380 -17.65884780883789 250880
1771769745185 -17.499622344970703 256000
1771769770373 -17.577905654907227 261120
1771769795475 -17.618009567260742 266240
1771769820706 -17.542144775390625 271360
1771769845458 -17.476749420166016 276480
1771769870211 -17.623071670532227 281600
1771769895309 -17.592391967773438 286720
1771769920390 -17.64919662475586 291840
1771769945134 -17.838665008544922 296960
1771769955308 -17.865968704223633 300032
