1771768519617 16.411026000976562 5120
1771768544888 15.788908004760742 10240
1771768569699 14.676790237426758 15360
1771768594951 12.90477180480957 20480
1771768619716 13.238753318786621 25600
1771768644785 13.251076698303223 30720
1771768669927 13.621642112731934 35840
1771768694654 13.699319839477539 40960
1771768719401 13.895804405212402 46080
1771768744908 13.98237133026123 51200
1771768769669 14.709291458129883 56320
1771768794897 15.490589141845703 61440
1771768819912 16.166427612304688 66560
1771768844654 16.367469787597656 71680
1771768869775 16.694665908813477 76800
1771768894508 17.21981430053711 81920
1771768919211 17.753190994262695 87040
1771768944408 18.194311141967773 92160
1771768969425 18.46048927307129 97280
1771768994148 18.675519943237305 102400
1771769019665 19.063873291015625 107520
1771769044405 19.332748413085938 112640
1771769069529 19.646686553955078 117760
1771769094269 19.93600845336914 122880
1771769119116 20.190340042114258 128000
1771769144212 20.477336883544922 133120
1771769169368 20.711753845214844 138240
1771769194131 20.82654571533203 143360
1771769219236 20.961240768432617 148480
1771769244226 21.134784698486328 153600
1771769269212 21.308385848999023 158720
1771769294631 21.4949951171875 163840
1771769319374 21.57274627685547 168960
1771769344682 21.698223114013672 174080
1771769369442 21.753664016723633 179200
1771769394325 21.89908790588379 184320
1771769419526 22.066360473632812 189440
1771769444249 22.2096004486084 194560
1771769469267 22.373876571655273 199680
1771769494494 22.483943939208984 204800
1771769519984 22.663244247436523 209920
1771769545100 22.81898307800293 215040
1771769569816 22.916465759277344 220160
1771769595459 22.989797592163086 225280
1771769620637 23.101808547973633 230400
1771769645352 23.172426223754883 235520
1771769670084 23.289358139038086 240640
1771769695307 23.34372901916504 245760
1771769720383 23.40126609802246 250880
1771769745188 23.477985382080078 256000
1771769770376 23.542062759399414 261120
1771769795479 23.661958694458008 266240
1771769820709 23.72093391418457 271360
1771769845461 23.774133682250977 276480
1771769870214 23.878637313842773 281600
1771769895312 23.962486267089844 286720
1771769920393 24.04952049255371 291840
1771769945137 24.155834197998047 296960
1771769955311 24.173458099365234 300032
