1771224740683 25.0896053314209 5120
1771224761172 25.715801239013672 10240
1771224789839 26.367046356201172 15360
1771224810691 26.728010177612305 20480
1771224838326 26.7751407623291 25600
1771224860494 26.95997428894043 30720
1771224886565 26.92743682861328 35840
1771224909700 27.044580459594727 40960
1771224934643 27.12557601928711 46080
1771224958557 27.286087036132812 51200
1771224982970 27.304031372070312 56320
1771225007480 27.339319229125977 61440
1771225031238 27.31996726989746 66560
1771225055783 27.331241607666016 71680
1771225079779 27.34084701538086 76800
1771225104689 27.358675003051758 81920
1771225128488 27.38107681274414 87040
1771225153929 27.411205291748047 92160
1771225176556 27.460817337036133 97280
1771225202859 27.51815414428711 102400
1771225225657 27.485000610351562 107520
1771225252087 27.508649826049805 112640
1771225274887 27.4766902923584 117760
1771225301374 27.559385299682617 122880
1771225324312 27.611431121826172 128000
1771225350228 27.622356414794922 133120
1771225374319 27.637523651123047 138240
1771225399156 27.619070053100586 143360
1771225423340 27.598430633544922 148480
1771225448506 27.590532302856445 153600
1771225472794 27.604877471923828 158720
1771225497676 27.630352020263672 163840
1771225522253 27.631086349487305 168960
1771225546408 27.617094039916992 174080
1771225571788 27.599523544311523 179200
1771225595622 27.58755874633789 184320
1771225620531 27.614727020263672 189440
1771225644454 27.62093162536621 194560
1771225668805 27.64263153076172 199680
1771225692848 27.621767044067383 204800
1771225717148 27.638425827026367 209920
1771225742112 27.649240493774414 215040
1771225765406 27.633098602294922 220160
1771225791372 27.622081756591797 225280
1771225813986 27.60924530029297 230400
1771225840409 27.61567497253418 235520
1771225862327 27.612699508666992 240640
1771225889405 27.62895393371582 245760
1771225910702 27.63953971862793 250880
1771225939226 27.63532066345215 256000
1771225959878 27.62493133544922 261120
1771225988103 27.6240234375 266240
1771226009054 27.637475967407227 271360
1771226036351 27.631797790527344 276480
1771226058561 27.613290786743164 281600
1771226084844 27.597898483276367 286720
1771226108291 27.584726333618164 291840
1771226133738 27.58182716369629 296960
1771226144777 27.593992233276367 300032
