1771224740683 0.0 5120
1771224761172 0.0 10240
1771224789839 0.0 15360
1771224810691 0.0 20480
1771224838326 0.0 25600
1771224860494 0.0 30720
1771224886565 0.0 35840
1771224909700 0.0 40960
1771224934643 0.0 46080
1771224958557 0.0 51200
1771224982970 0.0 56320
1771225007480 0.0 61440
1771225031238 0.0 66560
1771225055783 0.0 71680
1771225079779 0.0 76800
1771225104689 0.0 81920
1771225128488 0.0 87040
1771225153929 0.0 92160
1771225176556 0.0 97280
1771225202859 0.0 102400
1771225225657 0.0 107520
1771225252087 0.0 112640
1771225274887 0.0 117760
1771225301374 0.0 122880
1771225324312 0.0 128000
1771225350228 0.0 133120
1771225374319 0.0 138240
1771225399156 0.0 143360
1771225423340 0.0 148480
1771225448506 0.0 153600
1771225472794 0.0 158720
1771225497676 0.0 163840
1771225522253 0.0 168960
1771225546408 0.0 174080
1771225571788 0.0 179200
1771225595622 0.0 184320
1771225620531 0.0 189440
1771225644454 0.0 194560
1771225668805 0.0 199680
1771225692848 0.0 204800
1771225717148 0.0 209920
1771225742112 0.0 215040
1771225765406 0.0 220160
1771225791372 0.0 225280
1771225813986 0.0 230400
1771225840409 0.0 235520
1771225862327 0.0 240640
1771225889405 0.0 245760
1771225910702 0.0 250880
1771225939226 0.0 256000
1771225959878 0.0 261120
1771225988103 0.0 266240
1771226009054 0.0 271360
1771226036351 0.0 276480
1771226058561 0.0 281600
1771226084844 0.0 286720
1771226108291 0.0 291840
1771226133738 0.0 296960
1771226144777 0.0 300032
