1771224740680 -0.85805743932724 5120
1771224761170 -1.2724759578704834 10240
1771224789837 -1.4794731140136719 15360
1771224810688 -1.6812388896942139 20480
1771224838323 -1.6958272457122803 25600
1771224860491 -1.5708115100860596 30720
1771224886563 -1.6199352741241455 35840
1771224909697 -1.7474393844604492 40960
1771224934640 -1.766875982284546 46080
1771224958554 -1.8702888488769531 51200
1771224982968 -1.8753859996795654 56320
1771225007477 -1.8426315784454346 61440
1771225031236 -1.869634985923767 66560
1771225055781 -1.85552179813385 71680
1771225079776 -1.8336082696914673 76800
1771225104686 -1.7356332540512085 81920
1771225128485 -1.737217664718628 87040
1771225153927 -1.6992464065551758 92160
1771225176553 -1.6239235401153564 97280
1771225202857 -1.4784427881240845 102400
1771225225655 -1.5335056781768799 107520
1771225252085 -1.4838401079177856 112640
1771225274885 -1.43227219581604 117760
1771225301372 -1.4096306562423706 122880
1771225324310 -1.3138339519500732 128000
1771225350226 -1.222283959388733 133120
1771225374317 -1.168729543685913 138240
1771225399154 -1.111045002937317 143360
1771225423338 -1.0820014476776123 148480
1771225448503 -1.034961223602295 153600
1771225472792 -0.9258460998535156 158720
1771225497674 -0.9457558393478394 163840
1771225522250 -0.8107846975326538 168960
1771225546406 -0.7193250060081482 174080
1771225571785 -0.7805143594741821 179200
1771225595620 -0.673391580581665 184320
1771225620529 -0.5449045896530151 189440
1771225644452 -0.5874204039573669 194560
1771225668802 -0.4970415532588959 199680
1771225692845 -0.4965600371360779 204800
1771225717146 -0.3992685377597809 209920
1771225742110 -0.2786312401294708 215040
1771225765404 -0.2644674479961395 220160
1771225791369 -0.2457130402326584 225280
1771225813984 -0.34776198863983154 230400
1771225840407 -0.15080001950263977 235520
1771225862324 -0.13274787366390228 240640
1771225889403 -0.1138894185423851 245760
1771225910699 -0.1524435132741928 250880
1771225939223 -0.1583678275346756 256000
1771225959876 0.10195446014404297 261120
1771225988101 0.12013919651508331 266240
1771226009052 0.1591048538684845 271360
1771226036348 0.13476184010505676 276480
1771226058559 0.14346295595169067 281600
1771226084842 0.2584494948387146 286720
1771226108289 0.2230398952960968 291840
1771226133736 0.2606310248374939 296960
1771226144775 0.265491783618927 300032
