1771224740683 1.1360021829605103 5120
1771224761172 1.1212202310562134 10240
1771224789839 1.1312297582626343 15360
1771224810691 1.142203688621521 20480
1771224838326 1.1415090560913086 25600
1771224860494 1.1546862125396729 30720
1771224886565 1.1518518924713135 35840
1771224909700 1.1518933773040771 40960
1771224934643 1.1441713571548462 46080
1771224958557 1.1464813947677612 51200
1771224982970 1.1371515989303589 56320
1771225007480 1.1358931064605713 61440
1771225031238 1.1360397338867188 66560
1771225055783 1.1365267038345337 71680
1771225079779 1.1373199224472046 76800
1771225104689 1.1364948749542236 81920
1771225128488 1.1367965936660767 87040
1771225153929 1.137563943862915 92160
1771225176556 1.139354944229126 97280
1771225202859 1.1409615278244019 102400
1771225225657 1.1411579847335815 107520
1771225252087 1.141587257385254 112640
1771225274887 1.14251708984375 117760
1771225301374 1.1532092094421387 122880
1771225324312 1.1563329696655273 128000
1771225350228 1.1591534614562988 133120
1771225374319 1.1606998443603516 138240
1771225399156 1.1609522104263306 143360
1771225423340 1.1599911451339722 148480
1771225448506 1.1583486795425415 153600
1771225472794 1.1589733362197876 158720
1771225497676 1.1610949039459229 163840
1771225522253 1.1613651514053345 168960
1771225546408 1.1610891819000244 174080
1771225571788 1.1589150428771973 179200
1771225595622 1.157623529434204 184320
1771225620531 1.1569128036499023 189440
1771225644454 1.1541250944137573 194560
1771225668805 1.1541271209716797 199680
1771225692848 1.1524945497512817 204800
1771225717148 1.1526539325714111 209920
1771225742112 1.151362657546997 215040
1771225765406 1.1495698690414429 220160
1771225791372 1.148236870765686 225280
1771225813986 1.1458706855773926 230400
1771225840409 1.1461987495422363 235520
1771225862327 1.1462072134017944 240640
1771225889405 1.14597749710083 245760
1771225910702 1.1450682878494263 250880
1771225939226 1.1450780630111694 256000
1771225959878 1.1449528932571411 261120
1771225988103 1.1446385383605957 266240
1771226009054 1.1448891162872314 271360
1771226036351 1.1441142559051514 276480
1771226058561 1.1425889730453491 281600
1771226084844 1.1411360502243042 286720
1771226108291 1.140394926071167 291840
1771226133738 1.1379514932632446 296960
1771226144777 1.1387991905212402 300032
