1771224740683 0.3128821551799774 5120
1771224761172 0.293743371963501 10240
1771224789839 0.2859616279602051 15360
1771224810691 0.2858473062515259 20480
1771224838326 0.2814788818359375 25600
1771224860494 0.28323593735694885 30720
1771224886565 0.2798248827457428 35840
1771224909700 0.27901384234428406 40960
1771224934643 0.2769469618797302 46080
1771224958557 0.27646782994270325 51200
1771224982970 0.2739112675189972 56320
1771225007480 0.27298417687416077 61440
1771225031238 0.2733025848865509 66560
1771225055783 0.27253174781799316 71680
1771225079779 0.272739440202713 76800
1771225104689 0.27259671688079834 81920
1771225128488 0.2726425528526306 87040
1771225153929 0.272659569978714 92160
1771225176556 0.27295956015586853 97280
1771225202859 0.27354535460472107 102400
1771225225657 0.27311286330223083 107520
1771225252087 0.2731019854545593 112640
1771225274887 0.27298951148986816 117760
1771225301374 0.27602288126945496 122880
1771225324312 0.27719008922576904 128000
1771225350228 0.27762019634246826 133120
1771225374319 0.2778202295303345 138240
1771225399156 0.2773910164833069 143360
1771225423340 0.2773435711860657 148480
1771225448506 0.2772415578365326 153600
1771225472794 0.27742233872413635 158720
1771225497676 0.2776566445827484 163840
1771225522253 0.277452677488327 168960
1771225546408 0.27720651030540466 174080
1771225571788 0.27663567662239075 179200
1771225595622 0.2764047384262085 184320
1771225620531 0.2761836647987366 189440
1771225644454 0.27560096979141235 194560
1771225668805 0.2754187285900116 199680
1771225692848 0.27512356638908386 204800
1771225717148 0.27511364221572876 209920
1771225742112 0.27479657530784607 215040
1771225765406 0.27434056997299194 220160
1771225791372 0.27414825558662415 225280
1771225813986 0.2737523913383484 230400
1771225840409 0.2740813195705414 235520
1771225862327 0.2738894820213318 240640
1771225889405 0.2736060321331024 245760
1771225910702 0.2735949456691742 250880
1771225939226 0.2734740376472473 256000
1771225959878 0.27352452278137207 261120
1771225988103 0.2733558714389801 266240
1771226009054 0.2732720971107483 271360
1771226036351 0.2730490565299988 276480
1771226058561 0.2726265788078308 281600
1771226084844 0.2722957730293274 286720
1771226108291 0.2720610797405243 291840
1771226133738 0.2714936137199402 296960
1771226144777 0.271616131067276 300032
