1771224740683 2.1119613647460938 5120
1771224761172 1.9317866563796997 10240
1771224789839 1.835707187652588 15360
1771224810691 1.8257182836532593 20480
1771224838326 1.7800534963607788 25600
1771224860494 1.789751410484314 30720
1771224886565 1.7565841674804688 35840
1771224909700 1.739535927772522 40960
1771224934643 1.712762713432312 46080
1771224958557 1.7029781341552734 51200
1771224982970 1.6749907732009888 56320
1771225007480 1.6636838912963867 61440
1771225031238 1.6653475761413574 66560
1771225055783 1.658125400543213 71680
1771225079779 1.6588276624679565 76800
1771225104689 1.6561384201049805 81920
1771225128488 1.6535892486572266 87040
1771225153929 1.6519612073898315 92160
1771225176556 1.6539688110351562 97280
1771225202859 1.6575809717178345 102400
1771225225657 1.6549904346466064 107520
1771225252087 1.6548460721969604 112640
1771225274887 1.6549725532531738 117760
1771225301374 1.6855312585830688 122880
1771225324312 1.6972270011901855 128000
1771225350228 1.7010223865509033 133120
1771225374319 1.7021673917770386 138240
1771225399156 1.7001523971557617 143360
1771225423340 1.7003675699234009 148480
1771225448506 1.6982923746109009 153600
1771225472794 1.6992089748382568 158720
1771225497676 1.70150887966156 163840
1771225522253 1.6998555660247803 168960
1771225546408 1.6975739002227783 174080
1771225571788 1.6924601793289185 179200
1771225595622 1.6900557279586792 184320
1771225620531 1.6865692138671875 189440
1771225644454 1.6793546676635742 194560
1771225668805 1.6755279302597046 199680
1771225692848 1.6725536584854126 204800
1771225717148 1.6716718673706055 209920
1771225742112 1.667566180229187 215040
1771225765406 1.6635249853134155 220160
1771225791372 1.6617170572280884 225280
1771225813986 1.657879114151001 230400
1771225840409 1.6603796482086182 235520
1771225862327 1.6585415601730347 240640
1771225889405 1.654597282409668 245760
1771225910702 1.6533210277557373 250880
1771225939226 1.6526150703430176 256000
1771225959878 1.652769684791565 261120
1771225988103 1.6507079601287842 266240
1771226009054 1.6492526531219482 271360
1771226036351 1.647106409072876 276480
1771226058561 1.6433831453323364 281600
1771226084844 1.640098214149475 286720
1771226108291 1.6378403902053833 291840
1771226133738 1.63165283203125 296960
1771226144777 1.632248878479004 300032
