1760108303094 23.20152091254753 5120
1760108333570 22.381237524950098 10240
1760108352929 22.31967213114754 15360
1760108374315 22.22567287784679 20480
1760108401816 22.139883430474605 25600
1760108421968 22.018055555555556 30720
1760108443225 22.197225572979495 35840
1760108464498 22.3776 40960
1760108491260 22.288352272727273 46080
1760108511106 22.323491655969192 51200
1760108532246 22.285492026448853 56320
1760108552179 22.239045244032773 61440
1760108577524 22.17629678266579 66560
1760108598125 22.121156773211567 71680
1760108619785 22.07891001986943 76800
1760108638841 22.017259691980883 81920
1760108665546 21.989752561859536 87040
1760108685876 21.968860580325547 92160
1760108707114 21.959776536312848 97280
1760108727171 21.933389902418327 102400
1760108753567 21.91498384491115 107520
1760108774127 21.923774604399846 112640
1760108794301 21.902618959793433 117760
1760108814421 21.9325305471932 122880
1760108839732 22.060554225111186 128000
1760108862063 22.195961602118505 133120
1760108883097 22.32857601026299 138240
1760108904824 22.49415432579891 143360
1760108927768 22.62388375964886 148480
1760108948600 22.685353683592602 153600
1760108970380 22.721582017356667 158720
1760108992193 22.747032845707977 163840
1760109016726 22.773415516548305 168960
1760109037117 22.80046887210211 174080
1760109059418 22.82127929069031 179200
1760109081215 22.852034525277436 184320
1760109103902 22.88856833754057 189440
1760109125461 22.909538317318958 194560
1760109145462 22.922997829315662 199680
1760109173626 22.95415504740658 204800
1760109199010 22.985068119891007 209920
1760109223883 23.00702875399361 215040
1760109246877 23.029993751301813 220160
1760109277080 23.052476054615855 225280
1760109300218 23.074606024336724 230400
1760109328121 23.102969910121143 235520
1760109351707 23.137316862970412 240640
1760109381335 23.15625 245760
1760109405000 23.169273229070836 250880
1760109431866 23.188396643508074 256000
1760109456556 23.21731041814316 261120
1760109485006 23.230809354081543 266240
1760109508173 23.245326504481433 271360
1760109533683 23.26064721663313 276480
1760109561364 23.276194398682044 281600
1760109586960 23.294470083394057 286720
1760109613168 23.310380512657222 291840
1760109636695 23.321643835616438 296960
1760109648171 23.32760497667185 300032
