1760108303094 18.832699619771862 5120
1760108333570 18.322111392449475 10240
1760108352929 18.145601366387037 15360
1760108374315 18.058723781419836 20480
1760108401816 18.208066154181413 25600
1760108421968 18.03262299431695 30720
1760108443225 17.741369010455934 35840
1760108464498 17.46803798828125 40960
1760108491260 17.27410752845533 46080
1760108511106 17.40142589825364 51200
1760108532246 17.45987806168107 56320
1760108552179 17.48184129085072 61440
1760108577524 17.446496353600264 66560
1760108598125 17.430585915204052 71680
1760108619785 17.42368348051532 76800
1760108638841 17.50744082733981 81920
1760108665546 17.44595996691745 87040
1760108685876 17.490334833194186 92160
1760108707114 17.50270929261959 97280
1760108727171 17.470250061320005 102400
1760108753567 17.458805916189956 107520
1760108774127 17.432492773305583 112640
1760108794301 17.414670307492912 117760
1760108814421 17.513098358537995 122880
1760108839732 17.671150074403172 128000
1760108862063 17.807450305543487 133120
1760108883097 17.936302346553155 138240
1760108904824 18.059202094014882 143360
1760108927768 18.18342036285793 148480
1760108948600 18.333850651218423 153600
1760108970380 18.46875207531688 158720
1760108992193 18.531869305519315 163840
1760109016726 18.573094183584328 168960
1760109037117 18.63221544771028 174080
1760109059418 18.6946530961175 179200
1760109081215 18.71150261329811 184320
1760109103902 18.7543403780479 189440
1760109125461 18.77601042435268 194560
1760109145462 18.804692443896467 199680
1760109173626 18.83944164644189 204800
1760109199010 18.883023052995146 209920
1760109223883 18.941304537739615 215040
1760109246877 18.968544214523178 220160
1760109277080 18.976466767968194 225280
1760109300218 18.999007067707943 230400
1760109328121 19.021215071385612 235520
1760109351707 19.04503492125033 240640
1760109381335 19.04593767847743 245760
1760109405000 19.04838416863716 250880
1760109431866 19.074613003075516 256000
1760109456556 19.093987944107543 261120
1760109485006 19.127963943169718 266240
1760109508173 19.14102322639078 271360
1760109533683 19.1500808183656 276480
1760109561364 19.16229183190737 281600
1760109586960 19.17385590239562 286720
1760109613168 19.175558920138922 291840
1760109636695 19.177255405493213 296960
1760109648171 19.188136687805272 300032
