1760108303094 4.927756653992396 5120
1760108333570 4.700598802395209 10240
1760108352929 4.740437158469946 15360
1760108374315 4.645962732919255 20480
1760108401816 4.634471273938384 25600
1760108421968 4.543055555555555 30720
1760108443225 4.479493365500603 35840
1760108464498 4.428266666666667 40960
1760108491260 4.3612689393939394 46080
1760108511106 4.39880188275567 51200
1760108532246 4.403733955659277 56320
1760108552179 4.378339864624154 61440
1760108577524 4.35817465528562 66560
1760108598125 4.335159817351598 71680
1760108619785 4.317059324439398 76800
1760108638841 4.316781731279873 81920
1760108665546 4.295676080979755 87040
1760108685876 4.291342297711725 92160
1760108707114 4.27463687150838 97280
1760108727171 4.265379719983029 102400
1760108753567 4.260500807754442 107520
1760108774127 4.247973755306831 112640
1760108794301 4.242530431575065 117760
1760108814421 4.2840446254648485 122880
1760108839732 4.362983236400958 128000
1760108862063 4.431976166832174 133120
1760108883097 4.497754971135343 138240
1760108904824 4.56601714731099 143360
1760108927768 4.622975631905555 148480
1760108948600 4.680510713237452 153600
1760108970380 4.7372314696258355 158720
1760108992193 4.762903670990892 163840
1760109016726 4.784805038188396 168960
1760109037117 4.810237040896067 174080
1760109059418 4.827232425585814 179200
1760109081215 4.841923551171393 184320
1760109103902 4.861642024281765 189440
1760109125461 4.870517928286852 194560
1760109145462 4.879812635667771 199680
1760109173626 4.891132180702733 204800
1760109199010 4.906267029972752 209920
1760109223883 4.919595314164004 215040
1760109246877 4.928348260779004 220160
1760109277080 4.935398410434074 225280
1760109300218 4.945940554558149 230400
1760109328121 4.9592614302461895 235520
1760109351707 4.9680168533946185 240640
1760109381335 4.971753003003003 245760
1760109405000 4.974609015639374 250880
1760109431866 4.9824957141568165 256000
1760109456556 4.99326718639263 261120
1760109485006 5.006259236720855 266240
1760109508173 5.01280409731114 271360
1760109533683 5.022719651240778 276480
1760109561364 5.028747940691927 281600
1760109586960 5.038701319731196 286720
1760109613168 5.0436236268110175 291840
1760109636695 5.046888454011742 296960
1760109648171 5.051632970451011 300032
