1760108303090 96.28797061524334 5120
1760108333566 135.7292084654715 10240
1760108352922 153.78960877057895 15360
1760108374311 54.37050672128385 20480
1760108401811 35.41619029122934 25600
1760108421961 32.92206497594211 30720
1760108443219 96.78567472770906 35840
1760108464494 59.21314622921196 40960
1760108491256 80.58840256696 46080
1760108511098 154.9257193513833 51200
1760108532241 132.37506706643524 56320
1760108552175 80.70780657699783 61440
1760108577517 30.410475410192642 66560
1760108598121 73.27959187239024 71680
1760108619778 67.27031275060145 76800
1760108638837 61.585845385801335 81920
1760108665540 83.64685000897434 87040
1760108685871 120.69592241949871 92160
1760108707109 129.29819044976725 97280
1760108727166 128.14860983806906 102400
1760108753562 140.63990879522515 107520
1760108774123 143.7784176607706 112640
1760108794297 40.38265424016021 117760
1760108814417 58.398596530311046 122880
1760108839727 56.87114750986427 128000
1760108862056 112.37853334405058 133120
1760108883093 193.9652238253792 138240
1760108904818 65.7692753986797 143360
1760108927763 213.34201424211597 148480
1760108948594 61.38395117739174 153600
1760108970371 125.00533484338212 158720
1760108992183 81.90400312438977 163840
1760109016721 108.2261385627661 168960
1760109037111 130.42801169226942 174080
1760109059413 119.28513736419998 179200
1760109081209 94.39402259530989 184320
1760109103896 86.3505239536368 189440
1760109125455 108.66072538860104 194560
1760109145456 84.1486237059626 199680
1760109173617 65.23124776435093 204800
1760109199003 72.04603466341446 209920
1760109223876 102.28762346055359 215040
1760109246871 115.5423817525688 220160
1760109277072 70.1529403893758 225280
1760109300207 93.54768489606566 230400
1760109328114 109.27789067792195 235520
1760109351699 62.248501038883944 240640
1760109381325 47.71351216071713 245760
1760109404991 70.30463132134297 250880
1760109431855 72.59344387136973 256000
1760109456548 27.42576160802443 261120
1760109484996 137.9750649692424 266240
1760109508163 29.556293117420317 271360
1760109533674 62.77864423523073 276480
1760109561357 68.58817373103088 281600
1760109586952 80.01495640893569 286720
1760109613161 55.796094290427284 291840
1760109636687 72.34302666528683 296960
1760109648163 77.73419574846638 300032
