1760108303094 28.745108368732176 5120
1760108333570 26.428345457522454 10240
1760108352929 26.648382551683103 15360
1760108374315 25.73497770637212 20480
1760108401816 25.688379038382728 25600
1760108421968 24.698693169487846 30720
1760108443225 23.812485532680093 35840
1760108464498 23.151814225260416 40960
1760108491260 22.430554765643496 46080
1760108511106 22.83449631814626 51200
1760108532246 22.88053551595622 56320
1760108552179 22.64346447201611 61440
1760108577524 22.446565684408085 66560
1760108598125 22.222209309152635 71680
1760108619785 22.053937753357403 76800
1760108638841 22.086683859802342 81920
1760108665546 21.873022085665106 87040
1760108685876 21.80737720803569 92160
1760108707114 21.64041131557699 97280
1760108727171 21.53267383858669 102400
1760108753567 21.457558713552448 107520
1760108774127 21.316610674193722 112640
1760108794301 21.26079335031541 117760
1760108814421 21.726455723603934 122880
1760108839732 22.504318785430875 128000
1760108862063 23.16802890629849 133120
1760108883097 23.8083369932242 138240
1760108904824 24.44948626761314 143360
1760108927768 24.98839407312143 148480
1760108948600 25.573416165462994 153600
1760108970380 26.16420003533075 158720
1760108992193 26.438105103853097 163840
1760109016726 26.637195328006186 168960
1760109037117 26.894068351044076 174080
1760109059418 27.06488279858445 179200
1760109081215 27.20946822348711 184320
1760109103902 27.402778641079063 189440
1760109125461 27.48126756387822 194560
1760109145462 27.58136832857083 199680
1760109173626 27.691441509461708 204800
1760109199010 27.82774714082723 209920
1760109223883 27.95385057735748 215040
1760109246877 28.027926368133347 220160
1760109277080 28.096444546046705 225280
1760109300218 28.207153131594183 230400
1760109328121 28.339673780565757 235520
1760109351707 28.40566636410342 240640
1760109381335 28.431658398281705 245760
1760109405000 28.453648105540623 250880
1760109431866 28.52877060579477 256000
1760109456556 28.628025749741845 261120
1760109485006 28.75301776744382 266240
1760109508173 28.80221621960694 271360
1760109533683 28.894975310440113 276480
1760109561364 28.944769035728996 281600
1760109586960 29.039750495832195 286720
1760109613168 29.078634785914986 291840
1760109636695 29.11116488044276 296960
1760109648171 29.154131434605244 300032
