1771749031030 565.0 8192
1771749032553 944.0 16384
1771749057802 1358.0 24576
1771749059766 1772.0 32768
1771749085155 2184.0 40960
1771749087488 2596.0 49152
1771749112430 3010.0 57344
1771749115301 3421.0 65536
1771749139241 3838.0 73728
1771749142702 4245.0 81920
1771749166000 4653.0 90112
1771749170058 5063.0 98304
1771749193439 5475.0 106496
1771749198173 5885.0 114688
1771749221163 6296.0 122880
1771749225293 6705.0 131072
1771749247995 7121.0 139264
1771749253775 7530.0 147456
1771749275912 7945.0 155648
1771749281061 8353.0 163840
1771749303526 8761.0 172032
1771749308995 9172.0 180224
1771749330808 9582.0 188416
1771749336696 9992.0 196608
1771749358300 10405.0 204800
1771749364008 10820.0 212992
1771749385600 11221.0 221184
1771749391959 11627.0 229376
1771749412901 12032.0 237568
1771749419490 12432.0 245760
1771749440353 12822.0 253952
1771749447607 13218.0 262144
1771749468182 13610.0 270336
1771749474831 14010.0 278528
1771749495702 14423.0 286720
1771749502664 14835.0 294912
1771749520619 15039.0 303104
