1758840471347 62.08908560685684 5120
1758840484329 89.04158794183208 10240
1758840494270 114.57029692152203 15360
1758840506727 157.38476547842401 20480
1758840517444 147.48941557071524 25600
1758840529793 112.4991014671566 30720
1758840540029 63.145356277193144 35840
1758840553076 148.51825360291775 40960
1758840562918 103.81940594059407 46080
1758840576436 113.06620659909424 51200
1758840586262 96.49620392950813 56320
1758840599171 192.34632669907364 61440
1758840609279 104.03313738621425 66560
1758840621963 137.99322256950157 71680
1758840633181 104.89693635113167 76800
1758840645022 132.60524818210558 81920
1758840656013 53.29280967688652 87040
1758840667524 74.54022641241181 92160
1758840678021 48.9337097790326 97280
1758840690614 119.91605912456757 102400
1758840702352 151.46813043949297 107520
1758840715769 78.92783349955778 112640
1758840726212 54.543733257041794 117760
1758840739472 55.83323127712255 122880
1758840750868 69.85035055872899 128000
1758840763952 41.089206293226745 133120
1758840775113 49.41800787049037 138240
1758840787900 89.92740292875366 143360
1758840799792 161.77983491475737 148480
1758840812240 57.29062572564232 153600
1758840823794 76.01406357606292 158720
1758840836442 96.0058597326497 163840
1758840848646 97.20512642239682 168960
1758840860656 152.08325174951958 174080
1758840872909 135.57127157540887 179200
1758840884146 86.28302236119397 184320
1758840897216 104.37226894938536 189440
1758840908677 66.60162601626017 194560
1758840922311 66.98133154473882 199680
1758840933631 108.09504664708005 204800
1758840945772 121.72927791966566 209920
1758840957777 50.549008737571555 215040
1758840969780 37.82366467973055 220160
1758840982063 44.80280290972794 225280
1758840993369 112.47195108870535 230400
1758841006513 123.14818403358878 235520
1758841017044 83.31619721107624 240640
1758841031161 126.89247897380045 245760
1758841043237 118.32606426495896 250880
1758841057217 77.94655268537447 256000
1758841068218 132.39178056248224 261120
1758841081622 61.71088910794945 266240
1758841093826 105.72454123815285 271360
1758841105002 79.30689961616277 276480
1758841117021 46.42181689392598 281600
1758841128088 114.74582113643203 286720
1758841139992 47.063554757630165 291840
1758841150677 76.70776715009418 296960
1758841156142 100.2702366722448 300032
