1771080933629 20.791152954101562 6144
1771080950084 21.912004470825195 12288
1771080964412 22.043081283569336 18432
1771080978703 21.978267669677734 24576
1771080992989 22.214147567749023 30720
1771081007288 22.147571563720703 36864
1771081021597 22.239591598510742 43008
1771081035891 22.25703239440918 49152
1771081050191 22.283615112304688 55296
1771081064452 22.33230209350586 61440
1771081078760 22.311647415161133 67584
1771081093051 22.26213836669922 73728
1771081107301 22.248044967651367 79872
1771081121610 22.205835342407227 86016
1771081135880 22.135143280029297 92160
1771081150206 22.100671768188477 98304
1771081164474 22.09197235107422 104448
1771081178788 22.114770889282227 110592
1771081193045 22.13589096069336 116736
1771081207331 22.133289337158203 122880
1771081221637 22.146093368530273 129024
1771081235948 22.125965118408203 135168
1771081250257 22.104578018188477 141312
1771081264542 22.090900421142578 147456
1771081278815 22.06786346435547 153600
1771081293097 22.062808990478516 159744
1771081307392 22.0864200592041 165888
1771081321682 22.08506965637207 172032
1771081335983 22.07247543334961 178176
1771081350251 22.058040618896484 184320
1771081364545 22.066587448120117 190464
1771081378834 22.088857650756836 196608
1771081393113 22.067455291748047 202752
1771081407398 22.04672622680664 208896
1771081421688 22.04178810119629 215040
1771081436001 22.0456485748291 221184
1771081450297 22.037328720092773 227328
1771081464597 22.042739868164062 233472
1771081478847 22.019817352294922 239616
1771081493128 22.008695602416992 245760
1771081507410 22.018564224243164 251904
1771081521696 22.016008377075195 258048
1771081536010 22.02018928527832 264192
1771081550295 22.026729583740234 270336
1771081564588 22.050657272338867 276480
1771081578859 22.052370071411133 282624
1771081593153 22.046470642089844 288768
1771081607441 22.052879333496094 294912
1771081616959 22.03238296508789 301056
