1771080933624 198.35913927642468 6144
1771080950078 198.87643432906592 12288
1771080964406 201.43617327826337 18432
1771080978697 174.08807537459012 24576
1771080992983 175.85442958366525 30720
1771081007282 199.57670346402742 36864
1771081021591 199.1691913196258 43008
1771081035885 190.40784456146721 49152
1771081050185 199.8143966461817 55296
1771081064446 192.0205100032047 61440
1771081078754 203.81476262209048 67584
1771081093045 204.5403296596118 73728
1771081107295 198.8010237937245 79872
1771081121604 201.5135966176612 86016
1771081135873 200.18633066055747 92160
1771081150199 175.01790110577926 98304
1771081164467 199.3964345139054 104448
1771081178782 206.0171914141166 110592
1771081193038 178.2837711468163 116736
1771081207324 199.1597340930674 122880
1771081221631 203.38977790708952 129024
1771081235941 174.93030821203652 135168
1771081250250 220.6483244778789 141312
1771081264535 173.9725413745904 147456
1771081278808 180.81234642410658 153600
1771081293089 197.48123734639108 159744
1771081307384 171.27297970517375 165888
1771081321674 176.68410632292853 172032
1771081335975 171.34994689108586 178176
1771081350243 199.97635167350052 184320
1771081364538 187.5387435725464 190464
1771081378826 200.5404733444896 196608
1771081393105 176.3943140718311 202752
1771081407390 201.05958487129092 208896
1771081421680 172.81845900288423 215040
1771081435993 177.28903542142194 221184
1771081450289 170.41010847925892 227328
1771081464589 172.7472817133443 233472
1771081478839 196.70327815035407 239616
1771081493120 196.92492605286634 245760
1771081507402 197.51843654344242 251904
1771081521688 173.92925565001036 258048
1771081536002 173.49758014477766 264192
1771081550286 188.58432624432353 270336
1771081564580 198.66919287608943 276480
1771081578851 195.2473698910716 282624
1771081593145 202.83895928039462 288768
1771081607433 198.537536684654 294912
1771081616951 188.78804519061978 301056
