1771642913278 0.0 5120
1771642922402 0.0 10240
1771642927953 0.0 15360
1771642934098 0.0 20480
1771642940687 0.0 25600
1771642949204 0.0 30720
1771642955446 0.0 35840
1771642961550 0.0 40960
1771642967800 0.0 46080
1771642975966 0.0 51200
1771642982343 0.0 56320
1771642988388 0.0 61440
1771642995436 0.0 66560
1771643003007 0.0 71680
1771643009572 0.0 76800
1771643015731 0.0 81920
1771643022144 0.0 87040
1771643029888 0.0 92160
1771643036636 0.0 97280
1771643043274 0.0 102400
1771643049446 0.0 107520
1771643057131 0.0 112640
1771643063944 0.0 117760
1771643070520 0.0 122880
1771643077086 0.0 128000
1771643083924 0.0 133120
1771643091507 0.0 138240
1771643098000 0.0 143360
1771643103589 0.0 148480
1771643111099 0.0 153600
1771643118818 0.0 158720
1771643125250 0.0 163840
1771643130992 0.0 168960
1771643138601 0.0 174080
1771643145455 0.0 179200
1771643151795 0.0 184320
1771643158496 0.0 189440
1771643165510 0.0 194560
1771643173069 0.0 199680
1771643178850 0.0 204800
1771643185439 0.0 209920
1771643192844 0.0 215040
1771643199591 0.0 220160
1771643205801 0.0 225280
1771643212609 0.0 230400
1771643220322 0.0 235520
1771643226546 0.0 240640
1771643232866 0.0 245760
1771643239371 0.0 250880
1771643247722 0.0 256000
1771643253763 0.0 261120
1771643259862 0.0 266240
1771643266504 0.0 271360
1771643274841 0.0 276480
1771643281309 0.0 281600
1771643287437 0.0 286720
1771643294288 0.0 291840
1771643302182 0.0 296960
1771643303811 0.0 300032
