1771642913278 21.093103408813477 5120
1771642922402 21.788349151611328 10240
1771642927953 21.65298080444336 15360
1771642934098 21.56726837158203 20480
1771642940687 21.630081176757812 25600
1771642949204 21.472579956054688 30720
1771642955446 21.245532989501953 35840
1771642961550 21.15128517150879 40960
1771642967800 21.111160278320312 46080
1771642975966 20.94662857055664 51200
1771642982343 20.8076229095459 56320
1771642988388 20.695724487304688 61440
1771642995436 20.63317108154297 66560
1771643003007 20.557126998901367 71680
1771643009572 20.505008697509766 76800
1771643015731 20.483814239501953 81920
1771643022144 20.45505142211914 87040
1771643029888 20.43026351928711 92160
1771643036636 20.40087127685547 97280
1771643043274 20.373991012573242 102400
1771643049446 20.353778839111328 107520
1771643057131 20.319026947021484 112640
1771643063944 20.287837982177734 117760
1771643070520 20.263046264648438 122880
1771643077086 20.2340030670166 128000
1771643083924 20.223127365112305 133120
1771643091507 20.2045841217041 138240
1771643098000 20.175098419189453 143360
1771643103589 20.162126541137695 148480
1771643111099 20.15157127380371 153600
1771643118818 20.13628387451172 158720
1771643125250 20.120346069335938 163840
1771643130992 20.116107940673828 168960
1771643138601 20.102996826171875 174080
1771643145455 20.097702026367188 179200
1771643151795 20.088130950927734 184320
1771643158496 20.078975677490234 189440
1771643165510 20.075138092041016 194560
1771643173069 20.078739166259766 199680
1771643178850 20.0722713470459 204800
1771643185439 20.068601608276367 209920
1771643192844 20.068462371826172 215040
1771643199591 20.0736141204834 220160
1771643205801 20.07585906982422 225280
1771643212609 20.075742721557617 230400
1771643220322 20.075794219970703 235520
1771643226546 20.06884765625 240640
1771643232866 20.067745208740234 245760
1771643239371 20.061649322509766 250880
1771643247722 20.05321502685547 256000
1771643253763 20.049644470214844 261120
1771643259862 20.043954849243164 266240
1771643266504 20.045190811157227 271360
1771643274841 20.03704261779785 276480
1771643281309 20.028417587280273 281600
1771643287437 20.022966384887695 286720
1771643294288 20.024274826049805 291840
1771643302182 20.02365493774414 296960
1771643303811 20.02168846130371 300032
