1771642913275 -0.14992548525333405 5120
1771642922399 -0.44935664534568787 10240
1771642927950 -0.5989095568656921 15360
1771642934095 -0.6669062376022339 20480
1771642940684 -0.660140335559845 25600
1771642949200 -0.6929218173027039 30720
1771642955443 -0.8062314987182617 35840
1771642961547 -0.8620918989181519 40960
1771642967797 -0.8935867547988892 46080
1771642975963 -0.8678836822509766 51200
1771642982340 -0.922491729259491 56320
1771642988385 -0.976235032081604 61440
1771642995433 -0.9165811538696289 66560
1771643003003 -0.9983274340629578 71680
1771643009569 -1.038020133972168 76800
1771643015728 -1.0652759075164795 81920
1771643022141 -1.0623918771743774 87040
1771643029885 -1.120978593826294 92160
1771643036633 -1.0860786437988281 97280
1771643043271 -1.1426209211349487 102400
1771643049443 -1.1506813764572144 107520
1771643057128 -1.2183924913406372 112640
1771643063940 -1.2704765796661377 117760
1771643070516 -1.2858712673187256 122880
1771643077083 -1.3356651067733765 128000
1771643083921 -1.375222086906433 133120
1771643091504 -1.3537633419036865 138240
1771643097997 -1.4139968156814575 143360
1771643103585 -1.393552541732788 148480
1771643111096 -1.3995769023895264 153600
1771643118815 -1.3663774728775024 158720
1771643125247 -1.4239833354949951 163840
1771643130989 -1.4563900232315063 168960
1771643138598 -1.4067234992980957 174080
1771643145452 -1.4949774742126465 179200
1771643151792 -1.4034031629562378 184320
1771643158493 -1.4434758424758911 189440
1771643165507 -1.419358730316162 194560
1771643173066 -1.546069860458374 199680
1771643178847 -1.6615822315216064 204800
1771643185436 -1.745469331741333 209920
1771643192841 -1.7771942615509033 215040
1771643199587 -1.863576889038086 220160
1771643205798 -1.8161697387695312 225280
1771643212605 -1.9012727737426758 230400
1771643220319 -1.943044662475586 235520
1771643226542 -1.9716905355453491 240640
1771643232863 -1.9846454858779907 245760
1771643239368 -2.1004879474639893 250880
1771643247716 -2.0456881523132324 256000
1771643253760 -2.0353591442108154 261120
1771643259859 -2.064293384552002 266240
1771643266501 -2.099351406097412 271360
1771643274838 -2.119548797607422 276480
1771643281306 -2.085236072540283 281600
1771643287433 -2.1480555534362793 286720
1771643294285 -2.1584935188293457 291840
1771643302179 -2.2353317737579346 296960
1771643303808 -2.1333141326904297 300032
