1771642913275 101.21389961389961 5120
1771642922399 88.59209192294693 10240
1771642927950 84.71116676428413 15360
1771642934095 71.3984849774449 20480
1771642940684 86.87096640569985 25600
1771642949200 87.24501300052002 30720
1771642955443 80.66744879315318 35840
1771642961547 61.50546968941549 40960
1771642967797 104.90480716322345 46080
1771642975963 95.85227844051373 51200
1771642982340 100.24627151051625 56320
1771642988385 101.15043650219457 61440
1771642995433 2.6543623884998624 66560
1771643003003 91.7068392513556 71680
1771643009569 81.11832282520403 76800
1771643015728 74.02061273471693 81920
1771643022141 95.16935923035034 87040
1771643029885 93.52473967043504 92160
1771643036633 85.51427173381178 97280
1771643043271 89.4041011212005 102400
1771643049443 89.65444712823034 107520
1771643057128 93.26893484545252 112640
1771643063940 4.926164564722574 117760
1771643070516 2.7840863229890185 122880
1771643077083 2.7859966323368726 128000
1771643083921 94.27944614278007 133120
1771643091504 94.6645902453337 138240
1771643097997 99.79547455328463 143360
1771643103585 84.84997572422722 148480
1771643111096 87.97885639971473 153600
1771643118815 95.64244994755325 158720
1771643125247 78.37330194143917 163840
1771643130989 96.72318051840236 168960
1771643138598 2.0353762940978366 174080
1771643145452 78.3630520887826 179200
1771643151792 88.31973046957255 184320
1771643158493 90.11481608800275 189440
1771643165507 80.46163290362185 194560
1771643173066 2.021518892168411 199680
1771643178847 88.44824023112123 204800
1771643185436 77.09409061667127 209920
1771643192841 79.42854978600917 215040
1771643199587 24.870019982330167 220160
1771643205798 80.45082957705955 225280
1771643212605 75.66029295042932 230400
1771643220319 93.92896493035339 235520
1771643226542 100.72292397099082 240640
1771643232863 92.40590438422561 245760
1771643239368 102.42000390701308 250880
1771643247716 88.07677285231306 256000
1771643253760 77.74428174235403 261120
1771643259859 76.16590397326941 266240
1771643266501 94.19898486277681 271360
1771643274838 99.58223129703934 276480
1771643281306 75.07524880074462 281600
1771643287433 76.4073304914927 286720
1771643294285 96.7700436056572 291840
1771643302179 85.49335507541785 296960
1771643303808 94.38340196674092 300032
