1771704510889 16.595088958740234 5120
1771704531833 15.740058898925781 10240
1771704555262 15.421188354492188 15360
1771704576792 15.377035140991211 20480
1771704599837 15.464357376098633 25600
1771704621687 15.280970573425293 30720
1771704643241 15.15622329711914 35840
1771704666243 15.180716514587402 40960
1771704688423 15.255248069763184 46080
1771704710595 15.18165397644043 51200
1771704733153 15.081987380981445 56320
1771704755504 15.108134269714355 61440
1771704778521 15.12904167175293 66560
1771704799841 15.089363098144531 71680
1771704822740 15.096680641174316 76800
1771704845128 15.077567100524902 81920
1771704867364 15.05219554901123 87040
1771704888908 15.085749626159668 92160
1771704911176 15.125564575195312 97280
1771704934222 15.151111602783203 102400
1771704956184 15.116042137145996 107520
1771704978199 15.107711791992188 112640
1771704999986 15.113433837890625 117760
1771705022590 14.902212142944336 122880
1771705044133 15.002707481384277 128000
1771705067116 15.14332389831543 133120
1771705088925 15.306053161621094 138240
1771705112163 15.498929023742676 143360
1771705134272 15.619396209716797 148480
1771705156196 15.721900939941406 153600
1771705178172 15.819568634033203 158720
1771705200428 15.934625625610352 163840
1771705222538 15.992609977722168 168960
1771705245035 16.073427200317383 174080
1771705266838 16.190719604492188 179200
1771705289427 16.28041648864746 184320
1771705310674 16.3448486328125 189440
1771705333804 16.4714412689209 194560
1771705355470 16.573740005493164 199680
1771705377951 16.65387725830078 204800
1771705399396 16.746604919433594 209920
1771705421978 16.854188919067383 215040
1771705444580 16.932498931884766 220160
1771705466617 17.05997657775879 225280
1771705488743 17.15275764465332 230400
1771705510759 17.2257137298584 235520
1771705533518 17.30805015563965 240640
1771705555690 17.376571655273438 245760
1771705578129 17.443347930908203 250880
1771705600237 17.535219192504883 256000
1771705621784 17.60194206237793 261120
1771705643730 17.67759132385254 266240
1771705666090 17.7222957611084 271360
1771705688626 17.78157615661621 276480
1771705710155 17.818254470825195 281600
1771705732818 17.882081985473633 286720
1771705754186 17.963029861450195 291840
1771705777018 18.024641036987305 296960
1771705787468 18.0476131439209 300032
