1758850925931 2.606741573033708 8192
1758850957687 2.5387978142076504 16384
1758850958482 2.3703703703703702 24576
1758850989882 2.295847750865052 32768
1758850990803 2.2618045815801775 40960
1758851021626 2.231798504525777 49152
1758851022972 2.2155201626567265 57344
1758851053328 2.202026221692491 65536
1758851054897 2.1771580345285524 73728
1758851085046 2.146072796934866 81920
1758851087513 2.1355415123120505 90112
1758851117509 2.122624524904981 98304
1758851120198 2.121554116558742 106496
1758851150159 2.1139958734525446 114688
1758851152152 2.113431876606684 122880
1758851181600 2.1160754716981134 131072
1758851184907 2.1140176286607906 139264
1758851214518 2.1097675668413274 147456
1758851217419 2.1037952114111054 155648
1758851246375 2.099636803874092 163840
1758851249540 2.103129691650306 172032
1758851280603 2.112781954887218 180224
1758851283590 2.1128417037507945 188416
1758851313931 2.1092590710438053 196608
1758851317124 2.108561944742751 204800
1758851348392 2.1068444277532627 212992
1758851352426 2.105734442836469 221184
1758851383283 2.1060804326965017 229376
1758851387889 2.1066374663072778 237568
1758851417797 2.1039902280130294 245760
1758851422373 2.1049562682215743 253952
1758851451332 2.1009006258586473 262144
1758851456440 2.100244317761161 270336
1758851485228 2.100632547441058 278528
1758851490089 2.101242843178327 286720
1758851519801 2.0998031095118472 294912
1758851520237 2.1003348961821837 303104
