1760395388585 435.94302188648896 5120
1760395432166 425.11958749383626 10240
1760395476383 408.2204170395099 15360
1760395520184 386.1278190756023 20480
1760395563731 370.87055584016395 25600
1760395608019 357.8576799931417 30720
1760395652593 347.2150365034605 35840
1760395696417 337.24051819078323 40960
1760395741707 328.44780982393917 46080
1760395786681 322.5165807909795 51200
1760395830998 319.7964916067517 56320
1760395875098 315.9404856230294 61440
1760395920891 312.22057461726837 66560
1760395965818 308.53720061487945 71680
1760396011283 304.929463578951 76800
1760396056044 302.31089986421597 81920
1760396100904 300.006994619038 87040
1760396145168 295.1151343949673 92160
1760396191046 289.8017399440356 97280
1760396237959 284.9669350424966 102400
1760396283208 280.0487653980377 107520
1760396327854 274.89566357623784 112640
1760396373475 269.9174744632828 117760
1760396419737 264.8950293422484 122880
1760396464501 260.14304443048763 128000
1760396509127 256.0242378230122 133120
1760396553754 251.93538023698312 138240
1760396598512 248.32871480722673 143360
1760396643194 244.90072653152058 148480
1760396687966 241.410628968501 153600
1760396731891 237.96086816814284 158720
1760396776333 234.762582957241 163840
1760396821055 231.50410940731751 168960
1760396865460 228.93251859839128 174080
1760396910092 226.5165445754338 179200
1760396954982 223.76418570943017 184320
1760396999548 221.1022091124686 189440
1760397044821 218.51433652465107 194560
1760397088926 216.08112206586932 199680
1760397132957 213.73398251203338 204800
1760397178833 211.32625579833984 209920
1760397224892 209.16691537936964 215040
1760397270650 206.88323152798503 220160
1760397317342 204.8039445427744 225280
1760397363608 202.70797590655718 230400
1760397409587 200.76586235604714 235520
1760397455763 198.88009295496613 240640
1760397503984 197.17591441301943 245760
1760397551281 195.3744710576865 250880
1760397598547 194.27244246504316 256000
1760397646080 193.03824247756808 261120
1760397692535 191.43347879509236 266240
1760397740686 189.87205349345348 271360
1760397788258 188.32183719735644 276480
1760397834455 186.80736041457538 281600
1760397880108 185.39466724120552 286720
1760397925757 184.04430693466298 291840
1760397970567 182.68039081668974 296960
1760397988271 182.15531557821876 300032
