1760395388585 0.0 5120
1760395432166 0.0 10240
1760395476383 0.0 15360
1760395520184 0.0 20480
1760395563731 0.0 25600
1760395608019 0.0 30720
1760395652593 0.0 35840
1760395696417 0.0 40960
1760395741707 0.0 46080
1760395786681 0.0 51200
1760395830998 0.0 56320
1760395875098 0.0 61440
1760395920891 0.0 66560
1760395965818 0.0 71680
1760396011283 0.0 76800
1760396056044 0.0 81920
1760396100904 0.0 87040
1760396145168 0.0 92160
1760396191046 0.0 97280
1760396237959 0.0 102400
1760396283208 0.0 107520
1760396327854 0.0 112640
1760396373475 0.0 117760
1760396419737 0.0 122880
1760396464501 0.0 128000
1760396509127 0.0 133120
1760396553754 0.0 138240
1760396598512 0.0 143360
1760396643194 0.0 148480
1760396687966 0.0 153600
1760396731891 0.0 158720
1760396776333 0.0 163840
1760396821055 0.0 168960
1760396865460 0.0 174080
1760396910092 0.0 179200
1760396954982 0.0 184320
1760396999548 0.0 189440
1760397044821 0.0 194560
1760397088926 0.0 199680
1760397132957 0.0 204800
1760397178833 0.0 209920
1760397224892 0.0 215040
1760397270650 0.0 220160
1760397317342 0.0 225280
1760397363608 0.0 230400
1760397409587 0.0 235520
1760397455763 0.0 240640
1760397503984 0.0 245760
1760397551281 0.0 250880
1760397598547 0.0 256000
1760397646080 0.0 261120
1760397692535 0.0 266240
1760397740686 0.0 271360
1760397788258 0.0 276480
1760397834455 0.0 281600
1760397880108 0.0 286720
1760397925757 0.0 291840
1760397970567 0.0 296960
1760397988271 0.0 300032
