1760013932880 0.0 5120
1760013961505 0.0 10240
1760013988874 0.0 15360
1760014015027 0.0 20480
1760014040900 0.0 25600
1760014069984 0.0 30720
1760014097069 0.0 35840
1760014122999 0.0 40960
1760014149199 0.0 46080
1760014176924 0.0 51200
1760014205315 0.0 56320
1760014231824 0.0 61440
1760014257853 0.0 66560
1760014284672 0.0 71680
1760014311546 0.0 76800
1760014338511 0.0 81920
1760014365758 0.0 87040
1760014392468 0.0 92160
1760014418651 0.0 97280
1760014445235 0.0 102400
1760014473550 0.0 107520
1760014500990 0.0 112640
1760014528140 0.0 117760
1760014554619 0.0 122880
1760014583273 0.0 128000
1760014609927 0.0 133120
1760014637099 0.0 138240
1760014663564 0.0 143360
1760014691557 0.0 148480
1760014718962 0.0 153600
1760014745915 0.0 158720
1760014771984 0.0 163840
1760014798351 0.0 168960
1760014828398 0.0 174080
1760014854428 0.0 179200
1760014880576 0.0 184320
1760014906854 0.0001332090049287332 189440
1760014935986 0.00013078733978550875 194560
1760014963022 0.000128783000643915 199680
1760014989349 0.00025396825396825396 204800
1760015015686 0.00025056376847907793 209920
1760015043863 0.0002472493509704537 215040
1760015071059 0.0002440214738897023 220160
1760015097439 0.00024099289070972406 225280
1760015123674 0.0002378686964795433 230400
1760015153146 0.0002345765892563922 235520
1760015179798 0.00023113371085172773 240640
1760015205872 0.0002277385561375541 245760
1760015232490 0.0002243661655822302 250880
1760015260517 0.00022123893805309734 256000
1760015288125 0.00021829294913774285 261120
1760015314811 0.00021570319240724764 266240
1760015342280 0.00042634832658281814 271360
1760015371056 0.00042154073137316893 276480
1760015397372 0.001252740369558409 281600
1760015423811 0.0023789822093504345 286720
1760015451729 0.002969181939182963 291840
1760015479115 0.0033468559837728194 296960
1760015490979 0.003840323395654371 300032
