1760013932542 -0.8242172122001649 5120
1760013961501 -0.5286244289441542 10240
1760013988870 -0.44772384986281394 15360
1760014015023 -0.41717198405947 20480
1760014040896 -0.4560839029458853 25600
1760014069979 -0.5587356321273311 30720
1760014097065 -0.5398214452796511 35840
1760014122994 -0.4804850578308106 40960
1760014149193 -0.4407311988913495 46080
1760014176920 -0.40640703416338153 51200
1760014205307 -0.3785486553396497 56320
1760014231819 -0.3553846929894119 61440
1760014257845 -0.3286724292870724 66560
1760014284663 -0.3074676641276185 71680
1760014311541 -0.2877378087294729 76800
1760014338506 -0.26888401596634476 81920
1760014365754 -0.25234900574351465 87040
1760014392463 -0.23616416192316747 92160
1760014418643 -0.22399719084302583 97280
1760014445227 -0.2165279539504854 102400
1760014473545 -0.21275695157500932 107520
1760014500982 -0.22351221265019597 112640
1760014528136 -0.23094954572874923 117760
1760014554613 -0.2347819147031169 122880
1760014583269 -0.23902765077257912 128000
1760014609918 -0.24218296167504696 133120
1760014637095 -0.26220795757630294 138240
1760014663559 -0.27399004638617763 143360
1760014691547 -0.25676066516196894 148480
1760014718957 -0.270426327345387 153600
1760014745909 -0.26736765885964414 158720
1760014771979 -0.26478428337144555 163840
1760014798346 -0.27241509678852127 168960
1760014828390 -0.2804137787623712 174080
1760014854423 -0.28697177225893195 179200
1760014880571 -0.29279413434023355 184320
1760014906846 -0.2974028894978185 189440
1760014935977 -0.29915067463021006 194560
1760014963015 -0.29722715299956654 199680
1760014989343 -0.29931260056756626 204800
1760015015680 -0.29985703125740715 209920
1760015043856 -0.29845152624410476 215040
1760015071053 -0.2983232149371395 220160
1760015097433 -0.2976400556607484 225280
1760015123668 -0.2967448386470829 230400
1760015153141 -0.2976900241075656 235520
1760015179788 -0.29736760551646607 240640
1760015205866 -0.2984942744876339 245760
1760015232484 -0.2997728979684473 250880
1760015260508 -0.30183975668067475 256000
1760015288118 -0.30399080067873 261120
1760015314800 -0.3061897007441612 266240
1760015342274 -0.308754377078293 271360
1760015371046 -0.31003377710321295 276480
1760015397365 -0.3125860076019729 281600
1760015423804 -0.31320283964435397 286720
1760015451717 -0.3144143978198925 291840
1760015479109 -0.31610842242683335 296960
1760015490972 -0.1276183756545135 300032
