1760013932880 16.106146073990757 5120
1760013961505 16.39252117536131 10240
1760013988874 16.745749468360444 15360
1760014015027 17.098884002971353 20480
1760014040900 17.042881469726563 25600
1760014069984 17.171065889647757 30720
1760014097069 16.987429683404173 35840
1760014122999 17.17511865593783 40960
1760014149199 17.16051590108426 46080
1760014176924 17.181558568904737 51200
1760014205315 17.200362003387706 56320
1760014231824 17.215003528568218 61440
1760014257853 17.227136384887892 66560
1760014284672 17.284786803463856 71680
1760014311546 17.245753360968266 76800
1760014338511 17.24674240571761 81920
1760014365758 17.256243002804236 87040
1760014392468 17.103420668576472 92160
1760014418651 16.985801087114666 97280
1760014445235 16.96967181908511 102400
1760014473550 17.168292668960046 107520
1760014500990 17.374700382799297 112640
1760014528140 17.638756862293057 117760
1760014554619 17.82519003827877 122880
1760014583273 17.94735885258063 128000
1760014609927 18.091836889081865 133120
1760014637099 18.246521287779085 138240
1760014663564 18.372299410665622 143360
1760014691557 18.530561883178557 148480
1760014718962 18.672490221843283 153600
1760014745915 18.790948272983353 158720
1760014771984 18.928488214468437 163840
1760014798351 19.030656754564372 168960
1760014828398 19.1687131003728 174080
1760014854428 19.279794792934638 179200
1760014880576 19.383234686055694 184320
1760014906854 19.495729270844606 189440
1760014935986 19.585984781092137 194560
1760014963022 19.701795188181645 199680
1760014989349 19.803738366505456 204800
1760015015686 19.90033069860066 209920
1760015043863 20.00425758885282 215040
1760015071059 20.090829628627436 220160
1760015097439 20.15597537489221 225280
1760015123674 20.24196475216823 230400
1760015153146 20.306643166341832 235520
1760015179798 20.383039366258 240640
1760015205872 20.443457029859996 245760
1760015232490 20.519905725401667 250880
1760015260517 20.591199074804255 256000
1760015288125 20.659729277038906 261120
1760015314811 20.71984896853219 266240
1760015342280 20.787085870414675 271360
1760015371056 20.827644276586295 276480
1760015397372 20.879373268663468 281600
1760015423811 20.93230415189567 286720
1760015451729 20.9863332180329 291840
1760015479115 21.036867803298918 296960
1760015490979 21.061497376506047 300032
