1760127989845 400.3625612420551 5120
1760128089730 402.0110108487991 10240
1760128190154 398.90357101212686 15360
1760128290545 396.96075473858514 20480
1760128391164 396.46861517938237 25600
1760128491197 394.0524979046935 30720
1760128590712 392.6171110454359 35840
1760128690680 392.07443532408075 40960
1760128791128 391.8876433569538 46080
1760128891296 390.38007903981264 51200
1760128993701 386.72702248121215 56320
1760129094443 383.83111733786086 61440
1760129194922 383.21688107383017 66560
1760129295119 380.6155407938169 71680
1760129396800 377.59775005851105 76800
1760129497326 376.1686355975338 81920
1760129597655 375.0492655524732 87040
1760129697971 373.81263663285114 92160
1760129797791 372.35459710319805 97280
1760129898044 370.59378735216404 102400
1760129998246 369.5435283664567 107520
1760130098374 368.84650869318835 112640
1760130198059 367.69078039272057 117760
1760130298072 365.36463554544724 122880
1760130398131 362.7584432817403 128000
1760130498107 360.24475904134283 133120
1760130597756 358.99928268716826 138240
1760130697377 356.7306087767386 143360
1760130797133 354.75895077205183 148480
1760130897500 352.6424647756135 153600
1760130997359 350.2122426911427 158720
1760131097711 347.5580373526468 163840
1760131197699 344.7731075503118 168960
1760131297756 341.89221105662153 174080
1760131397702 339.21477428276 179200
1760131497399 336.5362047014831 184320
1760131597543 333.68622664762484 189440
1760131697813 331.07927013763873 194560
1760131797929 328.4776513549652 199680
1760131897793 326.0854653720765 204800
1760131997452 323.83820853951624 209920
1760132097638 321.51633686495836 215040
1760132198316 319.23165708938313 220160
1760132298509 316.994767021297 225280
1760132398904 315.0922223841798 230400
1760132500690 313.23245297048146 235520
1760132600905 311.46163441174116 240640
1760132700628 309.87126350428895 245760
1760132801085 307.99304758721394 250880
1760132900853 306.5217695957302 256000
1760133004257 305.2991561789446 261120
1760133112215 303.78621299935725 266240
1760133219851 302.4267943835393 271360
1760133320872 301.17780956167036 276480
