1760127989845 500.0 5120
1760128089730 500.0 10240
1760128190154 500.0 15360
1760128290545 500.0 20480
1760128391164 500.0 25600
1760128491197 500.0 30720
1760128590712 500.0 35840
1760128690680 500.0 40960
1760128791128 500.0 46080
1760128891296 500.0 51200
1760128993701 500.0 56320
1760129094443 500.0 61440
1760129194922 500.0 66560
1760129295119 500.0 71680
1760129396800 500.0 76800
1760129497326 500.0 81920
1760129597655 500.0 87040
1760129697971 500.0 92160
1760129797791 500.0 97280
1760129898044 500.0 102400
1760129998246 500.0 107520
1760130098374 500.0 112640
1760130198059 500.0 117760
1760130298072 500.0 122880
1760130398131 499.92301255230126 128000
1760130498107 499.9247289834322 133120
1760130597756 499.9262968155418 138240
1760130697377 499.9281109591717 143360
1760130797133 499.93011773642235 148480
1760130897500 499.93171274819076 153600
1760130997359 499.9330787415894 158720
1760131097711 499.9345195729537 163840
1760131197699 499.9358102215245 168960
1760131297756 499.81805722117525 174080
1760131397702 499.821512605042 179200
1760131497399 499.8248102936325 184320
1760131597543 499.82793259883346 189440
1760131697813 499.7148313176321 194560
1760131797929 499.50531914893617 199680
1760131897793 499.3475919372211 204800
1760131997452 499.35874168179066 209920
1760132097638 499.31954775364477 215040
1760132198316 499.16859528343343 220160
1760132298509 499.07228394171113 225280
1760132398904 499.08508821855435 230400
1760132500690 499.0980502174218 235520
1760132600905 499.1092949161934 240640
1760132700628 499.12146468096734 245760
1760132801085 499.1331895389593 250880
1760132900853 499.1440362087327 256000
1760133004257 499.15550302075127 261120
1760133112215 499.16558525824036 266240
1760133219851 499.1760635571502 271360
1760133320872 499.13982300884953 276480
