1760127989845 0.0 5120
1760128089730 0.0 10240
1760128190154 0.0 15360
1760128290545 0.0 20480
1760128391164 0.0 25600
1760128491197 0.0 30720
1760128590712 0.0 35840
1760128690680 0.0 40960
1760128791128 0.0 46080
1760128891296 0.0 51200
1760128993701 0.0 56320
1760129094443 0.0 61440
1760129194922 0.0 66560
1760129295119 0.0 71680
1760129396800 0.0 76800
1760129497326 0.0 81920
1760129597655 0.0 87040
1760129697971 0.0 92160
1760129797791 0.0 97280
1760129898044 0.0 102400
1760129998246 0.0 107520
1760130098374 0.0 112640
1760130198059 0.0 117760
1760130298072 0.0 122880
1760130398131 0.0 128000
1760130498107 0.0 133120
1760130597756 0.0 138240
1760130697377 0.0 143360
1760130797133 0.0 148480
1760130897500 0.0 153600
1760130997359 0.0 158720
1760131097711 0.0 163840
1760131197699 0.0 168960
1760131297756 0.0 174080
1760131397702 0.0 179200
1760131497399 0.0 184320
1760131597543 0.0 189440
1760131697813 0.0 194560
1760131797929 0.0 199680
1760131897793 0.0 204800
1760131997452 0.0 209920
1760132097638 0.0 215040
1760132198316 0.0 220160
1760132298509 0.0 225280
1760132398904 0.0 230400
1760132500690 0.0 235520
1760132600905 0.0 240640
1760132700628 0.0 245760
1760132801085 0.0 250880
1760132900853 0.0 256000
1760133004257 0.0 261120
1760133112215 0.0 266240
1760133219851 0.0 271360
1760133320872 0.0 276480
