1760127989841 -1.3163041562462847 5120
1760128089725 -1.2199157641150735 10240
1760128190150 -1.1091337838768958 15360
1760128290540 -0.9582023218699864 20480
1760128391159 -0.786251295529879 25600
1760128491194 -0.6430029189202096 30720
1760128590708 -0.5335908586449093 35840
1760128690672 -0.43911379930449695 40960
1760128791123 -0.360141424925431 46080
1760128891291 -0.29484047684015013 51200
1760128993697 -0.25033965459891727 56320
1760129094437 -0.249139778105939 61440
1760129194918 -0.23796765168507897 66560
1760129295114 -0.21383594613679696 71680
1760129396795 -0.21802827835083005 76800
1760129497318 -0.27012651337517635 81920
1760129597650 -0.31341573315997456 87040
1760129697963 -0.3435220470009269 92160
1760129797785 -0.3592683593432109 97280
1760129898039 -0.3633330855983319 102400
1760129998239 -0.37322475109460224 107520
1760130098369 -0.4011071487804791 112640
1760130198051 -0.43121118940156083 117760
1760130298066 -0.45950189984534395 122880
1760130398126 -0.4961593538617331 128000
1760130498102 -0.5366530584379007 133120
1760130597750 -0.585757476161508 138240
1760130697371 -0.625487177963798 143360
1760130797124 -0.6601930242042019 148480
1760130897495 -0.6930544104165589 153600
1760130997354 -0.7242249283423791 158720
1760131097706 -0.7561049948271757 163840
1760131197692 -0.7848138430032388 168960
1760131297750 -0.8099565115588451 174080
1760131397692 -0.8309632539749146 179200
1760131497394 -0.8485615122252406 184320
1760131597537 -0.8612541711458597 189440
1760131697804 -0.8721929923651731 194560
1760131797923 -0.8817943938897581 199680
1760131897783 -0.8873200339701638 204800
1760131997443 -0.890905560613836 209920
1760132097632 -0.8899352018528076 215040
1760132198306 -0.8875830191153066 220160
1760132298503 -0.8830682117582985 225280
1760132398894 -0.8766602018238168 230400
1760132500684 -0.8698965589515059 235520
1760132600898 -0.8606146996708239 240640
1760132700620 -0.8548730057205896 245760
1760132801079 -0.8437418092557085 250880
1760132900846 -0.8325562900376035 256000
1760133004251 -0.8241267135739326 261120
1760133112208 -0.8156653314349295 266240
1760133219843 -0.8037293389686069 271360
1760133320857 -0.7913632615993824 276480
