1760127989841 11.266512982050578 5120
1760128089725 4.763873148831454 10240
1760128190150 3.432025612592697 15360
1760128290540 2.574284178415934 20480
1760128391159 1.9777676641024076 25600
1760128491194 1.6166128844599568 30720
1760128590708 1.3219173367818198 35840
1760128690672 1.0973730612964165 40960
1760128791123 0.9321542876699696 46080
1760128891291 0.8173968818140965 51200
1760128993697 0.7491832719530379 56320
1760129094437 0.7335957186339331 61440
1760129194918 0.7126465002695721 66560
1760129295114 0.6865243840553391 71680
1760129396795 0.6801943676095261 76800
1760129497318 0.6857359377543131 81920
1760129597650 0.7025093976841417 87040
1760129697963 0.6937439530760376 92160
1760129797785 0.6827412974834441 97280
1760129898039 0.6605592714441886 102400
1760129998239 0.6361260734414155 107520
1760130098369 0.6079845256633587 112640
1760130198051 0.5932261823785716 117760
1760130298066 0.607304843398165 122880
1760130398126 0.6167203636774942 128000
1760130498102 0.634904467022146 133120
1760130597750 0.6623061700428232 138240
1760130697371 0.7064121503356501 143360
1760130797124 0.7667994985188525 148480
1760130897495 0.8334690586620608 153600
1760130997354 0.9130234957963993 158720
1760131097706 1.0138220620007248 163840
1760131197692 1.1097051330934087 168960
1760131297750 1.1960064242178934 174080
1760131397692 1.274607599431818 179200
1760131497394 1.3767344606515453 184320
1760131597537 1.4291010276220177 189440
1760131697804 1.498600435506611 194560
1760131797923 1.550096180584966 199680
1760131897783 1.6000431861687656 204800
1760131997443 1.6417432333196254 209920
1760132097632 1.6811018212485653 215040
1760132198306 1.7010103239836514 220160
1760132298503 1.7475890343437366 225280
1760132398894 1.7387896495582784 230400
1760132500684 1.7750700632731118 235520
1760132600898 1.7763244580414335 240640
1760132700620 1.7577193764334396 245760
1760132801079 1.7968247074034156 250880
1760132900846 1.7755615824057285 256000
1760133004251 1.771130723953247 261120
1760133112208 1.7350253243281921 266240
1760133219843 1.770778182753943 271360
1760133320857 1.7358632223544526 276480
