1760127989845 4.851694915254237 5120
1760128089730 4.814410480349345 10240
1760128190154 4.973134328358209 15360
1760128290545 5.049605411499436 20480
1760128391164 5.093551316984559 25600
1760128491197 5.2459770114942526 30720
1760128590712 5.3052631578947365 35840
1760128690680 5.300521134916039 40960
1760128791128 5.295971074380165 46080
1760128891296 5.352224824355972 51200
1760128993701 5.510813148788928 56320
1760129094443 5.689655172413793 61440
1760129194922 5.720338983050848 66560
1760129295119 5.849499482222989 71680
1760129396800 6.002279387821557 76800
1760129497326 6.079287031346036 81920
1760129597655 6.131708732230925 87040
1760129697971 6.196536558548653 92160
1760129797791 6.26241134751773 97280
1760129898044 6.352289884247609 102400
1760129998246 6.399228543876567 107520
1760130098374 6.427812427812428 112640
1760130198059 6.4914653070272665 117760
1760130298072 6.620941732960653 122880
1760130398131 6.747280334728034 128000
1760130498107 6.894047862548579 133120
1760130597756 6.973162427398358 138240
1760130697377 7.101777690955265 143360
1760130797133 7.2052791492593995 148480
1760130897500 7.325106698830952 153600
1760130997359 7.468630660120022 158720
1760131097711 7.614768683274021 163840
1760131197699 7.772196057910343 168960
1760131297756 7.91553880418023 174080
1760131397702 8.05126050420168 179200
1760131497399 8.189211481359287 184320
1760131597543 8.342352559948154 189440
1760131697813 8.496817313812858 194560
1760131797929 8.65284730913642 199680
1760131897793 8.779350669333743 204800
1760131997452 8.90124016938899 209920
1760132097638 9.013983933353169 215040
1760132198316 9.13344074996338 220160
1760132298509 9.24830471793392 225280
1760132398904 9.365110984632897 230400
1760132500690 9.468649179408052 235520
1760132600905 9.572655492450478 240640
1760132700628 9.659243065992621 245760
1760132801085 9.762065246697222 250880
1760132900853 9.840788072417466 256000
1760133004257 9.919753086419753 261120
1760133112215 10.007526602647287 266240
1760133219851 10.08534085084572 271360
1760133320872 10.150821744627054 276480
