1771770084288 498.31109619140625 5120
1771770109577 497.3916320800781 10240
1771770134603 495.9026794433594 15360
1771770159840 496.88714599609375 20480
1771770184592 497.494140625 25600
1771770209371 497.59210205078125 30720
1771770234629 497.1518859863281 35840
1771770259508 496.1536865234375 40960
1771770284278 496.3759765625 46080
1771770309755 496.56219482421875 51200
1771770334492 496.52288818359375 56320
1771770359712 496.8114929199219 61440
1771770384961 496.639404296875 66560
1771770409684 496.7445983886719 71680
1771770434890 496.7107238769531 76800
1771770459628 496.9138488769531 81920
1771770484359 496.9769592285156 87040
1771770509586 497.04217529296875 92160
1771770534344 496.811767578125 97280
1771770559100 496.6753845214844 102400
1771770584491 496.00933837890625 107520
1771770609470 494.87615966796875 112640
1771770634666 493.390869140625 117760
1771770659463 492.5489501953125 122880
1771770684304 492.06304931640625 128000
1771770709564 490.64788818359375 133120
1771770734302 489.880126953125 138240
1771770759030 489.1787414550781 143360
1771770784231 488.1415710449219 148480
1771770808965 487.08026123046875 153600
1771770833709 485.3758239746094 158720
1771770858939 483.4114074707031 163840
1771770884045 481.0221862792969 168960
1771770909244 479.12457275390625 174080
1771770933973 477.6469421386719 179200
1771770958757 475.93646240234375 184320
1771770984479 474.37890625 189440
1771771009194 473.48095703125 194560
1771771033914 471.6435241699219 199680
1771771059037 470.2672119140625 204800
1771771083873 468.39886474609375 209920
1771771109386 466.266357421875 215040
1771771134856 465.2322692871094 220160
1771771159601 463.8995361328125 225280
1771771185026 462.4580383300781 230400
1771771210077 461.4029235839844 235520
1771771234818 459.8951110839844 240640
1771771260292 459.6910400390625 245760
1771771285008 459.2184753417969 250880
1771771309719 458.1413269042969 256000
1771771334826 457.63201904296875 261120
1771771359542 456.52606201171875 266240
1771771384756 454.9791564941406 271360
1771771409481 453.2564392089844 276480
1771771434188 451.7524719238281 281600
1771771459382 451.00750732421875 286720
1771771484117 449.6265563964844 291840
1771771508841 448.6085510253906 296960
1771771519162 448.18243408203125 300032
