1771770084288 270.0 5120
1771770109577 526.0 10240
1771770134603 781.0 15360
1771770159840 1028.0 20480
1771770184592 1277.0 25600
1771770209371 1520.0 30720
1771770234629 1771.0 35840
1771770259508 2030.0 40960
1771770284278 2282.0 46080
1771770309755 2540.0 51200
1771770334492 2773.0 56320
1771770359712 3024.0 61440
1771770384961 3278.0 66560
1771770409684 3524.0 71680
1771770434890 3768.0 76800
1771770459628 4016.0 81920
1771770484359 4254.0 87040
1771770509586 4504.0 92160
1771770534344 4755.0 97280
1771770559100 4969.0 102400
1771770584491 5136.0 107520
1771770609470 5305.0 112640
1771770634666 5470.0 117760
1771770659463 5640.0 122880
1771770684304 5805.0 128000
1771770709564 5967.0 133120
1771770734302 6123.0 138240
1771770759030 6266.0 143360
1771770784231 6414.0 148480
1771770808965 6554.0 153600
1771770833709 6700.0 158720
1771770858939 6847.0 163840
1771770884045 6987.0 168960
1771770909244 7121.0 174080
1771770933973 7251.0 179200
1771770958757 7397.0 184320
1771770984479 7532.0 189440
1771771009194 7672.0 194560
1771771033914 7832.0 199680
1771771059037 8001.0 204800
1771771083873 8158.0 209920
1771771109386 8320.0 215040
1771771134856 8469.0 220160
1771771159601 8620.0 225280
1771771185026 8772.0 230400
1771771210077 8930.0 235520
1771771234818 9095.0 240640
1771771260292 9263.0 245760
1771771285008 9438.0 250880
1771771309719 9608.0 256000
1771771334826 9783.0 261120
1771771359542 9938.0 266240
1771771384756 10082.0 271360
1771771409481 10221.0 276480
1771771434188 10374.0 281600
1771771459382 10521.0 286720
1771771484117 10674.0 291840
1771771508841 10829.0 296960
1771771519162 10887.0 300032
