1771770084288 3.7962963581085205 5120
1771770109577 3.6882128715515137 10240
1771770134603 3.743917942047119 15360
1771770159840 3.70719838142395 20480
1771770184592 3.6585748195648193 25600
1771770209371 3.666447401046753 30720
1771770234629 3.6787126064300537 35840
1771770259508 3.6502463817596436 40960
1771770284278 3.670902729034424 46080
1771770309755 3.6460630893707275 51200
1771770334492 3.5979084968566895 56320
1771770359712 3.607473611831665 61440
1771770384961 3.6122636795043945 66560
1771770409684 3.726447105407715 71680
1771770434890 3.815021276473999 76800
1771770459628 3.87798810005188 81920
1771770484359 3.93347430229187 87040
1771770509586 3.9897868633270264 92160
1771770534344 4.036382675170898 97280
1771770559100 4.143691062927246 102400
1771770584491 4.2943925857543945 107520
1771770609470 4.4099907875061035 112640
1771770634666 4.528153419494629 117760
1771770659463 4.599468231201172 122880
1771770684304 4.692162036895752 128000
1771770709564 4.802748680114746 133120
1771770734302 4.904131889343262 138240
1771770759030 5.048675537109375 143360
1771770784231 5.157000541687012 148480
1771770808965 5.272200107574463 153600
1771770833709 5.386567115783691 158720
1771770858939 5.509566307067871 163840
1771770884045 5.645627498626709 168960
1771770909244 5.776576519012451 174080
1771770933973 5.915184020996094 179200
1771770958757 6.057590961456299 184320
1771770984479 6.183882236480713 189440
1771771009194 6.30422306060791 194560
1771771033914 6.403090000152588 199680
1771771059037 6.487439155578613 204800
1771771083873 6.593282699584961 209920
1771771109386 6.696875095367432 215040
1771771134856 6.798677444458008 220160
1771771159601 6.894199371337891 225280
1771771185026 7.01915168762207 230400
1771771210077 7.108174800872803 235520
1771771234818 7.20648717880249 240640
1771771260292 7.290186882019043 245760
1771771285008 7.369569778442383 250880
1771771309719 7.462010860443115 256000
1771771334826 7.555351257324219 261120
1771771359542 7.63181734085083 266240
1771771384756 7.730608940124512 271360
1771771409481 7.81635856628418 276480
1771771434188 7.8714094161987305 281600
1771771459382 7.9441118240356445 286720
1771771484117 8.006651878356934 291840
1771771508841 8.06094741821289 296960
1771771519162 8.088729858398438 300032
