1771743269513 286.0 5120
1771743277343 538.0 10240
1771743290138 792.0 15360
1771743299183 1050.0 20480
1771743307279 1306.0 25600
1771743315697 1562.0 30720
1771743326892 1817.0 35840
1771743336206 2072.0 40960
1771743344437 2329.0 46080
1771743353241 2585.0 51200
1771743363452 2838.0 56320
1771743373031 3099.0 61440
1771743381621 3360.0 66560
1771743391045 3617.0 71680
1771743399877 3872.0 76800
1771743410161 4130.0 81920
1771743418418 4386.0 87040
1771743428136 4647.0 92160
1771743436942 4905.0 97280
1771743447089 5161.0 102400
1771743455888 5421.0 107520
1771743464122 5675.0 112640
1771743473963 5930.0 117760
1771743484364 6182.0 122880
1771743493279 6440.0 128000
1771743501077 6696.0 133120
1771743510200 6955.0 138240
1771743521058 7208.0 143360
1771743530116 7466.0 148480
1771743537904 7724.0 153600
1771743546802 7978.0 158720
1771743558411 8233.0 163840
1771743566882 8489.0 168960
1771743575126 8746.0 174080
1771743583559 9001.0 179200
1771743595467 9259.0 184320
1771743603841 9514.0 189440
1771743612282 9772.0 194560
1771743620207 10026.0 199680
1771743632962 10281.0 204800
1771743640843 10543.0 209920
1771743649208 10802.0 215040
1771743656926 11059.0 220160
1771743670114 11312.0 225280
1771743677946 11571.0 230400
1771743686634 11825.0 235520
1771743694521 12083.0 240640
1771743707259 12341.0 245760
1771743715236 12594.0 250880
1771743723678 12849.0 256000
1771743731564 13101.0 261120
1771743744357 13356.0 266240
1771743752521 13616.0 271360
1771743760860 13871.0 276480
1771743768816 14128.0 281600
1771743782249 14384.0 286720
1771743790190 14642.0 291840
1771743798431 14901.0 296960
1771743804643 15005.0 300032
