1771743269509 61.516294623214336 5120
1771743277340 65.89015960789243 10240
1771743290135 63.510607047137384 15360
1771743299179 67.67844579985154 20480
1771743307276 57.746533944625725 25600
1771743315694 55.135251666162766 30720
1771743326888 71.98544605773522 35840
1771743336203 69.77830275000416 40960
1771743344433 72.41171900626694 46080
1771743353238 71.00445226930304 51200
1771743363449 53.17052887784595 56320
1771743373028 50.41654946930631 61440
1771743381618 70.99243411587481 66560
1771743391042 3.0281837484811445 71680
1771743399873 67.47701861355556 76800
1771743410158 3.7293276938082887 81920
1771743418414 53.454457401389156 87040
1771743428132 1.7906943582273325 92160
1771743436939 73.88370413429865 97280
1771743447086 27.445322724179448 102400
1771743455885 2.817561662442422 107520
1771743464118 51.28639553936074 112640
1771743473960 4.166285728475999 117760
1771743484361 63.85773880210712 122880
1771743493275 74.0349849081249 128000
1771743501074 72.15013847556466 133120
1771743510197 73.3667547097203 138240
1771743521055 67.90745567878248 143360
1771743530113 67.58792722819344 148480
1771743537901 58.53633483594546 153600
1771743546799 72.56832416346586 158720
1771743558408 2.7714389359608775 163840
1771743566879 67.86899676375404 168960
1771743575123 74.38423750155178 174080
1771743583556 54.96977798747084 179200
1771743595464 2.828414537023987 184320
1771743603838 56.37808484327115 189440
1771743612279 57.01648926770251 194560
1771743620204 62.7279443655126 199680
1771743632959 69.03181421682385 204800
1771743640840 70.89044383598689 209920
1771743649205 54.09283070454868 215040
1771743656923 75.88616091621284 220160
1771743670111 4.508520852278712 225280
1771743677943 71.47026548069387 230400
1771743686631 72.81145733877267 235520
1771743694518 56.17572056144862 240640
1771743707256 61.29335086950168 245760
1771743715233 69.40534815991528 250880
1771743723675 70.0837803064481 256000
1771743731561 72.0695556548335 261120
1771743744354 69.2346445255113 266240
1771743752518 65.72186966263965 271360
1771743760857 65.12489907459164 276480
1771743768813 7.874852615373062 281600
1771743782246 67.85143005047237 286720
1771743790187 72.59344387136973 291840
1771743798428 74.48330728796704 296960
1771743804640 57.69569583339065 300032
