1761659987159 49.44188866322739 5120
1761660040111 52.21031351902174 10240
1761660092421 53.447131048205264 15360
1761660143242 53.60690199382998 20480
1761660200339 53.19734395583284 25600
1761660251509 53.09873614296636 30720
1761660303843 53.13665838329955 35840
1761660354421 53.13743410099889 40960
1761660414146 54.14017165130124 46080
1761660465649 54.36053007154525 51200
1761660516101 55.202468395433534 56320
1761660565681 55.01591725 61440
1761660620250 55.036156555197394 66560
1761660673310 54.86820817563421 71680
1761660727526 54.95399564855239 76800
1761660783590 54.87471754417964 81920
1761660852202 54.66258721149361 87040
1761660910291 54.42298616919383 92160
1761660961922 54.158392746838274 97280
1761661014091 54.156367327156914 102400
1761661067914 53.90965309453996 107520
1761661116911 53.753582443175674 112640
1761661178843 53.03474542399492 117760
1761661230661 52.39413365749029 122880
1761661282164 51.538982044297384 128000
1761661333086 50.450098817403834 133120
1761661386032 49.343081832673306 138240
1761661444336 48.16462758941552 143360
1761661507787 47.291016785537494 148480
1761661561625 46.414931694911985 153600
1761661616991 45.525705851149965 158720
1761661664631 44.70198199092693 163840
1761661717250 43.92856127404379 168960
1761661769072 43.113809239265656 174080
1761661819582 42.34889507547529 179200
1761661871828 41.63169554120538 184320
1761661927606 40.973186460093096 189440
1761661975618 40.38528051962963 194560
1761662027629 39.8550382905602 199680
1761662079013 39.214791998692725 204800
1761662131608 38.68978768205931 209920
1761662188542 38.234951031315546 215040
1761662239040 37.83275933287656 220160
1761662289757 37.403310406584694 225280
1761662339293 36.94948979418634 230400
1761662388761 36.49789526054876 235520
1761662460516 36.06253159577213 240640
1761662534904 35.67118564478001 245760
1761662589860 35.32224696345223 250880
1761662665222 34.974768343188416 256000
1761662714532 34.67014996323532 261120
1761662769277 34.392940883436715 266240
1761662826772 34.06488105290257 271360
1761662880566 33.751015474434915 276480
1761662934643 33.41802910068349 281600
1761662999508 33.08826068687265 286720
1761663052421 32.76382470335041 291840
1761663103188 32.454693936324496 296960
1761663157851 32.1572929367082 302080
1761663210501 31.82152923411855 307200
1761663268077 31.54129471077521 312320
1761663316690 31.338958886896396 317440
1761663366993 31.056126803162705 322560
1761663418934 30.75240793771652 327680
1761663468632 30.42500198123184 332800
1761663524492 30.135516399199844 337920
1761663574735 29.85106034297456 343040
1761663626847 29.57649632204097 348160
1761663677859 29.282739994530083 353280
1761663727887 28.977947926211215 358400
1761663777294 28.75841651589392 363520
1761663834111 28.537628564752392 368640
1761663882232 28.316467572892257 373760
1761663934187 28.033064058056677 378880
1761663987442 27.79095248334637 384000
1761664037770 27.57176577487813 389120
1761664086596 27.338012098129155 394240
1761664137338 27.123032314060453 399360
1761664188163 26.93006087764017 404480
1761664241511 26.728410753181535 409600
1761664297877 26.543636516017305 414720
1761664356963 26.351441694272378 419840
1761664412973 26.129289372782413 424960
1761664469221 25.93868992257557 430080
1761664518142 25.76742674860037 435200
1761664574377 25.589946437719185 440320
1761664631795 25.400473662552045 445440
1761664688447 25.25538119545515 450560
1761664739362 25.167487896838704 455680
1761664794849 24.97923464057361 460800
1761664847763 24.755685948157364 465920
1761664909447 24.571804064303183 471040
1761664959021 24.314839486098503 476160
1761665014896 24.112304434399924 481280
1761665073149 23.952002461811688 486400
1761665123581 23.79221449950477 491520
1761665176964 23.64415369766913 496640
1761665227623 23.497273677228872 501760
1761665295121 23.380972211787064 506880
1761665345915 23.24653789537169 512000
1761665401059 23.132497376484675 517120
1761665452074 23.015881329802912 522240
1761665510227 22.91370667018095 527360
1761665564202 22.784770110992543 532480
1761665618494 22.63825056020251 537600
1761665670297 22.48419530235394 542720
1761665746536 22.37779671320772 547840
1761665809015 22.3116478460926 552960
1761665871214 22.248628710073586 558080
1761665920767 22.174203351752844 563200
1761665979122 22.054339456184724 568320
1761666033812 21.947110907419198 573440
1761666087107 21.855118353774003 578560
1761666154645 21.742318317807953 583680
1761666202410 21.630991983761177 588800
1761666253951 21.548980543457265 593920
1761666317064 21.449036637244312 599040
1761666368873 21.354026696436396 604160
1761666423136 21.26237496357345 609280
1761666477188 21.158434522856016 614400
1761666538098 21.07809187499509 619520
1761666586763 20.96707027921662 624640
1761666644564 20.856654690278233 629760
1761666694962 20.743258306338568 634880
1761666746498 20.635046690097454 640000
1761666797729 20.53742176118333 645120
1761666855593 20.460922668160713 650240
1761666903572 20.395383178156614 655360
1761666953474 20.28575491219147 660480
1761667003159 20.198099658089927 665600
1761667073170 20.092969222179967 670720
1761667123127 19.978873194408205 675840
1761667181938 19.880997016305653 680960
1761667233699 19.793013523694356 686080
1761667292030 19.70408586381143 691200
1761667344958 19.6243139944282 696320
1761667402355 19.55290200347312 701440
1761667455038 19.496045082521373 706560
1761667509953 19.407562963407166 711680
1761667564021 19.32711237467383 716800
1761667617912 19.26268956406779 721920
1761667679712 19.18006266639073 727040
1761667731457 19.103904306844058 732160
1761667785976 19.07495421822702 737280
1761667843454 19.034924700442293 742400
1761667892445 18.95709973147013 747520
1761667941034 18.878714310560387 752640
1761668001112 18.808168498362143 757760
1761668052691 18.71385839775147 762880
1761668098478 18.607060470416545 768000
1761668148927 18.511111542455744 773120
1761668210184 18.430546465361726 778240
1761668267902 18.351694441166433 783360
1761668316911 18.28244450230699 788480
1761668373146 18.20820872617214 793600
1761668424872 18.13662465518543 798720
1761668487918 18.064604282096024 803840
1761668544859 18.00157583442634 808960
1761668601911 17.947493059478607 814080
1761668654523 17.877430841664356 819200
1761668709705 17.797305975749904 824320
1761668765892 17.73638480841244 829440
1761668817610 17.653169929671098 834560
1761668875544 17.577744503126766 839680
1761668941924 17.522667960290295 844800
1761668996736 17.434473130279475 849920
1761669049875 17.381156463054385 855040
1761669106994 17.32004063970742 860160
1761669159986 17.258599933367723 865280
1761669207810 17.180762531607936 870400
1761669261335 17.12806350324127 875520
1761669309545 17.062848821586506 880640
1761669368590 17.00538485207872 885760
1761669418041 16.95097615596848 890880
1761669473279 16.903433989783537 896000
1761669525653 16.844366883289865 901120
1761669576495 16.783692618365137 906240
1761669634887 16.70981719740718 911360
1761669685888 16.660853263221952 916480
1761669736492 16.59272745822911 921600
1761669789400 16.535725143170428 926720
1761669840494 16.502146320454557 931840
1761669891403 16.46429118888437 936960
1761669945595 16.413745409053778 942080
1761670002410 16.343940646919243 947200
1761670054197 16.276295778841554 952320
1761670100117 16.220835994922865 957440
1761670154993 16.164482779502624 962560
1761670208283 16.114623829050572 967680
1761670262037 16.05942073330002 972800
1761670309871 16.004299193347798 977920
1761670360282 15.948433217227683 983040
1761670413002 15.906104375662544 988160
1761670462948 15.857105709812158 993280
1761670516793 15.846148726747646 998400
1761670568667 15.81819706419049 1003520
1761670621035 15.809613499610549 1008640
1761670668612 15.779530013774899 1013760
1761670741002 15.753645536368678 1018880
1761670793673 15.707573269667696 1024000
1761670842158 15.661955196935557 1029120
1761670896193 15.620649431202766 1034240
1761670950321 15.57597855260981 1039360
1761670999624 15.539772271520935 1044480
1761671049771 15.49633281935723 1049600
1761671099946 15.443673181439395 1054720
1761671154691 15.398080915164126 1059840
1761671213985 15.345401461012509 1064960
1761671264340 15.288401880872295 1070080
1761671317540 15.246544214062064 1075200
1761671384337 15.195876294939174 1080320
1761671433914 15.153159929390611 1085440
1761671491555 15.11029577984227 1090560
1761671545963 15.06910434261641 1095680
1761671599335 15.034133841319786 1100800
1761671652315 15.000373773548715 1105920
1761671708368 14.957771517254123 1111040
1761671761291 14.917123507180133 1116160
1761671811054 14.88067257860823 1121280
1761671862967 14.844306250640125 1126400
1761671913531 14.808199859906814 1131520
1761671965852 14.765928455844705 1136640
1761672021800 14.728204982597799 1141760
1761672074464 14.686023103303674 1146880
1761672127105 14.638998593087027 1152000
1761672177734 14.590843362535185 1157120
1761672237115 14.553246289232403 1162240
1761672288739 14.523542581734562 1167360
1761672343934 14.473479719838622 1172480
1761672401783 14.429570545253561 1177600
1761672455413 14.392931418196632 1182720
1761672512628 14.349709182424624 1187840
1761672567565 14.306256279669533 1192960
1761672619540 14.268844571300662 1198080
1761672670233 14.233130963597796 1203200
1761672724145 14.190978940719916 1208320
1761672782184 14.152380684521438 1213440
1761672837145 14.11876669310269 1218560
1761672891237 14.081196961927187 1223680
1761672943270 14.036072274751554 1228800
1761672999948 13.986298192834221 1233920
1761673053761 13.947166065502529 1239040
1761673110660 13.90808861695518 1244160
1761673166702 13.876743348976552 1249280
1761673216458 13.8327471419136 1254400
1761673270342 13.794164777007717 1259520
1761673323744 13.758384724312242 1264640
1761673378967 13.72300297491211 1269760
1761673432398 13.691679528264295 1274880
1761673487439 13.67339784135753 1280000
1761673538010 13.634832281686167 1285120
1761673591737 13.604690607789815 1290240
1761673643590 13.565598983486035 1295360
1761673694059 13.544011674905471 1300480
1761673745745 13.518488849346094 1305600
1761673800774 13.487172069941082 1310720
1761673854832 13.448644171022748 1315840
1761673925349 13.41212381656363 1320960
1761673978941 13.374358093516435 1326080
1761674027347 13.340509365067327 1331200
1761674084871 13.305553329495657 1336320
1761674134948 13.27314299179379 1341440
1761674191817 13.242785973998554 1346560
1761674238499 13.202677104408073 1351680
1761674291447 13.161898691813763 1356800
1761674341677 13.136238754723415 1361920
1761674390029 13.094808867487677 1367040
1761674439977 13.057511092201446 1372160
1761674496042 13.01768175304308 1377280
1761674547770 12.98343289979963 1382400
1761674602031 12.955869533195296 1387520
1761674651183 12.920884822842257 1392640
1761674707256 12.896971946024923 1397760
1761674755711 12.864637074738683 1402880
1761674809787 12.835595858120126 1408000
1761674859861 12.807822984603884 1413120
1761674914926 12.780580721009652 1418240
1761674962782 12.745016492039202 1423360
1761675012330 12.70510141375469 1428480
1761675074314 12.676109411144772 1433600
1761675124480 12.64065807889321 1438720
1761675174997 12.606706503545412 1443840
1761675223309 12.597665493072354 1448960
1761675275215 12.585735790680722 1454080
1761675328724 12.553849676614503 1459200
1761675377136 12.532564497958589 1464320
1761675439389 12.51136988011382 1469440
1761675490806 12.487876881537792 1474560
1761675539253 12.458967581816271 1479680
1761675589480 12.435460335802098 1484800
1761675644506 12.414979272111173 1489920
1761675697306 12.387667648370236 1495040
1761675750534 12.35958773813368 1500160
1761675802436 12.330047049616967 1505280
1761675850532 12.302420922971717 1510400
1761675902290 12.27094359908771 1515520
1761675954689 12.241339075393832 1520640
1761676007482 12.212583114050066 1525760
1761676059822 12.182654280325206 1530880
1761676117726 12.158627558798 1536000
1761676174645 12.135791336614298 1541120
1761676230313 12.107305215160824 1546240
1761676286809 12.07736127046743 1551360
1761676342837 12.050111964791862 1556480
1761676397722 12.031206963502118 1561600
1761676457923 12.00606855982299 1566720
1761676513511 11.976983649211823 1571840
1761676564991 11.946037991263179 1576960
1761676616388 11.916100881207118 1582080
1761676674240 11.885639494983744 1587200
1761676729889 11.860686788393583 1592320
1761676787425 11.84329934880445 1597440
1761676838730 11.823681310820863 1602560
1761676898070 11.806553200886114 1607680
1761676953130 11.78069592690027 1612800
1761677009457 11.758185325082197 1617920
1761677069433 11.730174612837757 1623040
1761677127328 11.70502651367623 1628160
1761677181379 11.68147674699832 1633280
1761677233696 11.659329962752196 1638400
1761677302968 11.633337989698706 1643520
1761677355966 11.605542402614523 1648640
1761677415196 11.577418863540622 1653760
1761677495028 11.552291636597472 1658880
1761677550258 11.529969558067704 1664000
1761677602906 11.507414640267244 1669120
1761677659494 11.484321882338152 1674240
1761677710765 11.460186265870568 1679360
1761677774042 11.439730709982161 1684480
1761677839391 11.417656927474052 1689600
1761677898425 11.389166997340215 1694720
1761677956416 11.368988935379228 1699840
1761678014913 11.347014332476967 1704960
1761678070239 11.323428475330395 1710080
1761678130241 11.302491949356298 1715200
1761678183449 11.274648782852797 1720320
1761678237617 11.260065075023808 1725440
1761678296923 11.243282897522336 1730560
1761678349822 11.229133799408702 1735680
1761678405784 11.211038913119907 1740800
1761678461961 11.188473830662327 1745920
1761678523318 11.171095208301992 1751040
1761678581201 11.144302174545683 1756160
1761678634292 11.122468471383142 1761280
1761678698656 11.100673739290363 1766400
1761678752405 11.081958450433863 1771520
1761678804010 11.062953473471511 1776640
1761678860195 11.04097088402682 1781760
1761678924481 11.021825985856049 1786880
1761678976141 11.00455473915157 1792000
1761679030624 10.987308194724786 1797120
1761679088910 10.973756199044098 1802240
1761679151628 10.955231472361879 1807360
1761679206695 10.933817673820755 1812480
1761679258993 10.913486585235896 1817600
1761679319646 10.891378689814461 1822720
1761679372967 10.872415521707644 1827840
1761679429244 10.855134584087308 1832960
1761679485949 10.83440743059802 1838080
1761679546816 10.813739050482292 1843200
1761679601477 10.792767432159646 1848320
1761679656041 10.771775166227634 1853440
1761679712818 10.75399671994799 1858560
1761679770471 10.740766905329853 1863680
1761679826228 10.717372928178486 1868800
1761679882781 10.69618682797239 1873920
1761679943324 10.671673410862624 1879040
1761679996765 10.650445452524139 1884160
1761680053283 10.633789357694516 1889280
1761680109799 10.61635814312299 1894400
1761680162688 10.60336725486909 1899520
1761680224176 10.584506634307498 1904640
1761680277689 10.571702379246158 1909760
1761680332539 10.551872478730127 1914880
1761680390539 10.528206628238504 1920000
1761680446001 10.514555523822123 1925120
1761680501267 10.500043374994359 1930240
1761680558097 10.488226598779159 1935360
1761680615050 10.472580971502673 1940480
1761680671903 10.451709615783471 1945600
1761680727718 10.429401212160641 1950720
1761680782182 10.415145140365407 1955840
1761680841076 10.39822351781237 1960960
1761680900513 10.384634036185364 1966080
1761680966573 10.36361343447436 1971200
1761681021644 10.345134033152142 1976320
1761681075628 10.3277023746312 1981440
1761681146915 10.309917507597394 1986560
1761681201489 10.29381474057585 1991680
1761681257331 10.277417471853283 1996800
1761681313659 10.25852759201486 2001920
1761681371398 10.24549283229524 2007040
1761681427585 10.22861338880976 2012160
1761681484212 10.20947287719348 2017280
1761681544597 10.190359677909898 2022400
1761681601543 10.173960480344569 2027520
1761681656286 10.164696730188082 2032640
1761681712282 10.148581265819967 2037760
1761681767480 10.135259232223065 2042880
1761681825104 10.11984226073031 2048000
1761681877344 10.104800679490525 2053120
1761681935330 10.088712832695215 2058240
1761681999731 10.072741725511221 2063360
1761682054092 10.054453984285912 2068480
1761682108633 10.037118303417815 2073600
1761682163059 10.020953326041333 2078720
1761682222791 10.008071588861693 2083840
1761682283011 9.99717393725859 2088960
1761682335299 9.989557306487745 2094080
1761682396535 9.98722723764311 2099200
1761682451974 9.97559768425721 2104320
1761682503848 9.973831349162097 2109440
1761682559802 9.969437392243643 2114560
1761682624250 9.957822579819224 2119680
1761682679726 9.942549400078512 2124800
1761682736181 9.928119827054218 2129920
1761682792998 9.92370271235178 2135040
1761682849034 9.92851401733103 2140160
1761682905081 9.913196651340694 2145280
1761682961784 9.894678738269954 2150400
1761683017530 9.88116671877177 2155520
1761683071356 9.86889806592322 2160640
1761683128486 9.853296994165069 2165760
1761683185150 9.834980971742413 2170880
1761683246031 9.817263411515484 2176000
1761683303098 9.800287753788822 2181120
1761683361154 9.78537417414102 2186240
1761683416371 9.76635944795001 2191360
1761683474422 9.75561375517315 2196480
1761683532280 9.744105616579366 2201600
1761683584528 9.736187409384502 2206720
1761683639245 9.720592245888435 2211840
1761683698462 9.708687234454466 2216960
1761683758254 9.69292193340617 2222080
1761683813010 9.677388102587253 2227200
1761683875386 9.658346387313008 2232320
1761683929073 9.643429103824941 2237440
1761683985545 9.630377729693823 2242560
1761684039750 9.61458936352211 2247680
1761684092298 9.600752151331774 2252800
1761684150420 9.585055003820376 2257920
1761684207237 9.566139324711354 2263040
1761684269586 9.55027271801137 2268160
1761684330310 9.553303879487098 2273280
1761684383003 9.557345479318654 2278400
1761684439951 9.545168577662421 2283520
1761684498783 9.53043449524619 2288640
1761684555033 9.5175875841756 2293760
1761684612412 9.501539253359672 2298880
1761684684888 9.490089890099833 2304000
1761684742601 9.475187939860426 2309120
1761684794925 9.46137355140995 2314240
1761684847853 9.448641239661075 2319360
1761684902617 9.432680037674384 2324480
1761684956420 9.423631929559008 2329600
1761685016420 9.411705367676166 2334720
1761685073192 9.400745369358111 2339840
1761685127844 9.394992381704318 2344960
1761685187259 9.380299180932482 2350080
1761685245417 9.367571582421514 2355200
1761685311138 9.350419585032435 2360320
1761685368984 9.33576906830703 2365440
1761685433615 9.319892705653336 2370560
1761685487342 9.305361628609234 2375680
1761685548305 9.303808028678414 2380800
1761685599282 9.294030763099526 2385920
1761685653381 9.28042628120535 2391040
1761685707544 9.271047334785555 2396160
1761685779240 9.256896866338133 2401280
1761685834627 9.244900789256283 2406400
1761685892195 9.23053877558322 2411520
1761685949204 9.218364807953352 2416640
1761686012859 9.206568225217726 2421760
1761686072702 9.192827681679278 2426880
1761686134433 9.17902883994481 2432000
1761686190323 9.16591528487155 2437120
1761686248658 9.154649172428917 2442240
1761686309911 9.142127958563536 2447360
1761686368800 9.130365727724856 2452480
1761686424726 9.117045929779737 2457600
1761686485777 9.1092505516269 2462720
1761686550448 9.092654585563077 2467840
1761686605918 9.080634311833613 2472960
1761686662076 9.070963951681946 2478080
1761686716332 9.060844491266522 2483200
1761686777629 9.048202293626293 2488320
1761686835687 9.036857806608927 2493440
1761686893290 9.026496201925568 2498560
1761686964342 9.013866957384378 2503680
1761687015097 9.009705071919072 2508800
1761687067313 9.009694342389121 2513920
1761687115930 9.000052052321468 2519040
1761687166041 8.987448794091359 2524160
1761687222231 8.975084117115138 2529280
1761687279468 8.965139351582101 2534400
1761687348905 8.955739426949851 2539520
1761687398720 8.947602081083573 2544640
1761687447569 8.944386847405259 2549760
1761687501936 8.939854013802957 2554880
1761687550559 8.932632824456501 2560000
1761687600841 8.922319866581724 2565120
1761687662588 8.913225867700934 2570240
1761687715497 8.904604450110504 2575360
1761687771452 8.891705777568262 2580480
1761687829167 8.879095973019133 2585600
1761687887081 8.869182155525328 2590720
1761687947723 8.858665707612182 2595840
1761687998140 8.849084200938448 2600960
1761688055969 8.838220615788428 2606080
1761688118721 8.82426916402485 2611200
1761688175092 8.814409611488536 2616320
1761688230388 8.802277747737097 2621440
1761688284849 8.790532956704675 2626560
1761688340869 8.777130862617556 2631680
1761688403066 8.76296528450117 2636800
1761688467185 8.750742448273735 2641920
1761688521522 8.743786717357331 2647040
1761688576074 8.735291023724576 2652160
1761688630632 8.723083919181128 2657280
1761688689158 8.714262825620382 2662400
1761688740748 8.706148818321603 2667520
1761688796973 8.694223700442134 2672640
1761688848768 8.686046896852787 2677760
1761688907159 8.67582844092786 2682880
1761688965427 8.666940599070912 2688000
1761689024824 8.653909361232918 2693120
1761689081830 8.643367688509452 2698240
1761689136001 8.632786952176897 2703360
1761689192356 8.622744850306912 2708480
1761689248544 8.61326534905534 2713600
1761689304348 8.606098530373536 2718720
1761689355769 8.597897656468424 2723840
1761689414411 8.587150590369845 2728960
1761689468147 8.578364647788543 2734080
1761689523913 8.568264883574233 2739200
1761689582011 8.556998438090167 2744320
1761689638308 8.548219699243006 2749440
1761689691631 8.542721661090171 2754560
1761689750009 8.53828303745553 2759680
1761689803856 8.530219488821249 2764800
1761689861010 8.525377881770186 2769920
1761689923311 8.516621018554012 2775040
1761689977257 8.51140727710515 2780160
1761690028002 8.504981625294455 2785280
1761690086985 8.496393978566712 2790400
1761690141091 8.490781941417808 2795520
1761690204569 8.485247800802037 2800640
1761690262305 8.476146964741536 2805760
1761690319169 8.46778173003788 2810880
1761690375765 8.46009762621943 2816000
1761690433649 8.452344208395425 2821120
1761690490127 8.445707876187656 2826240
1761690547285 8.44202927692819 2831360
1761690599962 8.43255554078692 2836480
1761690662579 8.421066623283677 2841600
1761690716509 8.413834744760624 2846720
1761690772911 8.406050968018919 2851840
1761690827616 8.397816789465915 2856960
1761690885467 8.391111662382299 2862080
1761690937258 8.384769668259365 2867200
1761691018241 8.38044888249996 2872320
1761691090217 8.373992385647423 2877440
1761691142260 8.363901192940244 2882560
1761691201136 8.355197671287378 2887680
1761691257538 8.345777667870548 2892800
1761691319019 8.337044536433297 2897920
1761691376991 8.3282704538286 2903040
1761691433338 8.321059452591742 2908160
1761691490278 8.312781922676301 2913280
1761691541998 8.304159505336623 2918400
1761691595353 8.295265899516256 2923520
1761691648754 8.284687439256064 2928640
1761691698303 8.278624546584373 2933760
1761691755866 8.26896209876511 2938880
1761691807345 8.26165194943088 2944000
1761691859372 8.254821362441831 2949120
1761691910110 8.248232717522711 2954240
1761691963845 8.239286994476684 2959360
1761692019645 8.230262621364417 2964480
1761692072478 8.221258386536352 2969600
1761692123871 8.214225833646964 2974720
1761692171200 8.209551968155735 2979840
1761692228398 8.201451113617772 2984960
1761692277171 8.194894572214393 2990080
1761692329207 8.183399315415855 2995200
1761692383956 8.174687460618625 3000320
1761692435966 8.16939665625242 3005440
1761692484124 8.162123128138122 3010560
1761692545718 8.153266891317395 3015680
1761692599484 8.143615806826825 3020800
1761692653971 8.13647560310247 3025920
1761692722105 8.130454618472978 3031040
1761692779886 8.120748780573045 3036160
