1761659987159 6.306874419374605 5120
1761660040111 5.617798997961956 10240
1761660092421 5.3944824277465875 15360
1761660143242 5.231731519402708 20480
1761660200339 5.11393782461555 25600
1761660251509 5.02129687201357 30720
1761660303843 5.008072259351799 35840
1761660354421 5.005186509256931 40960
1761660414146 5.105231212727742 46080
1761660465649 5.057885578062448 51200
1761660516101 4.907647834603635 56320
1761660565681 4.854548021484375 61440
1761660620250 4.78595373198033 66560
1761660673310 4.73557652516633 71680
1761660727526 4.807543893265568 76800
1761660783590 4.933945202785077 81920
1761660852202 5.1347384200208115 87040
1761660910291 5.282941596008341 92160
1761660961922 5.451476404913216 97280
1761661014091 5.592286859997241 102400
1761661067914 5.7241383671371 107520
1761661116911 5.871106029451066 112640
1761661178843 6.198174683984294 117760
1761661230661 6.63040881230006 122880
1761661282164 7.0994228431313235 128000
1761661333086 7.662245681494494 133120
1761661386032 8.269347658567813 138240
1761661444336 8.804532825613782 143360
1761661507787 9.332659620572539 148480
1761661561625 9.905311545488159 153600
1761661616991 10.363248060857831 158720
1761661664631 10.802624511227771 163840
1761661717250 11.278365730119484 168960
1761661769072 11.692512903201997 174080
1761661819582 12.028275805080469 179200
1761661871828 12.315418140288026 184320
1761661927606 12.554288840019945 189440
1761661975618 12.842365727525694 194560
1761662027629 13.110947723909353 199680
1761662079013 13.364572858017688 204800
1761662131608 13.642380969426753 209920
1761662188542 13.902324777031042 215040
1761662239040 14.156233188536627 220160
1761662289757 14.358895197884697 225280
1761662339293 14.567925891657216 230400
1761662388761 14.820973392459162 235520
1761662460516 15.040685261981768 240640
1761662534904 15.251607523792753 245760
1761662589860 15.471518191133445 250880
1761662665222 15.696465022973063 256000
1761662714532 15.825715846272585 261120
1761662769277 15.97373273541218 266240
1761662826772 16.03070180090651 271360
1761662880566 16.17511576702349 276480
1761662934643 16.30128918563755 281600
1761662999508 16.430390601119093 286720
1761663052421 16.584623665541322 291840
1761663103188 16.756739979592282 296960
1761663157851 16.934402678676435 302080
1761663210501 17.10122765936717 307200
1761663268077 17.272775959462596 312320
1761663316690 17.419229616313146 317440
1761663366993 17.573558789373774 322560
1761663418934 17.68870812324064 327680
1761663468632 17.850649127640203 332800
1761663524492 18.015382914359606 337920
1761663574735 18.162222453903237 343040
1761663626847 18.25034989041129 348160
1761663677859 18.349399575926718 353280
1761663727887 18.39702350816542 358400
1761663777294 18.50765831519516 363520
1761663834111 18.65369812146426 368640
1761663882232 18.81833594050074 373760
1761663934187 18.95212636194821 378880
1761663987442 19.10590026851947 384000
1761664037770 19.24283257037834 389120
1761664086596 19.365150048830884 394240
1761664137338 19.490881773195067 399360
1761664188163 19.640673026506324 404480
1761664241511 19.750098787570046 409600
1761664297877 19.887295262792538 414720
1761664356963 20.00486199830559 419840
1761664412973 20.10973381210719 424960
1761664469221 20.217015759489655 430080
1761664518142 20.327870177862806 435200
1761664574377 20.428032026403837 440320
1761664631795 20.49215181450857 445440
1761664688447 20.59187714892375 450560
1761664739362 20.674788014754217 455680
1761664794849 20.777617843755397 460800
1761664847763 20.838496217678102 465920
1761664909447 20.90595438447826 471040
1761664959021 20.937655354925134 476160
1761665014896 21.007341536720308 481280
1761665073149 21.09132471701658 486400
1761665123581 21.161888539744847 491520
1761665176964 21.26292279685453 496640
1761665227623 21.384838539342162 501760
1761665295121 21.496529907075107 506880
1761665345915 21.56141153067408 512000
1761665401059 21.640165761389422 517120
1761665452074 21.73306982562239 522240
1761665510227 21.807880239485847 527360
1761665564202 21.874814128732854 532480
1761665618494 21.97010440891657 537600
1761665670297 22.048994541664403 542720
1761665746536 22.062567759790454 547840
1761665809015 22.1172788304125 552960
1761665871214 22.161351961120584 558080
1761665920767 22.192772531310396 563200
1761665979122 22.243956359880425 568320
1761666033812 22.324207931740975 573440
1761666087107 22.39651636617906 578560
1761666154645 22.4536475282097 583680
1761666202410 22.524728451954463 588800
1761666253951 22.602850082508784 593920
1761666317064 22.642908059409294 599040
1761666368873 22.68193558044925 604160
1761666423136 22.707268174726927 609280
1761666477188 22.762644034194146 614400
1761666538098 22.85259748639241 619520
1761666586763 22.90742242493754 624640
1761666644564 22.952832760780986 629760
1761666694962 23.01753586862484 634880
1761666746498 23.088961495847723 640000
1761666797729 23.139693632847234 645120
1761666855593 23.1804983870437 650240
1761666903572 23.20533222915728 655360
1761666953474 23.22377686612024 660480
1761667003159 23.27300040905372 665600
1761667073170 23.321324782832313 670720
1761667123127 23.367447611828446 675840
1761667181938 23.442126562574852 680960
1761667233699 23.488853557221415 686080
1761667292030 23.541927114127635 691200
1761667344958 23.59345524054256 696320
1761667402355 23.623784666837288 701440
1761667455038 23.64354164243889 706560
1761667509953 23.678133361536297 711680
1761667564021 23.699608687825986 716800
1761667617912 23.71998436809121 721920
1761667679712 23.760974498248654 727040
1761667731457 23.798400723139707 732160
1761667785976 23.82067294836388 737280
1761667843454 23.865144759179987 742400
1761667892445 23.91172343850257 747520
1761667941034 23.974447828080624 752640
1761668001112 24.028468110410802 757760
1761668052691 24.067510919917776 762880
1761668098478 24.08062606266705 768000
1761668148927 24.135473776708007 773120
1761668210184 24.186732539574663 778240
1761668267902 24.234236266222833 783360
1761668316911 24.274548871896897 788480
1761668373146 24.316705389344968 793600
1761668424872 24.358303425938562 798720
1761668487918 24.400493429648087 803840
1761668544859 24.442581300255103 808960
1761668601911 24.486725059903378 814080
1761668654523 24.524330707825584 819200
1761668709705 24.558734238258207 824320
1761668765892 24.617730652999057 829440
1761668817610 24.6271694584446 834560
1761668875544 24.665829699462613 839680
1761668941924 24.724165870859224 844800
1761668996736 24.728207876741717 849920
1761669049875 24.785733217184244 855040
1761669106994 24.82008266186916 860160
1761669159986 24.86816078608756 865280
1761669207810 24.886453147827034 870400
1761669261335 24.92564395612871 875520
1761669309545 24.967867789675026 880640
1761669368590 25.005369605403857 885760
1761669418041 25.056179759452018 890880
1761669473279 25.115934122966774 896000
1761669525653 25.168972422029032 901120
1761669576495 25.20677344801403 906240
1761669634887 25.20470695736468 911360
1761669685888 25.232334236609834 916480
1761669736492 25.25711286527178 921600
1761669789400 25.272868494695558 926720
1761669840494 25.318308317071892 931840
1761669891403 25.36387810645244 936960
1761669945595 25.391352685617484 942080
1761670002410 25.424088464278572 947200
1761670054197 25.467490026821682 952320
1761670100117 25.502510585617102 957440
1761670154993 25.541695928492743 962560
1761670208283 25.582374106624968 967680
1761670262037 25.611306664131412 972800
1761670309871 25.6427994059343 977920
1761670360282 25.682736281634376 983040
1761670413002 25.687787854271825 988160
1761670462948 25.6777985339282 993280
1761670516793 25.692961458087833 998400
1761670568667 25.69826554775235 1003520
1761670621035 25.706863262566387 1008640
1761670668612 25.73388618049393 1013760
1761670741002 25.748915328564443 1018880
1761670793673 25.792835938548617 1024000
1761670842158 25.824451952988287 1029120
1761670896193 25.857772646039265 1034240
1761670950321 25.87726352258614 1039360
1761670999624 25.895349309445358 1044480
1761671049771 25.919746893724128 1049600
1761671099946 25.95671024154232 1054720
1761671154691 25.996963780568073 1059840
1761671213985 26.020593190671413 1064960
1761671264340 26.05561817478954 1070080
1761671317540 26.088618436474952 1075200
1761671384337 26.108771387871496 1080320
1761671433914 26.131102785301998 1085440
1761671491555 26.16546298729344 1090560
1761671545963 26.19085870051448 1095680
1761671599335 26.206997169722122 1100800
1761671652315 26.213403806666282 1105920
1761671708368 26.235259168854242 1111040
1761671761291 26.266067793383975 1116160
1761671811054 26.299758614954946 1121280
1761671862967 26.328786861929853 1126400
1761671913531 26.351233247870045 1131520
1761671965852 26.362690014365832 1136640
1761672021800 26.38610265598552 1141760
1761672074464 26.40960687865826 1146880
1761672127105 26.423177721666708 1152000
1761672177734 26.430744150911128 1157120
1761672237115 26.465542927628583 1162240
1761672288739 26.50939227492724 1167360
1761672343934 26.512852312786045 1172480
1761672401783 26.515103309560843 1177600
1761672455413 26.539243267243137 1182720
1761672512628 26.546724003026743 1187840
1761672567565 26.538459255474333 1192960
1761672619540 26.5737104966847 1198080
1761672670233 26.594263405844618 1203200
1761672724145 26.62662803715103 1208320
1761672782184 26.645688053562584 1213440
1761672837145 26.67370193377964 1218560
1761672891237 26.67823775086365 1223680
1761672943270 26.697834708818448 1228800
1761672999948 26.69886268141265 1233920
1761673053761 26.71475848913035 1239040
1761673110660 26.744679433693722 1244160
1761673166702 26.767728029226657 1249280
1761673216458 26.791984025467965 1254400
1761673270342 26.819074966166895 1259520
1761673323744 26.83273253753742 1264640
1761673378967 26.853309714675955 1269760
1761673432398 26.873380709400056 1274880
1761673487439 26.90470114195552 1280000
1761673538010 26.907430553569725 1285120
1761673591737 26.92805048161694 1290240
1761673643590 26.929555728922224 1295360
1761673694059 26.95706205302428 1300480
1761673745745 26.9778274126119 1305600
1761673800774 26.98510728820282 1310720
1761673854832 27.000412622914745 1315840
1761673925349 27.019354913280264 1320960
1761673978941 27.025958790464646 1326080
1761674027347 27.0607171808763 1331200
1761674084871 27.079671662776555 1336320
1761674134948 27.0903104465518 1341440
1761674191817 27.109809627647554 1346560
1761674238499 27.113093675241803 1351680
1761674291447 27.125036403231096 1356800
1761674341677 27.151128997970275 1361920
1761674390029 27.14979498404732 1367040
1761674439977 27.174363547314062 1372160
1761674496042 27.184365384866545 1377280
1761674547770 27.212786175303332 1382400
1761674602031 27.241031492177637 1387520
1761674651183 27.239986142293404 1392640
1761674707256 27.25713786098849 1397760
1761674755711 27.257711092025655 1402880
1761674809787 27.275483326229995 1408000
1761674859861 27.31075299755662 1413120
1761674914926 27.346472485407677 1418240
1761674962782 27.34931164607445 1423360
1761675012330 27.35585225510073 1428480
1761675074314 27.38750228423061 1433600
1761675124480 27.393893675389606 1438720
1761675174997 27.41597096574262 1443840
1761675223309 27.42291667192356 1448960
1761675275215 27.434029164884393 1454080
1761675328724 27.45574143196099 1459200
1761675377136 27.484713401797386 1464320
1761675439389 27.5000439889096 1469440
1761675490806 27.51441392620917 1474560
1761675539253 27.51765803567711 1479680
1761675589480 27.54370196576153 1484800
1761675644506 27.556068745990522 1489920
1761675697306 27.580137704420274 1495040
1761675750534 27.606477182328085 1500160
1761675802436 27.63621625584514 1505280
1761675850532 27.652301312577723 1510400
1761675902290 27.66419502123356 1515520
1761675954689 27.680816280798826 1520640
1761676007482 27.68334203659444 1525760
1761676059822 27.682470183582247 1530880
1761676117726 27.695870031810497 1536000
1761676174645 27.71789296319331 1541120
1761676230313 27.72103334703829 1546240
1761676286809 27.7314182646492 1551360
1761676342837 27.73649000658366 1556480
1761676397722 27.767266858224016 1561600
1761676457923 27.774080742480358 1566720
1761676513511 27.793036442720236 1571840
1761676564991 27.810149410737427 1576960
1761676616388 27.822687596650265 1582080
1761676674240 27.836049963880562 1587200
1761676729889 27.856424829185656 1592320
1761676787425 27.887809673873548 1597440
1761676838730 27.896493524168623 1602560
1761676898070 27.900790610147126 1607680
1761676953130 27.912535293858273 1612800
1761677009457 27.934990934445125 1617920
1761677069433 27.953838714385668 1623040
1761677127328 27.97824753529559 1628160
1761677181379 28.00169933888921 1633280
1761677233696 28.017017435562074 1638400
1761677302968 28.013790934555573 1643520
1761677355966 28.0314508038925 1648640
1761677415196 28.04585094840862 1653760
1761677495028 28.056849757988758 1658880
1761677550258 28.075987175262874 1664000
1761677602906 28.10157149582008 1669120
1761677659494 28.114291467606876 1674240
1761677710765 28.125879104596297 1679360
1761677774042 28.14961123878406 1684480
1761677839391 28.155579642976626 1689600
1761677898425 28.15834449035389 1694720
1761677956416 28.17748159939017 1699840
1761678014913 28.196193865825045 1704960
1761678070239 28.214576359997757 1710080
1761678130241 28.23462385575494 1715200
1761678183449 28.232934129365496 1720320
1761678237617 28.25629061261703 1725440
1761678296923 28.26321214854231 1730560
1761678349822 28.291656660139125 1735680
1761678405784 28.30520643341098 1740800
1761678461961 28.308940925794353 1745920
1761678523318 28.333101430553494 1751040
1761678581201 28.32757211223921 1756160
1761678634292 28.34902713162346 1761280
1761678698656 28.36130337572442 1766400
1761678752405 28.386450102150867 1771520
1761678804010 28.401299412340546 1776640
1761678860195 28.41485941586436 1781760
1761678924481 28.43330663281043 1786880
1761678976141 28.43973343805392 1792000
1761679030624 28.453704728884887 1797120
1761679088910 28.475722941165582 1802240
1761679151628 28.498179423232692 1807360
1761679206695 28.504490945413462 1812480
1761679258993 28.51498457954869 1817600
1761679319646 28.528100780377407 1822720
1761679372967 28.532084737563345 1827840
1761679429244 28.5516532177696 1832960
1761679485949 28.562979015283627 1838080
1761679546816 28.571664525913114 1843200
1761679601477 28.58386533968138 1848320
1761679656041 28.594330054722953 1853440
1761679712818 28.615284280349556 1858560
1761679770471 28.646787880104466 1863680
1761679826228 28.65315289749488 1868800
1761679882781 28.672640924868375 1873920
1761679943324 28.676162067247816 1879040
1761679996765 28.680078323306354 1884160
1761680053283 28.694346703592515 1889280
1761680109799 28.703022488177012 1894400
1761680162688 28.729509487894088 1899520
1761680224176 28.73535967395237 1904640
1761680277689 28.745854920746897 1909760
1761680332539 28.748891074879516 1914880
1761680390539 28.73932461003959 1920000
1761680446001 28.746862107566045 1925120
1761680501267 28.753689054483758 1930240
1761680558097 28.76195231591163 1935360
1761680615050 28.783325280515836 1940480
1761680671903 28.7893007847885 1945600
1761680727718 28.79392668396775 1950720
1761680782182 28.81632034735889 1955840
1761680841076 28.818869558105625 1960960
1761680900513 28.826774212781896 1966080
1761680966573 28.825023159899295 1971200
1761681021644 28.840714297790665 1976320
1761681075628 28.855286149110032 1981440
1761681146915 28.860390965301935 1986560
1761681201489 28.869987182589945 1991680
1761681257331 28.87969768330476 1996800
1761681313659 28.88273098295601 2001920
1761681371398 28.891748103598083 2007040
1761681427585 28.892980966835676 2012160
1761681484212 28.90252265168281 2017280
1761681544597 28.909138267043435 2022400
1761681601543 28.916429714673455 2027520
1761681656286 28.924459423546534 2032640
1761681712282 28.93416340939783 2037760
1761681767480 28.935313628639292 2042880
1761681825104 28.926835835720837 2048000
1761681877344 28.935587817901602 2053120
1761681935330 28.954972087278037 2058240
1761681999731 28.963383558984592 2063360
1761682054092 28.964868624051107 2068480
1761682108633 28.971014804000657 2073600
1761682163059 28.975446051788694 2078720
1761682222791 28.979043921322468 2083840
1761682283011 28.98446422969381 2088960
1761682335299 28.986437172259023 2094080
1761682396535 28.985871493354185 2099200
1761682451974 28.98957655558437 2104320
1761682503848 29.00382040010194 2109440
1761682559802 29.009265681446212 2114560
1761682624250 29.02273584730197 2119680
1761682679726 29.033107737384174 2124800
1761682736181 29.046017910422766 2129920
1761682792998 29.049024948784663 2135040
1761682849034 29.044195046728998 2140160
1761682905081 29.04351698562426 2145280
1761682961784 29.04132585960856 2150400
1761683017530 29.060881198728556 2155520
1761683071356 29.06829501976693 2160640
1761683128486 29.076827365618755 2165760
1761683185150 29.080057786341953 2170880
1761683246031 29.088489610113243 2176000
1761683303098 29.093886770847227 2181120
1761683361154 29.109242478300708 2186240
1761683416371 29.111353357357153 2191360
1761683474422 29.125970289121344 2196480
1761683532280 29.128464449035963 2201600
1761683584528 29.14331089652713 2206720
1761683639245 29.14384637427919 2211840
1761683698462 29.161558936912026 2216960
1761683758254 29.167895499663988 2222080
1761683813010 29.17177152180627 2227200
1761683875386 29.16798200387756 2232320
1761683929073 29.179406062740558 2237440
1761683985545 29.194569851537143 2242560
1761684039750 29.20235922596659 2247680
1761684092298 29.218320969167507 2252800
1761684150420 29.223308475175358 2257920
1761684207237 29.218784474882895 2263040
1761684269586 29.226546140460172 2268160
1761684330310 29.228678346742182 2273280
1761684383003 29.232969293870187 2278400
1761684439951 29.247217112762858 2283520
1761684498783 29.249319851282863 2288640
1761684555033 29.263603819728306 2293760
1761684612412 29.262159969865145 2298880
1761684684888 29.278315876338258 2304000
1761684742601 29.282733364849207 2309120
1761684794925 29.294506874560984 2314240
1761684847853 29.307340278139932 2319360
1761684902617 29.307210095364283 2324480
1761684956420 29.313401117587627 2329600
1761685016420 29.322680577443634 2334720
1761685073192 29.324393889371475 2339840
1761685127844 29.33692371152711 2344960
1761685187259 29.33875405950922 2350080
1761685245417 29.352287352203327 2355200
1761685311138 29.347462838410543 2360320
1761685368984 29.357365962009226 2365440
1761685433615 29.36594354352153 2370560
1761685487342 29.377883182755674 2375680
1761685548305 29.383345382956087 2380800
1761685599282 29.37850476373766 2385920
1761685653381 29.39047902714097 2391040
1761685707544 29.40667270887043 2396160
1761685779240 29.40657595092254 2401280
1761685834627 29.41745134356387 2406400
1761685892195 29.420658698756412 2411520
1761685949204 29.422336860233344 2416640
1761686012859 29.430590952628712 2421760
1761686072702 29.437599444770832 2426880
1761686134433 29.44713191967104 2432000
1761686190323 29.458446372886595 2437120
1761686248658 29.466060675814276 2442240
1761686309911 29.467084281600666 2447360
1761686368800 29.47770101480575 2452480
1761686424726 29.487874174317614 2457600
1761686485777 29.502928332781924 2462720
1761686550448 29.495057961172787 2467840
1761686605918 29.503509488718407 2472960
1761686662076 29.518421389106855 2478080
1761686716332 29.530502064769614 2483200
1761686777629 29.536385165313465 2488320
1761686835687 29.536466249082657 2493440
1761686893290 29.538478317680372 2498560
1761686964342 29.542523241711844 2503680
1761687015097 29.54458716395217 2508800
1761687067313 29.54264263752643 2513920
1761687115930 29.55207421026322 2519040
1761687166041 29.55644266045714 2524160
1761687222231 29.554575160064186 2529280
1761687279468 29.562286577967708 2534400
1761687348905 29.562608579044905 2539520
1761687398720 29.56862393537478 2544640
1761687447569 29.572640533507343 2549760
1761687501936 29.579570733812865 2554880
1761687550559 29.590407942406376 2560000
1761687600841 29.59490819772951 2565120
1761687662588 29.605315793430005 2570240
1761687715497 29.617571535936516 2575360
1761687771452 29.612603875666583 2580480
1761687829167 29.613289886099082 2585600
1761687887081 29.620071357885667 2590720
1761687947723 29.62882277129267 2595840
1761687998140 29.650116141434225 2600960
1761688055969 29.663064794715204 2606080
1761688118721 29.665371682299416 2611200
1761688175092 29.672385271999598 2616320
1761688230388 29.670602196854592 2621440
1761688284849 29.670049712901964 2626560
1761688340869 29.66718644574178 2631680
1761688403066 29.665863540765564 2636800
1761688467185 29.671587385999615 2641920
1761688521522 29.687108431320762 2647040
1761688576074 29.700320481917856 2652160
1761688630632 29.70434603302068 2657280
1761688689158 29.716840280021838 2662400
1761688740748 29.719728370566877 2667520
1761688796973 29.71640364278335 2672640
1761688848768 29.724902875715365 2677760
1761688907159 29.731988641354352 2682880
1761688965427 29.74588817106149 2688000
1761689024824 29.743593548390205 2693120
1761689081830 29.743295032897358 2698240
1761689136001 29.755321692323772 2703360
1761689192356 29.75540588761547 2708480
1761689248544 29.760583954765075 2713600
1761689304348 29.77296459509654 2718720
1761689355769 29.786876768772636 2723840
1761689414411 29.78898788704106 2728960
1761689468147 29.79602318505358 2734080
1761689523913 29.805273928449846 2739200
1761689582011 29.814229536367918 2744320
1761689638308 29.827643540212364 2749440
1761689691631 29.83455509791333 2754560
1761689750009 29.84022988911204 2759680
1761689803856 29.84317741313861 2764800
1761689861010 29.85278552965744 2769920
1761689923311 29.859474068828096 2775040
1761689977257 29.871195453259585 2780160
1761690028002 29.88447533196454 2785280
1761690086985 29.89448678813454 2790400
1761690141091 29.903373726671443 2795520
1761690204569 29.902067280474267 2800640
1761690262305 29.900890621594897 2805760
1761690319169 29.90071445964934 2810880
1761690375765 29.901177636946233 2816000
1761690433649 29.910493701917364 2821120
1761690490127 29.91338316207771 2826240
1761690547285 29.9185867592851 2831360
1761690599962 29.926482831084627 2836480
1761690662579 29.92321396770503 2841600
1761690716509 29.933203254131005 2846720
1761690772911 29.932086797599382 2851840
1761690827616 29.936737784249967 2856960
1761690885467 29.945364934917336 2862080
1761690937258 29.950176091243407 2867200
1761691018241 29.95057050060338 2872320
1761691090217 29.948416453456453 2877440
1761691142260 29.95030749453595 2882560
1761691201136 29.95783111867574 2887680
1761691257538 29.95997347419678 2892800
1761691319019 29.96381986126985 2897920
1761691376991 29.97203709429195 2903040
1761691433338 29.984487523694334 2908160
1761691490278 29.989976785738897 2913280
1761691541998 29.992110670557324 2918400
1761691595353 29.994885754433778 2923520
1761691648754 29.99404907698631 2928640
1761691698303 30.005874223124508 2933760
1761691755866 30.0084989887097 2938880
1761691807345 30.01899369315163 2944000
1761691859372 30.019957271594897 2949120
1761691910110 30.026133713263548 2954240
1761691963845 30.032170768990383 2959360
1761692019645 30.03650025369359 2964480
1761692072478 30.03715329409199 2969600
1761692123871 30.048568502795476 2974720
1761692171200 30.06027931248301 2979840
1761692228398 30.06243137094859 2984960
1761692277171 30.0664460007578 2990080
1761692329207 30.063637022033333 2995200
1761692383956 30.069105574705592 3000320
1761692435966 30.078055783500243 3005440
1761692484124 30.08484113024572 3010560
1761692545718 30.092459071064564 3015680
1761692599484 30.098272890666497 3020800
1761692653971 30.106209216375365 3025920
1761692722105 30.11619415140639 3031040
1761692779886 30.114924508600126 3036160
