1759841743904 500.0 5120
1759841773968 500.0 10240
1759841800705 500.0 15360
1759841827363 500.0 20480
1759841854350 500.0 25600
1759841881890 500.0 30720
1759841910266 500.0 35840
1759841938884 500.0 40960
1759841965291 500.0 46080
1759841991631 500.0 51200
1759842017847 500.0 56320
1759842048406 500.0 61440
1759842073826 500.0 66560
1759842101007 500.0 71680
1759842127387 500.0 76800
1759842157098 500.0 81920
1759842184211 500.0 87040
1759842211154 500.0 92160
1759842237951 500.0 97280
1759842269431 500.0 102400
1759842296137 500.0 107520
1759842325756 500.0 112640
1759842353322 500.0 117760
1759842381007 500.0 122880
1759842409293 500.0 128000
1759842435926 500.0 133120
1759842463787 500.0 138240
1759842494334 500.0 143360
1759842521230 500.0 148480
1759842548626 500.0 153600
1759842575782 500.0 158720
1759842605000 500.0 163840
1759842631848 500.0 168960
1759842660255 500.0 174080
1759842688511 500.0 179200
1759842717277 500.0 184320
1759842745166 500.0 189440
1759842772883 500.0 194560
1759842800177 500.0 199680
1759842828888 500.0 204800
1759842858881 500.0 209920
1759842886768 500.0 215040
1759842913238 500.0 220160
1759842940764 500.0 225280
1759842970342 500.0 230400
1759842997281 500.0 235520
1759843025409 500.0 240640
1759843053015 500.0 245760
1759843081785 500.0 250880
1759843108757 500.0 256000
1759843136646 500.0 261120
1759843164791 500.0 266240
1759843194214 500.0 271360
1759843221379 500.0 276480
1759843249074 500.0 281600
1759843276358 500.0 286720
1759843304895 500.0 291840
1759843331463 500.0 296960
1759843362595 500.0 302080
1759843390270 500.0 307200
1759843416784 500.0 312320
1759843444093 500.0 317440
1759843475804 500.0 322560
1759843503073 500.0 327680
1759843529886 500.0 332800
1759843556633 500.0 337920
1759843588307 500.0 343040
1759843615111 500.0 348160
1759843642248 500.0 353280
1759843669118 500.0 358400
1759843700856 500.0 363520
1759843727652 500.0 368640
1759843754606 500.0 373760
1759843781720 500.0 378880
1759843811505 500.0 384000
1759843838297 500.0 389120
1759843868016 500.0 394240
1759843895333 500.0 399360
1759843922135 500.0 404480
1759843950309 500.0 409600
1759843979410 500.0 414720
1759844008434 500.0 419840
1759844035826 500.0 424960
1759844062580 500.0 430080
1759844092065 500.0 435200
1759844119294 500.0 440320
1759844147375 500.0 445440
1759844175201 500.0 450560
1759844202627 500.0 455680
1759844230827 500.0 460800
1759844259016 500.0 465920
1759844288690 500.0 471040
1759844320864 500.0 476160
1759844357939 500.0 481280
1759844388156 500.0 486400
1759844416941 500.0 491520
1759844444432 500.0 496640
1759844472768 500.0 501760
1759844500889 500.0 506880
1759844527712 500.0 512000
1759844558749 500.0 517120
1759844585728 500.0 522240
1759844612545 500.0 527360
1759844639489 500.0 532480
1759844670468 500.0 537600
1759844697020 500.0 542720
1759844724355 500.0 547840
1759844751305 500.0 552960
1759844779463 500.0 558080
1759844806910 500.0 563200
1759844836418 500.0 568320
1759844862815 500.0 573440
1759844890488 500.0 578560
1759844917231 500.0 583680
1759844947691 500.0 588800
1759844973879 500.0 593920
1759845000876 500.0 599040
1759845027554 500.0 604160
1759845057526 500.0 609280
1759845084839 500.0 614400
1759845111871 500.0 619520
1759845139222 500.0 624640
1759845166328 500.0 629760
1759845193650 500.0 634880
1759845223529 500.0 640000
1759845250692 500.0 645120
1759845277188 500.0 650240
1759845303363 500.0 655360
1759845333488 500.0 660480
1759845360317 500.0 665600
1759845386557 500.0 670720
1759845413866 500.0 675840
1759845442542 500.0 680960
1759845469143 500.0 686080
1759845495516 500.0 691200
1759845522287 500.0 696320
1759845551382 500.0 701440
1759845577853 500.0 706560
1759845604757 500.0 711680
1759845630649 500.0 716800
1759845659563 500.0 721920
1759845685843 500.0 727040
1759845711844 500.0 732160
1759845739700 500.0 737280
1759845767594 500.0 742400
1759845794108 500.0 747520
1759845820302 500.0 752640
1759845848940 500.0 757760
1759845875484 500.0 762880
1759845901872 500.0 768000
1759845928612 500.0 773120
1759845957907 500.0 778240
1759845984182 500.0 783360
1759846010598 500.0 788480
1759846037071 500.0 793600
1759846066055 500.0 798720
1759846095244 500.0 803840
1759846122118 500.0 808960
1759846148710 500.0 814080
1759846176773 500.0 819200
1759846206121 500.0 824320
1759846232419 500.0 829440
1759846259266 500.0 834560
1759846287746 500.0 839680
1759846316506 500.0 844800
1759846342719 500.0 849920
1759846369624 500.0 855040
1759846398367 500.0 860160
1759846424822 500.0 865280
1759846451623 500.0 870400
1759846479344 500.0 875520
1759846508566 500.0 880640
1759846534940 500.0 885760
1759846561380 500.0 890880
1759846587975 500.0 896000
1759846618304 500.0 901120
1759846644937 500.0 906240
1759846671107 500.0 911360
1759846697979 500.0 916480
1759846726864 500.0 921600
1759846753854 500.0 926720
1759846780576 500.0 931840
1759846806897 500.0 936960
1759846836938 500.0 942080
1759846864099 500.0 947200
1759846889843 500.0 952320
1759846916270 500.0 957440
1759846945666 500.0 962560
1759846972488 500.0 967680
1759846999349 500.0 972800
1759847025993 500.0 977920
1759847055906 500.0 983040
1759847082515 500.0 988160
1759847108775 500.0 993280
1759847136503 500.0 998400
1759847165948 500.0 1003520
1759847192352 500.0 1008640
1759847218737 500.0 1013760
1759847247306 500.0 1018880
1759847274289 500.0 1024000
1759847300808 500.0 1029120
1759847328036 500.0 1034240
1759847356698 500.0 1039360
1759847382774 500.0 1044480
1759847409214 500.0 1049600
1759847435588 500.0 1054720
1759847465773 500.0 1059840
1759847491460 500.0 1064960
1759847518577 500.0 1070080
1759847544589 500.0 1075200
1759847573246 500.0 1080320
1759847600462 500.0 1085440
1759847627203 500.0 1090560
1759847653568 500.0 1095680
1759847680712 500.0 1100800
1759847710327 500.0 1105920
1759847736977 500.0 1111040
1759847763040 500.0 1116160
1759847789412 500.0 1121280
1759847819820 500.0 1126400
1759847846068 500.0 1131520
1759847872556 500.0 1136640
1759847898818 500.0 1141760
1759847928662 500.0 1146880
1759847956252 500.0 1152000
1759847982259 500.0 1157120
1759848009223 500.0 1162240
1759848037894 500.0 1167360
1759848065696 500.0 1172480
1759848092145 500.0 1177600
1759848120666 500.0 1182720
1759848147543 500.0 1187840
1759848174196 500.0 1192960
1759848201508 500.0 1198080
1759848229327 500.0 1203200
1759848256547 500.0 1208320
1759848284037 500.0 1213440
1759848311126 500.0 1218560
1759848338339 500.0 1223680
1759848366911 500.0 1228800
1759848393471 500.0 1233920
1759848420971 500.0 1239040
1759848447829 500.0 1244160
1759848476345 500.0 1249280
1759848503259 500.0 1254400
1759848530094 500.0 1259520
1759848556299 500.0 1264640
1759848586192 500.0 1269760
1759848612954 500.0 1274880
1759848639144 500.0 1280000
1759848665817 500.0 1285120
1759848695557 500.0 1290240
1759848722645 500.0 1295360
1759848749668 500.0 1300480
1759848779048 500.0 1305600
1759848812877 500.0 1310720
1759848841842 500.0 1315840
1759848870693 500.0 1320960
1759848900692 500.0 1326080
1759848933686 500.0 1331200
1759848963238 500.0 1336320
1759848991709 500.0 1341440
1759849022627 500.0 1346560
1759849052203 500.0 1351680
1759849079507 500.0 1356800
1759849106783 500.0 1361920
1759849137605 500.0 1367040
1759849166127 500.0 1372160
1759849193409 500.0 1377280
1759849220719 500.0 1382400
1759849252409 500.0 1387520
1759849279838 500.0 1392640
1759849307334 500.0 1397760
1759849334739 500.0 1402880
1759849365387 500.0 1408000
1759849393590 500.0 1413120
1759849421459 500.0 1418240
1759849448554 500.0 1423360
1759849480831 500.0 1428480
1759849507912 500.0 1433600
1759849535136 500.0 1438720
1759849563431 500.0 1443840
1759849593853 500.0 1448960
1759849621538 500.0 1454080
1759849649323 500.0 1459200
1759849677263 500.0 1464320
1759849706379 500.0 1469440
1759849735661 500.0 1474560
1759849762419 500.0 1479680
1759849789042 500.0 1484800
1759849815936 500.0 1489920
1759849846993 500.0 1495040
1759849874337 500.0 1500160
1759849901956 500.0 1505280
1759849929886 500.0 1510400
1759849960033 500.0 1515520
1759849987602 500.0 1520640
1759850015420 500.0 1525760
1759850044093 500.0 1530880
1759850073110 500.0 1536000
1759850101066 500.0 1541120
1759850128541 500.0 1546240
1759850157969 500.0 1551360
1759850185754 500.0 1556480
1759850213327 500.0 1561600
1759850240285 500.0 1566720
1759850271446 500.0 1571840
1759850298870 500.0 1576960
1759850326213 500.0 1582080
1759850353657 500.0 1587200
1759850385518 500.0 1592320
1759850412844 500.0 1597440
1759850439174 500.0 1602560
1759850466037 500.0 1607680
1759850494206 500.0 1612800
1759850523927 500.0 1617920
1759850550388 500.0 1623040
1759850577150 500.0 1628160
1759850603978 500.0 1633280
1759850634495 500.0 1638400
1759850660283 500.0 1643520
1759850686773 500.0 1648640
1759850713685 500.0 1653760
1759850742411 500.0 1658880
1759850768589 500.0 1664000
1759850795082 500.0 1669120
1759850822530 500.0 1674240
1759850851067 500.0 1679360
1759850877460 500.0 1684480
1759850903651 500.0 1689600
1759850930989 500.0 1694720
1759850960605 500.0 1699840
1759850986714 500.0 1704960
1759851012946 500.0 1710080
1759851039560 500.0 1715200
1759851068349 500.0 1720320
1759851094494 500.0 1725440
1759851120674 500.0 1730560
1759851148588 500.0 1735680
1759851176128 500.0 1740800
1759851202805 500.0 1745920
1759851231457 500.0 1751040
1759851263700 500.0 1756160
1759851293618 500.0 1761280
1759851321862 500.0 1766400
1759851351563 500.0 1771520
1759851380152 500.0 1776640
1759851408829 500.0 1781760
1759851437512 500.0 1786880
1759851471476 500.0 1792000
1759851500146 500.0 1797120
1759851528283 500.0 1802240
1759851557202 500.0 1807360
1759851590831 500.0 1812480
1759851619726 500.0 1817600
1759851648990 500.0 1822720
1759851677347 500.0 1827840
1759851708770 500.0 1832960
1759851739502 500.0 1838080
1759851768251 500.0 1843200
1759851796846 500.0 1848320
1759851825981 500.0 1853440
1759851857804 500.0 1858560
1759851887512 500.0 1863680
1759851915701 500.0 1868800
1759851943447 500.0 1873920
1759851976084 500.0 1879040
1759852003536 500.0 1884160
1759852031597 500.0 1889280
1759852059705 500.0 1894400
1759852091477 500.0 1899520
1759852117848 500.0 1904640
1759852144388 500.0 1909760
1759852170743 500.0 1914880
1759852203289 500.0 1920000
1759852231348 500.0 1925120
1759852260469 500.0 1930240
1759852289330 500.0 1935360
1759852320650 500.0 1940480
1759852350129 500.0 1945600
1759852380691 500.0 1950720
1759852409679 500.0 1955840
1759852438898 500.0 1960960
1759852468749 500.0 1966080
1759852501047 500.0 1971200
1759852530920 500.0 1976320
1759852560335 500.0 1981440
1759852589671 500.0 1986560
1759852620779 500.0 1991680
1759852652255 500.0 1996800
1759852681438 500.0 2001920
1759852710630 500.0 2007040
1759852740708 500.0 2012160
1759852773627 500.0 2017280
1759852802580 500.0 2022400
1759852831770 500.0 2027520
1759852859968 500.0 2032640
1759852893323 500.0 2037760
1759852921526 500.0 2042880
1759852949853 500.0 2048000
1759852978961 500.0 2053120
1759853013165 500.0 2058240
1759853041152 500.0 2063360
1759853069386 500.0 2068480
1759853099376 500.0 2073600
1759853132319 500.0 2078720
1759853161674 500.0 2083840
1759853193032 500.0 2088960
1759853224113 500.0 2094080
1759853257836 500.0 2099200
1759853289563 500.0 2104320
1759853319391 500.0 2109440
1759853349960 500.0 2114560
1759853384376 500.0 2119680
1759853416051 500.0 2124800
1759853446233 500.0 2129920
1759853480630 500.0 2135040
1759853511122 500.0 2140160
1759853541789 500.0 2145280
1759853572405 500.0 2150400
1759853608212 500.0 2155520
1759853638298 500.0 2160640
1759853668742 500.0 2165760
1759853699115 500.0 2170880
1759853734879 500.0 2176000
1759853765692 500.0 2181120
1759853796855 500.0 2186240
1759853827951 500.0 2191360
1759853861031 500.0 2196480
1759853891335 500.0 2201600
1759853924301 500.0 2206720
1759853954817 500.0 2211840
1759853987963 500.0 2216960
1759854018815 500.0 2222080
1759854050353 500.0 2227200
1759854080638 500.0 2232320
1759854115983 500.0 2237440
1759854146550 500.0 2242560
1759854176632 500.0 2247680
1759854207373 500.0 2252800
1759854243191 500.0 2257920
1759854273324 500.0 2263040
1759854304195 500.0 2268160
1759854334346 500.0 2273280
1759854370663 500.0 2278400
1759854398770 500.0 2283520
1759854426757 500.0 2288640
1759854454968 500.0 2293760
1759854487985 500.0 2298880
1759854515981 500.0 2304000
1759854543889 500.0 2309120
1759854571620 500.0 2314240
1759854605266 500.0 2319360
1759854633058 500.0 2324480
1759854661431 500.0 2329600
1759854689451 500.0 2334720
1759854722856 500.0 2339840
1759854750866 500.0 2344960
1759854779272 500.0 2350080
1759854807075 500.0 2355200
1759854839406 500.0 2360320
1759854867395 500.0 2365440
1759854895349 500.0 2370560
1759854925322 500.0 2375680
1759854953835 500.0 2380800
1759854984852 500.0 2385920
1759855013428 500.0 2391040
1759855042010 500.0 2396160
1759855069701 500.0 2401280
1759855101527 500.0 2406400
1759855129719 500.0 2411520
1759855157675 500.0 2416640
1759855185413 500.0 2421760
1759855219509 500.0 2426880
1759855247501 500.0 2432000
1759855276028 500.0 2437120
1759855303622 500.0 2442240
1759855336300 500.0 2447360
1759855365074 500.0 2452480
1759855393079 500.0 2457600
1759855421596 500.0 2462720
1759855452718 500.0 2467840
1759855480887 500.0 2472960
1759855510922 500.0 2478080
1759855539344 500.0 2483200
1759855569869 500.0 2488320
1759855599421 500.0 2493440
1759855627811 500.0 2498560
1759855655287 500.0 2503680
1759855687382 500.0 2508800
1759855715945 500.0 2513920
1759855744034 500.0 2519040
1759855772180 500.0 2524160
1759855805160 500.0 2529280
1759855833222 500.0 2534400
1759855861611 500.0 2539520
1759855889864 500.0 2544640
1759855920835 500.0 2549760
1759855950918 500.0 2554880
1759855978514 500.0 2560000
1759856006589 500.0 2565120
1759856038465 500.0 2570240
1759856066762 500.0 2575360
1759856095062 500.0 2580480
1759856124412 500.0 2585600
1759856158970 500.0 2590720
1759856186634 500.0 2595840
1759856214964 500.0 2600960
1759856245163 500.0 2606080
1759856271881 500.0 2611200
1759856299482 500.0 2616320
1759856329835 500.0 2621440
1759856359321 500.0 2626560
1759856387694 500.0 2631680
1759856415317 500.0 2636800
1759856448764 500.0 2641920
1759856477515 500.0 2647040
1759856506204 500.0 2652160
1759856535332 500.0 2657280
1759856572552 500.0 2662400
1759856602500 500.0 2667520
1759856632896 500.0 2672640
1759856663661 500.0 2677760
1759856700195 500.0 2682880
1759856730786 500.0 2688000
1759856760842 500.0 2693120
1759856791090 500.0 2698240
1759856827503 500.0 2703360
1759856857382 500.0 2708480
1759856887424 500.0 2713600
1759856917677 500.0 2718720
1759856954747 500.0 2723840
1759856984686 500.0 2728960
1759857014817 500.0 2734080
1759857044667 500.0 2739200
1759857078226 500.0 2744320
1759857110477 500.0 2749440
1759857140615 500.0 2754560
1759857170857 500.0 2759680
1759857203117 500.0 2764800
1759857236013 500.0 2769920
1759857266266 500.0 2775040
1759857296349 500.0 2780160
1759857327033 500.0 2785280
1759857361521 500.0 2790400
1759857391832 500.0 2795520
1759857422379 500.0 2800640
1759857452682 500.0 2805760
1759857487929 500.0 2810880
1759857517646 500.0 2816000
1759857551228 500.0 2821120
1759857582774 500.0 2826240
1759857613217 500.0 2831360
1759857643395 500.0 2836480
1759857679156 500.0 2841600
1759857710317 500.0 2846720
1759857742240 500.0 2851840
1759857774254 500.0 2856960
1759857810919 500.0 2862080
1759857841373 500.0 2867200
1759857872657 500.0 2872320
1759857903082 500.0 2877440
1759857940369 500.0 2882560
1759857970878 500.0 2887680
1759858001002 500.0 2892800
1759858031432 500.0 2897920
1759858066530 500.0 2903040
1759858096891 500.0 2908160
1759858127324 500.0 2913280
1759858157756 500.0 2918400
1759858191688 500.0 2923520
1759858222140 500.0 2928640
1759858254129 500.0 2933760
1759858284335 500.0 2938880
1759858316563 500.0 2944000
1759858347370 500.0 2949120
1759858379911 500.0 2954240
1759858409442 500.0 2959360
1759858439908 500.0 2964480
1759858469757 500.0 2969600
1759858503790 500.0 2974720
1759858533395 500.0 2979840
1759858564498 500.0 2984960
1759858597087 500.0 2990080
1759858630210 500.0 2995200
1759858660856 500.0 3000320
1759858693680 500.0 3005440
1759858728896 500.0 3010560
1759858759280 500.0 3015680
1759858790762 500.0 3020800
1759858822034 500.0 3025920
1759858857716 500.0 3031040
1759858890330 500.0 3036160
1759858921412 500.0 3041280
1759858952443 500.0 3046400
1759858985600 500.0 3051520
1759859020064 500.0 3056640
1759859049116 500.0 3061760
1759859077600 500.0 3066880
1759859110182 500.0 3072000
1759859144808 500.0 3077120
1759859175724 500.0 3082240
1759859204849 500.0 3087360
1759859237511 500.0 3092480
1759859268001 500.0 3097600
1759859296406 500.0 3102720
1759859325361 500.0 3107840
1759859360919 500.0 3112960
1759859390986 500.0 3118080
1759859420351 500.0 3123200
1759859449850 500.0 3128320
1759859482075 500.0 3133440
1759859513124 500.0 3138560
1759859542305 500.0 3143680
1759859571330 500.0 3148800
1759859604151 500.0 3153920
1759859633942 500.0 3159040
1759859662478 500.0 3164160
1759859694174 500.0 3169280
1759859723957 500.0 3174400
1759859753481 500.0 3179520
1759859783503 500.0 3184640
1759859820257 500.0 3189760
1759859849501 500.0 3194880
1759859878583 500.0 3200000
1759859908122 500.0 3205120
1759859943067 500.0 3210240
1759859972340 500.0 3215360
1759860001284 500.0 3220480
1759860029704 500.0 3225600
1759860063724 500.0 3230720
1759860092587 500.0 3235840
1759860120681 500.0 3240960
1759860150007 500.0 3246080
1759860180924 500.0 3251200
1759860211070 500.0 3256320
1759860239901 500.0 3261440
1759860268611 500.0 3266560
1759860297903 500.0 3271680
1759860328593 500.0 3276800
1759860357855 500.0 3281920
1759860384382 500.0 3287040
1759860411295 500.0 3292160
1759860438913 500.0 3297280
1759860469415 500.0 3302400
1759860496345 500.0 3307520
1759860523647 500.0 3312640
1759860551157 500.0 3317760
1759860580289 500.0 3322880
1759860607881 500.0 3328000
1759860634900 500.0 3333120
1759860664245 500.0 3338240
1759860692425 500.0 3343360
1759860719848 500.0 3348480
1759860747936 500.0 3353600
1759860776393 500.0 3358720
1759860803794 500.0 3363840
1759860831298 500.0 3368960
1759860859440 500.0 3374080
1759860888169 500.0 3379200
1759860915373 500.0 3384320
1759860942510 500.0 3389440
1759860971186 500.0 3394560
1759860999693 500.0 3399680
1759861026818 500.0 3404800
1759861053821 500.0 3409920
1759861081799 500.0 3415040
1759861110271 500.0 3420160
1759861137392 500.0 3425280
1759861167383 500.0 3430400
1759861194358 500.0 3435520
1759861221524 500.0 3440640
1759861248563 500.0 3445760
1759861280813 500.0 3450880
1759861306853 500.0 3456000
1759861334224 500.0 3461120
1759861360536 500.0 3466240
1759861392065 500.0 3471360
1759861419226 500.0 3476480
1759861446068 500.0 3481600
1759861472942 500.0 3486720
1759861504362 500.0 3491840
1759861531780 500.0 3496960
1759861558721 500.0 3502080
1759861585987 500.0 3507200
1759861614299 500.0 3512320
1759861643423 500.0 3517440
1759861670142 500.0 3522560
1759861697461 500.0 3527680
1759861724531 500.0 3532800
1759861756677 500.0 3537920
1759861783204 500.0 3543040
1759861809826 500.0 3548160
1759861836573 500.0 3553280
1759861867574 500.0 3558400
1759861894131 500.0 3563520
1759861921959 500.0 3568640
1759861948652 500.0 3573760
1759861979477 500.0 3578880
1759862006396 500.0 3584000
1759862033025 500.0 3589120
1759862059726 500.0 3594240
1759862089975 500.0 3599360
1759862117319 500.0 3604480
1759862144469 500.0 3609600
1759862171568 500.0 3614720
1759862201328 500.0 3619840
1759862228098 500.0 3624960
1759862254581 500.0 3630080
1759862282353 500.0 3635200
1759862312427 500.0 3640320
1759862339032 500.0 3645440
1759862365815 500.0 3650560
1759862392698 500.0 3655680
1759862423890 500.0 3660800
1759862451191 500.0 3665920
1759862478027 500.0 3671040
1759862505205 500.0 3676160
1759862535020 500.0 3681280
1759862562287 500.0 3686400
1759862589841 500.0 3691520
1759862616812 500.0 3696640
1759862646399 500.0 3701760
1759862672819 500.0 3706880
1759862701954 500.0 3712000
1759862728436 500.0 3717120
1759862756693 500.0 3722240
1759862784958 500.0 3727360
1759862814333 500.0 3732480
1759862841067 500.0 3737600
1759862867787 500.0 3742720
1759862896031 500.0 3747840
1759862925386 500.0 3752960
1759862952747 500.0 3758080
1759862979685 500.0 3763200
1759863007456 500.0 3768320
1759863035828 500.0 3773440
1759863064299 500.0 3778560
1759863090743 500.0 3783680
1759863120100 500.0 3788800
1759863147561 500.0 3793920
1759863174497 500.0 3799040
1759863202022 500.0 3804160
1759863231572 500.0 3809280
1759863258454 500.0 3814400
1759863285420 500.0 3819520
1759863312732 500.0 3824640
1759863343197 500.0 3829760
1759863370033 500.0 3834880
1759863396447 500.0 3840000
1759863424567 500.0 3845120
1759863454076 500.0 3850240
1759863480638 500.0 3855360
1759863507956 500.0 3860480
1759863535394 500.0 3865600
1759863565485 500.0 3870720
1759863594085 500.0 3875840
1759863621051 500.0 3880960
1759863648176 500.0 3886080
1759863677147 500.0 3891200
1759863704779 500.0 3896320
1759863732995 500.0 3901440
1759863759711 500.0 3906560
1759863788418 500.0 3911680
1759863816646 500.0 3916800
1759863845293 500.0 3921920
1759863872437 500.0 3927040
1759863900253 500.0 3932160
1759863928569 500.0 3937280
1759863957778 500.0 3942400
1759863985410 500.0 3947520
1759864012704 500.0 3952640
1759864040010 500.0 3957760
1759864070441 500.0 3962880
1759864097442 500.0 3968000
1759864124559 500.0 3973120
1759864151544 500.0 3978240
1759864181184 500.0 3983360
1759864208424 500.0 3988480
1759864236910 500.0 3993600
1759864263858 500.0 3998720
1759864291888 500.0 4003840
1759864318931 500.0 4008960
1759864348873 500.0 4014080
1759864376010 500.0 4019200
1759864402987 500.0 4024320
1759864429756 500.0 4029440
1759864461000 500.0 4034560
1759864488491 500.0 4039680
1759864515358 500.0 4044800
1759864542506 500.0 4049920
1759864573279 500.0 4055040
1759864601927 500.0 4060160
1759864630390 500.0 4065280
1759864659153 500.0 4070400
1759864687962 500.0 4075520
1759864714571 500.0 4080640
1759864742021 500.0 4085760
1759864772103 500.0 4090880
1759864799003 500.0 4096000
1759864827009 500.0 4101120
1759864853421 500.0 4106240
1759864884852 500.0 4111360
1759864911994 500.0 4116480
1759864940484 500.0 4121600
1759864968585 500.0 4126720
1759864998509 500.0 4131840
1759865025797 500.0 4136960
1759865054726 500.0 4142080
1759865082814 500.0 4147200
1759865112817 500.0 4152320
1759865139705 500.0 4157440
1759865166905 500.0 4162560
1759865194281 500.0 4167680
1759865224654 500.0 4172800
1759865251212 500.0 4177920
1759865278366 500.0 4183040
1759865308144 500.0 4188160
1759865335711 500.0 4193280
1759865362952 500.0 4198400
1759865389734 500.0 4203520
1759865420594 500.0 4208640
1759865448530 500.0 4213760
1759865475298 500.0 4218880
1759865502457 500.0 4224000
1759865532451 500.0 4229120
1759865560083 500.0 4234240
1759865587919 500.0 4239360
1759865615888 500.0 4244480
1759865644433 500.0 4249600
1759865671662 500.0 4254720
1759865700269 500.0 4259840
1759865727371 500.0 4264960
1759865757305 500.0 4270080
1759865784279 500.0 4275200
1759865811692 500.0 4280320
1759865838657 500.0 4285440
1759865870387 500.0 4290560
1759865896941 500.0 4295680
1759865923976 500.0 4300800
1759865951079 500.0 4305920
1759865983290 500.0 4311040
1759866010020 500.0 4316160
1759866038167 500.0 4321280
1759866065294 500.0 4326400
1759866095756 500.0 4331520
1759866123259 500.0 4336640
1759866150712 500.0 4341760
1759866178257 500.0 4346880
1759866207093 500.0 4352000
1759866235364 500.0 4357120
1759866264948 500.0 4362240
1759866292632 500.0 4367360
1759866319804 500.0 4372480
1759866348128 500.0 4377600
1759866375803 500.0 4382720
1759866404753 500.0 4387840
1759866434817 500.0 4392960
1759866462152 500.0 4398080
1759866488984 500.0 4403200
1759866516323 500.0 4408320
1759866548181 500.0 4413440
1759866575435 500.0 4418560
1759866602574 500.0 4423680
1759866629529 500.0 4428800
1759866661254 500.0 4433920
1759866688094 500.0 4439040
1759866715452 500.0 4444160
1759866742347 500.0 4449280
1759866773557 500.0 4454400
1759866801487 500.0 4459520
1759866828587 500.0 4464640
1759866856516 500.0 4469760
1759866885380 500.0 4474880
1759866914607 500.0 4480000
1759866942970 500.0 4485120
1759866969825 500.0 4490240
1759866997275 500.0 4495360
1759867025276 500.0 4500480
1759867057293 500.0 4505600
1759867083755 500.0 4510720
1759867110693 500.0 4515840
1759867138123 500.0 4520960
1759867170548 500.0 4526080
1759867197033 500.0 4531200
1759867224411 500.0 4536320
1759867251776 500.0 4541440
1759867283094 500.0 4546560
1759867310552 500.0 4551680
1759867337653 500.0 4556800
1759867364976 500.0 4561920
1759867394271 500.0 4567040
1759867422019 500.0 4572160
1759867450236 500.0 4577280
1759867477928 500.0 4582400
1759867505903 500.0 4587520
1759867535054 500.0 4592640
1759867562840 500.0 4597760
1759867590133 500.0 4602880
1759867617484 500.0 4608000
1759867646162 500.0 4613120
1759867675440 500.0 4618240
1759867703086 500.0 4623360
1759867730907 500.0 4628480
1759867758194 500.0 4633600
1759867790788 500.0 4638720
1759867818054 500.0 4643840
1759867845020 500.0 4648960
1759867871761 500.0 4654080
1759867903817 500.0 4659200
1759867931132 500.0 4664320
1759867957863 500.0 4669440
1759867985434 500.0 4674560
1759868017778 500.0 4679680
1759868044723 500.0 4684800
1759868071538 500.0 4689920
1759868099519 500.0 4695040
1759868130394 500.0 4700160
1759868157761 500.0 4705280
1759868184707 500.0 4710400
1759868211868 500.0 4715520
1759868243502 500.0 4720640
1759868270390 500.0 4725760
1759868298234 500.0 4730880
1759868325036 500.0 4736000
1759868356794 500.0 4741120
1759868384280 500.0 4746240
1759868411345 500.0 4751360
1759868438210 500.0 4756480
1759868470406 500.0 4761600
1759868497394 500.0 4766720
1759868524430 500.0 4771840
1759868551686 500.0 4776960
1759868583846 500.0 4782080
1759868610929 500.0 4787200
1759868638039 500.0 4792320
1759868665101 500.0 4797440
1759868696499 500.0 4802560
1759868723289 500.0 4807680
1759868750114 500.0 4812800
1759868777182 500.0 4817920
1759868809334 500.0 4823040
1759868836551 500.0 4828160
1759868863340 500.0 4833280
1759868890336 500.0 4838400
1759868921895 500.0 4843520
1759868949062 500.0 4848640
1759868976396 500.0 4853760
1759869004041 500.0 4858880
1759869039078 500.0 4864000
1759869068809 500.0 4869120
1759869098148 500.0 4874240
1759869127928 500.0 4879360
1759869162435 500.0 4884480
1759869192581 500.0 4889600
1759869221913 500.0 4894720
1759869251299 500.0 4899840
1759869286027 500.0 4904960
1759869315264 500.0 4910080
1759869344606 500.0 4915200
1759869374293 500.0 4920320
1759869408914 500.0 4925440
1759869439083 500.0 4930560
1759869468543 500.0 4935680
1759869497759 500.0 4940800
1759869529166 500.0 4945920
1759869561711 500.0 4951040
1759869596238 500.0 4956160
1759869625978 500.0 4961280
1759869656555 500.0 4966400
1759869688526 500.0 4971520
1759869718783 500.0 4976640
1759869747894 500.0 4981760
1759869777245 500.0 4986880
1759869808925 500.0 4992000
1759869838584 500.0 4997120
1759869849894 500.0 5000192
