1771211771601 0.08471977710723877 5120
1771211782105 0.07955174148082733 10240
1771211791663 0.08006619662046432 15360
1771211802576 0.07803428173065186 20480
1771211811740 0.07565418630838394 25600
1771211823037 0.0753868818283081 30720
1771211832616 0.0757734552025795 35840
1771211843324 0.07617231458425522 40960
1771211853136 0.07432734966278076 46080
1771211863519 0.07357016205787659 51200
1771211873284 0.07373607903718948 56320
1771211883826 0.07362376153469086 61440
1771211893418 0.07336799800395966 66560
1771211904075 0.07285400480031967 71680
1771211913707 0.07284791767597198 76800
1771211924366 0.07301140576601028 81920
1771211933947 0.07270674407482147 87040
1771211944773 0.07280134409666061 92160
1771211954383 0.07286097854375839 97280
1771211965080 0.07293074578046799 102400
1771211974767 0.0731423869729042 107520
1771211985413 0.07286462932825089 112640
1771211995137 0.07250919193029404 117760
1771212005885 0.07280173897743225 122880
1771212015696 0.07273484021425247 128000
1771212026474 0.07284662872552872 133120
1771212036050 0.07244042307138443 138240
1771212046951 0.07255694270133972 143360
1771212056627 0.07284915447235107 148480
1771212067408 0.07280559092760086 153600
1771212077085 0.07302502542734146 158720
1771212088212 0.07307596504688263 163840
1771212097654 0.07313604652881622 168960
1771212108650 0.07321151345968246 174080
1771212118071 0.07339958846569061 179200
1771212129126 0.07329054176807404 184320
1771212138443 0.0732370913028717 189440
1771212149073 0.07303328812122345 194560
1771212158848 0.07285921275615692 199680
1771212169770 0.07285985350608826 204800
1771212179408 0.07294697314500809 209920
1771212190066 0.07297524809837341 215040
1771212199588 0.0728389099240303 220160
1771212210394 0.07292205840349197 225280
1771212220247 0.07272838056087494 230400
1771212230469 0.07266412675380707 235520
1771212240215 0.07258566468954086 240640
1771212251182 0.07254097610712051 245760
1771212260839 0.0724690780043602 250880
1771212271768 0.07236594706773758 256000
1771212281714 0.07237701117992401 261120
1771212292244 0.07225862145423889 266240
1771212302042 0.07231471687555313 271360
1771212312566 0.07238955795764923 276480
1771212322130 0.07261701673269272 281600
1771212333878 0.07269040495157242 286720
1771212343154 0.07264598459005356 291840
1771212353222 0.07265196740627289 296960
1771212359585 0.07259508967399597 300032
