1771211771599 -1.536939263343811 5120
1771211782102 -3.6516470909118652 10240
1771211791661 -4.008298397064209 15360
1771211802574 -5.2082438468933105 20480
1771211811738 -5.916593551635742 25600
1771211823034 -6.137983322143555 30720
1771211832613 -6.114030361175537 35840
1771211843322 -6.232981204986572 40960
1771211853134 -6.1465067863464355 46080
1771211863517 -6.0806169509887695 51200
1771211873281 -5.904892444610596 56320
1771211883824 -5.692049980163574 61440
1771211893416 -5.6803202629089355 66560
1771211904073 -5.382017135620117 71680
1771211913705 -5.191658020019531 76800
1771211924363 -4.838273048400879 81920
1771211933944 -4.638081073760986 87040
1771211944770 -4.427046775817871 92160
1771211954380 -4.2290358543396 97280
1771211965078 -4.0689496994018555 102400
1771211974765 -3.8709819316864014 107520
1771211985411 -3.7501068115234375 112640
1771211995135 -3.6858444213867188 117760
1771212005882 -3.6986122131347656 122880
1771212015693 -3.5372376441955566 128000
1771212026472 -3.4936439990997314 133120
1771212036047 -3.4251580238342285 138240
1771212046949 -3.191478729248047 143360
1771212056624 -3.1348812580108643 148480
1771212067406 -3.163320779800415 153600
1771212077083 -3.025451898574829 158720
1771212088210 -2.8114538192749023 163840
1771212097652 -2.8028130531311035 168960
1771212108647 -2.6043081283569336 174080
1771212118069 -2.7057883739471436 179200
1771212129124 -2.4861981868743896 184320
1771212138441 -2.477736711502075 189440
1771212149071 -2.454739809036255 194560
1771212158845 -2.174316883087158 199680
1771212169768 -2.1663413047790527 204800
1771212179405 -2.074239730834961 209920
1771212190064 -1.9737106561660767 215040
1771212199585 -1.987410306930542 220160
1771212210391 -1.9068987369537354 225280
1771212220244 -1.7623836994171143 230400
1771212230466 -1.7056055068969727 235520
1771212240212 -1.615418791770935 240640
1771212251180 -1.5051180124282837 245760
1771212260837 -1.3324847221374512 250880
1771212271766 -1.2842644453048706 256000
1771212281712 -1.286889910697937 261120
1771212292241 -1.1662404537200928 266240
1771212302040 -1.1193737983703613 271360
1771212312564 -1.1290289163589478 276480
1771212322128 -1.0713025331497192 281600
1771212333876 -0.9071084856987 286720
1771212343152 -0.9643180966377258 291840
1771212353219 -0.9260139465332031 296960
1771212359583 -0.7492436170578003 300032
