1771211771599 23.625856399536133 5120
1771211782102 23.94085121154785 10240
1771211791661 20.581165313720703 15360
1771211802574 16.45651626586914 20480
1771211811738 17.382495880126953 25600
1771211823034 15.815422058105469 30720
1771211832613 14.405294418334961 35840
1771211843322 13.827400207519531 40960
1771211853134 13.127802848815918 46080
1771211863517 12.109723091125488 51200
1771211873281 11.833595275878906 56320
1771211883824 10.967891693115234 61440
1771211893416 11.178837776184082 66560
1771211904073 10.118136405944824 71680
1771211913705 10.586328506469727 76800
1771211924363 9.41828727722168 81920
1771211933944 9.990097045898438 87040
1771211944770 11.477594375610352 92160
1771211954380 9.862367630004883 97280
1771211965078 9.407743453979492 102400
1771211974765 10.38864803314209 107520
1771211985411 9.917200088500977 112640
1771211995135 10.032373428344727 117760
1771212005882 10.303196907043457 122880
1771212015693 10.403148651123047 128000
1771212026472 9.776651382446289 133120
1771212036047 10.308661460876465 138240
1771212046949 10.192337989807129 143360
1771212056624 11.531460762023926 148480
1771212067406 10.829012870788574 153600
1771212077083 10.602546691894531 158720
1771212088210 10.103342056274414 163840
1771212097652 10.151237487792969 168960
1771212108647 9.754915237426758 174080
1771212118069 10.368781089782715 179200
1771212129124 9.914531707763672 184320
1771212138441 10.542291641235352 189440
1771212149071 10.2428560256958 194560
1771212158845 9.56600284576416 199680
1771212169768 10.068498611450195 204800
1771212179405 9.504878044128418 209920
1771212190064 10.695550918579102 215040
1771212199585 10.864608764648438 220160
1771212210391 9.887797355651855 225280
1771212220244 10.088844299316406 230400
1771212230466 9.83377456665039 235520
1771212240212 10.418257713317871 240640
1771212251180 10.019027709960938 245760
1771212260837 9.144392013549805 250880
1771212271766 9.688009262084961 256000
1771212281712 10.026163101196289 261120
1771212292241 9.173599243164062 266240
1771212302040 9.147502899169922 271360
1771212312564 8.902582168579102 276480
1771212322128 9.577635765075684 281600
1771212333876 8.869741439819336 286720
1771212343152 9.60194206237793 291840
1771212353219 9.162811279296875 296960
1771212359583 9.400959968566895 300032
