1771211771601 1.1706793308258057 5120
1771211782105 1.1358449459075928 10240
1771211791663 1.1440894603729248 15360
1771211802576 1.1378074884414673 20480
1771211811740 1.116362452507019 25600
1771211823037 1.1168866157531738 30720
1771211832616 1.1262905597686768 35840
1771211843324 1.1305710077285767 40960
1771211853136 1.1190260648727417 46080
1771211863519 1.1103770732879639 51200
1771211873284 1.113178014755249 56320
1771211883826 1.115066647529602 61440
1771211893418 1.1145883798599243 66560
1771211904075 1.1116390228271484 71680
1771211913707 1.1117867231369019 76800
1771211924366 1.113568902015686 81920
1771211933947 1.1124074459075928 87040
1771211944773 1.1127623319625854 92160
1771211954383 1.1145522594451904 97280
1771211965080 1.1127002239227295 102400
1771211974767 1.113365650177002 107520
1771211985413 1.1110830307006836 112640
1771211995137 1.1084821224212646 117760
1771212005885 1.1132705211639404 122880
1771212015696 1.1116024255752563 128000
1771212026474 1.1130162477493286 133120
1771212036050 1.1083738803863525 138240
1771212046951 1.107696533203125 143360
1771212056627 1.1112059354782104 148480
1771212067408 1.1107192039489746 153600
1771212077085 1.1126561164855957 158720
1771212088212 1.1126521825790405 163840
1771212097654 1.1115467548370361 168960
1771212108650 1.1121312379837036 174080
1771212118071 1.1146348714828491 179200
1771212129126 1.1140846014022827 184320
1771212138443 1.1130200624465942 189440
1771212149073 1.1109005212783813 194560
1771212158848 1.1092520952224731 199680
1771212169770 1.1090259552001953 204800
1771212179408 1.1099145412445068 209920
1771212190066 1.1103068590164185 215040
1771212199588 1.1084336042404175 220160
1771212210394 1.1085940599441528 225280
1771212220247 1.1068423986434937 230400
1771212230469 1.1061642169952393 235520
1771212240215 1.1062504053115845 240640
1771212251182 1.106318712234497 245760
1771212260839 1.1066491603851318 250880
1771212271768 1.1058939695358276 256000
1771212281714 1.1049158573150635 261120
1771212292244 1.1039137840270996 266240
1771212302042 1.1050336360931396 271360
1771212312566 1.1054104566574097 276480
1771212322130 1.1073929071426392 281600
1771212333878 1.1079894304275513 286720
1771212343154 1.1075868606567383 291840
1771212353222 1.1078319549560547 296960
1771212359585 1.1074196100234985 300032
