1771211771599 89.75228965163058 5120
1771211782102 92.90738730756452 10240
1771211791661 71.9298931590952 15360
1771211802574 77.36284491662978 20480
1771211811738 91.52673154977523 25600
1771211823034 89.89463757554975 30720
1771211832613 75.99340496077401 35840
1771211843322 89.03402746821202 40960
1771211853134 78.34695059306995 46080
1771211863517 86.2032226241368 51200
1771211873281 89.43460275491492 56320
1771211883824 66.458106223856 61440
1771211893416 71.23478260869565 66560
1771211904073 89.98721304441106 71680
1771211913705 88.71764282843667 76800
1771211924363 87.77081633080127 81920
1771211933944 92.94650534060187 87040
1771211944770 86.42525396138551 92160
1771211954380 85.35938294971203 97280
1771211965078 92.16022500054932 102400
1771211974765 89.25950202170675 107520
1771211985411 94.29216312216177 112640
1771211995135 88.18417677606543 117760
1771212005882 72.03613568054959 122880
1771212015693 91.62470236144789 128000
1771212026472 87.02417162893956 133120
1771212036047 95.44874041371777 138240
1771212046949 94.04479921074464 143360
1771212056624 95.84570736500537 148480
1771212067406 91.01037191337933 153600
1771212077083 97.02748218747108 158720
1771212088210 75.84362229214133 163840
1771212097652 92.66927376770288 168960
1771212108647 92.48333039336744 174080
1771212118069 95.38796024652612 179200
1771212129124 2.346010979699023 184320
1771212138441 99.50427026001138 189440
1771212149071 6.693077459495774 194560
1771212158845 94.6475008462146 199680
1771212169768 91.97429993640769 204800
1771212179405 103.14285011680806 209920
1771212190064 87.25227267999418 215040
1771212199585 7.1624043715846994 220160
1771212210391 79.04087439932158 225280
1771212220244 83.50030857438634 230400
1771212230466 90.10707226948526 235520
1771212240212 90.18457039649093 240640
1771212251180 3.285300715601619 245760
1771212260837 69.72146680408258 250880
1771212271766 97.02748218747108 256000
1771212281712 1.9041035132567117 261120
1771212292241 1.951950319623823 266240
1771212302040 86.05112633868121 271360
1771212312564 5.091843201048888 276480
1771212322128 90.45101464277242 281600
1771212333876 85.52996594547197 286720
1771212343152 10.528241454267972 291840
1771212353219 79.58227079538555 296960
1771212359583 94.19052324275769 300032
