1771211771601 1.8530569076538086 5120
1771211782105 1.7300565242767334 10240
1771211791663 1.7248479127883911 15360
1771211802576 1.6769124269485474 20480
1771211811740 1.6252503395080566 25600
1771211823037 1.6173043251037598 30720
1771211832616 1.6248207092285156 35840
1771211843324 1.6346383094787598 40960
1771211853136 1.5951781272888184 46080
1771211863519 1.5769104957580566 51200
1771211873284 1.5812125205993652 56320
1771211883826 1.5771069526672363 61440
1771211893418 1.5714486837387085 66560
1771211904075 1.5610992908477783 71680
1771211913707 1.5618658065795898 76800
1771211924366 1.5645653009414673 81920
1771211933947 1.5593281984329224 87040
1771211944773 1.560671091079712 92160
1771211954383 1.5622029304504395 97280
1771211965080 1.5643776655197144 102400
1771211974767 1.5682400465011597 107520
1771211985413 1.5613511800765991 112640
1771211995137 1.553737759590149 117760
1771212005885 1.5599634647369385 122880
1771212015696 1.5583679676055908 128000
1771212026474 1.5616837739944458 133120
1771212036050 1.5536514520645142 138240
1771212046951 1.5555826425552368 143360
1771212056627 1.561415195465088 148480
1771212067408 1.560482382774353 153600
1771212077085 1.564911127090454 158720
1771212088212 1.5653811693191528 163840
1771212097654 1.5669937133789062 168960
1771212108650 1.568723440170288 174080
1771212118071 1.5721790790557861 179200
1771212129126 1.56978440284729 184320
1771212138443 1.568874716758728 189440
1771212149073 1.564552664756775 194560
1771212158848 1.560813069343567 199680
1771212169770 1.5606586933135986 204800
1771212179408 1.5624784231185913 209920
1771212190066 1.5630873441696167 215040
1771212199588 1.5603322982788086 220160
1771212210394 1.56178879737854 225280
1771212220247 1.5576903820037842 230400
1771212230469 1.5560271739959717 235520
1771212240215 1.554696798324585 240640
1771212251182 1.553771734237671 245760
1771212260839 1.5523353815078735 250880
1771212271768 1.5505380630493164 256000
1771212281714 1.5507590770721436 261120
1771212292244 1.5482999086380005 266240
1771212302042 1.549241065979004 271360
1771212312566 1.550881028175354 276480
1771212322130 1.5555336475372314 281600
1771212333878 1.5570694208145142 286720
1771212343154 1.5563850402832031 291840
1771212353222 1.5565489530563354 296960
1771212359585 1.5553762912750244 300032
