1771787102173 494.7698059082031 5120
1771787126563 495.4297180175781 10240
1771787150273 496.26287841796875 15360
1771787173817 496.673583984375 20480
1771787198148 495.4093322753906 25600
1771787221855 494.8726501464844 30720
1771787245293 493.9677429199219 35840
1771787269309 493.9800720214844 40960
1771787292993 493.74847412109375 46080
1771787316761 493.9669494628906 51200
1771787340976 493.4317626953125 56320
1771787364634 493.4661865234375 61440
1771787388292 492.7704162597656 66560
1771787412481 491.53936767578125 71680
1771787435580 490.0607604980469 76800
1771787459740 489.4007263183594 81920
1771787484046 488.6778259277344 87040
1771787506990 488.6906433105469 92160
1771787530661 488.8036804199219 97280
1771787555062 488.4112243652344 102400
1771787579159 488.02752685546875 107520
1771787602806 487.28778076171875 112640
1771787626618 487.0209045410156 117760
1771787650613 486.70770263671875 122880
1771787674492 485.8205261230469 128000
1771787697725 484.669921875 133120
1771787721399 483.6935729980469 138240
1771787744868 482.9412841796875 143360
1771787769482 482.02880859375 148480
1771787792473 481.4549255371094 153600
1771787815895 480.74505615234375 158720
1771787840717 479.3821105957031 163840
1771787864297 477.7137756347656 168960
1771787888590 476.7884521484375 174080
1771787912996 476.322021484375 179200
1771787936363 475.6755676269531 184320
1771787960183 474.7586364746094 189440
1771787984612 473.8221435546875 194560
1771788008013 472.7322692871094 199680
1771788031780 471.6881408691406 204800
1771788055908 470.64276123046875 209920
1771788078865 469.7703857421875 215040
1771788104073 469.1420593261719 220160
1771788128350 468.2753601074219 225280
1771788151871 467.90167236328125 230400
1771788175483 467.6382751464844 235520
1771788199952 466.759521484375 240640
1771788223498 466.1026306152344 245760
1771788247195 465.3866882324219 250880
1771788271270 465.0152587890625 256000
1771788294743 464.674560546875 261120
1771788318516 463.79376220703125 266240
1771788341334 462.75506591796875 271360
1771788365543 462.6032409667969 276480
1771788389811 461.9747314453125 281600
1771788414184 461.3724670410156 286720
1771788438138 460.7792053222656 291840
1771788461737 460.19921875 296960
1771788474120 460.0 300032
