1771787102173 265.0 5120
1771787126563 505.0 10240
1771787150273 738.0 15360
1771787173817 965.0 20480
1771787198148 1202.0 25600
1771787221855 1437.0 30720
1771787245293 1674.0 35840
1771787269309 1908.0 40960
1771787292993 2131.0 46080
1771787316761 2359.0 51200
1771787340976 2587.0 56320
1771787364634 2810.0 61440
1771787388292 2975.0 66560
1771787412481 3174.0 71680
1771787435580 3390.0 76800
1771787459740 3611.0 81920
1771787484046 3827.0 87040
1771787506990 4034.0 92160
1771787530661 4238.0 97280
1771787555062 4450.0 102400
1771787579159 4651.0 107520
1771787602806 4844.0 112640
1771787626618 5025.0 117760
1771787650613 5214.0 122880
1771787674492 5382.0 128000
1771787697725 5550.0 133120
1771787721399 5711.0 138240
1771787744868 5877.0 143360
1771787769482 6041.0 148480
1771787792473 6212.0 153600
1771787815895 6378.0 158720
1771787840717 6535.0 163840
1771787864297 6694.0 168960
1771787888590 6854.0 174080
1771787912996 7006.0 179200
1771787936363 7157.0 184320
1771787960183 7321.0 189440
1771787984612 7478.0 194560
1771788008013 7623.0 199680
1771788031780 7773.0 204800
1771788055908 7925.0 209920
1771788078865 8074.0 215040
1771788104073 8215.0 220160
1771788128350 8360.0 225280
1771788151871 8502.0 230400
1771788175483 8653.0 235520
1771788199952 8803.0 240640
1771788223498 8946.0 245760
1771788247195 9095.0 250880
1771788271270 9245.0 256000
1771788294743 9390.0 261120
1771788318516 9533.0 266240
1771788341334 9684.0 271360
1771788365543 9830.0 276480
1771788389811 9971.0 281600
1771788414184 10119.0 286720
1771788438138 10259.0 291840
1771788461737 10401.0 296960
1771788474120 10471.0 300032
