1771787102173 0.0 5120
1771787126563 0.0 10240
1771787150273 0.0 15360
1771787173817 0.0 20480
1771787198148 0.0 25600
1771787221855 0.0 30720
1771787245293 0.0 35840
1771787269309 0.0 40960
1771787292993 0.0 46080
1771787316761 0.0 51200
1771787340976 0.0 56320
1771787364634 0.0 61440
1771787388292 0.0 66560
1771787412481 0.0 71680
1771787435580 0.0 76800
1771787459740 0.0 81920
1771787484046 0.0 87040
1771787506990 0.0 92160
1771787530661 0.0 97280
1771787555062 0.0 102400
1771787579159 0.0 107520
1771787602806 0.0 112640
1771787626618 0.0 117760
1771787650613 0.0 122880
1771787674492 0.0 128000
1771787697725 0.0 133120
1771787721399 0.0 138240
1771787744868 0.0 143360
1771787769482 0.0 148480
1771787792473 0.0 153600
1771787815895 0.0 158720
1771787840717 0.0 163840
1771787864297 0.0 168960
1771787888590 0.0 174080
1771787912996 0.0 179200
1771787936363 0.0 184320
1771787960183 0.0 189440
1771787984612 0.0 194560
1771788008013 0.0 199680
1771788031780 0.0 204800
1771788055908 0.0 209920
1771788078865 0.0 215040
1771788104073 0.0 220160
1771788128350 0.0 225280
1771788151871 0.0 230400
1771788175483 0.0 235520
1771788199952 0.0 240640
1771788223498 0.0 245760
1771788247195 0.0 250880
1771788271270 0.0 256000
1771788294743 0.0 261120
1771788318516 0.0 266240
1771788341334 0.0 271360
1771788365543 0.0 276480
1771788389811 0.0 281600
1771788414184 0.0 286720
1771788438138 0.0 291840
1771788461737 0.0 296960
1771788474120 0.0 300032
