1771787102170 18.478487014770508 5120
1771787126560 13.557713508605957 10240
1771787150270 12.284684181213379 15360
1771787173813 12.818376541137695 20480
1771787198145 16.563190460205078 25600
1771787221852 16.462427139282227 30720
1771787245290 16.837446212768555 35840
1771787269306 16.33719253540039 40960
1771787292989 15.08471393585205 46080
1771787316758 14.764640808105469 51200
1771787340973 13.760856628417969 56320
1771787364630 13.665432929992676 61440
1771787388289 13.500386238098145 66560
1771787412478 15.087381362915039 71680
1771787435577 18.750804901123047 76800
1771787459736 22.615795135498047 81920
1771787484043 23.952762603759766 87040
1771787506987 25.76126480102539 92160
1771787530658 26.190021514892578 97280
1771787555058 27.26333999633789 102400
1771787579156 27.439722061157227 107520
1771787602802 26.767831802368164 112640
1771787626615 27.180816650390625 117760
1771787650610 26.99649429321289 122880
1771787674489 27.424041748046875 128000
1771787697722 26.733551025390625 133120
1771787721395 27.1707706451416 138240
1771787744864 27.276037216186523 143360
1771787769479 30.311504364013672 148480
1771787792470 29.897607803344727 153600
1771787815891 30.118946075439453 158720
1771787840714 32.279808044433594 163840
1771787864293 31.346771240234375 168960
1771787888587 33.60004425048828 174080
1771787912992 33.44541931152344 179200
1771787936360 34.42790603637695 184320
1771787960180 34.37835693359375 189440
1771787984609 34.412742614746094 194560
1771788008010 35.616432189941406 199680
1771788031777 35.4688606262207 204800
1771788055905 35.39115524291992 209920
1771788078861 36.303565979003906 215040
1771788104069 36.639137268066406 220160
1771788128347 36.71524429321289 225280
1771788151868 34.800025939941406 230400
1771788175480 33.724613189697266 235520
1771788199949 36.22689437866211 240640
1771788223495 35.9814567565918 245760
1771788247192 36.35621643066406 250880
1771788271267 34.75028991699219 256000
1771788294740 36.01233673095703 261120
1771788318513 36.507240295410156 266240
1771788341331 35.61925506591797 271360
1771788365539 33.83251190185547 276480
1771788389808 34.91034698486328 281600
1771788414180 32.849735260009766 286720
1771788438135 33.456966400146484 291840
1771788461733 32.728065490722656 296960
1771788474117 33.96855926513672 300032
