1771787102173 17.963388442993164 5120
1771787126563 14.08389663696289 10240
1771787150273 13.762234687805176 15360
1771787173817 14.732505798339844 20480
1771787198148 15.411869049072266 25600
1771787221855 15.718886375427246 30720
1771787245293 16.045913696289062 35840
1771787269309 16.008447647094727 40960
1771787292993 16.196935653686523 46080
1771787316761 16.495220184326172 51200
1771787340976 16.739791870117188 56320
1771787364634 17.141998291015625 61440
1771787388292 17.526195526123047 66560
1771787412481 18.12721824645996 71680
1771787435580 18.619443893432617 76800
1771787459740 19.076133728027344 81920
1771787484046 19.39744758605957 87040
1771787506990 19.670841217041016 92160
1771787530661 19.81142807006836 97280
1771787555062 20.049402236938477 102400
1771787579159 20.213682174682617 107520
1771787602806 20.36460304260254 112640
1771787626618 20.498952865600586 117760
1771787650613 20.647798538208008 122880
1771787674492 20.808921813964844 128000
1771787697725 21.021739959716797 133120
1771787721399 21.19517707824707 138240
1771787744868 21.3538875579834 143360
1771787769482 21.515443801879883 148480
1771787792473 21.62070083618164 153600
1771787815895 21.734682083129883 158720
1771787840717 21.897443771362305 163840
1771787864297 22.024169921875 168960
1771787888590 22.127931594848633 174080
1771787912996 22.224082946777344 179200
1771787936363 22.367740631103516 184320
1771787960183 22.47357177734375 189440
1771787984612 22.632658004760742 194560
1771788008013 22.721248626708984 199680
1771788031780 22.79326820373535 204800
1771788055908 22.88319206237793 209920
1771788078865 22.897371292114258 215040
1771788104073 22.957683563232422 220160
1771788128350 23.05068588256836 225280
1771788151871 23.03178596496582 230400
1771788175483 23.0938777923584 235520
1771788199952 23.168048858642578 240640
1771788223498 23.245397567749023 245760
1771788247195 23.28801918029785 250880
1771788271270 23.35019302368164 256000
1771788294743 23.439403533935547 261120
1771788318516 23.479747772216797 266240
1771788341334 23.503376007080078 271360
1771788365543 23.552383422851562 276480
1771788389811 23.569847106933594 281600
1771788414184 23.57826805114746 286720
1771788438138 23.593198776245117 291840
1771788461737 23.629446029663086 296960
1771788474120 23.634326934814453 300032
