1760058487529 398.9243681936553 5120
1760058517815 404.9475335487078 10240
1760058552310 406.9228924173414 15360
1760058582515 408.99490991709183 20480
1760058612335 410.59802926485656 25600
1760058648425 411.3312315136317 30720
1760058678379 411.76386834319527 35840
1760058707753 412.06407343507 40960
1760058737104 412.5503410075058 46080
1760058771768 412.8258077468269 51200
1760058801833 412.8729818693268 56320
1760058832552 413.36615401088653 61440
1760058863365 413.3441781079509 66560
1760058894917 413.3886782805978 71680
1760058924027 413.79890040258067 76800
1760058953149 413.8490940520507 81920
1760058984760 413.839525430955 87040
1760059015091 414.0516430028752 92160
1760059046051 414.19633964486445 97280
1760059075372 414.3358234757533 102400
1760059104768 414.3846418518334 107520
1760059134884 414.32535228326515 112640
1760059168215 413.99991780435874 117760
1760059196809 412.15718076201034 122880
1760059226444 410.5683097781234 128000
1760059255200 408.96599698109725 133120
1760059286236 407.64690591723615 138240
1760059314539 406.3990219327812 143360
1760059346524 406.01205425702716 148480
1760059375511 406.30062659014493 153600
1760059404261 406.71776990661067 158720
1760059433480 406.922275853401 163840
1760059469690 407.18335582200996 168960
1760059498207 407.4213161700168 174080
1760059526927 407.60468037110576 179200
1760059555772 407.7204873171761 184320
1760059589932 406.64250482011005 189440
1760059618634 405.6075187951476 194560
1760059647410 404.55935506926204 199680
1760059675891 403.6453737116048 204800
1760059710058 402.8049918246152 209920
1760059738529 401.82929983054856 215040
1760059771469 400.91885025156444 220160
1760059802132 399.95767899725485 225280
1760059831184 398.9669527445463 230400
1760059860927 398.0866553899781 235520
1760059891626 397.4704694432187 240640
1760059924371 397.0645605669576 245760
1760059957490 396.6984601654092 250880
1760059986739 396.4042920509532 256000
1760060016441 396.0053823230571 261120
1760060047232 395.7277348479934 266240
1760060079574 395.53324160368544 271360
1760060109168 395.25897887048694 276480
1760060141306 394.9989212056131 281600
1760060171330 394.7308588090135 286720
1760060201183 394.4159870479575 291840
1760060230757 394.03912725999476 296960
1760060245677 393.91501055302945 300032
