1760058487529 1.1526492725719104 5120
1760058517815 1.0512687804447727 10240
1760058552310 1.0220989376588068 15360
1760058582515 0.9884352197452467 20480
1760058612335 0.9596768441747446 25600
1760058648425 0.9541076887782218 30720
1760058678379 0.9514230502427682 35840
1760058707753 0.9532312469324218 40960
1760058737104 0.9454874765515052 46080
1760058771768 0.9392977106139603 51200
1760058801833 0.9305418500741564 56320
1760058832552 0.9202233863158163 61440
1760058863365 0.921928422288809 66560
1760058894917 0.9228480804798215 71680
1760058924027 0.9102981383759378 76800
1760058953149 0.9138901295955901 81920
1760058984760 0.9144618058743847 87040
1760059015091 0.9154408381330923 92160
1760059046051 0.9135359881180143 97280
1760059075372 0.9101060478975145 102400
1760059104768 0.907451809426616 107520
1760059134884 0.9105678668647115 112640
1760059168215 0.9153825683788342 117760
1760059196809 0.9461051271520012 122880
1760059226444 0.9752358264965072 128000
1760059255200 0.998549901052872 133120
1760059286236 1.0190026097743283 138240
1760059314539 1.0364383688693053 143360
1760059346524 1.046447857013853 148480
1760059375511 1.0428604945214626 153600
1760059404261 1.0342314150813823 158720
1760059433480 1.0317509427273472 163840
1760059469690 1.0271329632101616 168960
1760059498207 1.0223402487121613 174080
1760059526927 1.0181757031633298 179200
1760059555772 1.0162179000177904 184320
1760059589932 1.0366197953902196 189440
1760059618634 1.0528445836342106 194560
1760059647410 1.0668734301798062 199680
1760059675891 1.0794043277785592 204800
1760059710058 1.0908219671586992 209920
1760059738529 1.10713887445162 215040
1760059771469 1.1204005719999448 220160
1760059802132 1.1322195315430996 225280
1760059831184 1.1449624686941573 230400
1760059860927 1.1598712475196478 235520
1760059891626 1.1738684428305746 240640
1760059924371 1.1853509235435566 245760
1760059957490 1.1943274305993155 250880
1760059986739 1.2027555446511693 256000
1760060016441 1.2142500321511518 261120
1760060047232 1.2217334550343837 266240
1760060079574 1.2253803239892358 271360
1760060109168 1.2320191187664953 276480
1760060141306 1.2386935461864246 281600
1760060171330 1.2439727913706735 286720
1760060201183 1.2528034460314539 291840
1760060230757 1.26074791962906 296960
1760060245677 1.264391154170515 300032
