1760058487529 500.0 5120
1760058517815 500.0 10240
1760058552310 500.0 15360
1760058582515 500.0 20480
1760058612335 500.0 25600
1760058648425 500.0 30720
1760058678379 500.0 35840
1760058707753 500.0 40960
1760058737104 500.0 46080
1760058771768 500.0 51200
1760058801833 500.0 56320
1760058832552 500.0 61440
1760058863365 500.0 66560
1760058894917 500.0 71680
1760058924027 500.0 76800
1760058953149 500.0 81920
1760058984760 500.0 87040
1760059015091 500.0 92160
1760059046051 500.0 97280
1760059075372 500.0 102400
1760059104768 500.0 107520
1760059134884 500.0 112640
1760059168215 500.0 117760
1760059196809 500.0 122880
1760059226444 500.0 128000
1760059255200 500.0 133120
1760059286236 500.0 138240
1760059314539 500.0 143360
1760059346524 500.0 148480
1760059375511 500.0 153600
1760059404261 500.0 158720
1760059433480 500.0 163840
1760059469690 500.0 168960
1760059498207 500.0 174080
1760059526927 500.0 179200
1760059555772 500.0 184320
1760059589932 500.0 189440
1760059618634 500.0 194560
1760059647410 500.0 199680
1760059675891 500.0 204800
1760059710058 500.0 209920
1760059738529 500.0 215040
1760059771469 500.0 220160
1760059802132 500.0 225280
1760059831184 500.0 230400
1760059860927 500.0 235520
1760059891626 500.0 240640
1760059924371 500.0 245760
1760059957490 500.0 250880
1760059986739 500.0 256000
1760060016441 500.0 261120
1760060047232 500.0 266240
1760060079574 500.0 271360
1760060109168 500.0 276480
1760060141306 500.0 281600
1760060171330 500.0 286720
1760060201183 500.0 291840
1760060230757 500.0 296960
1760060245677 500.0 300032
