1771757904219 386.1393737792969 5120
1771757941266 424.1175231933594 10240
1771757979277 437.68280029296875 15360
1771758016291 444.13995361328125 20480
1771758052936 448.6716003417969 25600
1771758090785 451.28021240234375 30720
1771758127921 454.0370788574219 35840
1771758164585 455.5933532714844 40960
1771758202256 456.6311950683594 46080
1771758239249 457.56982421875 51200
1771758275933 458.0536804199219 56320
1771758313396 458.41778564453125 61440
1771758350079 458.9142150878906 66560
1771758387002 459.52227783203125 71680
1771758424478 459.6226806640625 76800
1771758461126 460.1998291015625 81920
1771758498190 460.5557861328125 87040
1771758535519 460.9182434082031 92160
1771758572153 461.0544128417969 97280
1771758609112 461.5017395019531 102400
1771758646469 461.79840087890625 107520
1771758683131 462.0028381347656 112640
1771758719794 462.09326171875 117760
1771758756478 462.3363037109375 122880
1771758793850 462.42083740234375 128000
1771758830968 462.7115478515625 133120
1771758867631 462.8707275390625 138240
1771758905072 462.88983154296875 143360
1771758941732 463.0762634277344 148480
1771758978554 463.1681823730469 153600
1771759016071 463.2890930175781 158720
1771759052725 463.474609375 163840
1771759089386 463.407470703125 168960
1771759127119 463.66876220703125 174080
1771759163796 463.6685791015625 179200
1771759200449 463.8205871582031 184320
1771759237816 463.85015869140625 189440
1771759274454 463.9563903808594 194560
1771759311151 464.031982421875 199680
1771759348490 464.06500244140625 204800
1771759385145 464.03997802734375 209920
1771759421794 464.1273498535156 215040
1771759459156 463.2122497558594 220160
1771759496145 461.9115295410156 225280
1771759532846 460.6006774902344 230400
1771759570267 459.36968994140625 235520
1771759607461 458.1128234863281 240640
1771759644608 456.9403991699219 245760
1771759682046 455.7475891113281 250880
1771759718676 454.6445617675781 256000
1771759755340 453.6094055175781 261120
1771759792832 452.5578918457031 266240
1771759829485 451.6646728515625 271360
1771759866653 450.7599792480469 276480
1771759903312 449.875732421875 281600
1771759941244 448.83856201171875 286720
1771759977896 448.02593994140625 291840
1771760015727 447.2781982421875 296960
1771760031157 447.0299377441406 300032
