1771094778410 24.0467529296875 5120
1771094785483 22.8248348236084 10240
1771094791218 23.97163200378418 15360
1771094797684 25.09893226623535 20480
1771094804737 25.62647247314453 25600
1771094811643 26.043001174926758 30720
1771094817818 26.270116806030273 35840
1771094824254 26.63249397277832 40960
1771094830647 26.73061180114746 46080
1771094838162 26.8236026763916 51200
1771094844005 26.87067985534668 56320
1771094850910 26.916057586669922 61440
1771094857201 26.98472785949707 66560
1771094864238 26.988862991333008 71680
1771094870749 27.046762466430664 76800
1771094878158 27.075963973999023 81920
1771094884334 27.047447204589844 87040
1771094890173 27.1059627532959 92160
1771094896804 27.020666122436523 97280
1771094904029 26.846988677978516 102400
1771094911438 26.616758346557617 107520
1771094917645 26.41578483581543 112640
1771094923449 26.208913803100586 117760
1771094929778 26.028074264526367 122880
1771094937760 25.790632247924805 128000
1771094943593 25.49774742126465 133120
1771094950013 25.186405181884766 138240
1771094956113 24.9000244140625 143360
1771094963804 24.625720977783203 148480
1771094970255 24.35445785522461 153600
1771094976398 24.07180404663086 158720
1771094982862 23.80286979675293 163840
1771094990623 23.51024055480957 168960
1771094996472 23.267852783203125 174080
1771095002265 23.195236206054688 179200
1771095008667 23.19483757019043 184320
1771095017013 23.16240882873535 189440
1771095022726 23.190462112426758 194560
1771095028966 23.19594955444336 199680
1771095035203 23.178253173828125 204800
1771095043357 23.19424819946289 209920
1771095049517 23.190256118774414 215040
1771095055788 23.203266143798828 220160
1771095061697 23.21426773071289 225280
1771095071278 23.26003074645996 230400
1771095077123 23.27881622314453 235520
1771095083061 23.34502601623535 240640
1771095088760 23.398176193237305 245760
1771095097721 23.453554153442383 250880
1771095103606 23.509716033935547 256000
1771095109543 23.579267501831055 261120
1771095115744 23.659109115600586 266240
1771095124513 23.71795654296875 271360
1771095130836 23.7657413482666 276480
1771095136884 23.814373016357422 281600
1771095142726 23.889705657958984 286720
1771095152158 23.945606231689453 291840
1771095158111 24.03624725341797 296960
1771095159269 24.06890296936035 300032
