1771094778405 23.6246395111084 5120
1771094785477 20.28135108947754 10240
1771094791212 15.629501342773438 15360
1771094797678 14.649625778198242 20480
1771094804731 15.099658012390137 25600
1771094811637 15.430709838867188 30720
1771094817812 17.515661239624023 35840
1771094824248 16.607378005981445 40960
1771094830640 16.282384872436523 46080
1771094838156 15.435714721679688 51200
1771094843999 14.948240280151367 56320
1771094850903 13.230708122253418 61440
1771094857195 14.254969596862793 66560
1771094864232 12.647960662841797 71680
1771094870742 12.737401008605957 76800
1771094878151 12.648222923278809 81920
1771094884328 12.172266006469727 87040
1771094890167 12.807119369506836 92160
1771094896797 11.540800094604492 97280
1771094904022 12.913708686828613 102400
1771094911431 14.508203506469727 107520
1771094917638 16.208221435546875 112640
1771094923442 16.590993881225586 117760
1771094929771 19.23604393005371 122880
1771094937753 19.999624252319336 128000
1771094943586 21.80323028564453 133120
1771094950006 21.951791763305664 138240
1771094956106 22.170394897460938 143360
1771094963797 19.72634506225586 148480
1771094970247 18.625160217285156 153600
1771094976391 19.705976486206055 158720
1771094982854 20.099252700805664 163840
1771094990616 21.599193572998047 168960
1771094996464 19.613189697265625 174080
1771095002257 21.2763729095459 179200
1771095008659 22.56570816040039 184320
1771095017006 21.567893981933594 189440
1771095022719 21.560871124267578 194560
1771095028958 24.557931900024414 199680
1771095035195 22.339969635009766 204800
1771095043349 21.892086029052734 209920
1771095049509 23.68442153930664 215040
1771095055780 23.42941665649414 220160
1771095061689 25.43631935119629 225280
1771095071270 23.137990951538086 230400
1771095077115 23.104774475097656 235520
1771095083053 24.209531784057617 240640
1771095088752 22.987863540649414 245760
1771095097712 23.563093185424805 250880
1771095103598 23.661211013793945 256000
1771095109535 24.814191818237305 261120
1771095115735 23.706157684326172 266240
1771095124504 23.869258880615234 271360
1771095130827 22.774375915527344 276480
1771095136876 24.943315505981445 281600
1771095142718 23.23932456970215 286720
1771095152149 22.383485794067383 291840
1771095158102 23.776058197021484 296960
1771095159260 22.830652236938477 300032
