1771714689066 21.099945068359375 5120
1771714713988 17.877531051635742 10240
1771714739073 16.73638153076172 15360
1771714765070 16.181747436523438 20480
1771714789920 16.13420867919922 25600
1771714814776 15.72072696685791 30720
1771714839713 15.598749160766602 35840
1771714865352 15.434974670410156 40960
1771714890188 15.16200065612793 46080
1771714914995 15.206571578979492 51200
1771714940270 16.288578033447266 56320
1771714965868 17.34028434753418 61440
1771714990814 18.402292251586914 66560
1771715015590 19.037479400634766 71680
1771715040399 19.67898178100586 76800
1771715065966 20.20506477355957 81920
1771715090763 20.47333526611328 87040
1771715115579 20.594776153564453 92160
1771715140380 21.754837036132812 97280
1771715165814 22.97525978088379 102400
1771715191016 24.738819122314453 107520
1771715215851 26.496767044067383 112640
1771715240929 28.484521865844727 117760
1771715266443 30.54210662841797 122880
1771715291185 32.76600646972656 128000
1771715315960 34.64080810546875 133120
1771715340768 36.59003829956055 138240
1771715366351 38.900062561035156 143360
1771715391457 41.279327392578125 148480
1771715416244 43.388309478759766 153600
1771715441019 45.205078125 158720
1771715466981 47.19806671142578 163840
1771715491798 48.88338088989258 168960
1771715516624 50.77012634277344 174080
1771715541459 52.43339920043945 179200
1771715566901 54.07004165649414 184320
1771715591776 55.698020935058594 189440
1771715616673 57.254581451416016 194560
1771715641510 58.76035690307617 199680
1771715667430 60.01850509643555 204800
1771715692274 61.239715576171875 209920
1771715717577 62.31450653076172 215040
1771715742380 63.47603988647461 220160
1771715767963 64.58413696289062 225280
1771715792867 65.81129455566406 230400
1771715817688 66.95352935791016 235520
1771715842551 67.94507598876953 240640
1771715868137 68.94800567626953 245760
1771715892955 69.85271453857422 250880
1771715917770 70.49491119384766 256000
1771715942597 71.18553924560547 261120
1771715968150 71.87615203857422 266240
1771715992958 72.61136627197266 271360
1771716017786 73.4433364868164 276480
1771716042589 74.1689224243164 281600
1771716068498 75.02389526367188 286720
1771716093756 75.56171417236328 291840
1771716118561 76.14408111572266 296960
1771716128484 76.46446990966797 300032
