1759800312546 1.2817643876509233 5120
1759800331207 1.1207416609221814 10240
1759800350004 1.0660856208545249 15360
1759800380480 1.0159453039032793 20480
1759800399679 0.9878875685326847 25600
1759800418589 0.9729361671857034 30720
1759800435847 0.9561409584324644 35840
1759800462844 0.9487317905869594 40960
1759800484280 0.9490272787664209 46080
1759800502573 0.9418340615571908 51200
1759800521860 0.9458536349414561 56320
1759800547088 0.9470745023025338 61440
1759800569635 0.9472968453500112 66560
1759800590933 0.9462561801058132 71680
1759800609026 0.9474811782794339 76800
1759800631719 0.9381660150938775 81920
1759800652493 0.9380961742936947 87040
1759800676265 0.9396463015006712 92160
1759800702518 0.9418372354067354 97280
1759800723544 0.9375267649507812 102400
1759800744856 0.9335360811347244 107520
1759800768511 0.9358796869291802 112640
1759800796508 0.9297123038962622 117760
1759800817512 0.93214886727141 122880
1759800838869 0.9316337886491288 128000
1759800860561 0.9347014566818654 133120
1759800887840 0.9358467188275427 138240
1759800911215 0.9344534067404286 143360
1759800934383 0.934413310958118 148480
1759800954513 0.9334123593779644 153600
1759800981982 0.9303139977013407 158720
1759801005028 0.9314167872032073 163840
1759801028575 0.9317496859112656 168960
1759801048715 0.9305749226111809 174080
1759801072074 0.9311372896799675 179200
1759801095872 0.9295594260211523 184320
1759801123508 0.9280568833129855 189440
1759801146836 0.9284729333138376 194560
1759801166789 0.9273423787108663 199680
1759801192818 0.926756093414895 204800
1759801221199 0.9284520132080304 209920
1759801243901 0.9306243296419636 215040
1759801265746 0.9317649738148056 220160
1759801289498 0.9333921819811123 225280
1759801315143 0.9325963797356286 230400
1759801336978 0.9313022976829892 235520
1759801355990 0.9312632253779682 240640
1759801379183 0.93069650082106 245760
1759801405433 0.9284735428763129 250880
1759801428191 0.9262061569957132 256000
1759801447493 0.9248448349587791 261120
1759801472489 0.9233968109363271 266240
1759801497357 0.9227220560746018 271360
1759801521038 0.923882339268009 276480
1759801540651 0.9230920314934953 281600
1759801564760 0.9230206885408849 286720
1759801589257 0.9227729112572826 291840
1759801613674 0.9230895319163016 296960
1759801620134 0.9235166190506576 300032
