1758804481863 59.85791554280658 20224
1758804520772 90.76026226386514 40448
1758804560468 150.4521127771002 60672
1758804601220 47.45761484498755 80896
1758804640929 116.89484685488141 101120
1758804680584 113.21880904821033 121344
1758804720821 71.47270124735873 141568
1758804760938 110.06360869108849 161792
1758804801273 83.7487320793898 182016
1758804842346 89.44795376511485 202240
1758804882421 172.46315789473684 222464
1758804922817 57.437335670464506 242688
1758804937113 66.79785319552165 250112
