1758804481866 2.8834661791524088 20224
1758804520776 2.989458368778229 40448
1758804560471 2.4013362457493663 60672
1758804601223 2.2578553929887804 80896
1758804640932 2.2765802067434953 101120
1758804680587 2.253821251855417 121344
1758804720824 2.1933575479157894 141568
1758804760942 2.1141802641947027 161792
1758804801277 2.1092148134206665 182016
1758804842351 2.0869695327509494 202240
1758804882425 2.0330375361181328 222464
1758804922820 1.984265656834945 242688
1758804937117 1.9666666845408527 250112
