1758847700155 7.502282887288969 5120
1758847708954 5.039465863939742 10240
1758847717604 4.224093696467984 15360
1758847732440 3.815502757565081 20480
1758847740913 3.5334890161290775 25600
1758847749757 3.343831154423412 30720
1758847760169 3.2539885869912126 35840
1758847771736 3.1008396225902235 40960
1758847781541 3.0675240329607507 46080
1758847789658 2.987892939461066 51200
1758847802718 2.9154093396120206 56320
1758847811815 2.8771797129710754 61440
1758847821933 2.8462606922666134 66560
1758847832012 2.8185476074534015 71680
1758847843402 2.7969313216410248 76800
1758847852526 2.76847661583169 81920
1758847862988 2.7493629714739045 87040
1758847872720 2.7232249459252507 92160
1758847884866 2.693463034779258 97280
1758847893774 2.656276227936595 102400
1758847904023 2.657875779203941 107520
1758847912436 2.6385195300278945 112640
1758847924955 2.609351233664362 117760
1758847935910 2.598143615081338 122880
1758847944472 2.7209961210410696 128000
1758847955830 3.009518100609034 133120
1758847966596 3.2494403307328388 138240
1758847978617 3.490120246153097 143360
1758847988031 3.7255634328958194 148480
1758848000007 3.939276633903994 153600
1758848011653 4.1391482638478365 158720
1758848021269 4.320501702676919 163840
1758848030992 4.478078907698938 168960
1758848041864 4.650838317606414 174080
1758848055882 4.8021788823022185 179200
1758848064688 4.966204106329892 184320
1758848076290 5.098880021385408 189440
1758848086339 5.234955662327152 194560
1758848097654 5.3768574239912885 199680
1758848107779 5.493637358833 204800
1758848118792 5.5932257739767826 209920
1758848129712 5.699758837201684 215040
1758848141817 5.8121926319096495 220160
1758848151309 5.915139590840361 225280
1758848160544 6.019816122115232 230400
1758848174150 6.115784296894058 235520
1758848185321 6.197520665975787 240640
1758848194887 6.297696100404048 245760
1758848204579 6.369174277801619 250880
1758848216532 6.453476017518672 256000
1758848227460 6.529007580700629 261120
1758848235583 6.617895337901669 266240
1758848245452 6.693267213696301 271360
1758848258718 6.768767225591336 276480
1758848267903 6.849412865477021 281600
1758848277204 6.91660455007328 286720
1758848286583 6.973485225661767 291840
1758848298788 7.02202745783336 296960
1758848302425 7.038652470576299 300032
