1758847700155 -1.745148436663902 5120
1758847708954 -7.152435678831289 10240
1758847717604 -9.150118455819204 15360
1758847732440 -10.069009478645018 20480
1758847740913 -10.750659210402532 25600
1758847749757 -11.134573274554073 30720
1758847760169 -11.440556014252888 35840
1758847771736 -11.706327972892593 40960
1758847781541 -11.830419546538227 46080
1758847789658 -11.958438951873504 51200
1758847802718 -12.0854927280685 56320
1758847811815 -12.159876939838934 61440
1758847821933 -12.230771219329368 66560
1758847832012 -12.291645325905035 71680
1758847843402 -12.32950280071309 76800
1758847852526 -12.353484818025107 81920
1758847862988 -12.394126195563379 87040
1758847872720 -12.454105057393123 92160
1758847884866 -12.50998754836442 97280
1758847893774 -12.550989625256916 102400
1758847904023 -12.572190867174392 107520
1758847912436 -12.598870486984616 112640
1758847924955 -12.640818762932524 117760
1758847935910 -12.658223450201762 122880
1758847944472 -12.40449079235412 128000
1758847955830 -11.87081496663802 133120
1758847966596 -11.455177451729806 138240
1758847978617 -11.001093102343562 143360
1758847988031 -10.60173680028345 148480
1758848000007 -10.218577561206521 153600
1758848011653 -9.886576964517495 158720
1758848021269 -9.550589575697982 163840
1758848030992 -9.249107682242132 168960
1758848041864 -8.941448167935725 174080
1758848055882 -8.665637989392371 179200
1758848064688 -8.363617800490093 184320
1758848076290 -8.099973417011263 189440
1758848086339 -7.845074322418737 194560
1758848097654 -7.595534186473141 199680
1758848107779 -7.3981913146468905 204800
1758848118792 -7.206252001330162 209920
1758848129712 -6.991370236146882 215040
1758848141817 -6.790242452537064 220160
1758848151309 -6.610006039289042 225280
1758848160544 -6.43119682128625 230400
1758848174150 -6.256064765878684 235520
1758848185321 -6.109493361004946 240640
1758848194887 -5.939431301461026 245760
1758848204579 -5.787852175654209 250880
1758848216532 -5.608643451376724 256000
1758848227460 -5.471010830189309 261120
1758848235583 -5.2962097822971685 266240
1758848245452 -5.142861457285688 271360
1758848258718 -4.9787541257383205 276480
1758848267903 -4.81568877050963 281600
1758848277204 -4.686622324052427 286720
1758848286583 -4.581322363820613 291840
1758848298788 -4.496459528140535 296960
1758848302425 -4.454669977720681 300032
