1771126294367 0.09550153464078903 5120
1771126305096 0.09553664922714233 10240
1771126312720 0.09102510660886765 15360
1771126320514 0.08669525384902954 20480
1771126330997 0.08361345529556274 25600
1771126341368 0.0821356251835823 30720
1771126349170 0.08155199885368347 35840
1771126357539 0.08087671548128128 40960
1771126367247 0.08049585670232773 46080
1771126378385 0.08023980259895325 51200
1771126386001 0.07900352776050568 56320
1771126393844 0.0776180773973465 61440
1771126403435 0.07694251835346222 66560
1771126414392 0.07706158608198166 71680
1771126423038 0.07695095241069794 76800
1771126430885 0.07684306800365448 81920
1771126440280 0.0770978033542633 87040
1771126450500 0.07689172774553299 92160
1771126459955 0.07685776799917221 97280
1771126467839 0.07663793116807938 102400
1771126476888 0.07622555643320084 107520
1771126487172 0.07594321668148041 112640
1771126496212 0.07586054503917694 117760
1771126504450 0.07581807672977448 122880
1771126513863 0.0754825621843338 128000
1771126523608 0.07576140016317368 133120
1771126532868 0.07566985487937927 138240
1771126540766 0.07554369419813156 143360
1771126550009 0.07534234970808029 148480
1771126560129 0.07490304112434387 153600
1771126570053 0.07467131316661835 158720
1771126578000 0.0746561661362648 163840
1771126586148 0.07479232549667358 168960
1771126597146 0.07467454671859741 174080
1771126607441 0.07475412636995316 179200
1771126614981 0.07462465018033981 184320
1771126622938 0.07451498508453369 189440
1771126633396 0.07442960888147354 194560
1771126644419 0.07449011504650116 199680
1771126652158 0.07445935159921646 204800
1771126659663 0.07435773313045502 209920
1771126670248 0.07459661364555359 215040
1771126681817 0.074518121778965 220160
1771126689520 0.07450880855321884 225280
1771126697447 0.07467442750930786 230400
1771126706458 0.07458711415529251 235520
1771126718099 0.07451794296503067 240640
1771126726476 0.0744977742433548 245760
1771126734364 0.0746053010225296 250880
1771126742601 0.07458620518445969 256000
1771126754709 0.07456781715154648 261120
1771126762945 0.07468139380216599 266240
1771126770819 0.07474349439144135 271360
1771126779949 0.0746682658791542 276480
1771126791392 0.07468860596418381 281600
1771126800472 0.07450434565544128 286720
1771126808356 0.0745190903544426 291840
1771126816383 0.07448224723339081 296960
1771126822930 0.07453176379203796 300032
