1771126294367 1.2475996017456055 5120
1771126305096 1.1987842321395874 10240
1771126312720 1.1809310913085938 15360
1771126320514 1.1674461364746094 20480
1771126330997 1.1657463312149048 25600
1771126341368 1.1583269834518433 30720
1771126349170 1.1614235639572144 35840
1771126357539 1.163492202758789 40960
1771126367247 1.162911295890808 46080
1771126378385 1.169987678527832 51200
1771126386001 1.1677566766738892 56320
1771126393844 1.162458062171936 61440
1771126403435 1.159915566444397 66560
1771126414392 1.1616203784942627 71680
1771126423038 1.1602954864501953 76800
1771126430885 1.162248134613037 81920
1771126440280 1.1652151346206665 87040
1771126450500 1.165767788887024 92160
1771126459955 1.1675219535827637 97280
1771126467839 1.1697323322296143 102400
1771126476888 1.1695117950439453 107520
1771126487172 1.1688271760940552 112640
1771126496212 1.169776201248169 117760
1771126504450 1.1703940629959106 122880
1771126513863 1.1687277555465698 128000
1771126523608 1.1687673330307007 133120
1771126532868 1.1694577932357788 138240
1771126540766 1.1685066223144531 143360
1771126550009 1.1693352460861206 148480
1771126560129 1.1687921285629272 153600
1771126570053 1.1677879095077515 158720
1771126578000 1.1677069664001465 163840
1771126586148 1.168281078338623 168960
1771126597146 1.1680989265441895 174080
1771126607441 1.1684153079986572 179200
1771126614981 1.1681281328201294 184320
1771126622938 1.1670701503753662 189440
1771126633396 1.167572259902954 194560
1771126644419 1.1673520803451538 199680
1771126652158 1.1670457124710083 204800
1771126659663 1.1661967039108276 209920
1771126670248 1.1666802167892456 215040
1771126681817 1.166693925857544 220160
1771126689520 1.1665034294128418 225280
1771126697447 1.167101263999939 230400
1771126706458 1.1665186882019043 235520
1771126718099 1.1660377979278564 240640
1771126726476 1.1654150485992432 245760
1771126734364 1.1657317876815796 250880
1771126742601 1.1660609245300293 256000
1771126754709 1.165664553642273 261120
1771126762945 1.1654775142669678 266240
1771126770819 1.1665146350860596 271360
1771126779949 1.1670942306518555 276480
1771126791392 1.1671884059906006 281600
1771126800472 1.166643738746643 286720
1771126808356 1.165945291519165 291840
1771126816383 1.164976954460144 296960
1771126822930 1.1649432182312012 300032
