1771126294362 -0.5516662001609802 5120
1771126305090 -1.0976049900054932 10240
1771126312714 -0.8572880029678345 15360
1771126320508 -0.7925839424133301 20480
1771126330991 -0.992180347442627 25600
1771126341361 -0.8414508104324341 30720
1771126349164 -0.8219188451766968 35840
1771126357532 -0.6118093729019165 40960
1771126367240 -0.5834612846374512 46080
1771126378379 -0.4988822340965271 51200
1771126385994 -0.5108046531677246 56320
1771126393837 -0.658859133720398 61440
1771126403428 -0.6593349575996399 66560
1771126414385 -0.6589118838310242 71680
1771126423031 -0.7860913872718811 76800
1771126430878 -0.7434228658676147 81920
1771126440273 -0.8228914141654968 87040
1771126450493 -0.8579028844833374 92160
1771126459948 -0.8999473452568054 97280
1771126467832 -1.0024969577789307 102400
1771126476881 -0.9922301173210144 107520
1771126487165 -0.9881699681282043 112640
1771126496205 -1.1188874244689941 117760
1771126504443 -1.163236379623413 122880
1771126513856 -1.1784842014312744 128000
1771126523600 -1.2323576211929321 133120
1771126532860 -1.2466341257095337 138240
1771126540759 -1.3417961597442627 143360
1771126550002 -1.33423912525177 148480
1771126560120 -1.4720628261566162 153600
1771126570045 -1.4932243824005127 158720
1771126577992 -1.5014315843582153 163840
1771126586140 -1.5475705862045288 168960
1771126597138 -1.6483789682388306 174080
1771126607433 -1.6524360179901123 179200
1771126614974 -1.6843963861465454 184320
1771126622930 -1.7385753393173218 189440
1771126633388 -1.8281837701797485 194560
1771126644411 -1.8346679210662842 199680
1771126652150 -1.9015352725982666 204800
1771126659655 -1.9365171194076538 209920
1771126670239 -2.003541946411133 215040
1771126681808 -2.05376935005188 220160
1771126689512 -2.0601985454559326 225280
1771126697439 -2.1359970569610596 230400
1771126706449 -2.1396324634552 235520
1771126718090 -2.1932458877563477 240640
1771126726468 -2.2441916465759277 245760
1771126734355 -2.282921075820923 250880
1771126742593 -2.203604221343994 256000
1771126754701 -2.3586487770080566 261120
1771126762937 -2.3467860221862793 266240
1771126770810 -2.313769578933716 271360
1771126779940 -2.3610939979553223 276480
1771126791383 -2.392371654510498 281600
1771126800463 -2.451941967010498 286720
1771126808347 -2.409325361251831 291840
1771126816374 -2.5124588012695312 296960
1771126822921 -2.325352191925049 300032
