1771126294362 21.61419677734375 5120
1771126305090 20.282840728759766 10240
1771126312714 20.115388870239258 15360
1771126320508 20.319713592529297 20480
1771126330991 21.56464958190918 25600
1771126341361 20.57834243774414 30720
1771126349164 18.85055923461914 35840
1771126357532 20.840839385986328 40960
1771126367240 20.328197479248047 46080
1771126378379 19.696290969848633 51200
1771126385994 18.446178436279297 56320
1771126393837 17.779396057128906 61440
1771126403428 17.04827308654785 66560
1771126414385 16.043214797973633 71680
1771126423031 15.094029426574707 76800
1771126430878 15.332389831542969 81920
1771126440273 14.723747253417969 87040
1771126450493 16.504119873046875 92160
1771126459948 14.929104804992676 97280
1771126467832 15.241853713989258 102400
1771126476881 14.688921928405762 107520
1771126487165 15.308542251586914 112640
1771126496205 15.314325332641602 117760
1771126504443 13.552299499511719 122880
1771126513856 13.915621757507324 128000
1771126523600 15.487086296081543 133120
1771126532860 14.085138320922852 138240
1771126540759 14.324052810668945 143360
1771126550002 12.752703666687012 148480
1771126560120 14.16162395477295 153600
1771126570045 14.905496597290039 158720
1771126577992 13.737442016601562 163840
1771126586140 13.022653579711914 168960
1771126597138 13.860346794128418 174080
1771126607433 13.931042671203613 179200
1771126614974 15.022476196289062 184320
1771126622930 14.353731155395508 189440
1771126633388 14.275327682495117 194560
1771126644411 13.705662727355957 199680
1771126652150 13.537239074707031 204800
1771126659655 12.712249755859375 209920
1771126670239 13.742156982421875 215040
1771126681808 15.196859359741211 220160
1771126689512 13.802474975585938 225280
1771126697439 13.603567123413086 230400
1771126706449 13.578946113586426 235520
1771126718090 13.608349800109863 240640
1771126726468 12.780532836914062 245760
1771126734355 13.2442045211792 250880
1771126742593 12.255495071411133 256000
1771126754701 13.5364990234375 261120
1771126762937 13.833460807800293 266240
1771126770810 12.072103500366211 271360
1771126779940 14.495841979980469 276480
1771126791383 14.1455717086792 281600
1771126800463 12.781193733215332 286720
1771126808347 13.949674606323242 291840
1771126816374 13.101740837097168 296960
1771126822921 11.84632682800293 300032
