1771227005083 1.1896451711654663 6144
1771227041455 1.1787153482437134 12288
1771227053228 1.1670936346054077 18432
1771227083605 1.1674989461898804 24576
1771227120321 1.1692873239517212 30720
1771227156523 1.164273738861084 36864
1771227169980 1.1608150005340576 43008
1771227200272 1.163670301437378 49152
1771227236812 1.165230631828308 55296
1771227273785 1.1650580167770386 61440
1771227287333 1.1652028560638428 67584
1771227317840 1.1621335744857788 73728
1771227352103 1.1611130237579346 79872
1771227390843 1.1616562604904175 86016
1771227404072 1.159565806388855 92160
1771227436165 1.1605421304702759 98304
1771227469890 1.1612643003463745 104448
1771227508061 1.1618702411651611 110592
1771227522373 1.1609359979629517 116736
1771227553567 1.159363865852356 122880
1771227587483 1.159663438796997 129024
1771227624293 1.157378077507019 135168
1771227639932 1.1576273441314697 141312
1771227670312 1.157889485359192 147456
1771227704013 1.15739107131958 153600
1771227739658 1.1582368612289429 159744
1771227757890 1.1584378480911255 165888
1771227787370 1.1581051349639893 172032
1771227819656 1.1567718982696533 178176
1771227855161 1.155975103378296 184320
1771227875542 1.1556838750839233 190464
1771227904101 1.1550005674362183 196608
1771227936399 1.1538721323013306 202752
1771227970761 1.1529343128204346 208896
1771227994305 1.1528609991073608 215040
1771228021340 1.1529701948165894 221184
1771228052885 1.15178382396698 227328
1771228086829 1.1517577171325684 233472
1771228112979 1.1513386964797974 239616
1771228138127 1.151797890663147 245760
1771228169613 1.151953935623169 251904
1771228202237 1.1514946222305298 258048
1771228231106 1.151450514793396 264192
1771228254763 1.1523017883300781 270336
1771228286661 1.152374267578125 276480
1771228317923 1.151632308959961 282624
1771228349725 1.1505135297775269 288768
1771228371653 1.1502368450164795 294912
1771228395868 1.1498796939849854 301056
