1771227005083 1.9800091981887817 6144
1771227041455 1.8259962797164917 12288
1771227053228 1.8184833526611328 18432
1771227083605 1.878894567489624 24576
1771227120321 1.9228142499923706 30720
1771227156523 1.92268967628479 36864
1771227169980 1.922036051750183 43008
1771227200272 1.9168128967285156 49152
1771227236812 1.9212950468063354 55296
1771227273785 1.913301944732666 61440
1771227287333 1.904051661491394 67584
1771227317840 1.8948465585708618 73728
1771227352103 1.8920286893844604 79872
1771227390843 1.884254813194275 86016
1771227404072 1.8781627416610718 92160
1771227436165 1.8756139278411865 98304
1771227469890 1.8777492046356201 104448
1771227508061 1.8812285661697388 110592
1771227522373 1.8715229034423828 116736
1771227553567 1.8641992807388306 122880
1771227587483 1.8618547916412354 129024
1771227624293 1.8584752082824707 135168
1771227639932 1.8569092750549316 141312
1771227670312 1.8525704145431519 147456
1771227704013 1.847824215888977 153600
1771227739658 1.8453636169433594 159744
1771227757890 1.8401005268096924 165888
1771227787370 1.8372573852539062 172032
1771227819656 1.8391211032867432 178176
1771227855161 1.8408777713775635 184320
1771227875542 1.8355023860931396 190464
1771227904101 1.8328691720962524 196608
1771227936399 1.8361947536468506 202752
1771227970761 1.8320599794387817 208896
1771227994305 1.8304800987243652 215040
1771228021340 1.8323208093643188 221184
1771228052885 1.8255903720855713 227328
1771228086829 1.825761079788208 233472
1771228112979 1.821707844734192 239616
1771228138127 1.8220911026000977 245760
1771228169613 1.8213856220245361 251904
1771228202237 1.8187330961227417 258048
1771228231106 1.817834496498108 264192
1771228254763 1.8219178915023804 270336
1771228286661 1.8211742639541626 276480
1771228317923 1.8188202381134033 282624
1771228349725 1.8141969442367554 288768
1771228371653 1.814030647277832 294912
1771228395868 1.8111612796783447 301056
