1771096456397 0.08910658955574036 8192
1771096459358 0.08884381502866745 16384
1771096505587 0.08462359756231308 24576
1771096509281 0.08096374571323395 32768
1771096555153 0.07789205759763718 40960
1771096558749 0.0771472156047821 49152
1771096605041 0.07671665400266647 57344
1771096608132 0.07617770880460739 65536
1771096654479 0.07561829686164856 73728
1771096657510 0.07538991421461105 81920
1771096703936 0.07514141499996185 90112
1771096707178 0.07523838430643082 98304
1771096753762 0.07531705498695374 106496
1771096756993 0.07553136348724365 114688
1771096804016 0.07500973343849182 122880
1771096806440 0.07483737915754318 131072
1771096853128 0.07430898398160934 139264
1771096856367 0.07443895190954208 147456
1771096902442 0.0742497369647026 155648
1771096906217 0.07440558820962906 163840
1771096951707 0.07439690828323364 172032
1771096956286 0.07429049909114838 180224
1771097001479 0.07443778216838837 188416
1771097005841 0.074521504342556 196608
1771097050917 0.07447502017021179 204800
1771097055641 0.07448545843362808 212992
1771097100033 0.07429170608520508 221184
1771097105130 0.07402104884386063 229376
1771097149026 0.0738128200173378 237568
1771097155409 0.07366836816072464 245760
1771097198646 0.07356352359056473 253952
1771097205587 0.07357709854841232 262144
1771097248345 0.07346474379301071 270336
1771097256987 0.0736345648765564 278528
1771097297654 0.07360564917325974 286720
1771097306903 0.07369862496852875 294912
1771097309942 0.07363060116767883 303104
