1771096456397 1.148044228553772 8192
1771096459358 1.147029161453247 16384
1771096505587 1.1431307792663574 24576
1771096509281 1.1484299898147583 32768
1771096555153 1.143811583518982 40960
1771096558749 1.142001986503601 49152
1771096605041 1.1432507038116455 57344
1771096608132 1.1428875923156738 65536
1771096654479 1.1439707279205322 73728
1771096657510 1.1492862701416016 81920
1771096703936 1.1519765853881836 90112
1771096707178 1.155837893486023 98304
1771096753762 1.1571383476257324 106496
1771096756993 1.1598554849624634 114688
1771096804016 1.1583778858184814 122880
1771096806440 1.1566203832626343 131072
1771096853128 1.1548594236373901 139264
1771096856367 1.1560468673706055 147456
1771096902442 1.1561821699142456 155648
1771096906217 1.1559828519821167 163840
1771096951707 1.1555172204971313 172032
1771096956286 1.1564406156539917 180224
1771097001479 1.1579153537750244 188416
1771097005841 1.1589815616607666 196608
1771097050917 1.1583682298660278 204800
1771097055641 1.1576485633850098 212992
1771097100033 1.156697392463684 221184
1771097105130 1.1550652980804443 229376
1771097149026 1.155611276626587 237568
1771097155409 1.1543686389923096 245760
1771097198646 1.154195785522461 253952
1771097205587 1.153308629989624 262144
1771097248345 1.1538112163543701 270336
1771097256987 1.153713583946228 278528
1771097297654 1.1536544561386108 286720
1771097306903 1.1547822952270508 294912
1771097309942 1.1550891399383545 303104
