1760062320349 1.0129391214121943 5120
1760062353666 0.9948327757260244 10240
1760062386114 1.0286687903864065 15360
1760062419206 1.0187736887706131 20480
1760062460965 0.9967763880548578 25600
1760062497502 1.0074514902103118 30720
1760062530403 1.006707968264026 35840
1760062563235 0.9851067347556167 40960
1760062603181 0.9733599069481071 46080
1760062636302 0.973191405691442 51200
1760062671498 0.9717961007898505 56320
1760062704984 0.9735553977552475 61440
1760062745271 0.9618492285665693 66560
1760062777291 0.9566815504726551 71680
1760062810821 0.95964921586396 76800
1760062843712 0.9641592667859292 81920
1760062883185 0.9546970518555228 87040
1760062914768 0.959018392784651 92160
1760062949012 0.9529602359082042 97280
1760062982215 0.9535361143151628 102400
1760063021076 0.9553000854838426 107520
1760063052307 0.9522551385732129 112640
1760063084154 0.9519309196617793 117760
1760063115255 0.9501103892974322 122880
1760063153154 0.9472678424243764 128000
1760063183104 0.9427471203860801 133120
1760063215959 0.9409404523982559 138240
1760063246428 0.9431084103561475 143360
1760063279892 0.938894460795158 148480
1760063307775 0.9395108169713279 153600
1760063337947 0.9414951492894703 158720
1760063368889 0.9376572218768559 163840
1760063397612 0.9394678919524605 168960
1760063431029 0.9355084531005529 174080
1760063463069 0.9331187679749082 179200
1760063499267 0.9352832158850248 184320
1760063531081 0.9363755577420767 189440
1760063570575 0.9378288373336312 194560
1760063602865 0.9401754089112849 199680
1760063635974 0.9382685765725521 204800
1760063667418 0.9397758941525651 209920
1760063707156 0.9411290855940706 215040
1760063739683 0.9383799651688899 220160
1760063771394 0.9353572556494304 225280
1760063803138 0.9351058986965128 230400
1760063844544 0.9341752067345471 235520
1760063877465 0.935580529386935 240640
1760063912222 0.9344322073243979 245760
1760063945899 0.9358495262627976 250880
1760063984132 0.9340793944892768 256000
1760064017821 0.9374184199428174 261120
1760064050830 0.9377654697610824 266240
1760064088000 0.9372889229020637 271360
1760064123331 0.9364435460190478 276480
1760064157414 0.9356329151593453 281600
1760064188110 0.9344622954327649 286720
1760064219982 0.9347868873391206 291840
1760064254368 0.9336654005179674 296960
1760064274644 0.9346566339001264 300032
