1760062320349 0.0 5120
1760062353666 0.0 10240
1760062386114 0.0 15360
1760062419206 0.0 20480
1760062460965 0.0 25600
1760062497502 0.0 30720
1760062530403 0.0 35840
1760062563235 0.0 40960
1760062603181 0.0 46080
1760062636302 0.0 51200
1760062671498 0.0 56320
1760062704984 0.0 61440
1760062745271 0.0 66560
1760062777291 0.0 71680
1760062810821 0.0 76800
1760062843712 0.0 81920
1760062883185 0.0 87040
1760062914768 0.0 92160
1760062949012 0.0 97280
1760062982215 0.0 102400
1760063021076 0.0 107520
1760063052307 0.0 112640
1760063084154 0.0 117760
1760063115255 0.0 122880
1760063153154 0.0 128000
1760063183104 0.0 133120
1760063215959 0.0 138240
1760063246428 0.0 143360
1760063279892 0.0 148480
1760063307775 0.0 153600
1760063337947 0.0 158720
1760063368889 0.0 163840
1760063397612 0.0 168960
1760063431029 0.0 174080
1760063463069 0.0 179200
1760063499267 0.0 184320
1760063531081 0.0 189440
1760063570575 0.0 194560
1760063602865 0.0 199680
1760063635974 0.0 204800
1760063667418 0.0 209920
1760063707156 0.0 215040
1760063739683 0.0 220160
1760063771394 0.0 225280
1760063803138 0.0 230400
1760063844544 0.0 235520
1760063877465 0.0 240640
1760063912222 0.0 245760
1760063945899 0.0 250880
1760063984132 0.0 256000
1760064017821 0.0 261120
1760064050830 0.0 266240
1760064088000 0.0 271360
1760064123331 0.0 276480
1760064157414 0.0 281600
1760064188110 0.0 286720
1760064219982 0.0 291840
1760064254368 0.0 296960
1760064274644 0.0 300032
