1760062320341 -3.7378950623174503 5120
1760062353657 -1.7631873109123923 10240
1760062386107 -1.2755955889821053 15360
1760062419196 -0.9624877010072982 20480
1760062460948 -0.7902920493712793 25600
1760062497494 -0.6656548515442879 30720
1760062530381 -0.5764657590124342 35840
1760062563225 -0.50819978830291 40960
1760062603169 -0.46390789280767025 46080
1760062636294 -0.4362497465283263 51200
1760062671491 -0.3906124366181237 56320
1760062704978 -0.3723931683868658 61440
1760062745262 -0.35144706711624607 66560
1760062777282 -0.32624284112957164 71680
1760062810814 -0.30091786039503 76800
1760062843705 -0.28279051574659936 81920
1760062883179 -0.2697559595108032 87040
1760062914761 -0.2545373227570083 92160
1760062949001 -0.23823302363355955 97280
1760062982209 -0.22679638272464867 102400
1760063021067 -0.23072591007880447 107520
1760063052300 -0.22076305419475106 112640
1760063084145 -0.2167939642380024 117760
1760063115245 -0.20564614839790282 122880
1760063153148 -0.1968227397827875 128000
1760063183098 -0.19081112082677942 133120
1760063215953 -0.18295945104430703 138240
1760063246418 -0.17588560057024583 143360
1760063279883 -0.17323354482650757 148480
1760063307769 -0.1678190351321997 153600
1760063337940 -0.16311746163245958 158720
1760063368882 -0.15805507772457525 163840
1760063397606 -0.15463516353124596 168960
1760063431018 -0.15319013260958486 174080
1760063463055 -0.15054733157157899 179200
1760063499254 -0.1463821974907132 184320
1760063531067 -0.1444261525266914 189440
1760063570568 -0.14155142219902958 194560
1760063602853 -0.13526100783931966 199680
1760063635964 -0.14155863458244364 204800
1760063667402 -0.13629033102572544 209920
1760063707142 -0.13315160421398578 215040
1760063739672 -0.13234505498850788 220160
1760063771384 -0.1286992513216459 225280
1760063803130 -0.12376781585997185 230400
1760063844526 -0.12581162204990137 235520
1760063877451 -0.12274547168764016 240640
1760063912213 -0.1222466049352622 245760
1760063945891 -0.11896026018189221 250880
1760063984123 -0.11705056015713756 256000
1760064017810 -0.1150913193821907 261120
1760064050811 -0.11282266382970114 266240
1760064087984 -0.11192563924574316 271360
1760064123317 -0.11176610063362824 276480
1760064157403 -0.11005119171695432 281600
1760064188101 -0.10738754730631872 286720
1760064219973 -0.10591138709675181 291840
1760064254351 -0.10437770233940832 296960
1760064274635 -0.040983008687406675 300032
