1760062320341 19.56831250190735 5120
1760062353657 7.950235080718993 10240
1760062386107 5.439526998996735 15360
1760062419196 4.314389101664226 20480
1760062460948 3.394682840200571 25600
1760062497494 2.8583817205121442 30720
1760062530381 2.490886905458238 35840
1760062563225 2.1572293095472386 40960
1760062603169 1.877445241679316 46080
1760062636294 1.7454872262244134 51200
1760062671491 1.5959512131554738 56320
1760062704978 1.4961748388947032 61440
1760062745262 1.3864644888675575 66560
1760062777282 1.2835696932295677 71680
1760062810814 1.2189884386564556 76800
1760062843705 1.1579574867531104 81920
1760062883179 1.082222769981207 87040
1760062914761 0.9912154323452123 92160
1760062949001 0.9638840854167938 97280
1760062982209 0.9204558702978758 102400
1760063021067 0.8853959605378924 107520
1760063052300 0.7913553306648323 112640
1760063084145 0.7749077057016306 117760
1760063115245 0.7525980894230614 122880
1760063153148 0.7251539139520555 128000
1760063183098 0.672545393732668 133120
1760063215953 0.6730732006185195 138240
1760063246418 0.6512490157539963 143360
1760063279883 0.6386397675292133 148480
1760063307769 0.6763291125265968 153600
1760063337940 0.6486929147671431 158720
1760063368882 0.6323910328172008 163840
1760063397606 0.598674686271024 168960
1760063431018 0.5133283949734873 174080
1760063463055 0.5112900056622244 179200
1760063499254 0.5022577817927408 184320
1760063531067 0.49389348132635963 189440
1760063570568 0.4653524109206274 194560
1760063602853 0.4688226427350725 199680
1760063635964 0.47262971318183256 204800
1760063667402 0.45847799801132055 209920
1760063707142 0.4427759627030359 215040
1760063739672 0.42811335457695854 220160
1760063771384 0.44014948806072257 225280
1760063803130 0.4316861528210935 230400
1760063844526 0.4027871821349833 235520
1760063877451 0.39811348187721385 240640
1760063912213 0.38367835238761433 245760
1760063945891 0.38172817462828107 250880
1760063984123 0.38206987646946394 256000
1760064017810 0.36633325964212415 261120
1760064050811 0.3553405666716711 266240
1760064087984 0.35537948823512944 271360
1760064123317 0.35332540005335505 276480
1760064157403 0.34403447932091313 281600
1760064188101 0.3436581435152644 286720
1760064219973 0.34238895803064734 291840
1760064254351 0.33468377516441733 296960
1760064274635 0.1343321699331238 300032
