1760062320349 17.10144927536232 5120
1760062353666 17.050392694785646 10240
1760062386114 17.598822448811095 15360
1760062419206 17.739601158303437 20480
1760062460965 17.75763601040393 25600
1760062497502 17.82534253213766 30720
1760062530403 17.780838364197248 35840
1760062563235 17.673417559321624 40960
1760062603181 17.595946084299396 46080
1760062636302 17.561354321370306 51200
1760062671498 17.534364341967034 56320
1760062704984 17.584413021761453 61440
1760062745271 17.53387088683788 66560
1760062777291 17.540947915260215 71680
1760062810821 17.525955578371928 76800
1760062843712 17.56727870309537 81920
1760062883185 17.490377110759106 87040
1760062914768 17.51653885242551 92160
1760062949012 17.46736425598454 97280
1760062982215 17.463873792098067 102400
1760063021076 17.450408607531504 107520
1760063052307 17.4730046961958 112640
1760063084154 17.480227039242155 117760
1760063115255 17.475582864475584 122880
1760063153154 17.453098325829856 128000
1760063183104 17.405896607034645 133120
1760063215959 17.3982190414547 138240
1760063246428 17.414438694858095 143360
1760063279892 17.39278024170803 148480
1760063307775 17.383751524686147 153600
1760063337947 17.39514759299628 158720
1760063368889 17.367771187113107 163840
1760063397612 17.37583404649399 168960
1760063431029 17.367572500810194 174080
1760063463069 17.3578607735916 179200
1760063499267 17.378414483257824 184320
1760063531081 17.38881970250771 189440
1760063570575 17.41187123628872 194560
1760063602865 17.451667644663026 199680
1760063635974 17.434088432108187 204800
1760063667418 17.447333514605127 209920
1760063707156 17.462074952877447 215040
1760063739683 17.447350659936824 220160
1760063771394 17.42014130496479 225280
1760063803138 17.419124785194455 230400
1760063844544 17.413366111732422 235520
1760063877465 17.412991966021483 240640
1760063912222 17.40300017529139 245760
1760063945899 17.417890180689977 250880
1760063984132 17.409694872539102 256000
1760064017821 17.432292550142897 261120
1760064050830 17.442761074902453 266240
1760064088000 17.43695883159633 271360
1760064123331 17.44105998593556 276480
1760064157414 17.42612595526164 281600
1760064188110 17.421184068495318 286720
1760064219982 17.425152158824933 291840
1760064254368 17.41734846802685 296960
1760064274644 17.42862331155508 300032
