1758829984991 0.10955561913606775 5120
1758829996218 0.11017557567763098 10240
1758830005730 0.0883980889085661 15360
1758830017350 0.07854416168420897 20480
1758830027773 0.07385097037029638 25600
1758830039790 0.0726845494831182 30720
1758830049932 0.07462596063898451 35840
1758830062518 0.0686841164345511 40960
1758830072632 0.06996643097758086 46080
1758830084710 0.06236907672463802 51200
1758830095527 0.0635867152148904 56320
1758830108372 0.055780144543512766 61440
1758830119440 0.0529176906785223 66560
1758830132670 0.05357169238653204 71680
1758830142602 0.05621705853845924 76800
1758830155115 0.05606584198891171 81920
1758830165126 0.05041537095884099 87040
1758830177874 0.045146733554724705 92160
1758830187168 0.044666758574782764 97280
1758830199585 0.0435012848313482 102400
1758830210720 0.0431248170565689 107520
1758830221844 0.04119015927108138 112640
1758830232848 0.044599882666705074 117760
1758830244193 0.04130054103238786 122880
1758830255996 0.040906690258049695 128000
1758830268496 0.04114242572490975 133120
1758830278597 0.0425145675443466 138240
1758830290999 0.0438587433266473 143360
1758830300554 0.042568648277514214 148480
1758830313365 0.044687091156340314 153600
1758830322896 0.04432372993312181 158720
1758830336051 0.045207078477170225 163840
1758830345565 0.044759420710759605 168960
1758830358766 0.04297923792679646 174080
1758830368475 0.04308046263413636 179200
1758830380044 0.04179403048270282 184320
1758830391272 0.041742258294051274 189440
1758830401858 0.04165552037972784 194560
1758830414724 0.04135639293139162 199680
1758830425138 0.041379952772575265 204800
1758830437656 0.040188261660250135 209920
1758830448133 0.040080142581398324 215040
1758830460807 0.03925124496194375 220160
1758830471203 0.04054935693305464 225280
1758830484246 0.041772597268719514 230400
1758830495592 0.04201747228532674 235520
1758830508425 0.04213845407660752 240640
1758830521423 0.041588289772047544 245760
1758830532422 0.04278380128514106 250880
1758830545298 0.04225454702652094 256000
1758830556510 0.04270247722432578 261120
1758830570083 0.043630771528280266 266240
1758830580488 0.04429330888809612 271360
1758830593359 0.045252129462590954 276480
1758830604285 0.04512132445883346 281600
1758830616333 0.04579241662593663 286720
1758830628731 0.04512182488200047 291840
1758830639976 0.04619019065668534 296960
1758830645408 0.04583106132823106 300032
