1771060603451 1.1333580017089844 8192
1771060608877 1.1415746212005615 16384
1771060628118 1.142390251159668 24576
1771060633893 1.144761323928833 32768
1771060653004 1.1424766778945923 40960
1771060658852 1.1441339254379272 49152
1771060677769 1.148773431777954 57344
1771060683727 1.1483118534088135 65536
1771060702397 1.1515672206878662 73728
1771060708364 1.1472914218902588 81920
1771060727236 1.149330735206604 90112
1771060733607 1.1523709297180176 98304
1771060752306 1.1535412073135376 106496
1771060757989 1.1525226831436157 114688
1771060777130 1.151876449584961 122880
1771060783225 1.151558518409729 131072
1771060801603 1.1494755744934082 139264
1771060808212 1.1485369205474854 147456
1771060826157 1.148743748664856 155648
1771060833279 1.1492112874984741 163840
1771060851053 1.1481447219848633 172032
1771060858138 1.1474380493164062 180224
1771060875996 1.1473318338394165 188416
1771060883203 1.1470645666122437 196608
1771060900822 1.1482295989990234 204800
1771060908194 1.14943528175354 212992
1771060925813 1.1493955850601196 221184
1771060933171 1.1499696969985962 229376
1771060950763 1.1496163606643677 237568
1771060958329 1.1493415832519531 245760
1771060975644 1.1494673490524292 253952
1771060983262 1.1512349843978882 262144
1771060999775 1.1513631343841553 270336
1771061008333 1.1522650718688965 278528
1771061024813 1.1539533138275146 286720
1771061033190 1.1546595096588135 294912
1771061041423 1.154882550239563 303104
