1771060603451 0.29566264152526855 8192
1771060608877 0.3011597990989685 16384
1771060628118 0.30151835083961487 24576
1771060633893 0.2999937832355499 32768
1771060653004 0.2971286475658417 40960
1771060658852 0.2946484088897705 49152
1771060677769 0.2929661273956299 57344
1771060683727 0.2905045449733734 65536
1771060702397 0.2871074676513672 73728
1771060708364 0.283551424741745 81920
1771060727236 0.2820068597793579 90112
1771060733607 0.28154510259628296 98304
1771060752306 0.2816591262817383 106496
1771060757989 0.2806389331817627 114688
1771060777130 0.2795713543891907 122880
1771060783225 0.2787037491798401 131072
1771060801603 0.27822864055633545 139264
1771060808212 0.2768005430698395 147456
1771060826157 0.2761293947696686 155648
1771060833279 0.2761865556240082 163840
1771060851053 0.27616265416145325 172032
1771060858138 0.2751505374908447 180224
1771060875996 0.2746422290802002 188416
1771060883203 0.27418211102485657 196608
1771060900822 0.27415984869003296 204800
1771060908194 0.2742718458175659 212992
1771060925813 0.2739778459072113 221184
1771060933171 0.27370309829711914 229376
1771060950763 0.27357974648475647 237568
1771060958329 0.2737561762332916 245760
1771060975644 0.2754380702972412 253952
1771060983262 0.27758413553237915 262144
1771060999775 0.28012117743492126 270336
1771061008333 0.2829044759273529 278528
1771061024813 0.28576019406318665 286720
1771061033190 0.2882526218891144 294912
1771061041423 0.28971895575523376 303104
