1760100592340 406.1149403171468 5120
1760100618497 410.29334970606436 10240
1760100645131 412.8554175592238 15360
1760100672123 414.4944755909974 20480
1760100699946 410.8017436109923 25600
1760100727569 406.6775343818083 30720
1760100753953 404.76551231971155 35840
1760100781746 402.28511544655294 40960
1760100808046 400.62365643666004 46080
1760100836518 399.7453929434577 51200
1760100864554 398.65785074468903 56320
1760100892349 397.7580758178342 61440
1760100919902 396.89281355241866 66560
1760100946832 396.32748126270326 71680
1760100973639 396.0162543995712 76800
1760100999983 396.5464648492814 81920
1760101030858 397.49881491420757 87040
1760101057159 398.6126364605419 92160
1760101083166 399.8096409212347 97280
1760101109340 400.6766365044464 102400
1760101139811 401.54730500218625 107520
1760101166085 402.06835641691487 112640
1760101192558 402.8443568235188 117760
1760101219032 403.4192339649517 122880
1760101249875 402.1445190538582 128000
1760101276486 400.31888809906235 133120
1760101302364 398.3125308231164 138240
1760101329099 397.72701146843167 143360
1760101359294 397.39977425602314 148480
1760101385475 397.20413026733775 153600
1760101412118 396.8418554253793 158720
1760101438515 396.738283069334 163840
1760101469241 396.3605612138487 168960
1760101495349 396.0437627343328 174080
1760101522017 395.656339303311 179200
1760101548430 395.05415381759894 184320
1760101580744 394.496629591112 189440
1760101606352 393.7877920739157 194560
1760101632680 393.1137665549928 199680
1760101659914 392.2592419394987 204800
1760101689292 390.873854890296 209920
1760101716304 389.56095116038085 215040
1760101743252 388.21587227697455 220160
1760101769586 386.76757759007313 225280
1760101797689 385.4243643821711 230400
1760101828238 384.3911976136965 235520
1760101854544 383.33691740550444 240640
1760101881071 382.69430146123716 245760
1760101907504 381.95151566635246 250880
1760101935287 381.4261155764542 256000
1760101965396 380.8142828183616 261120
1760101992653 380.27603038137045 266240
1760102018737 379.7791968262806 271360
1760102045444 379.32607134257887 276480
1760102076391 378.7333205682685 281600
1760102102474 377.93196035918015 286720
1760102131086 376.8918057838417 291840
1760102157777 375.7480140589277 296960
1760102167788 375.3951057108577 300032
