1771733175238 20.409006118774414 5120
1771733207064 19.192115783691406 10240
1771733239532 17.389610290527344 15360
1771733270871 17.057453155517578 20480
1771733302247 17.080617904663086 25600
1771733333608 16.61360740661621 30720
1771733365719 16.543649673461914 35840
1771733397091 16.56199073791504 40960
1771733428383 16.40630531311035 46080
1771733459741 15.937728881835938 51200
1771733492232 16.00150489807129 56320
1771733523569 16.022024154663086 61440
1771733555049 15.934447288513184 66560
1771733586401 15.633366584777832 71680
1771733618488 15.555893898010254 76800
1771733649808 15.739501953125 81920
1771733681144 15.88351821899414 87040
1771733713117 15.874887466430664 92160
1771733745156 15.834067344665527 97280
1771733776787 15.949414253234863 102400
1771733808150 16.59202766418457 107520
1771733839538 17.07289695739746 112640
1771733871636 17.595626831054688 117760
1771733902941 17.976158142089844 122880
1771733934673 18.625957489013672 128000
1771733966033 19.055673599243164 133120
1771733997355 19.716297149658203 138240
1771734029574 20.561471939086914 143360
1771734060912 21.359155654907227 148480
1771734092289 22.154624938964844 153600
1771734123639 22.965173721313477 158720
1771734155593 23.896997451782227 163840
1771734186991 25.004751205444336 168960
1771734218813 25.972444534301758 174080
1771734250157 26.9172420501709 179200
1771734282273 27.832725524902344 184320
1771734314040 28.751239776611328 189440
1771734345365 29.703527450561523 194560
1771734376723 30.706937789916992 199680
1771734408839 31.73485565185547 204800
1771734440125 32.75926208496094 209920
1771734471440 33.638824462890625 215040
1771734502741 34.5873908996582 220160
1771734534698 35.44855499267578 225280
1771734566034 36.43512725830078 230400
1771734597389 37.40629577636719 235520
1771734628736 38.32991027832031 240640
1771734660886 39.07880401611328 245760
1771734692184 39.887813568115234 250880
1771734723530 40.789466857910156 256000
1771734754876 41.57918930053711 261120
1771734787031 42.4369010925293 266240
1771734818369 43.07189178466797 271360
1771734849726 43.71371078491211 276480
1771734881063 44.45664596557617 281600
1771734912972 45.107234954833984 286720
1771734944313 45.78354263305664 291840
1771734975642 46.546443939208984 296960
1771734988171 46.82503890991211 300032
