1771755042059 12.943860054016113 5120
1771755055483 10.870996475219727 10240
1771755068764 6.990081787109375 15360
1771755082099 5.518881320953369 20480
1771755096313 5.425541877746582 25600
1771755109654 7.031559944152832 30720
1771755123526 8.464689254760742 35840
1771755136905 9.967336654663086 40960
1771755150267 10.983346939086914 46080
1771755163999 12.312673568725586 51200
1771755177377 12.866655349731445 56320
1771755190975 14.089056015014648 61440
1771755205158 14.384760856628418 66560
1771755219055 14.931564331054688 71680
1771755232797 14.740034103393555 76800
1771755246086 15.271896362304688 81920
1771755259820 15.000523567199707 87040
1771755273585 14.972073554992676 92160
1771755287700 15.471954345703125 97280
1771755301208 16.714563369750977 102400
1771755314554 17.192487716674805 107520
1771755328150 18.120208740234375 112640
1771755341558 19.409910202026367 117760
1771755354940 20.216073989868164 122880
1771755368920 21.39156150817871 128000
1771755382269 21.34181022644043 133120
1771755395731 22.924449920654297 138240
1771755409321 24.239730834960938 143360
1771755422708 24.580156326293945 148480
1771755436159 24.66024398803711 153600
1771755450410 25.091358184814453 158720
1771755463880 26.589248657226562 163840
1771755477280 26.605947494506836 168960
1771755490682 27.9323673248291 174080
1771755504008 28.78867530822754 179200
1771755517962 29.583297729492188 184320
1771755532040 30.108264923095703 189440
1771755545844 29.949115753173828 194560
1771755559246 31.3094482421875 199680
1771755572653 31.553924560546875 204800
1771755586012 31.585113525390625 209920
1771755599386 31.727291107177734 215040
1771755613466 32.73975372314453 220160
1771755627060 31.763256072998047 225280
1771755640484 32.426902770996094 230400
1771755653769 32.57016372680664 235520
1771755667563 32.88016128540039 240640
1771755681203 34.25758361816406 245760
1771755694566 34.4250602722168 250880
1771755708627 34.5320930480957 256000
1771755722567 35.44818115234375 261120
1771755736157 36.333656311035156 266240
1771755749582 35.74679946899414 271360
1771755763036 35.86765670776367 276480
1771755776891 37.152488708496094 281600
1771755791440 37.443721771240234 286720
1771755805508 38.357791900634766 291840
1771755818905 37.036869049072266 296960
1771755824306 38.21608352661133 300032
