1771755042063 4.064406871795654 5120
1771755055486 3.194495439529419 10240
1771755068768 2.5645570755004883 15360
1771755082103 2.3430514335632324 20480
1771755096317 2.4457454681396484 25600
1771755109657 2.69140625 30720
1771755123530 2.8926775455474854 35840
1771755136908 3.0068392753601074 40960
1771755150271 3.2115638256073 46080
1771755164002 3.3719825744628906 51200
1771755177380 3.497122287750244 56320
1771755190978 3.5771257877349854 61440
1771755205162 3.662808418273926 66560
1771755219059 3.721529722213745 71680
1771755232800 3.78125 76800
1771755246089 3.864596366882324 81920
1771755259823 3.9285378456115723 87040
1771755273588 3.9942221641540527 92160
1771755287703 4.065517902374268 97280
1771755301211 4.150357723236084 102400
1771755314557 4.279216766357422 107520
1771755328153 4.397857666015625 112640
1771755341562 4.507854461669922 117760
1771755354943 4.628273963928223 122880
1771755368923 4.741637706756592 128000
1771755382272 4.849069595336914 133120
1771755395734 4.961867332458496 138240
1771755409325 5.065673351287842 143360
1771755422711 5.124844074249268 148480
1771755436162 5.197783946990967 153600
1771755450413 5.2804083824157715 158720
1771755463883 5.361889839172363 163840
1771755477283 5.433050632476807 168960
1771755490686 5.535349369049072 174080
1771755504011 5.645069599151611 179200
1771755517966 5.7505645751953125 184320
1771755532043 5.876699924468994 189440
1771755545848 5.987515926361084 194560
1771755559249 6.105063438415527 199680
1771755572657 6.200622081756592 204800
1771755586015 6.341789245605469 209920
1771755599389 6.4482927322387695 215040
1771755613469 6.557271957397461 220160
1771755627063 6.668382167816162 225280
1771755640487 6.782528400421143 230400
1771755653772 6.8711838722229 235520
1771755667567 6.961757659912109 240640
1771755681206 7.062582492828369 245760
1771755694570 7.149647235870361 250880
1771755708631 7.239679336547852 256000
1771755722570 7.3183207511901855 261120
1771755736160 7.415774822235107 266240
1771755749586 7.515937328338623 271360
1771755763039 7.598099708557129 276480
1771755776895 7.694828987121582 281600
1771755791444 7.7893548011779785 286720
1771755805511 7.889157772064209 291840
1771755818908 7.9820404052734375 296960
1771755824309 8.021003723144531 300032
