1758802425295 0.1727816798348925 20224
1758802463788 0.1622075844796745 40448
1758802502833 0.13309952606582254 60672
1758802542584 0.11104290773232577 80896
1758802582336 0.10164609581448204 101120
1758802622079 0.08885337079058295 121344
1758802661525 0.07924272626313825 141568
1758802701249 0.06997577100153489 161792
1758802740836 0.06335699419515695 182016
1758802780155 0.06063676346901969 202240
1758802820090 0.06174619726958379 222464
1758802859350 0.06224344648722451 242688
1758802873379 0.06180965261645194 250112
