1758802425295 21.797441364605543 20224
1758802463788 21.025839793281655 40448
1758802502833 20.654341926729987 60672
1758802542584 20.509228824273073 80896
1758802582336 20.414786462530216 101120
1758802622079 20.351414699480998 121344
1758802661525 20.31713958154199 141568
1758802701249 20.262914321450907 161792
1758802740836 20.22250582621241 182016
1758802780155 20.204769983035625 202240
1758802820090 20.206805807622505 222464
1758802859350 20.193199767229196 242688
1758802873379 20.20016155088853 250112
