1758808199612 406.0722029099771 20224
1758808242211 418.5686361513898 40448
1758808285035 415.05239634056613 60672
1758808331291 415.2048698398059 80896
1758808375120 415.61820874829164 101120
1758808415993 415.95569583366216 121344
1758808456888 415.4369156518931 141568
1758808498746 415.19300129388694 161792
1758808540005 415.0731669812762 182016
1758808581572 415.21736788543706 202240
1758808622563 415.3220025930707 222464
1758808664086 415.0421377662151 242688
1758808677964 414.9738119519462 250112
