1758808199612 2.291539245667686 20224
1758808242211 1.9902313624678662 40448
1758808285035 2.073972602739726 60672
1758808331291 2.068332483426823 80896
1758808375120 2.0568941081190526 101120
1758808415993 2.047979797979798 121344
1758808456888 2.059916462624226 141568
1758808498746 2.065466448445172 161792
1758808540005 2.06804469273743 182016
1758808581572 2.0642957604982923 202240
1758808622563 2.0614290922347793 222464
1758808664086 2.068092572478904 242688
1758808677964 2.0696844325464427 250112
