1758808199608 116.29523651084124 20224
1758808242207 82.85044938271605 40448
1758808285032 111.07796610169491 60672
1758808331286 128.2818693418155 80896
1758808375114 117.8506322000562 101120
1758808415989 62.457992077910475 121344
1758808456884 97.60778199250657 141568
1758808498742 50.103377014322746 161792
1758808539999 152.7311921928483 182016
1758808581567 138.63634560719242 202240
1758808622559 122.08359529630923 222464
1758808664082 102.07354408507946 242688
1758808677960 201.02104001917087 250112
