1771199300968 1.140360713005066 6144
1771199311288 1.1427772045135498 12288
1771199321603 1.1409088373184204 18432
1771199326956 1.1580255031585693 24576
1771199336991 1.159348487854004 30720
1771199347598 1.1599677801132202 36864
1771199357132 1.1610366106033325 43008
1771199363507 1.1625587940216064 49152
1771199373186 1.1598179340362549 55296
1771199382876 1.1614975929260254 61440
1771199392492 1.161086916923523 67584
1771199400070 1.1584138870239258 73728
1771199408414 1.157049536705017 79872
1771199418850 1.1587387323379517 86016
1771199427531 1.1567113399505615 92160
1771199436553 1.1579608917236328 98304
1771199444008 1.1572128534317017 104448
1771199454248 1.1556555032730103 110592
1771199463330 1.156287431716919 116736
1771199473882 1.1584117412567139 122880
1771199479885 1.1564927101135254 129024
1771199489897 1.158151626586914 135168
1771199499843 1.159672498703003 141312
1771199510741 1.1588634252548218 147456
1771199515593 1.1598098278045654 153600
1771199526025 1.160116195678711 159744
1771199537329 1.1607692241668701 165888
1771199547733 1.1613051891326904 172032
1771199552871 1.1592867374420166 178176
1771199562987 1.1601262092590332 184320
1771199573925 1.1592199802398682 190464
1771199585019 1.160532832145691 196608
1771199589192 1.1620959043502808 202752
1771199600228 1.1609554290771484 208896
1771199611238 1.161367654800415 215040
1771199622007 1.1617693901062012 221184
1771199626268 1.1624739170074463 227328
1771199637302 1.16300630569458 233472
1771199648400 1.1639723777770996 239616
1771199659247 1.1632580757141113 245760
1771199663534 1.163294792175293 251904
1771199674356 1.1631853580474854 258048
1771199684851 1.1628292798995972 264192
1771199695637 1.1617131233215332 270336
1771199699950 1.1613918542861938 276480
1771199711350 1.1619174480438232 282624
1771199721858 1.1617237329483032 288768
1771199732347 1.1612004041671753 294912
1771199735490 1.1619242429733276 301056
