1771199300966 92.69180110497237 6144
1771199311286 96.83930550424824 12288
1771199321601 91.0360514835153 18432
1771199326954 98.86863258138274 24576
1771199336988 98.4462856472245 30720
1771199347596 2.685610996248485 36864
1771199357129 94.67954853273137 43008
1771199363505 5.5135106713008 49152
1771199373184 83.0456579416307 55296
1771199382874 93.79033989266547 61440
1771199392490 97.09486550303255 67584
1771199400067 94.72445177172023 73728
1771199408412 86.78828008607846 79872
1771199418847 73.09951549374324 86016
1771199427529 78.93971731315754 92160
1771199436551 97.4445089793927 98304
1771199444006 6.330814674833439 104448
1771199454246 97.79896005782638 110592
1771199463327 35.16616780273495 116736
1771199473880 97.50113905806872 122880
1771199479882 11.711516606866127 129024
1771199489895 97.32241223287004 135168
1771199499841 88.40163554356532 141312
1771199510739 81.75871815364223 147456
1771199515591 86.52509541000516 153600
1771199526023 81.2944140791565 159744
1771199537327 95.29043984005816 165888
1771199547731 97.76248747173857 172032
1771199552869 90.0935237890667 178176
1771199562984 82.84226743037725 184320
1771199573923 100.81007546988415 190464
1771199585016 106.17147196557397 196608
1771199589190 83.991909806356 202752
1771199600226 89.24051063829788 208896
1771199611236 98.8080755730406 215040
1771199622004 92.62834301362602 221184
1771199626266 95.49437639451756 227328
1771199637299 96.63404294535066 233472
1771199648397 7.209594218991452 239616
1771199659245 79.38795828364847 245760
1771199663532 67.39028583364129 251904
1771199674354 91.47483206839397 258048
1771199684848 68.77373866561726 264192
1771199695635 76.75549455576906 270336
1771199699948 77.42425193362007 276480
1771199711348 2.71409408306959 282624
1771199721856 74.16065208550665 288768
1771199732345 73.48372402677039 294912
1771199735488 78.01469412049178 301056
