1758831505698 23.10198300283286 6144
1758831512540 22.895666131621187 12288
1758831535877 22.136807817589577 18432
1758831540583 21.64110929853181 24576
1758831544574 21.35052219321149 30720
1758831568373 21.163943355119827 36864
1758831572376 20.97715617715618 43008
1758831597224 20.791785278568526 49152
1758831603181 20.57491915199425 55296
1758831608155 20.307076528978545 61440
1758831630001 20.115962984384037 67584
1758831632751 19.965444473753628 73728
1758831641979 19.864077669902912 79872
1758831662095 19.7730847000674 86016
1758831666963 19.70510673922143 92160
1758831686500 19.70813679245283 98304
1758831693019 19.740630797773655 104448
1758831700908 19.77389318341532 110592
1758831720505 19.818530884808013 116736
1758831725294 19.841201716738198 122880
1758831737769 19.87162367223065 129024
1758831753514 19.884408992023204 135168
1758831759315 19.90981100611451 141312
1758831779002 19.915500466480076 147456
1758831786014 19.93912597718826 153600
1758831794978 19.94610261470153 159744
1758831810402 19.960756332500893 165888
1758831815837 19.96340064249656 172032
1758831832962 19.96718767320696 178176
1758831844725 19.97790647790648 184320
1758831851445 19.971873378308253 190464
1758831875588 19.97575940454637 196608
1758831882396 19.974439024390243 202752
1758831900344 19.975843122394846 208896
1758831910642 19.977814600018412 215040
1758831917523 19.98540211355902 221184
1758831938507 19.987796373779638 227328
1758831946169 19.995923566878982 233472
1758831951889 20.003891694957357 239616
1758831975854 20.014702318442524 245760
1758831982151 20.021607128775333 251904
1758832007215 20.02456680785522 258048
1758832014380 20.02219213119687 264192
1758832021942 20.02706678434834 270336
1758832050390 20.029566218257678 276480
1758832056532 20.03097064827198 282624
1758832063938 20.0299689975887 288768
1758832091653 20.029010929699098 294912
1758832094965 20.029881538666313 301056
