1758831505698 2.4589235127478752 6144
1758831512540 2.467094703049759 12288
1758831535877 2.3854505971769817 18432
1758831540583 2.300978792822186 24576
1758831544574 2.2806788511749345 30720
1758831568373 2.2516339869281046 36864
1758831572376 2.213053613053613 43008
1758831597224 2.132574217161448 49152
1758831603181 1.976284584980237 55296
1758831608155 1.8315722062119757 61440
1758831630001 1.71631000578369 67584
1758831632751 1.62279082036402 73728
1758831641979 1.5483009708737865 79872
1758831662095 1.485508874410245 86016
1758831666963 1.4330263708664712 92160
1758831686500 1.4249213836477987 98304
1758831693019 1.4584415584415584 104448
1758831700908 1.4952565003513703 110592
1758831720505 1.5283806343906512 116736
1758831725294 1.555237641074551 122880
1758831737769 1.578300455235205 129024
1758831753514 1.597969543147208 135168
1758831759315 1.622846025569761 141312
1758831779002 1.6417433026789283 147456
1758831786014 1.6571831346917851 153600
1758831794978 1.6773556980759743 159744
1758831810402 1.6912831490070164 165888
1758831815837 1.7043368517668656 172032
1758831832962 1.71621771422237 178176
1758831844725 1.7273702273702274 184320
1758831851445 1.7382459782044628 190464
1758831875588 1.747736873868437 196608
1758831882396 1.7557073170731707 202752
1758831900344 1.7655361879499811 208896
1758831910642 1.7737273313081101 215040
1758831917523 1.7827332975102992 221184
1758831938507 1.792102510460251 227328
1758831946169 1.8000849256900213 233472
1758831951889 1.8083133228450774 239616
1758831975854 1.8171904031020276 245760
1758831982151 1.822569198012775 251904
1758832007215 1.8271852137081248 258048
1758832014380 1.8324682163544723 264192
1758832021942 1.8403942335981172 270336
1758832050390 1.845694554348608 276480
1758832056532 1.8513408882945026 282624
1758832063938 1.8561488115742335 288768
1758832091653 1.8607475374443394 294912
1758832094965 1.8633701583921203 301056
