1771709440995 390.37152099609375 5120
1771709466425 402.1916809082031 10240
1771709492091 422.77142333984375 15360
1771709517001 427.15985107421875 20480
1771709541914 421.2336730957031 25600
1771709566774 418.08001708984375 30720
1771709592923 416.4686279296875 35840
1771709617909 415.7548828125 40960
1771709642982 414.09912109375 46080
1771709668506 412.85662841796875 51200
1771709693580 412.23602294921875 56320
1771709719141 411.7415771484375 61440
1771709744195 410.8050231933594 66560
1771709769218 408.7948913574219 71680
1771709794435 406.24371337890625 76800
1771709820155 404.0382995605469 81920
1771709845498 401.567626953125 87040
1771709870797 399.98223876953125 92160
1771709895729 398.2192077636719 97280
1771709921687 396.45526123046875 102400
1771709946583 393.842041015625 107520
1771709971845 391.6067810058594 112640
1771709996767 389.248291015625 117760
1771710023056 387.0824279785156 122880
1771710048311 384.1414794921875 128000
1771710073254 381.2980651855469 133120
1771710098350 378.3081970214844 138240
1771710124052 376.1451721191406 143360
1771710148971 373.8596496582031 148480
1771710173848 370.7301025390625 153600
1771710198743 367.7106628417969 158720
1771710224244 364.38543701171875 163840
1771710249137 361.081298828125 168960
1771710274015 358.10968017578125 174080
1771710299156 354.66522216796875 179200
1771710324624 351.81597900390625 184320
1771710349521 349.0736999511719 189440
1771710374449 345.9708557128906 194560
1771710399396 342.502685546875 199680
1771710425082 339.54046630859375 204800
1771710450052 337.0828857421875 209920
1771710475006 334.964111328125 215040
1771710499945 332.3844909667969 220160
1771710525996 329.5630798339844 225280
1771710550922 326.94989013671875 230400
1771710575804 324.78228759765625 235520
1771710600690 322.3939208984375 240640
1771710625591 320.22210693359375 245760
1771710651835 318.3449401855469 250880
1771710676895 316.2646789550781 256000
1771710701848 314.263671875 261120
1771710726756 312.1761779785156 266240
1771710752708 309.88580322265625 271360
1771710777653 308.2673034667969 276480
1771710802573 306.4994201660156 281600
1771710827519 304.8630676269531 286720
1771710853699 303.3614807128906 291840
1771710878948 301.8661193847656 296960
1771710888928 301.18951416015625 300032
