1771709440992 14.671635627746582 5120
1771709466422 14.100099563598633 10240
1771709492087 11.334023475646973 15360
1771709516998 10.108024597167969 20480
1771709541911 11.171857833862305 25600
1771709566771 12.078964233398438 30720
1771709592920 11.650784492492676 35840
1771709617905 10.633172035217285 40960
1771709642979 10.002862930297852 46080
1771709668502 9.900819778442383 51200
1771709693577 9.714850425720215 56320
1771709719138 9.450811386108398 61440
1771709744191 9.242207527160645 66560
1771709769215 9.61490535736084 71680
1771709794432 10.834357261657715 76800
1771709820152 12.369902610778809 81920
1771709845495 13.885183334350586 87040
1771709870794 13.264513969421387 92160
1771709895725 11.899429321289062 97280
1771709921684 12.680533409118652 102400
1771709946580 17.219436645507812 107520
1771709971842 26.432144165039062 112640
1771709996764 35.531578063964844 117760
1771710023053 39.328590393066406 122880
1771710048308 43.197044372558594 128000
1771710073251 47.7032356262207 133120
1771710098347 51.30488204956055 138240
1771710124048 55.280479431152344 143360
1771710148967 58.7122688293457 148480
1771710173843 63.69254684448242 153600
1771710198740 70.18055725097656 158720
1771710224241 75.74507141113281 163840
1771710249133 83.78231811523438 168960
1771710274011 93.02305603027344 174080
1771710299153 98.98194885253906 179200
1771710324621 104.90727233886719 184320
1771710349517 114.18367767333984 189440
1771710374446 121.95829010009766 194560
1771710399393 132.00588989257812 199680
1771710425079 133.25527954101562 204800
1771710450049 129.5802764892578 209920
1771710475003 125.44217681884766 215040
1771710499941 122.681396484375 220160
1771710525992 118.91114807128906 225280
1771710550919 112.96418762207031 230400
1771710575801 115.11231994628906 235520
1771710600686 113.7741928100586 240640
1771710625587 118.76273345947266 245760
1771710651831 112.85813903808594 250880
1771710676892 112.15950012207031 256000
1771710701844 115.1322250366211 261120
1771710726752 112.5873031616211 266240
1771710752705 113.59068298339844 271360
1771710777650 114.00885009765625 276480
1771710802570 110.2235336303711 281600
1771710827515 112.36273193359375 286720
1771710853696 107.83305358886719 291840
1771710878944 105.21124267578125 296960
1771710888925 107.9303970336914 300032
