1771709440992 70.2728277988138 5120
1771709466422 3.0677406637805373 10240
1771709492087 71.52633015006822 15360
1771709516998 59.38585263634819 20480
1771709541911 68.19008600367425 25600
1771709566771 67.75606998045329 30720
1771709592920 1.4384177865266992 35840
1771709617905 7.449521339893079 40960
1771709642979 60.651647048616134 46080
1771709668502 59.02399347039867 51200
1771709693577 64.63215964249942 56320
1771709719138 73.11608123420204 61440
1771709744191 5.577613502325167 66560
1771709769215 56.12385425447928 71680
1771709794432 73.43612010855291 76800
1771709820152 64.0948669753511 81920
1771709845495 72.92158976320457 87040
1771709870794 64.66205195405843 92160
1771709895725 69.28267728241299 97280
1771709921684 2.7043572845681627 102400
1771709946580 72.23090170145346 107520
1771709971842 54.642504462017484 112640
1771709996764 53.41429371911772 117760
1771710023053 71.02248713085885 122880
1771710048308 71.58614804321483 128000
1771710073251 70.4427798864667 133120
1771710098347 69.80152773386143 138240
1771710124048 53.70221374339014 143360
1771710148967 61.30678944675875 148480
1771710173843 70.53043653729738 153600
1771710198740 48.06178597210923 158720
1771710224241 70.91081844156284 163840
1771710249133 54.982027921609756 168960
1771710274011 69.1946680744358 174080
1771710299153 71.87196271290998 179200
1771710324621 70.55060469966864 184320
1771710349517 68.70389359367066 189440
1771710374446 49.05962991554963 194560
1771710399393 50.4110958871181 199680
1771710425079 68.77373866561726 204800
1771710450049 71.61915169728843 209920
1771710475003 64.29530160190082 215040
1771710499941 60.465408623697144 220160
1771710525992 1.217837794833885 225280
1771710550919 68.99434136070536 230400
1771710575801 72.18614897425306 235520
1771710600686 75.37747106606282 240640
1771710625587 72.4317267342463 245760
1771710651831 1.999324073425265 250880
1771710676892 69.7145136626554 256000
1771710701844 53.02064292666894 261120
1771710726752 63.93171356278389 266240
1771710752705 62.29657794676806 271360
1771710777650 53.515157701337145 276480
1771710802570 55.05491966817179 281600
1771710827515 62.851080408787126 286720
1771710853696 65.60262766872604 291840
1771710878944 69.56304834563397 296960
1771710888925 67.87558662653332 300032
