1771059848384 1.0804741382598877 5120
1771059859376 1.1242146492004395 10240
1771059869789 1.1362037658691406 15360
1771059880129 1.1168514490127563 20480
1771059890848 1.1135327816009521 25600
1771059901045 1.1243973970413208 30720
1771059912265 1.1326903104782104 35840
1771059923107 1.1248425245285034 40960
1771059934080 1.117319941520691 46080
1771059943816 1.1180570125579834 51200
1771059954935 1.1221532821655273 56320
1771059965703 1.1229667663574219 61440
1771059976545 1.1190234422683716 66560
1771059986948 1.1148841381072998 71680
1771059997521 1.1116384267807007 76800
1771060008095 1.1157054901123047 81920
1771060019077 1.115897536277771 87040
1771060029292 1.115813970565796 92160
1771060040389 1.1205189228057861 97280
1771060050770 1.1162878274917603 102400
1771060061382 1.1140823364257812 107520
1771060071900 1.1169214248657227 112640
1771060082612 1.1137865781784058 117760
1771060093767 1.1131657361984253 122880
1771060104530 1.1127187013626099 128000
1771060114727 1.1130080223083496 133120
1771060125704 1.1134071350097656 138240
1771060136268 1.1167634725570679 143360
1771060147090 1.1155177354812622 148480
1771060157357 1.1151707172393799 153600
1771060168494 1.1146068572998047 158720
1771060178619 1.1116888523101807 163840
1771060189810 1.1116634607315063 168960
1771060200502 1.110795259475708 174080
1771060211567 1.109487533569336 179200
1771060221823 1.1110438108444214 184320
1771060232895 1.1103761196136475 189440
1771060243191 1.1105334758758545 194560
1771060254703 1.1120296716690063 199680
1771060264760 1.112517237663269 204800
1771060276034 1.1118477582931519 209920
1771060286306 1.1124870777130127 215040
1771060297453 1.1127458810806274 220160
1771060308307 1.1109651327133179 225280
1771060319546 1.111462950706482 230400
1771060329928 1.110572099685669 235520
1771060340456 1.1105509996414185 240640
1771060351497 1.109298825263977 245760
1771060362400 1.1116784811019897 250880
1771060373468 1.1133110523223877 256000
1771060383795 1.1130387783050537 261120
1771060394773 1.1141600608825684 266240
1771060405241 1.114238977432251 271360
1771060415994 1.1149225234985352 276480
1771060426933 1.1144825220108032 281600
1771060437043 1.1120458841323853 286720
1771060448122 1.1130046844482422 291840
1771060458613 1.1123018264770508 296960
1771060464467 1.111344575881958 300032
