1771059848379 201.8724551186408 5120
1771059859370 202.49621010959302 10240
1771059869783 203.6663105758959 15360
1771059880123 197.70464294131511 20480
1771059890842 205.14056539176366 25600
1771059901039 205.301223690651 30720
1771059912259 196.2614758317346 35840
1771059923100 179.6121959575197 40960
1771059934074 209.15049366709883 46080
1771059943809 202.72131464475592 51200
1771059954928 205.19074409275476 56320
1771059965696 203.60699029126215 61440
1771059976538 201.49423520368947 66560
1771059986942 200.50212725273676 71680
1771059997514 205.1606339268245 76800
1771060008088 200.2819214974692 81920
1771060019071 182.43243008133618 87040
1771060029286 202.48643429564547 92160
1771060040383 208.26773921247332 97280
1771060050763 208.19537377146827 102400
1771060061375 199.88105223027068 107520
1771060071893 200.2054415274463 112640
1771060082605 196.40852259424022 117760
1771060093759 182.7902030855051 122880
1771060104522 176.69899313308338 128000
1771060114720 204.22163793942934 133120
1771060125696 185.42458001768347 138240
1771060136261 182.9975567190227 143360
1771060147082 185.85182559376108 148480
1771060157349 170.61806939755115 153600
1771060168487 203.35033452923494 158720
1771060178611 200.98250994297763 163840
1771060189802 195.8307965262863 168960
1771060200494 197.05445149166079 174080
1771060211559 198.60334296131447 179200
1771060221815 186.94526653592442 184320
1771060232887 195.14744335365003 189440
1771060243183 206.97281026400196 194560
1771060254695 207.93733577908878 199680
1771060264752 201.55233061028352 204800
1771060276026 204.88003126221182 209920
1771060286298 196.6479441136481 215040
1771060297445 205.59305916376647 220160
1771060308299 205.2509909469048 225280
1771060319538 207.05454904477463 230400
1771060329919 195.65722815692493 235520
1771060340448 230.17802656129953 240640
1771060351488 205.301223690651 245760
1771060362392 200.61720954704165 250880
1771060373459 204.04280988519167 256000
1771060383787 200.69400449782287 261120
1771060394765 200.46379582277876 266240
1771060405232 199.9001048517777 271360
1771060415985 203.6663105758959 276480
1771060426924 200.27235830587787 281600
1771060437034 201.01140611521134 286720
1771060448113 176.12765600067186 291840
1771060458604 195.8582302124679 296960
1771060464458 175.31051201671892 300032
