1771059848384 1.6408804655075073 5120
1771059859376 1.6565428972244263 10240
1771059869789 1.6685500144958496 15360
1771059880129 1.6215794086456299 20480
1771059890848 1.5878132581710815 25600
1771059901045 1.5898596048355103 30720
1771059912265 1.6053794622421265 35840
1771059923107 1.5750855207443237 40960
1771059934080 1.573582649230957 46080
1771059943816 1.5799990892410278 51200
1771059954935 1.5909688472747803 56320
1771059965703 1.5868346691131592 61440
1771059976545 1.5766633749008179 66560
1771059986948 1.5665738582611084 71680
1771059997521 1.555345892906189 76800
1771060008095 1.5582503080368042 81920
1771060019077 1.5606542825698853 87040
1771060029292 1.5599925518035889 92160
1771060040389 1.5683255195617676 97280
1771060050770 1.5614333152770996 102400
1771060061382 1.5581769943237305 107520
1771060071900 1.5616886615753174 112640
1771060082612 1.554582953453064 117760
1771060093767 1.5524955987930298 122880
1771060104530 1.5508595705032349 128000
1771060114727 1.551548719406128 133120
1771060125704 1.5499593019485474 138240
1771060136268 1.5547411441802979 143360
1771060147090 1.5512621402740479 148480
1771060157357 1.550995945930481 153600
1771060168494 1.551077961921692 158720
1771060178619 1.5442477464675903 163840
1771060189810 1.545943260192871 168960
1771060200502 1.5437012910842896 174080
1771060211567 1.5431370735168457 179200
1771060221823 1.5449934005737305 184320
1771060232895 1.5444575548171997 189440
1771060243191 1.5431089401245117 194560
1771060254703 1.5468928813934326 199680
1771060264760 1.5490753650665283 204800
1771060276034 1.5458202362060547 209920
1771060286306 1.545133352279663 215040
1771060297453 1.5466623306274414 220160
1771060308307 1.5444480180740356 225280
1771060319546 1.5432993173599243 230400
1771060329928 1.5424555540084839 235520
1771060340456 1.542405605316162 240640
1771060351497 1.539264440536499 245760
1771060362400 1.5426782369613647 250880
1771060373468 1.5471820831298828 256000
1771060383795 1.5464720726013184 261120
1771060394773 1.5492770671844482 266240
1771060405241 1.5493577718734741 271360
1771060415994 1.5499227046966553 276480
1771060426933 1.5495566129684448 281600
1771060437043 1.5453702211380005 286720
1771060448122 1.5474387407302856 291840
1771060458613 1.5449824333190918 296960
1771060464467 1.5432846546173096 300032
