1771784230794 23.38167953491211 5120
1771784242266 23.782241821289062 10240
1771784250314 24.278932571411133 15360
1771784257503 24.183351516723633 20480
1771784264502 24.160762786865234 25600
1771784275474 24.24980926513672 30720
1771784284086 24.367725372314453 35840
1771784290927 24.251876831054688 40960
1771784298180 24.081289291381836 46080
1771784309169 23.850685119628906 51200
1771784317612 23.62917137145996 56320
1771784324805 23.37275505065918 61440
1771784332104 23.1138858795166 66560
1771784342540 22.88511085510254 71680
1771784351211 22.66948127746582 76800
1771784358238 22.504070281982422 81920
1771784365978 22.32707977294922 87040
1771784376028 22.184524536132812 92160
1771784384799 22.048452377319336 97280
1771784391824 21.91016960144043 102400
1771784399781 21.796384811401367 107520
1771784409465 21.68893051147461 112640
1771784418644 21.5889835357666 117760
1771784425877 21.507551193237305 122880
1771784434162 21.421052932739258 128000
1771784443167 21.341289520263672 133120
1771784452521 21.278226852416992 138240
1771784459815 21.217077255249023 143360
1771784467551 21.172496795654297 148480
1771784476339 21.217647552490234 153600
1771784486422 21.245777130126953 158720
1771784493573 21.241979598999023 163840
1771784501081 21.192495346069336 168960
1771784509619 21.13225555419922 174080
1771784520047 21.081539154052734 179200
1771784527234 21.037229537963867 184320
1771784535242 20.99294662475586 189440
1771784543656 20.962915420532227 194560
1771784553405 20.924415588378906 199680
1771784561450 20.88564109802246 204800
1771784568957 20.86054801940918 209920
1771784577143 20.825815200805664 215040
1771784586665 20.798288345336914 220160
1771784595218 20.774003982543945 225280
1771784602658 20.75365447998047 230400
1771784610421 20.730085372924805 235520
1771784620715 20.709341049194336 240640
1771784628980 20.69442367553711 245760
1771784636556 20.678377151489258 250880
1771784643853 20.656646728515625 256000
1771784654743 20.642412185668945 261120
1771784662762 20.628589630126953 266240
1771784670641 20.610443115234375 271360
1771784678003 20.589923858642578 276480
1771784688461 20.57527732849121 281600
1771784696758 20.563026428222656 286720
1771784704845 20.550596237182617 291840
1771784711815 20.54053497314453 296960
1771784717097 20.536556243896484 300032
