1760018668608 406.6172451568266 5120
1760018694626 399.0058873911373 10240
1760018721244 395.86723506894697 15360
1760018747721 394.1845230940934 20480
1760018777445 393.65627528599333 25600
1760018805676 393.05013217077993 30720
1760018831919 394.1204822163493 35840
1760018858525 397.05128454269146 40960
1760018885074 399.0711209222373 46080
1760018916064 401.1482417563466 51200
1760018942506 401.8575398909564 56320
1760018969099 403.07802133853403 61440
1760018995581 403.7889717181711 66560
1760019024630 404.63678819985967 71680
1760019052163 405.37760756932346 76800
1760019078340 405.88613769001086 81920
1760019104554 406.51187067632617 87040
1760019135347 406.88279418945314 92160
1760019162623 407.1526402302856 97280
1760019188454 407.5464898589363 102400
1760019214711 407.9473702996663 107520
1760019245171 408.2483325023248 112640
1760019271988 408.39652460037917 117760
1760019298248 408.63245337701613 122880
1760019325636 408.69433879442005 128000
1760019353903 407.8077181888094 133120
1760019380490 407.12429155342386 138240
1760019410291 405.92204561711696 143360
1760019437736 404.60234120848463 148480
1760019463680 403.4315727164345 153600
1760019490418 402.3034059186215 158720
1760019520427 401.1461120605469 163840
1760019547623 400.13115404452714 168960
1760019574163 399.0721495022798 174080
1760019602594 398.1550612285008 179200
1760019630671 397.30811146368393 184320
1760019658934 396.2647506859616 189440
1760019685878 395.3343800320177 194560
1760019712413 394.36274971492577 199680
1760019739379 393.3439266386319 204800
1760019766797 392.39231280975446 209920
1760019794878 391.34200813755257 215040
1760019822225 390.24484707672804 220160
1760019848841 389.1247195780915 225280
1760019876604 388.0723438323235 230400
1760019904456 387.051479417192 235520
1760019931698 386.24137734143414 240640
1760019959247 384.9755970852485 245760
1760019985923 383.83672474882826 250880
1760020014044 382.45836752777643 256000
1760020044606 381.21925455729166 261120
1760020070821 380.1887783098685 266240
1760020097450 379.3464315285772 271360
1760020123877 378.25246036283545 276480
1760020154721 376.9974161462208 281600
1760020181250 375.81641711666015 286720
1760020207808 374.81976569599044 291840
1760020235599 373.60660520695296 296960
1760020248114 373.18689081641776 300032
