1760018668608 22.542435424354245 5120
1760018694626 23.020491803278688 10240
1760018721244 23.404011461318053 15360
1760018747721 23.562637362637364 20480
1760018777445 23.73125 25600
1760018805676 23.862094951017333 30720
1760018831919 23.767591994835378 35840
1760018858525 23.450531022917833 40960
1760018885074 23.214109521460287 46080
1760018916064 23.037527593818986 51200
1760018942506 22.93877551020408 56320
1760018969099 22.85285505124451 61440
1760018995581 22.746716066015495 66560
1760019024630 22.665626949469743 71680
1760019052163 22.594076655052266 76800
1760019078340 22.5057003257329 81920
1760019104554 22.45269064014282 87040
1760019135347 22.393028846153847 92160
1760019162623 22.365270823850704 97280
1760019188454 22.329589632829375 102400
1760019214711 22.280082135523614 107520
1760019245171 22.24667188723571 112640
1760019271988 22.231979030144167 117760
1760019298248 22.20125448028674 122880
1760019325636 22.1942866976424 128000
1760019353903 22.297472564017294 133120
1760019380490 22.344191270860076 138240
1760019410291 22.475241357832452 143360
1760019437736 22.614011196852775 148480
1760019463680 22.72581593648927 153600
1760019490418 22.80419880034276 158720
1760019520427 22.88652777777778 163840
1760019547623 22.941271769947345 168960
1760019574163 23.049249407426917 174080
1760019602594 23.123090745732256 179200
1760019630671 23.21147582059634 184320
1760019658934 23.31618907665932 189440
1760019685878 23.427681246255244 194560
1760019712413 23.542766631467792 199680
1760019739379 23.64778211905309 204800
1760019766797 23.7576030637531 209920
1760019794878 23.90085205267235 215040
1760019822225 24.047422231890362 220160
1760019848841 24.22323340471092 225280
1760019876604 24.380611169652266 230400
1760019904456 24.54161477791615 235520
1760019931698 24.691301236839415 240640
1760019959247 24.91817355288413 245760
1760019985923 25.10620263262864 250880
1760020014044 25.314052029956642 256000
1760020044606 25.543762183235867 261120
1760020070821 25.73918489257154 266240
1760020097450 25.89991437541623 271360
1760020123877 26.070689979319422 276480
1760020154721 26.277410955082303 281600
1760020181250 26.45282324811477 286720
1760020207808 26.603816447069512 291840
1760020235599 26.762644865690415 296960
1760020248114 26.82187248502191 300032
