1760018668605 12.135509904225666 5120
1760018694622 4.835624287345192 10240
1760018721240 3.0297713786363603 15360
1760018747716 2.1475677603767034 20480
1760018777441 1.6288838588274444 25600
1760018805671 1.2979827496313279 30720
1760018831914 1.1124142514334785 35840
1760018858519 0.9647943775828292 40960
1760018885069 0.8720115298810214 46080
1760018916060 0.7837335147109686 51200
1760018942501 0.7227107013974869 56320
1760018969079 0.6495315973875954 61440
1760018995576 0.5853666254968355 66560
1760019024625 0.5630974937492694 71680
1760019052158 0.50663140259291 76800
1760019078334 0.4749515521673509 81920
1760019104548 0.44236593080121417 87040
1760019135342 0.4163193100101345 92160
1760019162618 0.3890825356046359 97280
1760019188447 0.35685289543454013 102400
1760019214707 0.3377728084348283 107520
1760019245163 0.3219272428804689 112640
1760019271983 0.2894871974813527 117760
1760019298243 0.2727519941724036 122880
1760019325628 0.26470116471487376 128000
1760019353897 0.26139261012768933 133120
1760019380485 0.26103093133253213 138240
1760019410286 0.24855473734808303 143360
1760019437732 0.2584458155174778 148480
1760019463674 0.29102458385442265 153600
1760019490410 0.29450619465265515 158720
1760019520387 0.2948112404864767 163840
1760019547615 0.3034534488815859 168960
1760019574157 0.3008440882141827 174080
1760019602588 0.28322101668878036 179200
1760019630664 0.3072346213114196 184320
1760019658929 0.2933702125344225 189440
1760019685873 0.2911317036414022 194560
1760019712406 0.28611012089009186 199680
1760019739373 0.2936347605577156 204800
1760019766789 0.28972175237044545 209920
1760019794872 0.29171650375800107 215040
1760019822215 0.29578478248031054 220160
1760019848831 0.2948007661292995 225280
1760019876599 0.2919239892368823 230400
1760019904450 0.2940423242973559 235520
1760019931692 0.29440504332720224 240640
1760019959241 0.30390494888748865 245760
1760019985917 0.3183267884138154 250880
1760020014039 0.3348891414019216 256000
1760020044600 0.31530778110027313 261120
1760020070810 0.3388468826410871 266240
1760020097443 0.33029385258380634 271360
1760020123870 0.3342963092001602 276480
1760020154714 0.33409721747688625 281600
1760020181239 0.34412490804000256 286720
1760020207802 0.330071978468995 291840
1760020235588 0.33024173421958053 296960
1760020248108 0.1409865070121687 300032
