1771220544351 21.31617546081543 5120
1771220567413 21.39063835144043 10240
1771220589926 21.71969985961914 15360
1771220612850 21.73204803466797 20480
1771220635573 21.97349739074707 25600
1771220657951 21.922298431396484 30720
1771220680706 21.704992294311523 35840
1771220703823 21.61203384399414 40960
1771220726808 21.52549171447754 46080
1771220749521 21.260194778442383 51200
1771220772580 20.57459259033203 56320
1771220794937 20.061763763427734 61440
1771220816554 19.583141326904297 66560
1771220839148 18.93656349182129 71680
1771220861225 18.354656219482422 76800
1771220884076 17.840076446533203 81920
1771220907234 17.34230613708496 87040
1771220930533 16.889986038208008 92160
1771220953654 16.53744125366211 97280
1771220976878 16.18947982788086 102400
1771221000332 15.883818626403809 107520
1771221023098 15.619392395019531 112640
1771221046306 15.36287784576416 117760
1771221068791 15.158721923828125 122880
1771221091758 14.857077598571777 128000
1771221114675 14.540534973144531 133120
1771221137299 14.247052192687988 138240
1771221159893 14.005128860473633 143360
1771221182903 13.74611759185791 148480
1771221205508 13.527515411376953 153600
1771221227989 13.325825691223145 158720
1771221251428 13.147139549255371 163840
1771221273635 12.966453552246094 168960
1771221296098 12.795289993286133 174080
1771221319246 12.644516944885254 179200
1771221341958 12.468354225158691 184320
1771221364693 12.287041664123535 189440
1771221387996 12.130088806152344 194560
1771221411114 11.95728588104248 199680
1771221433705 11.835538864135742 204800
1771221457013 11.706724166870117 209920
1771221479794 11.598409652709961 215040
1771221503026 11.494002342224121 220160
1771221526752 11.371429443359375 225280
1771221549834 11.250975608825684 230400
1771221572731 11.149736404418945 235520
1771221596017 11.062162399291992 240640
1771221618692 10.967887878417969 245760
1771221641878 10.874709129333496 250880
1771221665764 10.771437644958496 256000
1771221688086 10.682579040527344 261120
1771221711197 10.592921257019043 266240
1771221735187 10.491962432861328 271360
1771221758396 10.403441429138184 276480
1771221781150 10.316940307617188 281600
1771221804767 10.23682975769043 286720
1771221827474 10.163990020751953 291840
1771221850405 10.096732139587402 296960
1771221861517 10.060863494873047 300032
