1771220544349 -3.595682382583618 5120
1771220567411 -3.194225788116455 10240
1771220589923 0.2640342116355896 15360
1771220612848 0.8424469828605652 20480
1771220635571 1.0685269832611084 25600
1771220657948 1.1983033418655396 30720
1771220680704 0.8643544912338257 35840
1771220703821 0.22398729622364044 40960
1771220726806 0.05839435011148453 46080
1771220749518 -0.1781323105096817 51200
1771220772578 -2.3065032958984375 56320
1771220794935 -6.315575122833252 61440
1771220816551 -9.076458930969238 66560
1771220839145 -11.005478858947754 71680
1771220861222 -12.346312522888184 76800
1771220884073 -14.214221000671387 81920
1771220907232 -15.146636962890625 87040
1771220930531 -15.695002555847168 92160
1771220953651 -16.737442016601562 97280
1771220976876 -16.05331039428711 102400
1771221000329 -15.98876667022705 107520
1771221023095 -16.771886825561523 112640
1771221046303 -17.497461318969727 117760
1771221068788 -16.82118797302246 122880
1771221091755 -15.9578218460083 128000
1771221114672 -16.494186401367188 133120
1771221137297 -18.04403305053711 138240
1771221159890 -19.414371490478516 143360
1771221182901 -20.222980499267578 148480
1771221205505 -20.923490524291992 153600
1771221227986 -21.516094207763672 158720
1771221251426 -21.87286376953125 163840
1771221273633 -21.499942779541016 168960
1771221296095 -21.62576675415039 174080
1771221319243 -21.50723648071289 179200
1771221341956 -21.619152069091797 184320
1771221364690 -22.11791229248047 189440
1771221387993 -22.727155685424805 194560
1771221411111 -22.699399948120117 199680
1771221433703 -22.497928619384766 204800
1771221457010 -22.604265213012695 209920
1771221479791 -22.20626449584961 215040
1771221503024 -22.05320930480957 220160
1771221526750 -22.809690475463867 225280
1771221549832 -23.54873275756836 230400
1771221572729 -23.43300437927246 235520
1771221596015 -23.100589752197266 240640
1771221618690 -22.54780387878418 245760
1771221641875 -22.29648208618164 250880
1771221665761 -22.131572723388672 256000
1771221688084 -22.037843704223633 261120
1771221711194 -21.869779586791992 266240
1771221735185 -21.827045440673828 271360
1771221758393 -21.926855087280273 276480
1771221781148 -21.999950408935547 281600
1771221804764 -21.780410766601562 286720
1771221827471 -21.765378952026367 291840
1771221850402 -21.51058578491211 296960
1771221861515 -21.52030372619629 300032
