1771726217985 498.3284606933594 5120
1771726267898 497.3678283691406 10240
1771726317500 497.0 15360
1771726367696 497.7156982421875 20480
1771726417828 497.4130859375 25600
1771726468118 497.2097473144531 30720
1771726517556 497.093017578125 35840
1771726567889 496.2547302246094 40960
1771726617795 496.01287841796875 46080
1771726667412 495.00848388671875 51200
1771726717637 492.9062194824219 56320
1771726767489 491.69134521484375 61440
1771726817549 489.4792785644531 66560
1771726866841 487.7010803222656 71680
1771726916853 483.0063781738281 76800
1771726966673 478.8653564453125 81920
1771727016755 472.4486389160156 87040
1771727066553 467.9386291503906 92160
1771727117301 464.1508483886719 97280
1771727167274 460.3311462402344 102400
1771727216502 457.6554870605469 107520
1771727266577 456.03924560546875 112640
1771727316333 453.5202331542969 117760
1771727366920 450.2476501464844 122880
1771727416600 447.8498840332031 128000
1771727466946 446.3518371582031 133120
1771727517024 444.57952880859375 138240
1771727566996 444.0714111328125 143360
1771727616931 443.95269775390625 148480
1771727666573 443.53790283203125 153600
1771727716235 442.2499084472656 158720
1771727765515 441.6354064941406 163840
1771727815339 440.43597412109375 168960
1771727865777 439.51776123046875 174080
1771727915833 438.7299499511719 179200
1771727965620 437.889892578125 184320
1771728015414 437.22015380859375 189440
1771728065130 436.2314758300781 194560
1771728115064 435.1678466796875 199680
1771728164764 433.8549499511719 204800
1771728214558 432.6671447753906 209920
1771728264328 431.7405090332031 215040
1771728313671 430.8673095703125 220160
1771728364133 430.0382995605469 225280
1771728413849 429.8679504394531 230400
1771728463838 429.1480712890625 235520
1771728513470 428.57440185546875 240640
1771728563257 428.1512451171875 245760
1771728613039 427.490966796875 250880
1771728662745 427.1789855957031 256000
1771728712258 426.8888854980469 261120
1771728762717 426.357177734375 266240
1771728812892 426.05389404296875 271360
1771728862310 425.0126647949219 276480
1771728911941 424.5086364746094 281600
1771728961705 423.8120422363281 286720
1771729011482 422.8144836425781 291840
1771729061155 422.1494445800781 296960
1771729086325 421.9298400878906 300032
