1771726217985 20.47445297241211 5120
1771726267898 20.524904251098633 10240
1771726317500 20.686683654785156 15360
1771726367696 20.88469123840332 20480
1771726417828 21.100242614746094 25600
1771726468118 21.13396453857422 30720
1771726517556 21.0 35840
1771726567889 21.21687889099121 40960
1771726617795 21.421342849731445 46080
1771726667412 21.957130432128906 51200
1771726717637 22.515235900878906 56320
1771726767489 23.060245513916016 61440
1771726817549 23.51862335205078 66560
1771726866841 23.975366592407227 71680
1771726916853 24.561744689941406 76800
1771726966673 25.172887802124023 81920
1771727016755 25.742124557495117 87040
1771727066553 26.290056228637695 92160
1771727117301 26.675321578979492 97280
1771727167274 27.101238250732422 102400
1771727216502 27.426067352294922 107520
1771727266577 27.71750831604004 112640
1771727316333 27.97466278076172 117760
1771727366920 28.2508602142334 122880
1771727416600 28.479013442993164 128000
1771727466946 28.701505661010742 133120
1771727517024 28.85366439819336 138240
1771727566996 28.983863830566406 143360
1771727616931 29.097557067871094 148480
1771727666573 29.11438751220703 153600
1771727716235 29.23373794555664 158720
1771727765515 29.431438446044922 163840
1771727815339 29.62246322631836 168960
1771727865777 29.80413246154785 174080
1771727915833 29.94962501525879 179200
1771727965620 30.147687911987305 184320
1771728015414 30.34111976623535 189440
1771728065130 30.504150390625 194560
1771728115064 30.67014503479004 199680
1771728164764 30.8480281829834 204800
1771728214558 30.994691848754883 209920
1771728264328 31.11443519592285 215040
1771728313671 31.21696662902832 220160
1771728364133 31.311771392822266 225280
1771728413849 31.40484619140625 230400
1771728463838 31.494993209838867 235520
1771728513470 31.584218978881836 240640
1771728563257 31.668556213378906 245760
1771728613039 31.753700256347656 250880
1771728662745 31.841909408569336 256000
1771728712258 31.89450454711914 261120
1771728762717 31.965314865112305 266240
1771728812892 32.068668365478516 271360
1771728862310 32.145713806152344 276480
1771728911941 32.23817825317383 281600
1771728961705 32.31267547607422 286720
1771729011482 32.41989517211914 291840
1771729061155 32.50202560424805 296960
1771729086325 32.55327606201172 300032
