1771192895480 0.0 8192
1771192896162 0.0 16384
1771192919508 0.0 24576
1771192920699 0.0 32768
1771192942966 0.0 40960
1771192944741 0.0 49152
1771192966592 0.0 57344
1771192968554 0.0 65536
1771192990092 0.0 73728
1771192992855 0.0 81920
1771193013357 0.0 90112
1771193016604 0.0 98304
1771193037506 0.0 106496
1771193040805 0.0 114688
1771193061417 0.0 122880
1771193064682 0.0 131072
1771193084947 0.0 139264
1771193089022 0.0 147456
1771193108081 0.0 155648
1771193113763 0.0 163840
1771193131905 0.0 172032
1771193138067 0.0 180224
1771193155515 0.0 188416
1771193162073 0.0 196608
1771193179303 0.0 204800
1771193186539 0.0 212992
1771193202634 0.0 221184
1771193210455 0.0 229376
1771193227115 0.0 237568
1771193235015 0.0 245760
1771193250730 0.0 253952
1771193258917 0.0 262144
1771193274445 0.0 270336
1771193283239 0.0 278528
1771193298885 0.0 286720
1771193307956 0.0 294912
1771193320578 0.0 303104
