1771192895480 22.898983001708984 8192
1771192896162 22.868499755859375 16384
1771192919508 24.426559448242188 24576
1771192920699 25.414382934570312 32768
1771192942966 25.717226028442383 40960
1771192944741 26.01664924621582 49152
1771192966592 26.38849449157715 57344
1771192968554 26.46383285522461 65536
1771192990092 26.46235466003418 73728
1771192992855 26.58219337463379 81920
1771193013357 26.67507553100586 90112
1771193016604 26.73956298828125 98304
1771193037506 26.790740966796875 106496
1771193040805 26.790298461914062 114688
1771193061417 26.872690200805664 122880
1771193064682 26.93821144104004 131072
1771193084947 26.96601104736328 139264
1771193089022 26.970829010009766 147456
1771193108081 27.012792587280273 155648
1771193113763 27.1173038482666 163840
1771193131905 27.101646423339844 172032
1771193138067 27.163009643554688 180224
1771193155515 27.225996017456055 188416
1771193162073 27.26432991027832 196608
1771193179303 27.26652717590332 204800
1771193186539 27.2768497467041 212992
1771193202634 27.290674209594727 221184
1771193210455 27.277999877929688 229376
1771193227115 27.282821655273438 237568
1771193235015 27.309396743774414 245760
1771193250730 27.314285278320312 253952
1771193258917 27.324993133544922 262144
1771193274445 27.31884765625 270336
1771193283239 27.333789825439453 278528
1771193298885 27.360074996948242 286720
1771193307956 27.358610153198242 294912
1771193320578 27.370868682861328 303104
