1771192895477 22.628067016601562 8192
1771192896159 21.990827560424805 16384
1771192919506 27.70355224609375 24576
1771192920697 24.424957275390625 32768
1771192942964 19.612245559692383 40960
1771192944739 18.203819274902344 49152
1771192966589 24.575759887695312 57344
1771192968551 28.677352905273438 65536
1771192990090 21.11052131652832 73728
1771192992853 28.950992584228516 81920
1771193013355 26.907470703125 90112
1771193016601 22.030061721801758 98304
1771193037504 18.8558406829834 106496
1771193040803 16.604415893554688 114688
1771193061415 18.937049865722656 122880
1771193064680 14.41650390625 131072
1771193084945 15.303886413574219 139264
1771193089019 24.495189666748047 147456
1771193108079 18.11092758178711 155648
1771193113761 21.813457489013672 163840
1771193131903 21.87921142578125 172032
1771193138064 15.731603622436523 180224
1771193155512 20.809322357177734 188416
1771193162071 19.15418815612793 196608
1771193179300 16.28035545349121 204800
1771193186537 22.231006622314453 212992
1771193202631 18.388660430908203 221184
1771193210453 20.93686866760254 229376
1771193227112 21.612518310546875 237568
1771193235013 18.706045150756836 245760
1771193250728 23.185325622558594 253952
1771193258915 21.125511169433594 262144
1771193274443 19.88625717163086 270336
1771193283237 15.957964897155762 278528
1771193298883 15.0743408203125 286720
1771193307953 13.880874633789062 294912
1771193320576 21.18358612060547 303104
