1771192895480 1.0096310377120972 8192
1771192896162 1.0055603981018066 16384
1771192919508 1.0556409358978271 24576
1771192920699 1.0970534086227417 32768
1771192942966 1.0957225561141968 40960
1771192944741 1.1058379411697388 49152
1771192966592 1.1096373796463013 57344
1771192968554 1.0994148254394531 65536
1771192990092 1.0918428897857666 73728
1771192992855 1.0926871299743652 81920
1771193013357 1.0928853750228882 90112
1771193016604 1.0922976732254028 98304
1771193037506 1.0971044301986694 106496
1771193040805 1.1001323461532593 114688
1771193061417 1.1084057092666626 122880
1771193064682 1.108401894569397 131072
1771193084947 1.1104254722595215 139264
1771193089022 1.110996127128601 147456
1771193108081 1.1105026006698608 155648
1771193113763 1.1152117252349854 163840
1771193131905 1.115737795829773 172032
1771193138067 1.117087721824646 180224
1771193155515 1.1181131601333618 188416
1771193162073 1.1215193271636963 196608
1771193179303 1.122136116027832 204800
1771193186539 1.1218539476394653 212992
1771193202634 1.1209118366241455 221184
1771193210455 1.1208215951919556 229376
1771193227115 1.1210191249847412 237568
1771193235015 1.121079683303833 245760
1771193250730 1.1201955080032349 253952
1771193258917 1.1208363771438599 262144
1771193274445 1.1191600561141968 270336
1771193283239 1.120403528213501 278528
1771193298885 1.1210566759109497 286720
1771193307956 1.1205832958221436 294912
1771193320578 1.1207172870635986 303104
