1771192895477 21.61722655726552 8192
1771192896159 54.745921111024096 16384
1771192919506 3.361194876672963 24576
1771192920697 58.18472380212524 32768
1771192942964 60.22232113371717 40960
1771192944739 56.70967131325969 49152
1771192966589 59.94089233143739 57344
1771192968551 54.971218872870246 65536
1771192990090 59.61883102115078 73728
1771192992853 57.21716117590887 81920
1771193013355 53.807620269403465 90112
1771193016601 52.194576836446444 98304
1771193037504 60.73947924812465 106496
1771193040803 56.68744424922287 114688
1771193061415 56.97389225461164 122880
1771193064680 54.23832615639265 131072
1771193084945 45.50962967785337 139264
1771193089019 57.49087121004441 147456
1771193108079 60.10581525321716 155648
1771193113761 57.92677503556286 163840
1771193131903 52.755222941953335 172032
1771193138064 57.88440518906983 180224
1771193155512 51.59045510455105 188416
1771193162071 45.754379840733066 196608
1771193179300 45.77385382676169 204800
1771193186537 46.08872039997802 212992
1771193202631 47.91190514267437 221184
1771193210453 42.352589540860116 229376
1771193227112 59.783688246529266 237568
1771193235013 57.102652072101506 245760
1771193250728 53.79243831118863 253952
1771193258915 54.5040413753671 262144
1771193274443 55.17078817215616 270336
1771193283237 60.05761906125605 278528
1771193298883 60.57806406886392 286720
1771193307953 58.353098305462034 294912
1771193320576 57.56504076198841 303104
