1758843246833 500.0 5120
1758843257475 500.0 10240
1758843268979 500.0 15360
1758843280511 500.0 20480
1758843291818 500.0 25600
1758843303471 500.0 30720
1758843314550 500.0 35840
1758843325807 500.0 40960
1758843337561 500.0 46080
1758843348844 500.0 51200
1758843359481 500.0 56320
1758843370591 500.0 61440
1758843381597 500.0 66560
1758843392859 500.0 71680
1758843403433 500.0 76800
1758843414111 500.0 81920
1758843425764 500.0 87040
1758843436465 500.0 92160
1758843447209 500.0 97280
1758843459102 500.0 102400
1758843469659 500.0 107520
1758843480213 500.0 112640
1758843491908 500.0 117760
1758843503748 500.0 122880
1758843516902 500.0 128000
1758843527617 500.0 133120
1758843538276 500.0 138240
1758843549607 500.0 143360
1758843560374 500.0 148480
1758843571098 500.0 153600
1758843582847 500.0 158720
1758843593509 500.0 163840
1758843604709 500.0 168960
1758843616102 500.0 174080
1758843625989 500.0 179200
1758843637332 500.0 184320
1758843647702 500.0 189440
1758843659071 500.0 194560
1758843670825 500.0 199680
1758843681974 500.0 204800
1758843693083 499.92534840658806 209920
1758843704857 499.9265580057526 215040
1758843715716 499.9276060863813 220160
1758843726871 499.89368646833907 225280
1758843737974 499.8950179574546 230400
1758843749162 499.8606005459509 235520
1758843760388 499.86220543263175 240640
1758843771392 499.86396732374357 245760
1758843782890 499.8291122600999 250880
1758843793962 499.79705372616985 256000
1758843804399 499.7653612134716 261120
1758843815986 499.7335481682497 266240
1758843827155 499.67212289095943 271360
1758843837453 499.5792885638298 276480
1758843848986 499.5832715896929 281600
1758843860056 499.553236588945 286720
1758843870542 499.5574578050553 291840
1758843881777 499.53016482637224 296960
1758843888363 499.5326701153999 300032
