1758843246833 19.79259259259259 5120
1758843257475 19.865275142314992 10240
1758843268979 20.0968992248062 15360
1758843280511 20.42603550295858 20480
1758843291818 20.400790513833993 25600
1758843303471 20.295737704918032 30720
1758843314550 20.27150084317032 35840
1758843325807 20.260698475159863 40960
1758843337561 20.24573677306515 46080
1758843348844 20.216279984270546 51200
1758843359481 20.214158026456918 56320
1758843370591 20.227615611675958 61440
1758843381597 20.227878787878787 66560
1758843392859 20.217941507311586 71680
1758843403433 20.204670690107584 76800
1758843414111 20.207134071340715 81920
1758843425764 20.185519315290307 87040
1758843436465 20.19348491473546 92160
1758843447209 20.21247927031509 97280
1758843459102 20.19323101141283 102400
1758843469659 20.179996253980146 107520
1758843480213 20.173400071505185 112640
1758843491908 20.16458725004273 117760
1758843503748 20.1578774975434 122880
1758843516902 20.15087223008015 128000
1758843527617 20.145921450151057 133120
1758843538276 20.137163636363635 138240
1758843549607 20.12685730305579 143360
1758843560374 20.11632625456513 148480
1758843571098 20.10495360083649 153600
1758843582847 20.11198279134506 158720
1758843593509 20.103786300698445 163840
1758843604709 20.096697552862913 168960
1758843616102 20.108457367024346 174080
1758843625989 20.10173669467787 179200
1758843637332 20.086861870033744 184320
1758843647702 20.090244677470608 189440
1758843659071 20.164509783621494 194560
1758843670825 20.278555487928585 199680
1758843681974 20.365388436320288 204800
1758843693083 20.477633758892896 209920
1758843704857 20.63489932885906 215040
1758843715716 20.823362631131275 220160
1758843726871 21.025925580527836 225280
1758843737974 21.23123676213279 230400
1758843749162 21.449772520473157 235520
1758843760388 21.659830904839 240640
1758843771392 21.836707511987214 245760
1758843782890 22.002190868460257 250880
1758843793962 22.199566724436743 256000
1758843804399 22.391893049961435 261120
1758843815986 22.590739484396202 266240
1758843827155 22.791320406278857 271360
1758843837453 22.989444813829788 276480
1758843848986 23.197168025026755 281600
1758843860056 23.39067340616338 286720
1758843870542 23.575547121053056 291840
1758843881777 23.770603296527444 296960
1758843888363 23.87401512136888 300032
