1771182551448 0.2969789505004883 6144
1771182564778 0.30081889033317566 12288
1771182575707 0.3016340732574463 18432
1771182580977 0.3124464154243469 24576
1771182594680 0.3174603283405304 30720
1771182607755 0.31910210847854614 36864
1771182618526 0.3202468454837799 43008
1771182624325 0.3250575363636017 49152
1771182637251 0.3231423795223236 55296
1771182650855 0.3255654573440552 61440
1771182661680 0.3251526653766632 67584
1771182668083 0.32477378845214844 73728
1771182680661 0.32359087467193604 79872
1771182694174 0.3229846656322479 86016
1771182704532 0.3209153115749359 92160
1771182711312 0.32006534934043884 98304
1771182723334 0.3200370967388153 104448
1771182737319 0.32024750113487244 110592
1771182747233 0.32102224230766296 116736
1771182755148 0.3201695680618286 122880
1771182766669 0.320203572511673 129024
1771182779994 0.320180207490921 135168
1771182789622 0.3194290101528168 141312
1771182798496 0.3181849718093872 147456
1771182809279 0.31805819272994995 153600
1771182823225 0.31861966848373413 159744
1771182832931 0.3173723518848419 165888
1771182841934 0.3166298568248749 172032
1771182852676 0.3160072863101959 178176
1771182866202 0.3149148225784302 184320
1771182876080 0.3145645558834076 190464
1771182885258 0.3138892948627472 196608
1771182896001 0.31357184052467346 202752
1771182909295 0.3128986060619354 208896
1771182919289 0.31221601366996765 215040
1771182928713 0.3118250072002411 221184
1771182938953 0.3111819624900818 227328
1771182952532 0.3103311359882355 233472
1771182961937 0.30923202633857727 239616
1771182972551 0.30872976779937744 245760
1771182982169 0.30840322375297546 251904
1771182995830 0.3078598082065582 258048
1771183004939 0.30717524886131287 264192
1771183015976 0.307235449552536 270336
1771183025147 0.3067465126514435 276480
1771183039178 0.30658677220344543 282624
1771183048619 0.30660703778266907 288768
1771183059256 0.3062930405139923 294912
1771183068110 0.30564364790916443 301056
