1771692994206 0.9847841858863831 6144
1771693007448 1.0296063423156738 12288
1771693014759 0.9904319643974304 18432
1771693028136 0.9195756316184998 24576
1771693040776 0.8713259100914001 30720
1771693053629 0.8178126215934753 36864
1771693061768 0.7965329885482788 43008
1771693075156 0.7816170454025269 49152
1771693088946 0.7693240642547607 55296
1771693100605 0.7638536691665649 61440
1771693109885 0.7607224583625793 67584
1771693123165 0.7679541110992432 73728
1771693134897 0.8159290552139282 79872
1771693147738 0.8856745958328247 86016
1771693156980 0.9949403405189514 92160
1771693170005 1.0668284893035889 98304
1771693181817 1.089941143989563 104448
1771693193849 1.06824791431427 110592
1771693203747 1.0286428928375244 116736
1771693216976 0.9803846478462219 122880
1771693228884 0.93453049659729 129024
1771693240611 0.904630184173584 135168
1771693250272 0.8887835144996643 141312
1771693263776 0.8871298432350159 147456
1771693275828 0.8829798698425293 153600
1771693288067 0.8696369528770447 159744
1771693297676 0.8600882887840271 165888
1771693310438 0.8553677201271057 172032
1771693323139 0.8466095328330994 178176
1771693334755 0.8395799994468689 184320
1771693344257 0.8345379829406738 190464
1771693356938 0.8300981521606445 196608
1771693369719 0.8234891295433044 202752
1771693381062 0.8206708431243896 208896
1771693391123 0.815371036529541 215040
1771693404171 0.8089874386787415 221184
1771693417069 0.8151646256446838 227328
1771693427300 0.8496689796447754 233472
1771693438015 0.8865972757339478 239616
1771693451099 0.9172700643539429 245760
1771693463339 0.9493104815483093 251904
1771693474655 0.9783535599708557 258048
1771693484956 1.0027014017105103 264192
1771693497684 1.0281380414962769 270336
1771693509220 1.0456898212432861 276480
1771693521577 1.0628114938735962 282624
1771693531327 1.0776127576828003 288768
1771693544087 1.0983593463897705 294912
1771693552529 1.108896017074585 301056
