1771692994206 365.0 6144
1771693007448 646.0 12288
1771693014759 952.0 18432
1771693028136 1259.0 24576
1771693040776 1566.0 30720
1771693053629 1874.0 36864
1771693061768 2183.0 43008
1771693075156 2493.0 49152
1771693088946 2802.0 55296
1771693100605 3114.0 61440
1771693109885 3418.0 67584
1771693123165 3730.0 73728
1771693134897 4025.0 79872
1771693147738 4296.0 86016
1771693156980 4548.0 92160
1771693170005 4802.0 98304
1771693181817 5057.0 104448
1771693193849 5308.0 110592
1771693203747 5547.0 116736
1771693216976 5776.0 122880
1771693228884 6012.0 129024
1771693240611 6258.0 135168
1771693250272 6546.0 141312
1771693263776 6855.0 147456
1771693275828 7162.0 153600
1771693288067 7471.0 159744
1771693297676 7780.0 165888
1771693310438 8088.0 172032
1771693323139 8395.0 178176
1771693334755 8704.0 184320
1771693344257 9012.0 190464
1771693356938 9320.0 196608
1771693369719 9626.0 202752
1771693381062 9930.0 208896
1771693391123 10241.0 215040
1771693404171 10548.0 221184
1771693417069 10847.0 227328
1771693427300 11113.0 233472
1771693438015 11368.0 239616
1771693451099 11622.0 245760
1771693463339 11871.0 251904
1771693474655 12129.0 258048
1771693484956 12384.0 264192
1771693497684 12624.0 270336
1771693509220 12858.0 276480
1771693521577 13089.0 282624
1771693531327 13323.0 288768
1771693544087 13555.0 294912
1771693552529 13712.0 301056
