1771731725388 0.007220216561108828 5120
1771731735359 0.013182674534618855 10240
1771731746314 0.013871374540030956 15360
1771731756449 0.011583011597394943 20480
1771731766925 0.010980391874909401 25600
1771731778282 0.013210039585828781 30720
1771731789062 0.011383038945496082 35840
1771731799445 0.010458167642354965 40960
1771731810568 0.00970445480197668 46080
1771731820613 0.01029702927917242 51200
1771731831306 0.009691313840448856 56320
1771731841916 0.009222661145031452 61440
1771731852531 0.010070186108350754 66560
1771731863149 0.009672830812633038 71680
1771731873661 0.010130631737411022 76800
1771731884431 0.009796533733606339 81920
1771731895092 0.010206503793597221 87040
1771731905776 0.009658580645918846 92160
1771731916458 0.00959692895412445 97280
1771731927130 0.00954508502036333 102400
1771731937561 0.009486931376159191 107520
1771731948730 0.00980936549603939 112640
1771731958867 0.010292813181877136 117760
1771731969249 0.01022320706397295 122880
1771731979786 0.010680249892175198 128000
1771731990156 0.01125554833561182 133120
1771732000615 0.012109135277569294 138240
1771732011209 0.012618765234947205 143360
1771732021492 0.012923606671392918 148480
1771732032422 0.013079171068966389 153600
1771732042458 0.013905764557421207 158720
1771732053164 0.014038310386240482 163840
1771732063412 0.015207667835056782 168960
1771732074315 0.016209475696086884 174080
1771732084582 0.01805098168551922 179200
1771732094788 0.02053731307387352 184320
1771732105280 0.0226900577545166 189440
1771732116389 0.024782009422779083 194560
1771732126932 0.027389539405703545 199680
1771732136728 0.029728230088949203 204800
1771732147054 0.03241650387644768 209920
1771732157858 0.03558757156133652 215040
1771732168594 0.038661159574985504 220160
1771732179631 0.041927408427000046 225280
1771732189822 0.04508575424551964 230400
1771732200427 0.04718031734228134 235520
1771732211066 0.0500049889087677 240640
1771732221694 0.052227795124053955 245760
1771732232042 0.054499611258506775 250880
1771732242857 0.058036141097545624 256000
1771732253344 0.060997456312179565 261120
1771732263897 0.06414075940847397 266240
1771732274231 0.06759114563465118 271360
1771732284660 0.0690997987985611 276480
1771732294800 0.07141580432653427 281600
1771732305676 0.07403159141540527 286720
1771732315838 0.07672188431024551 291840
1771732326398 0.07814250141382217 296960
1771732330378 0.07849185913801193 300032
