1771731725388 496.729248046875 5120
1771731735359 493.9698791503906 10240
1771731746314 493.6368103027344 15360
1771731756449 494.6795349121094 20480
1771731766925 494.95843505859375 25600
1771731778282 493.93658447265625 30720
1771731789062 494.7751770019531 35840
1771731799445 495.19720458984375 40960
1771731810568 495.5412292480469 46080
1771731820613 495.27130126953125 51200
1771731831306 495.5520324707031 56320
1771731841916 495.76812744140625 61440
1771731852531 495.3713684082031 66560
1771731863149 495.5522155761719 71680
1771731873661 495.3436279296875 76800
1771731884431 495.49810791015625 81920
1771731895092 495.30975341796875 87040
1771731905776 495.5615539550781 92160
1771731916458 495.591796875 97280
1771731927130 495.6141357421875 102400
1771731937561 495.6429748535156 107520
1771731948730 495.495849609375 112640
1771731958867 495.2784423828125 117760
1771731969249 495.3133544921875 122880
1771731979786 495.10284423828125 128000
1771731990156 494.841796875 133120
1771732000615 494.4656677246094 138240
1771732011209 494.2309875488281 143360
1771732021492 494.0910339355469 148480
1771732032422 494.0197448730469 153600
1771732042458 493.6446533203125 158720
1771732053164 493.5838317871094 163840
1771732063412 493.0762939453125 168960
1771732074315 492.61895751953125 174080
1771732084582 491.8316955566406 179200
1771732094788 490.7469787597656 184320
1771732105280 489.798583984375 189440
1771732116389 488.9059143066406 194560
1771732126932 487.77996826171875 199680
1771732136728 486.7920227050781 204800
1771732147054 485.6400451660156 209920
1771732157858 484.2840576171875 215040
1771732168594 482.989501953125 220160
1771732179631 481.59991455078125 225280
1771732189822 480.2253112792969 230400
1771732200427 479.322265625 235520
1771732211066 478.1103820800781 240640
1771732221694 477.1604309082031 245760
1771732232042 476.20306396484375 250880
1771732242857 474.6834411621094 256000
1771732253344 473.3983154296875 261120
1771732263897 472.1094665527344 266240
1771732274231 470.638427734375 271360
1771732284660 469.9940185546875 276480
1771732294800 469.0112609863281 281600
1771732305676 467.92535400390625 286720
1771732315838 466.7757568359375 291840
1771732326398 466.180419921875 296960
1771732330378 466.0318908691406 300032
