1771731725388 22.05415153503418 5120
1771731735359 21.103578567504883 10240
1771731746314 20.614124298095703 15360
1771731756449 20.666988372802734 20480
1771731766925 20.84705924987793 25600
1771731778282 20.926023483276367 30720
1771731789062 20.965282440185547 35840
1771731799445 20.8934268951416 40960
1771731810568 20.76268196105957 46080
1771731820613 20.658613204956055 51200
1771731831306 20.577890396118164 56320
1771731841916 20.567852020263672 61440
1771731852531 20.614891052246094 66560
1771731863149 20.671977996826172 71680
1771731873661 20.73686981201172 76800
1771731884431 20.821401596069336 81920
1771731895092 20.8929500579834 87040
1771731905776 20.925426483154297 92160
1771731916458 20.95905303955078 97280
1771731927130 20.9969539642334 102400
1771731937561 21.005033493041992 107520
1771731948730 21.026836395263672 112640
1771731958867 21.063709259033203 117760
1771731969249 21.10291290283203 122880
1771731979786 21.191259384155273 128000
1771731990156 21.25887680053711 133120
1771732000615 21.338289260864258 138240
1771732011209 21.424732208251953 143360
1771732021492 21.46108627319336 148480
1771732032422 21.510784149169922 153600
1771732042458 21.55704116821289 158720
1771732053164 21.62201499938965 163840
1771732063412 21.715654373168945 168960
1771732074315 21.828554153442383 174080
1771732084582 21.97572898864746 179200
1771732094788 22.120716094970703 184320
1771732105280 22.26444435119629 189440
1771732116389 22.43586540222168 194560
1771732126932 22.61756134033203 199680
1771732136728 22.824514389038086 204800
1771732147054 23.016698837280273 209920
1771732157858 23.22416877746582 215040
1771732168594 23.412986755371094 220160
1771732179631 23.595745086669922 225280
1771732189822 23.7579345703125 230400
1771732200427 23.93874740600586 235520
1771732211066 24.11598014831543 240640
1771732221694 24.261531829833984 245760
1771732232042 24.41902732849121 250880
1771732242857 24.569843292236328 256000
1771732253344 24.707080841064453 261120
1771732263897 24.871532440185547 266240
1771732274231 25.005970001220703 271360
1771732284660 25.12334632873535 276480
1771732294800 25.255809783935547 281600
1771732305676 25.383041381835938 286720
1771732315838 25.525022506713867 291840
1771732326398 25.66899299621582 296960
1771732330378 25.706254959106445 300032
