1771731725385 17.273521423339844 5120
1771731735355 14.467259407043457 10240
1771731746311 14.053805351257324 15360
1771731756446 13.644540786743164 20480
1771731766922 11.097391128540039 25600
1771731778279 10.53868293762207 30720
1771731789059 11.628212928771973 35840
1771731799442 12.15947151184082 40960
1771731810564 11.94035816192627 46080
1771731820610 11.463964462280273 51200
1771731831302 11.512137413024902 56320
1771731841913 11.278478622436523 61440
1771731852528 11.887548446655273 66560
1771731863146 12.99738883972168 71680
1771731873658 15.224655151367188 76800
1771731884427 16.894813537597656 81920
1771731895089 18.997325897216797 87040
1771731905772 20.189016342163086 92160
1771731916454 20.871374130249023 97280
1771731927126 22.08919906616211 102400
1771731937558 22.580066680908203 107520
1771731948727 23.906803131103516 112640
1771731958864 23.981487274169922 117760
1771731969246 25.029788970947266 122880
1771731979783 25.242507934570312 128000
1771731990152 25.689611434936523 133120
1771732000612 24.07931900024414 138240
1771732011206 26.30743408203125 143360
1771732021489 25.81060218811035 148480
1771732032418 28.345653533935547 153600
1771732042455 27.95589828491211 158720
1771732053161 26.574914932250977 163840
1771732063409 27.066696166992188 168960
1771732074311 27.502422332763672 174080
1771732084578 28.320514678955078 179200
1771732094785 27.997364044189453 184320
1771732105277 28.9257755279541 189440
1771732116386 28.973323822021484 194560
1771732126929 29.978012084960938 199680
1771732136725 30.386600494384766 204800
1771732147051 31.771453857421875 209920
1771732157855 33.19669723510742 215040
1771732168591 34.29570007324219 220160
1771732179627 35.42983627319336 225280
1771732189819 35.85962677001953 230400
1771732200424 36.3394660949707 235520
1771732211063 37.286582946777344 240640
1771732221691 39.63654708862305 245760
1771732232038 39.4389762878418 250880
1771732242853 40.225608825683594 256000
1771732253341 42.510955810546875 261120
1771732263894 42.404666900634766 266240
1771732274227 44.56178665161133 271360
1771732284657 46.2077522277832 276480
1771732294797 47.17318344116211 281600
1771732305673 49.572269439697266 286720
1771732315834 49.349647521972656 291840
1771732326395 51.499549865722656 296960
1771732330375 52.86897277832031 300032
