1771731725385 56.472210254200775 5120
1771731735355 72.75840893715198 10240
1771731746311 66.747891403291 15360
1771731756446 72.4893105891706 20480
1771731766922 68.40918580375782 25600
1771731778279 4.928259888705068 30720
1771731789059 71.84241718337844 35840
1771731799442 72.19236131430833 40960
1771731810564 68.47284303322178 46080
1771731820610 58.387215323793086 51200
1771731831302 68.53661884375306 56320
1771731841913 50.83265464417297 61440
1771731852528 60.64200101207258 66560
1771731863146 75.57168339309202 71680
1771731873658 69.33306884866518 76800
1771731884427 69.68903067158476 81920
1771731895089 67.7965926356965 87040
1771731905772 48.05462752915836 92160
1771731916454 53.81383354075518 97280
1771731927126 55.77828607904676 102400
1771731937558 52.93499085000315 107520
1771731948727 73.74470778535762 112640
1771731958864 68.68139317820825 117760
1771731969246 73.02951264952205 122880
1771731979783 69.84918731681321 128000
1771731990152 73.02061281337048 133120
1771732000612 65.81881522165556 138240
1771732011206 55.90765375489856 143360
1771732021489 68.84259593605357 148480
1771732032418 72.2483205291625 153600
1771732042455 67.3091761080977 158720
1771732053161 2.9543156718820107 163840
1771732063409 71.4094252247344 168960
1771732074311 2.0049762254971086 174080
1771732084578 61.122746681045165 179200
1771732094785 71.63382975816369 184320
1771732105277 60.45407898529836 189440
1771732116386 65.79816456192643 194560
1771732126929 70.73025295109612 199680
1771732136725 69.73073981712386 204800
1771732147051 59.27674609231465 209920
1771732157855 61.731779112210056 215040
1771732168591 70.77441236521945 220160
1771732179627 68.25000406801725 225280
1771732189819 61.456804595006446 230400
1771732200424 68.475078771652 235520
1771732211063 69.98438229993994 240640
1771732221691 70.33882274023142 245760
1771732232038 69.87944420379195 250880
1771732242853 43.746260873193016 256000
1771732253341 46.425927565748694 261120
1771732263894 62.13139378138563 266240
1771732274227 57.837311601097646 271360
1771732284657 74.11740590210285 276480
1771732294797 55.48461518109903 281600
1771732305673 67.09383498096426 286720
1771732315834 39.030578250916605 291840
1771732326395 53.495363816083156 296960
1771732330375 57.07234899511505 300032
