1759798958583 393.2890665187757 5120
1759798978423 395.00517829600324 10240
1759798996229 396.75151894309306 15360
1759799029183 399.3882860086732 20480
1759799049324 401.33049370108927 25600
1759799067210 403.28359003892507 30720
1759799084902 404.36901966106495 35840
1759799114209 404.23213631536487 40960
1759799133115 403.0289820620888 46080
1759799149779 400.5184753706489 51200
1759799167763 400.89043838840854 56320
1759799195322 402.28351142127724 61440
1759799214213 403.2872253799564 66560
1759799232826 404.1463630499275 71680
1759799252624 405.0534110547875 76800
1759799280112 405.6632102509154 81920
1759799307478 406.33010379827556 87040
1759799326578 407.06760041610056 92160
1759799352613 407.4026176158936 97280
1759799387433 408.2225983534982 102400
1759799404547 408.4714158477629 107520
1759799426115 408.8198677345558 112640
1759799447287 409.11550477166344 117760
1759799474643 409.3220297244986 122880
1759799492999 409.4550666983742 128000
1759799516810 409.7558159757549 133120
1759799535683 409.98407509626315 138240
1759799564262 409.9733356941347 143360
1759799584299 410.2632869182496 148480
1759799613871 410.51596199738225 153600
1759799636682 410.52835789822745 158720
1759799658660 410.440045775157 163840
1759799681100 409.62598146290367 168960
1759799708747 409.58558084557217 174080
1759799732306 409.7030289660255 179200
1759799754074 409.81030912428525 184320
1759799775100 409.9794030118949 189440
1759799801153 410.14797626671736 194560
1759799820053 410.31651089687364 199680
1759799839465 410.38824501733535 204800
1759799859698 410.47159339837685 209920
1759799886002 410.5559805429143 215040
1759799905228 410.5342254427957 220160
1759799922880 410.55840709713857 225280
1759799942683 410.53138941690423 230400
1759799971323 410.5908416517322 235520
1759799992845 410.6965659652502 240640
1759800016203 410.7925203715821 245760
1759800038650 410.8707503183396 250880
1759800060108 410.8587587508211 256000
1759800081334 410.8544847235347 261120
1759800108192 410.89295176699636 266240
1759800129773 410.8334707604275 271360
1759800149876 410.9435180491674 276480
1759800170203 410.997784929125 281600
1759800198286 411.04759933432445 286720
1759800220023 411.11360599676283 291840
1759800241678 411.0999039266711 296960
1759800250769 411.06024045107415 300032
