1759798958583 25.05761316872428 5120
1759798978423 24.11802575107296 10240
1759798996229 23.22159090909091 15360
1759799029183 22.74470338983051 20480
1759799049324 22.506768189509305 25600
1759799067210 22.306122448979593 30720
1759799084902 22.24773413897281 35840
1759799114209 22.0927291886196 40960
1759799133115 22.109962406015036 46080
1759799149779 22.420283626987537 51200
1759799167763 22.394685423993746 56320
1759799195322 22.315337861994994 61440
1759799214213 22.23527476143468 66560
1759799232826 22.17887667887668 71680
1759799252624 22.112595962468014 76800
1759799280112 22.08335552596538 81920
1759799307478 22.036805207811717 87040
1759799326578 22.013232514177695 92160
1759799352613 21.996418979409132 97280
1759799387433 21.96600084997875 102400
1759799404547 21.94196157735086 107520
1759799426115 21.921103395061728 112640
1759799447287 21.90296993174691 117760
1759799474643 21.887966071744124 122880
1759799492999 21.87264710869934 128000
1759799516810 21.831027185414293 133120
1759799535683 21.824894184041387 138240
1759799564262 21.825495236655073 143360
1759799584299 21.79918331631909 148480
1759799613871 21.799182061768438 153600
1759799636682 21.796096628906785 158720
1759799658660 21.788499669530733 163840
1759799681100 21.86309830159547 168960
1759799708747 21.857660132351103 174080
1759799732306 21.848065963380623 179200
1759799754074 21.84779533128979 184320
1759799775100 21.842262246185616 189440
1759799801153 21.838061201697567 194560
1759799820053 21.82930809399478 199680
1759799839465 21.824246924056002 204800
1759799859698 21.82058975685463 209920
1759799886002 21.816703696222984 215040
1759799905228 21.812783586506214 220160
1759799922880 21.807710843373496 225280
1759799942683 21.805691669807764 230400
1759799971323 21.804075235109718 235520
1759799992845 21.804981499864635 240640
1759800016203 21.797685307889388 245760
1759800038650 21.78821697378666 250880
1759800060108 21.78165790812002 256000
1759800081334 21.77486084572568 261120
1759800108192 21.77507945562709 266240
1759800129773 21.77184427212407 271360
1759800149876 21.767534912913856 276480
1759800170203 21.7636503658067 281600
1759800198286 21.759718650733625 286720
1759800220023 21.759678977483837 291840
1759800241678 21.75408878504673 296960
1759800250769 21.754242204496013 300032
