1759798958583 17.885002230420525 5120
1759798978423 17.7666962586759 10240
1759798996229 18.489180478182707 15360
1759799029183 18.44965957382978 20480
1759799049324 18.52666084818832 25600
1759799067210 18.423488071986608 30720
1759799084902 18.34306740198971 35840
1759799114209 18.47630832619863 40960
1759799133115 18.696914099212876 46080
1759799149779 18.824703831297676 51200
1759799167763 18.810581411501076 56320
1759799195322 18.640499961943043 61440
1759799214213 18.59812729921181 66560
1759799232826 18.483145838400965 71680
1759799252624 18.419074428667898 76800
1759799280112 18.281747448714214 81920
1759799307478 18.247165349464627 87040
1759799326578 18.105508872827194 92160
1759799352613 18.0718014682097 97280
1759799387433 17.97491692422655 102400
1759799404547 17.96807265170785 107520
1759799426115 17.94240352253855 112640
1759799447287 17.9383203435749 117760
1759799474643 17.917623495293036 122880
1759799492999 17.92523632208048 128000
1759799516810 17.86055159844348 133120
1759799535683 17.83626665353663 138240
1759799564262 17.850086636141643 143360
1759799584299 17.821048580245893 148480
1759799613871 17.781317757544777 153600
1759799636682 17.79192651243901 158720
1759799658660 17.810369538220836 163840
1759799681100 17.895579716500336 168960
1759799708747 17.905813265983973 174080
1759799732306 17.890007129131238 179200
1759799754074 17.87538642406576 184320
1759799775100 17.860195008059414 189440
1759799801153 17.83300120047168 194560
1759799820053 17.83473534911897 199680
1759799839465 17.83571638027186 204800
1759799859698 17.825891410089564 209920
1759799886002 17.832609746413286 215040
1759799905228 17.83505484422393 220160
1759799922880 17.838459290286146 225280
1759799942683 17.8237159173982 230400
1759799971323 17.80218927916974 235520
1759799992845 17.782510085975574 240640
1759800016203 17.767311304468013 245760
1759800038650 17.757707300292587 250880
1759800060108 17.76221844882839 256000
1759800081334 17.765449855418126 261120
1759800108192 17.778250970872318 266240
1759800129773 17.792965007577358 271360
1759800149876 17.779891678064747 276480
1759800170203 17.771340734388538 281600
1759800198286 17.789449816120857 286720
1759800220023 17.784218938316837 291840
1759800241678 17.79127523832232 296960
1759800250769 17.795972423263006 300032
