1771713045359 0.0033444815780967474 5120
1771713070213 0.0036036036908626556 10240
1771713095523 0.006195786874741316 15360
1771713120360 0.006673021707683802 20480
1771713145164 0.006102212239056826 25600
1771713170670 0.006493506487458944 30720
1771713195734 0.005592841189354658 35840
1771713221020 0.00685938261449337 40960
1771713246420 0.0061188810504972935 46080
1771713271686 0.006764823105186224 51200
1771713296480 0.008058608509600163 56320
1771713321295 0.009969061240553856 61440
1771713346523 0.02455795742571354 66560
1771713371559 0.04018838331103325 71680
1771713396659 0.06085376814007759 76800
1771713421904 0.08165057003498077 81920
1771713446773 0.09852774441242218 87040
1771713471687 0.11782477051019669 92160
1771713497197 0.1393681913614273 97280
1771713522072 0.16083376109600067 102400
1771713546942 0.17895525693893433 107520
1771713572324 0.19495634734630585 112640
1771713597210 0.207498237490654 117760
1771713622057 0.21599264442920685 122880
1771713646923 0.22264403104782104 128000
1771713672356 0.22299349308013916 133120
1771713697258 0.22219885885715485 138240
1771713722192 0.2241484820842743 143360
1771713747613 0.22791343927383423 148480
1771713772895 0.2341906726360321 153600
1771713797724 0.2417374849319458 158720
1771713823206 0.24654504656791687 163840
1771713848305 0.2505846321582794 168960
1771713873184 0.2525022029876709 174080
1771713898024 0.25763818621635437 179200
1771713924169 0.2630252242088318 184320
1771713949081 0.26729249954223633 189440
1771713973927 0.2711700201034546 194560
1771713999170 0.27704736590385437 199680
1771714024514 0.2828487157821655 204800
1771714049733 0.2857142984867096 209920
1771714075088 0.29047688841819763 215040
1771714099885 0.29619845747947693 220160
1771714125198 0.29917973279953003 225280
1771714150536 0.30014124512672424 230400
1771714175370 0.300485759973526 235520
1771714200218 0.3001768887042999 240640
1771714225052 0.30221983790397644 245760
1771714250514 0.304839551448822 250880
1771714275356 0.30756279826164246 256000
1771714300690 0.31061282753944397 261120
1771714326071 0.31275874376296997 266240
1771714350884 0.31469136476516724 271360
1771714376419 0.31568723917007446 276480
1771714402077 0.3168719410896301 281600
1771714426900 0.317421019077301 286720
1771714451726 0.3192896842956543 291840
1771714477579 0.3212079703807831 296960
1771714487511 0.32211482524871826 300032
