1771713045359 392.6412048339844 5120
1771713070213 399.6311950683594 10240
1771713095523 398.074462890625 15360
1771713120360 398.6351318359375 20480
1771713145164 399.7276306152344 25600
1771713170670 395.6414794921875 30720
1771713195734 392.38470458984375 35840
1771713221020 389.5413818359375 40960
1771713246420 386.6106872558594 46080
1771713271686 383.8316650390625 51200
1771713296480 380.7258605957031 56320
1771713321295 376.8719787597656 61440
1771713346523 367.5425109863281 66560
1771713371559 359.0465393066406 71680
1771713396659 349.28985595703125 76800
1771713421904 339.9797668457031 81920
1771713446773 332.2147216796875 87040
1771713471687 323.7703857421875 92160
1771713497197 315.1461181640625 97280
1771713522072 306.68255615234375 102400
1771713546942 299.5340576171875 107520
1771713572324 292.2993469238281 112640
1771713597210 285.949462890625 117760
1771713622057 280.48907470703125 122880
1771713646923 275.6546630859375 128000
1771713672356 271.9150695800781 133120
1771713697258 268.0729064941406 138240
1771713722192 264.394775390625 143360
1771713747613 260.44970703125 148480
1771713772895 256.1903991699219 153600
1771713797724 252.27622985839844 158720
1771713823206 248.61654663085938 163840
1771713848305 245.55479431152344 168960
1771713873184 242.97958374023438 174080
1771713898024 240.1395263671875 179200
1771713924169 237.06790161132812 184320
1771713949081 234.8504638671875 189440
1771713973927 232.69241333007812 194560
1771713999170 230.09945678710938 199680
1771714024514 227.62026977539062 204800
1771714049733 225.44931030273438 209920
1771714075088 223.11990356445312 215040
1771714099885 220.67262268066406 220160
1771714125198 218.64772033691406 225280
1771714150536 216.8954315185547 230400
1771714175370 215.2646026611328 235520
1771714200218 213.80857849121094 240640
1771714225052 212.0455780029297 245760
1771714250514 210.4412841796875 250880
1771714275356 208.94784545898438 256000
1771714300690 207.10910034179688 261120
1771714326071 205.74765014648438 266240
1771714350884 204.34742736816406 271360
1771714376419 203.21006774902344 276480
1771714402077 201.86778259277344 281600
1771714426900 200.7506103515625 286720
1771714451726 199.27561950683594 291840
1771714477579 197.95799255371094 296960
1771714487511 197.39352416992188 300032
