1771713045359 4.153846263885498 5120
1771713070213 3.949549436569214 10240
1771713095523 3.8983891010284424 15360
1771713120360 3.855100154876709 20480
1771713145164 3.812356948852539 25600
1771713170670 3.996753215789795 30720
1771713195734 4.126398086547852 35840
1771713221020 4.189612865447998 40960
1771713246420 4.297639846801758 46080
1771713271686 4.421408653259277 51200
1771713296480 4.5615386962890625 56320
1771713321295 4.731866836547852 61440
1771713346523 5.005893707275391 66560
1771713371559 5.314599514007568 71680
1771713396659 5.702391624450684 76800
1771713421904 6.077260971069336 81920
1771713446773 6.35447359085083 87040
1771713471687 6.6621809005737305 92160
1771713497197 6.949296474456787 97280
1771713522072 7.288728713989258 102400
1771713546942 7.579355239868164 107520
1771713572324 7.870271682739258 112640
1771713597210 8.111059188842773 117760
1771713622057 8.383272171020508 122880
1771713646923 8.552925109863281 128000
1771713672356 8.710195541381836 133120
1771713697258 8.876392364501953 138240
1771713722192 9.005302429199219 143360
1771713747613 9.126265525817871 148480
1771713772895 9.241926193237305 153600
1771713797724 9.374126434326172 158720
1771713823206 9.509858131408691 163840
1771713848305 9.610001564025879 168960
1771713873184 9.703248023986816 174080
1771713898024 9.797287940979004 179200
1771713924169 9.914453506469727 184320
1771713949081 10.022068977355957 189440
1771713973927 10.108274459838867 194560
1771713999170 10.213211059570312 199680
1771714024514 10.327165603637695 204800
1771714049733 10.411056518554688 209920
1771714075088 10.502467155456543 215040
1771714099885 10.574636459350586 220160
1771714125198 10.649445533752441 225280
1771714150536 10.720338821411133 230400
1771714175370 10.78917407989502 235520
1771714200218 10.837800979614258 240640
1771714225052 10.918694496154785 245760
1771714250514 10.966991424560547 250880
1771714275356 11.047526359558105 256000
1771714300690 11.114791870117188 261120
1771714326071 11.174382209777832 266240
1771714350884 11.230864524841309 271360
1771714376419 11.25194263458252 276480
1771714402077 11.290206909179688 281600
1771714426900 11.35007095336914 286720
1771714451726 11.401578903198242 291840
1771714477579 11.448410034179688 296960
1771714487511 11.465377807617188 300032
