1771242928800 18.216934204101562 5120
1771242935964 19.06664276123047 10240
1771242943276 19.842676162719727 15360
1771242950613 20.342069625854492 20480
1771242957912 20.236255645751953 25600
1771242965175 20.0736026763916 30720
1771242972362 20.208362579345703 35840
1771242979920 20.446252822875977 40960
1771242986869 20.671382904052734 46080
1771242994534 20.88949203491211 51200
1771243001606 21.148326873779297 56320
1771243009306 21.17748260498047 61440
1771243016598 21.186603546142578 66560
1771243024100 21.346010208129883 71680
1771243031089 21.39151382446289 76800
1771243038583 21.423681259155273 81920
1771243046107 21.451133728027344 87040
1771243053118 21.499353408813477 92160
1771243060873 21.585723876953125 97280
1771243068344 21.612987518310547 102400
1771243075390 21.627607345581055 107520
1771243082720 21.681772232055664 112640
1771243089997 21.734054565429688 117760
1771243097519 21.7451171875 122880
1771243104778 21.757591247558594 128000
1771243112055 21.7857608795166 133120
1771243119131 21.792659759521484 138240
1771243126620 21.78804588317871 143360
1771243134036 21.79761505126953 148480
1771243141521 21.824974060058594 153600
1771243148739 21.84306526184082 158720
1771243156181 21.869182586669922 163840
1771243163644 21.859010696411133 168960
1771243170853 21.866830825805664 174080
1771243178942 21.834896087646484 179200
1771243185441 21.811079025268555 184320
1771243193307 21.8361759185791 189440
1771243200116 21.807113647460938 194560
1771243207943 21.815126419067383 199680
1771243214803 21.80528450012207 204800
1771243222911 21.83296012878418 209920
1771243229710 21.847049713134766 215040
1771243237640 21.83849334716797 220160
1771243244636 21.86928367614746 225280
1771243252450 21.86740493774414 230400
1771243259441 21.876789093017578 235520
1771243267250 21.87773323059082 240640
1771243274184 21.8822078704834 245760
1771243282091 21.873464584350586 250880
1771243288826 21.881498336791992 256000
1771243296870 21.900115966796875 261120
1771243303722 21.917736053466797 266240
1771243311626 21.90562629699707 271360
1771243318420 21.906843185424805 276480
1771243326293 21.903461456298828 281600
1771243333272 21.904584884643555 286720
1771243340757 21.89727783203125 291840
1771243348076 21.889896392822266 296960
1771243351445 21.88107681274414 300032
