1771242928800 0.3059055209159851 5120
1771242935964 0.3265978991985321 10240
1771242943276 0.3262641429901123 15360
1771242950613 0.3205728530883789 20480
1771242957912 0.3222639262676239 25600
1771242965175 0.3262310028076172 30720
1771242972362 0.3265787661075592 35840
1771242979920 0.3239939212799072 40960
1771242986869 0.3185340464115143 46080
1771242994534 0.31507858633995056 51200
1771243001606 0.3123915195465088 56320
1771243009306 0.30876660346984863 61440
1771243016598 0.3044953942298889 66560
1771243024100 0.30264171957969666 71680
1771243031089 0.3003539443016052 76800
1771243038583 0.2981090843677521 81920
1771243046107 0.296238511800766 87040
1771243053118 0.29490381479263306 92160
1771243060873 0.29526376724243164 97280
1771243068344 0.2933140993118286 102400
1771243075390 0.2917613685131073 107520
1771243082720 0.2909381687641144 112640
1771243089997 0.28995731472969055 117760
1771243097519 0.28893715143203735 122880
1771243104778 0.28786468505859375 128000
1771243112055 0.2871638834476471 133120
1771243119131 0.2860700786113739 138240
1771243126620 0.28496527671813965 143360
1771243134036 0.2838600277900696 148480
1771243141521 0.2831469178199768 153600
1771243148739 0.2822835147380829 158720
1771243156181 0.2815355360507965 163840
1771243163644 0.28039687871932983 168960
1771243170853 0.279604434967041 174080
1771243178942 0.2784547507762909 179200
1771243185441 0.2783810794353485 184320
1771243193307 0.27787700295448303 189440
1771243200116 0.2773107886314392 194560
1771243207943 0.27694272994995117 199680
1771243214803 0.27625375986099243 204800
1771243222911 0.2763923108577728 209920
1771243229710 0.27608904242515564 215040
1771243237640 0.27585935592651367 220160
1771243244636 0.27534574270248413 225280
1771243252450 0.2748986780643463 230400
1771243259441 0.2748235762119293 235520
1771243267250 0.27524322271347046 240640
1771243274184 0.2747165858745575 245760
1771243282091 0.274319589138031 250880
1771243288826 0.2742685079574585 256000
1771243296870 0.27411749958992004 261120
1771243303722 0.2741079330444336 266240
1771243311626 0.27380871772766113 271360
1771243318420 0.27376753091812134 276480
1771243326293 0.2738569676876068 281600
1771243333272 0.27376028895378113 286720
1771243340757 0.273438423871994 291840
1771243348076 0.2733687162399292 296960
1771243351445 0.2730996906757355 300032
