1758847062289 0.0 5120
1758847073623 0.0 10240
1758847082878 0.0 15360
1758847094177 0.0 20480
1758847104948 0.0 25600
1758847115532 0.0 30720
1758847126359 0.0 35840
1758847138597 0.0 40960
1758847147710 0.0 46080
1758847159492 0.0 51200
1758847168332 0.0 56320
1758847178976 0.0 61440
1758847189088 0.0 66560
1758847199306 0.0 71680
1758847210088 0.0 76800
1758847220177 0.0 81920
1758847231128 0.0 87040
1758847240141 0.0 92160
1758847251568 0.0 97280
1758847261605 0.0 102400
1758847271873 0.0 107520
1758847283503 0.0 112640
1758847292489 0.0 117760
1758847305002 0.0 122880
1758847315142 0.0 128000
1758847326522 0.0 133120
1758847337316 0.0 138240
1758847348645 0.0 143360
1758847358868 0.0 148480
1758847370776 0.0 153600
1758847382466 0.0 158720
1758847392208 0.0 163840
1758847404532 0.0 168960
1758847414921 0.0 174080
1758847425100 0.0 179200
1758847437402 0.0 184320
1758847447273 0.0 189440
1758847458968 0.0 194560
1758847470206 0.0 199680
1758847479781 0.0 204800
1758847491042 0.0 209920
1758847501398 0.0 215040
1758847510673 0.0 220160
1758847522707 0.0 225280
1758847532538 0.0 230400
1758847543648 0.0 235520
1758847553206 0.0 240640
1758847564813 0.0 245760
1758847574732 0.0 250880
1758847586094 0.0 256000
1758847596312 0.0 261120
1758847606392 0.0 266240
1758847618723 0.0 271360
1758847627843 0.0 276480
1758847638497 0.0 281600
1758847649317 0.0 286720
1758847659752 0.0 291840
1758847670969 0.0 296960
1758847675914 0.0 300032
