1758847062289 19.843971631205672 5120
1758847073623 19.166368515205725 10240
1758847082878 18.892601431980907 15360
1758847094177 18.841868823000897 20480
1758847104948 18.696991404011463 25600
1758847115532 18.666068222621185 30720
1758847126359 18.63930220625962 35840
1758847138597 18.59676695105523 40960
1758847147710 18.645432692307693 46080
1758847159492 18.689692585895116 51200
1758847168332 18.635826771653544 56320
1758847178976 18.632671480144403 61440
1758847189088 18.640633685380767 66560
1758847199306 18.634297520661157 71680
1758847210088 18.645114595898672 76800
1758847220177 18.626356238698012 81920
1758847231128 18.62468085106383 87040
1758847240141 18.623969434948723 92160
1758847251568 18.619120167587127 97280
1758847261605 18.607272069464543 102400
1758847271873 18.61948275862069 107520
1758847283503 18.608259295820993 112640
1758847292489 18.64175339009776 117760
1758847305002 18.701334141904184 122880
1758847315142 18.743107221006564 128000
1758847326522 18.785402896920264 133120
1758847337316 18.834736556219447 138240
1758847348645 18.872212017843086 143360
1758847358868 18.910245017138504 148480
1758847370776 18.948831488314884 153600
1758847382466 18.98151681373718 158720
1758847392208 19.02315886984715 163840
1758847404532 19.052738108624762 168960
1758847414921 19.080782684739834 174080
1758847425100 19.106656741811996 179200
1758847437402 19.133347137384824 184320
1758847447273 19.161218724778045 189440
1758847458968 19.172515482158655 194560
1758847470206 19.193325661680092 199680
1758847479781 19.213496817671285 204800
1758847491042 19.23854804791076 209920
1758847501398 19.257147962830594 215040
1758847510673 19.271488469601678 220160
1758847522707 19.285323765590295 225280
1758847532538 19.301120214011036 230400
1758847543648 19.324434981984933 235520
1758847553206 19.341702093526912 240640
1758847564813 19.354661216789815 245760
1758847574732 19.371377928483355 250880
1758847586094 19.385865457294027 256000
1758847596312 19.399362207060218 261120
1758847606392 19.407043585825512 266240
1758847618723 19.42283509574164 271360
1758847627843 19.436412128017967 276480
1758847638497 19.45344827586207 281600
1758847649317 19.465735782552702 286720
1758847659752 19.472523812695663 291840
1758847670969 19.48123403419139 296960
1758847675914 19.48480124707716 300032
