1758847062285 -0.3766669842499224 5120
1758847073618 0.0753338591705653 10240
1758847082873 0.05755618753347306 15360
1758847094174 0.07552113749268578 20480
1758847104944 0.0940988255482094 25600
1758847115526 0.10725492791074222 30720
1758847126353 0.11410126098444766 35840
1758847138594 0.11906266727565247 40960
1758847147706 0.12223818125305594 46080
1758847159486 0.12553896136803205 51200
1758847168328 0.1267255423305271 56320
1758847178972 0.1287246566173459 61440
1758847189084 0.12865695052474507 66560
1758847199300 0.12850713611494563 71680
1758847210082 0.12815611109828318 76800
1758847220169 0.12898702243840474 81920
1758847231124 0.1293971443733974 87040
1758847240137 0.12868820330056036 92160
1758847251565 0.12804541388107224 97280
1758847261601 0.12697860055894997 102400
1758847271869 0.12569774123729688 107520
1758847283499 0.12469944522391616 112640
1758847292481 0.0676114300120767 117760
1758847304998 0.0389195366380002 122880
1758847315135 0.010085927965898675 128000
1758847326518 -0.005100383641291053 133120
1758847337309 -0.016513461390737016 138240
1758847348640 -0.027249012593166685 143360
1758847358860 -0.03905974901009261 148480
1758847370769 -0.0453596464027202 153600
1758847382459 -0.04538059686924484 158720
1758847392204 -0.04828598187348553 163840
1758847404525 -0.0448068754370479 168960
1758847414917 -0.0405588989383664 174080
1758847425095 -0.03700744168371217 179200
1758847437398 -0.031051703668367164 184320
1758847447269 -0.0277111190509282 189440
1758847458962 -0.020273743663716506 194560
1758847470202 -0.023272726484729202 199680
1758847479777 -0.03193986482751043 204800
1758847491035 -0.03232745819718298 209920
1758847501393 -0.03342778325930344 215040
1758847510665 -0.03527540079125672 220160
1758847522702 -0.0348172705865501 225280
1758847532530 -0.03705083438403855 230400
1758847543643 -0.034017580941545736 235520
1758847553201 -0.03387069021314066 240640
1758847564808 -0.031575985509987435 245760
1758847574728 -0.030084843863780533 250880
1758847586089 -0.028249674143191583 256000
1758847596306 -0.02659832983334237 261120
1758847606386 -0.02326617038982157 266240
1758847618718 -0.01913802349859263 271360
1758847627826 -0.017782104929802377 276480
1758847638489 -0.015254824239415828 281600
1758847649312 -0.010382154466395071 286720
1758847659747 -0.007351808218634483 291840
1758847670959 -0.003050062497484654 296960
1758847675908 -0.001028706950577351 300032
