1758847062289 4.987588544263907 5120
1758847073623 3.9821108372778715 10240
1758847082878 3.579852748315488 15360
1758847094177 3.3486821533641833 20480
1758847104948 3.113299823422145 25600
1758847115532 2.952174272885371 30720
1758847126359 2.8680946796352647 35840
1758847138597 2.791161434394552 40960
1758847147710 2.7821847609220405 46080
1758847159492 2.780922170228596 51200
1758847168332 2.693815545772943 56320
1758847178976 2.70793213626251 61440
1758847189088 2.7164859302578006 66560
1758847199306 2.675856496676926 71680
1758847210088 2.66294724633524 76800
1758847220177 2.6506554351792846 81920
1758847231128 2.6446985049957923 87040
1758847240141 2.624237475729842 92160
1758847251568 2.612200776047308 97280
1758847261605 2.594141867674898 102400
1758847271873 2.5965803827088454 107520
1758847283503 2.5810435790300135 112640
1758847292489 2.7336407331817347 117760
1758847305002 3.0290705752849867 122880
1758847315142 3.301264205003289 128000
1758847326522 3.579173028795985 133120
1758847337316 3.7993503576513867 138240
1758847348645 4.015557939378773 143360
1758847358868 4.223424637031628 148480
1758847370776 4.398821134086318 153600
1758847382466 4.5871093647877474 158720
1758847392208 4.7605178769179215 163840
1758847404532 4.95597649446344 168960
1758847414921 5.086776591931883 174080
1758847425100 5.227863915673422 179200
1758847437402 5.377230100990119 184320
1758847447273 5.48526185428644 189440
1758847458968 5.603525553318669 194560
1758847470206 5.728287504329323 199680
1758847479781 5.839495073227077 204800
1758847491042 5.960965703280783 209920
1758847501398 6.066371680754607 215040
1758847510673 6.163878563065199 220160
1758847522707 6.269512650580889 225280
1758847532538 6.351146556007246 230400
1758847543648 6.454000030312037 235520
1758847553206 6.53800687157296 240640
1758847564813 6.62470509971843 245760
1758847574732 6.7024698083262555 250880
1758847586094 6.783144232979888 256000
1758847596312 6.839507183240734 261120
1758847606392 6.913088957711546 266240
1758847618723 6.972331250862041 271360
1758847627843 7.023728348912984 276480
1758847638497 7.095988371947716 281600
1758847649317 7.155166046971557 286720
1758847659752 7.211633114162693 291840
1758847670969 7.272559417694126 296960
1758847675914 7.295980424439947 300032
