1758847062285 98.59670897978373 5120
1758847073618 132.46704355241133 10240
1758847082873 78.07423401958229 15360
1758847094174 191.748377068666 20480
1758847104944 106.71443110116019 25600
1758847115526 44.841121695158066 30720
1758847126353 202.52554321583776 35840
1758847138594 83.02264449722882 40960
1758847147706 117.530305153137 46080
1758847159486 68.23778999772232 51200
1758847168328 172.8683180150847 56320
1758847178972 119.94349280791558 61440
1758847189084 112.80165667105935 66560
1758847199300 124.78590979412115 71680
1758847210082 135.23469289053685 76800
1758847220169 43.72573835263701 81920
1758847231124 134.20913861512864 87040
1758847240137 80.67986227326062 92160
1758847251565 158.62279706527494 97280
1758847261601 113.5867410496669 102400
1758847271869 95.61628596179273 107520
1758847283499 129.26232741617358 112640
1758847292481 49.28097755845376 117760
1758847304998 129.11907400566432 122880
1758847315135 110.14743034218336 128000
1758847326518 55.07299202983233 133120
1758847337309 91.25590705365302 138240
1758847348640 133.50428112168572 143360
1758847358860 133.52553164395772 148480
1758847370769 58.793983655504 153600
1758847382459 47.65388111252499 158720
1758847392204 83.36090629037066 163840
1758847404525 146.32143729286585 168960
1758847414917 98.18587012500585 174080
1758847425095 66.37607216331698 179200
1758847437398 43.73941789285975 184320
1758847447269 98.41394683122552 189440
1758847458962 207.8240015855713 194560
1758847470202 150.77119953988282 199680
1758847479777 121.4332368268674 204800
1758847491035 128.0429831791678 209920
1758847501393 91.10921887218699 215040
1758847510665 37.98913122237519 220160
1758847522702 107.3920524375256 225280
1758847532530 43.651107850177446 230400
1758847543643 120.78281402983356 235520
1758847553201 37.16015628460809 240640
1758847564808 166.44723996984007 245760
1758847574728 100.08838829761848 250880
1758847586089 124.29408801303897 256000
1758847596306 50.41715549572074 261120
1758847606386 94.2836847547543 266240
1758847618718 98.40471107148723 271360
1758847627826 103.07187968446662 276480
1758847638489 117.84069901385104 281600
1758847649312 102.95549718942537 286720
1758847659747 66.6556058800159 291840
1758847670959 122.29361168615331 296960
1758847675908 129.3181229573904 300032
