1771168876647 0.08463701605796814 8192
1771168877879 0.08091210573911667 16384
1771168898736 0.07842130213975906 24576
1771168900071 0.07783470302820206 32768
1771168921016 0.07749594748020172 40960
1771168922020 0.07610804587602615 49152
1771168943140 0.07661964744329453 57344
1771168944570 0.07628611475229263 65536
1771168965338 0.07564656436443329 73728
1771168966934 0.07501274347305298 81920
1771168987505 0.07481715083122253 90112
1771168989699 0.07502350211143494 98304
1771169009795 0.07476713508367538 106496
1771169011996 0.07484352588653564 114688
1771169032382 0.07520130276679993 122880
1771169034109 0.07518762350082397 131072
1771169054805 0.07519654929637909 139264
1771169055688 0.07483085244894028 147456
1771169077098 0.07494395226240158 155648
1771169078936 0.07506737112998962 163840
1771169099422 0.07465968281030655 172032
1771169101804 0.07471976429224014 180224
1771169121530 0.07436008751392365 188416
1771169124142 0.07438197731971741 196608
1771169144004 0.07426215708255768 204800
1771169146939 0.07417073100805283 212992
1771169166043 0.07408533990383148 221184
1771169169073 0.07388187199831009 229376
1771169188105 0.07383523881435394 237568
1771169190903 0.0738104060292244 245760
1771169210360 0.07368079572916031 253952
1771169213680 0.07354885339736938 262144
1771169232629 0.07387169450521469 270336
1771169236167 0.07406020909547806 278528
1771169254844 0.07416822016239166 286720
1771169258412 0.07400105893611908 294912
1771169273445 0.0740090012550354 303104
