1771168876647 1.1869438886642456 8192
1771168877879 1.1705851554870605 16384
1771168898736 1.1566712856292725 24576
1771168900071 1.1665558815002441 32768
1771168921016 1.1622228622436523 40960
1771168922020 1.1582577228546143 49152
1771168943140 1.1552635431289673 57344
1771168944570 1.156009316444397 65536
1771168965338 1.1585646867752075 73728
1771168966934 1.15899658203125 81920
1771168987505 1.1606192588806152 90112
1771168989699 1.1609344482421875 98304
1771169009795 1.1590020656585693 106496
1771169011996 1.1576279401779175 114688
1771169032382 1.1571645736694336 122880
1771169034109 1.1571792364120483 131072
1771169054805 1.1570534706115723 139264
1771169055688 1.157069206237793 147456
1771169077098 1.1596094369888306 155648
1771169078936 1.1610387563705444 163840
1771169099422 1.1585710048675537 172032
1771169101804 1.1599843502044678 180224
1771169121530 1.1587809324264526 188416
1771169124142 1.1579031944274902 196608
1771169144004 1.1578649282455444 204800
1771169146939 1.1571874618530273 212992
1771169166043 1.157920479774475 221184
1771169169073 1.1578269004821777 229376
1771169188105 1.1578329801559448 237568
1771169190903 1.1576533317565918 245760
1771169210360 1.1577445268630981 253952
1771169213680 1.157553791999817 262144
1771169232629 1.1581453084945679 270336
1771169236167 1.1586987972259521 278528
1771169254844 1.1590867042541504 286720
1771169258412 1.158146858215332 294912
1771169273445 1.15829336643219 303104
