1758848326641 0.0 5120
1758848336878 0.0 10240
1758848348209 0.0 15360
1758848359022 0.0 20480
1758848369856 0.0 25600
1758848380935 0.0 30720
1758848391457 0.0 35840
1758848402231 0.0 40960
1758848413636 0.0 46080
1758848424182 0.0 51200
1758848434654 0.0 56320
1758848445750 0.0 61440
1758848456643 0.0 66560
1758848467525 0.0 71680
1758848478313 0.0 76800
1758848488981 0.0 81920
1758848499774 0.0 87040
1758848510858 0.0 92160
1758848521762 0.0 97280
1758848533001 0.0 102400
1758848543480 0.0 107520
1758848553949 0.0 112640
1758848564765 0.0 117760
1758848575768 0.0 122880
1758848586254 0.0 128000
1758848597514 0.0 133120
1758848608196 0.0 138240
1758848618991 0.0 143360
1758848630342 0.0 148480
1758848640918 0.0 153600
1758848651998 0.0 158720
1758848662871 0.0 163840
1758848673853 0.0 168960
1758848685190 0.0 174080
1758848695695 0.0 179200
1758848706224 0.0 184320
1758848717339 0.0 189440
1758848728493 0.0 194560
1758848739289 0.0 199680
1758848750895 0.0 204800
1758848762358 0.0 209920
1758848773324 0.0 215040
1758848784527 0.0 220160
1758848795979 0.0 225280
1758848807162 0.0 230400
1758848818025 0.0 235520
1758848829037 0.0 240640
1758848840718 0.0 245760
1758848851902 0.0 250880
1758848862793 0.0 256000
1758848874456 0.0 261120
1758848885369 0.0 266240
1758848896340 0.00016103059581320451 271360
1758848907591 0.0001594514868851152 276480
1758848918954 0.0003158809128958383 281600
1758848930847 0.0003128177054821303 286720
1758848941591 0.0003097413659594239 291840
1758848952467 0.00030670142616163164 296960
1758848958790 0.00038138825324180017 300032
