1758848326641 19.83271375464684 5120
1758848336878 19.194495412844038 10240
1758848348209 18.97566909975669 15360
1758848359022 18.88777372262774 20480
1758848369856 18.830780452224655 25600
1758848380935 18.74015748031496 30720
1758848391457 18.67063697566028 35840
1758848402231 18.61392405063291 40960
1758848413636 18.621882542236524 46080
1758848424182 18.56972543352601 51200
1758848434654 18.607178136318737 56320
1758848445750 18.633726201269265 61440
1758848456643 18.624372559955383 66560
1758848467525 18.597412677878395 71680
1758848478313 18.603718908476214 76800
1758848488981 18.580054274084127 81920
1758848499774 18.57973174366617 87040
1758848510858 18.5614704700683 92160
1758848521762 18.56389259188726 97280
1758848533001 18.554510938347494 102400
1758848543480 18.55718222528419 107520
1758848553949 18.565482066469233 112640
1758848564765 18.571068786400126 117760
1758848575768 18.56787330316742 122880
1758848586254 18.59434372733865 128000
1758848597514 18.63308648875227 133120
1758848608196 18.67390424814565 138240
1758848618991 18.71886817055679 143360
1758848630342 18.762679788039364 148480
1758848640918 18.809366593299096 153600
1758848651998 18.845250800426893 158720
1758848662871 18.875287620800737 163840
1758848673853 18.90657130084935 168960
1758848685190 18.935462842242504 174080
1758848695695 18.96564482029598 179200
1758848706224 19.000823723228994 184320
1758848717339 19.015943046224805 189440
1758848728493 19.0952147479898 194560
1758848739289 19.215363907316604 199680
1758848750895 19.400397463802403 204800
1758848762358 19.581586059081168 209920
1758848773324 19.757642522721014 215040
1758848784527 19.909362009759626 220160
1758848795979 20.067467734757454 225280
1758848807162 20.259050966608083 230400
1758848818025 20.46115788560021 235520
1758848829037 20.673246931593855 240640
1758848840718 20.867639572374003 245760
1758848851902 21.055187452822278 250880
1758848862793 21.25672087620312 256000
1758848874456 21.460413929040737 261120
1758848885369 21.662818115293927 266240
1758848896340 21.86537842190016 271360
1758848907591 22.055090488718808 276480
1758848918954 22.25286267077312 281600
1758848930847 22.436849925705793 286720
1758848941591 22.60740281864643 291840
1758848952467 22.783698819199508 296960
1758848958790 22.876353928299007 300032
