1758848326637 0.0064614011551298155 5120
1758848336874 0.0821521066208711 10240
1758848348204 0.13010462063257813 15360
1758848359018 0.16973434440147728 20480
1758848369853 0.19396354379040182 25600
1758848380932 0.2094525251506774 30720
1758848391453 0.21892773335707102 35840
1758848402226 0.22471734729612836 40960
1758848413632 0.22854186500633622 46080
1758848424176 0.22999744545761033 51200
1758848434648 0.2294548320554501 56320
1758848445745 0.22808059943662146 61440
1758848456639 0.22526665866603338 66560
1758848467521 0.2219242918958019 71680
1758848478308 0.21854832813985323 76800
1758848488977 0.21524659168683105 81920
1758848499770 0.21124247721562986 87040
1758848510851 0.20787456471503937 92160
1758848521757 0.20421069538186543 97280
1758848532994 0.20093248407739656 102400
1758848543475 0.19828380264182552 107520
1758848553945 0.19518650318759911 112640
1758848564761 0.19262207986993024 117760
1758848575763 0.189713851825611 122880
1758848586247 0.16651538617596653 128000
1758848597495 -0.1040114647742797 133120
1758848608192 -0.1299986276961519 138240
1758848618986 -0.14163240782929828 143360
1758848630335 -0.1410935766315296 148480
1758848640914 -0.13406111111061744 153600
1758848651991 -0.12101355816047166 158720
1758848662866 -0.10334907641834847 163840
1758848673849 -0.08761078752295512 168960
1758848685182 -0.07068286836584933 174080
1758848695690 -0.05607494112428345 179200
1758848706216 -0.04160294765076922 184320
1758848717331 -0.029261042071096643 189440
1758848728489 -0.059275532606866764 194560
1758848739283 -0.07293823142363076 199680
1758848750889 -0.10683841741040404 204800
1758848762353 -0.15933021633691824 209920
1758848773319 -0.19521667710666 215040
1758848784521 -0.2283086856483167 220160
1758848795974 -0.24913677687542118 225280
1758848807156 -0.2644878859525251 230400
1758848818016 -0.2719044976332806 235520
1758848829027 -0.2774136662863266 240640
1758848840713 -0.28122394176725296 245760
1758848851896 -0.28332594464192207 250880
1758848862785 -0.2849380614159705 256000
1758848874450 -0.2883831459441451 261120
1758848885363 -0.29073675331533466 266240
1758848896330 -0.29403991016096714 271360
1758848907585 -0.29848952553649394 276480
1758848918945 -0.3023167494965292 281600
1758848930828 -0.306091866335839 286720
1758848941586 -0.3099782255007236 291840
1758848952460 -0.31096822999860585 296960
1758848958783 -0.17303936717453264 300032
