1771700677890 496.45135498046875 5120
1771700702345 498.0043640136719 10240
1771700721915 497.90576171875 15360
1771700743493 497.9407043457031 20480
1771700774045 497.5848083496094 25600
1771700798228 497.6878662109375 30720
1771700818927 497.48260498046875 35840
1771700841724 497.5750427246094 40960
1771700869709 497.6531982421875 46080
1771700894630 497.7145080566406 51200
1771700916612 497.9316711425781 56320
1771700941721 497.65240478515625 61440
1771700968942 497.8428039550781 66560
1771700992480 497.4645080566406 71680
1771701015663 497.5176086425781 76800
1771701040831 497.5614013671875 81920
1771701067006 497.7104187011719 87040
1771701090597 497.6379089355469 92160
1771701114702 497.66864013671875 97280
1771701140248 497.791259765625 102400
1771701165822 497.8992004394531 107520
1771701188066 497.7435302734375 112640
1771701213304 497.76708984375 117760
1771701240402 497.6314392089844 122880
1771701265521 497.581298828125 128000
1771701286041 497.3223876953125 133120
1771701310381 497.2176513671875 138240
1771701339961 497.1235656738281 143360
1771701363738 497.0962219238281 148480
1771701383679 497.1346740722656 153600
1771701407984 497.16986083984375 158720
1771701439822 497.2019348144531 163840
1771701460575 497.12384033203125 168960
1771701482620 497.10284423828125 174080
1771701505324 497.0315856933594 179200
1771701537075 497.1161193847656 184320
1771701557484 497.0474853515625 189440
1771701581086 497.12646484375 194560
1771701602484 497.2016296386719 199680
1771701635526 497.18115234375 204800
1771701656458 497.25201416015625 209920
1771701679845 497.18890380859375 215040
1771701700068 497.2559509277344 220160
1771701733139 497.27630615234375 225280
1771701754956 497.2158508300781 230400
1771701776583 497.1957702636719 235520
1771701798261 497.13958740234375 240640
1771701831142 497.0484313964844 245760
1771701852033 496.99853515625 250880
1771701875786 497.0191345214844 256000
1771701895811 497.0400695800781 261120
1771701930420 497.0910339355469 266240
1771701950785 497.1083679199219 271360
1771701973515 497.021484375 276480
1771701993672 496.94036865234375 281600
1771702028821 496.92462158203125 286720
1771702048882 496.9390563964844 291840
1771702071139 496.89117431640625 296960
1771702088013 496.9110107421875 300032
