1771700677886 -0.47173014283180237 5120
1771700702341 -0.45442453026771545 10240
1771700721911 -0.7114085555076599 15360
1771700743490 -0.6303237676620483 20480
1771700774042 -0.6514257192611694 25600
1771700798224 -0.6782752275466919 30720
1771700818924 -0.5475889444351196 35840
1771700841720 -0.8874219059944153 40960
1771700869705 -0.08409098535776138 46080
1771700894627 -0.5709974765777588 51200
1771700916609 -0.8351372480392456 56320
1771700941718 -1.1591627597808838 61440
1771700968939 -1.2540268898010254 66560
1771700992477 -1.5271679162979126 71680
1771701015660 -1.6061584949493408 76800
1771701040828 -1.6813113689422607 81920
1771701067003 -1.690736174583435 87040
1771701090594 -1.5717010498046875 92160
1771701114698 -1.5973572731018066 97280
1771701140244 -1.460540533065796 102400
1771701165819 -1.3763482570648193 107520
1771701188063 -1.1218217611312866 112640
1771701213301 -1.3392966985702515 117760
1771701240399 -1.2909635305404663 122880
1771701265517 -1.3198740482330322 128000
1771701286038 -1.1103006601333618 133120
1771701310377 -1.2390201091766357 138240
1771701339957 -1.071033000946045 143360
1771701363735 -1.39869225025177 148480
1771701383676 -1.4834425449371338 153600
1771701407981 -1.5500593185424805 158720
1771701439818 -1.7258867025375366 163840
1771701460572 -1.690413236618042 168960
1771701482617 -1.9851620197296143 174080
1771701505321 -1.935415267944336 179200
1771701537071 -1.952690839767456 184320
1771701557481 -2.127192974090576 189440
1771701581083 -2.1492252349853516 194560
1771701602481 -2.1081695556640625 199680
1771701635522 -2.1379764080047607 204800
1771701656455 -2.187591791152954 209920
1771701679842 -2.282792329788208 215040
1771701700064 -2.267573833465576 220160
1771701733136 -2.423474073410034 225280
1771701754952 -2.427753448486328 230400
1771701776579 -2.43784236907959 235520
1771701798257 -2.6022443771362305 240640
1771701831138 -2.566725969314575 245760
1771701852030 -2.6787314414978027 250880
1771701875782 -2.657921552658081 256000
1771701895807 -2.6081137657165527 261120
1771701930416 -2.799724578857422 266240
1771701950782 -2.760181427001953 271360
1771701973512 -2.7878310680389404 276480
1771701993669 -2.846322774887085 281600
1771702028817 -2.9135544300079346 286720
1771702048878 -2.9418935775756836 291840
1771702071136 -2.806539535522461 296960
1771702088009 -3.09869384765625 300032
