1771700677886 40.6602103630459 5120
1771700702341 48.4677713836696 10240
1771700721911 46.53306115203692 15360
1771700743490 45.576389794410396 20480
1771700774042 46.554237194072925 25600
1771700798224 40.9084649221196 30720
1771700818924 44.38839677852917 35840
1771700841720 45.19724137931034 40960
1771700869705 48.778350215730285 46080
1771700894627 52.14331534846714 51200
1771700916609 2.306962131491711 56320
1771700941718 47.891663526644514 61440
1771700968939 47.05933040122071 66560
1771700992477 43.988966848105385 71680
1771701015660 49.555216862203004 76800
1771701040828 47.50545355698769 81920
1771701067003 44.80663184095546 87040
1771701090594 43.041899699323736 92160
1771701114698 40.8861334503095 97280
1771701140244 47.264556405720015 102400
1771701165819 45.012921227731276 107520
1771701188063 48.36103264190755 112640
1771701213301 8.049297896472115 117760
1771701240399 47.49953568435596 122880
1771701265517 45.68809298171084 128000
1771701286038 45.5689623328227 133120
1771701310377 47.35848247050189 138240
1771701339957 47.996338170000456 143360
1771701363735 50.056139010884095 148480
1771701383676 42.72447056666429 153600
1771701407981 50.41473147747488 158720
1771701439818 50.218555812310676 163840
1771701460572 44.08884403939747 168960
1771701482617 47.436682161073975 174080
1771701505321 46.20346115290982 179200
1771701537071 42.33762668066379 184320
1771701557481 48.350997729028094 189440
1771701581083 38.407970404014506 194560
1771701602481 47.89439788064951 199680
1771701635522 46.88835477848703 204800
1771701656455 14.284268350412592 209920
1771701679842 49.0693870865847 215040
1771701700064 48.56429613505315 220160
1771701733136 47.16569770710808 225280
1771701754952 46.79732669842793 230400
1771701776579 47.59763958238765 235520
1771701798257 47.46889394402381 240640
1771701831138 42.79421697564559 245760
1771701852030 47.696691949918694 250880
1771701875782 49.41567897452815 256000
1771701895807 46.07251996441008 261120
1771701930416 42.98587738536905 266240
1771701950782 44.59321475275631 271360
1771701973512 43.800624484382666 276480
1771701993669 53.13213665902383 281600
1771702028817 43.8143509281409 286720
1771702048878 52.13488956010491 291840
1771702071136 47.06830806522203 296960
1771702088009 44.33022248057919 300032
