1771185372001 23.233190536499023 8192
1771185377055 19.989322662353516 16384
1771185408304 19.81602668762207 24576
1771185412895 20.491474151611328 32768
1771185444073 19.4193058013916 40960
1771185448718 18.38992691040039 49152
1771185478778 16.492382049560547 57344
1771185485195 16.492759704589844 65536
1771185514525 16.975631713867188 73728
1771185521429 16.633590698242188 81920
1771185549147 18.85478973388672 90112
1771185557147 23.70724868774414 98304
1771185584750 22.650754928588867 106496
1771185593907 25.668838500976562 114688
1771185619979 25.526029586791992 122880
1771185629148 25.30805206298828 131072
1771185655462 29.015037536621094 139264
1771185664841 26.523540496826172 147456
1771185691511 25.056385040283203 155648
1771185701655 27.434223175048828 163840
1771185726619 23.998464584350586 172032
1771185736564 24.2274112701416 180224
1771185762831 25.03476905822754 188416
1771185772708 25.28924560546875 196608
1771185798728 22.3880615234375 204800
1771185808836 21.97925567626953 212992
1771185834505 21.108070373535156 221184
1771185845242 22.08522605895996 229376
1771185871096 19.661693572998047 237568
1771185881222 20.952003479003906 245760
1771185907257 18.4646053314209 253952
1771185917307 19.13776969909668 262144
1771185943051 17.269304275512695 270336
1771185953759 18.780986785888672 278528
1771185979104 18.808731079101562 286720
1771185990459 21.21133041381836 294912
1771186013197 18.438262939453125 303104
