1771185372004 0.2829184830188751 8192
1771185377058 0.2983456254005432 16384
1771185408307 0.2930673062801361 24576
1771185412898 0.287514865398407 32768
1771185444075 0.2835981845855713 40960
1771185448720 0.28316983580589294 49152
1771185478780 0.27986380457878113 57344
1771185485198 0.2777242660522461 65536
1771185514528 0.2830653786659241 73728
1771185521431 0.29002586007118225 81920
1771185549149 0.29370808601379395 90112
1771185557150 0.2970026135444641 98304
1771185584752 0.30025771260261536 106496
1771185593910 0.3042711317539215 114688
1771185619981 0.30816197395324707 122880
1771185629151 0.31012386083602905 131072
1771185655464 0.3117113709449768 139264
1771185664843 0.31275475025177 147456
1771185691513 0.3127468526363373 155648
1771185701657 0.31133759021759033 163840
1771185726622 0.3044789731502533 172032
1771185736567 0.2981339395046234 180224
1771185762833 0.29297304153442383 188416
1771185772710 0.2894051671028137 196608
1771185798730 0.2884499132633209 204800
1771185808838 0.28796854615211487 212992
1771185834508 0.2871772348880768 221184
1771185845244 0.28694501519203186 229376
1771185871099 0.28854355216026306 237568
1771185881225 0.2905556261539459 245760
1771185907259 0.2917192578315735 253952
1771185917310 0.2937731444835663 262144
1771185943054 0.295202374458313 270336
1771185953761 0.29659056663513184 278528
1771185979107 0.29840120673179626 286720
1771185990461 0.30005118250846863 294912
1771186013199 0.3006203770637512 303104
