1771756776930 21.269895553588867 5120
1771756798121 20.853973388671875 10240
1771756813029 20.819568634033203 15360
1771756827025 20.771236419677734 20480
1771756841257 20.66847801208496 25600
1771756860843 20.560880661010742 30720
1771756875414 20.480823516845703 35840
1771756889480 20.438655853271484 40960
1771756903633 20.40251350402832 46080
1771756920916 20.324125289916992 51200
1771756936516 20.28980827331543 56320
1771756950706 20.24862289428711 61440
1771756964938 20.226879119873047 66560
1771756981759 20.220306396484375 71680
1771756997338 20.21194839477539 76800
1771757012138 20.211795806884766 81920
1771757026261 20.189363479614258 87040
1771757043154 20.205116271972656 92160
1771757057895 20.253658294677734 97280
1771757073674 20.28182029724121 102400
1771757087804 20.2812557220459 107520
1771757103894 20.275598526000977 112640
1771757118454 20.255287170410156 117760
1771757134910 20.23648452758789 122880
1771757149435 20.22730827331543 128000
1771757164633 20.225421905517578 133120
1771757179691 20.230243682861328 138240
1771757196442 20.226394653320312 143360
1771757211080 20.25057601928711 148480
1771757225200 20.264875411987305 153600
1771757240464 20.297204971313477 158720
1771757258182 20.30898094177246 163840
1771757272604 20.32101821899414 168960
1771757286830 20.351232528686523 174080
1771757301742 20.359773635864258 179200
1771757319741 20.376428604125977 184320
1771757334444 20.426916122436523 189440
1771757348232 20.427154541015625 194560
1771757363068 20.43996238708496 199680
1771757381260 20.43867301940918 204800
1771757395696 20.457128524780273 209920
1771757409911 20.471954345703125 215040
1771757424346 20.491291046142578 220160
1771757442573 20.48995018005371 225280
1771757456840 20.497299194335938 230400
1771757471115 20.50585174560547 235520
1771757485449 20.51069450378418 240640
1771757504417 20.504859924316406 245760
1771757518200 20.50341796875 250880
1771757532332 20.496849060058594 256000
1771757546322 20.499374389648438 261120
1771757565599 20.49923324584961 266240
1771757579552 20.519737243652344 271360
1771757593704 20.544607162475586 276480
1771757608287 20.560932159423828 281600
1771757627269 20.56493377685547 286720
1771757641166 20.555805206298828 291840
1771757655898 20.548927307128906 296960
1771757664339 20.546432495117188 300032
