1771756776930 20.79022216796875 5120
1771756798121 18.127574920654297 10240
1771756813029 9.604540824890137 15360
1771756827025 8.078343391418457 20480
1771756841257 9.960614204406738 25600
1771756860843 10.736640930175781 30720
1771756875414 11.301633834838867 35840
1771756889480 11.589879989624023 40960
1771756903633 12.248577117919922 46080
1771756920916 12.135538101196289 51200
1771756936516 12.254454612731934 56320
1771756950706 12.627532005310059 61440
1771756964938 12.906161308288574 66560
1771756981759 13.192265510559082 71680
1771756997338 13.246861457824707 76800
1771757012138 13.57896614074707 81920
1771757026261 13.676763534545898 87040
1771757043154 13.277192115783691 92160
1771757057895 12.032060623168945 97280
1771757073674 11.300422668457031 102400
1771757087804 11.771347999572754 107520
1771757103894 12.04955768585205 112640
1771757118454 12.130083084106445 117760
1771757134910 12.311325073242188 122880
1771757149435 12.43509578704834 128000
1771757164633 12.823204040527344 133120
1771757179691 13.30792236328125 138240
1771757196442 13.798282623291016 143360
1771757211080 14.374140739440918 148480
1771757225200 14.792327880859375 153600
1771757240464 15.142304420471191 158720
1771757258182 15.52322006225586 163840
1771757272604 15.948667526245117 168960
1771757286830 16.451894760131836 174080
1771757301742 16.776927947998047 179200
1771757319741 17.018280029296875 184320
1771757334444 17.48395347595215 189440
1771757348232 17.775291442871094 194560
1771757363068 17.992822647094727 199680
1771757381260 18.350513458251953 204800
1771757395696 18.531291961669922 209920
1771757409911 18.791906356811523 215040
1771757424346 18.93094253540039 220160
1771757442573 19.112926483154297 225280
1771757456840 19.34574317932129 230400
1771757471115 19.51275062561035 235520
1771757485449 19.704090118408203 240640
1771757504417 19.89867401123047 245760
1771757518200 20.077661514282227 250880
1771757532332 20.219139099121094 256000
1771757546322 20.370431900024414 261120
1771757565599 20.445491790771484 266240
1771757579552 20.623241424560547 271360
1771757593704 20.75333023071289 276480
1771757608287 20.865657806396484 281600
1771757627269 20.98394203186035 286720
1771757641166 21.022737503051758 291840
1771757655898 20.962656021118164 296960
1771757664339 20.928333282470703 300032
