1760380590714 399.4516475282866 5120
1760380608262 393.9977766170058 10240
1760380624640 396.5464876401026 15360
1760380650882 401.5791603522157 20480
1760380666270 404.7432199397557 25600
1760380686466 406.73478996788447 30720
1760380704694 406.72010454748755 35840
1760380724491 407.8640869405133 40960
1760380740762 408.6897816136336 46080
1760380765985 408.72421394930467 51200
1760380782032 409.3313316858617 56320
1760380799837 409.593933127353 61440
1760380821047 409.83895429416503 66560
1760380839596 410.1680611154155 71680
1760380856671 410.43757492735665 76800
1760380878938 410.81192872920565 81920
1760380902093 410.7954436741734 87040
1760380918275 410.8954182962034 92160
1760380938400 411.06711837254215 97280
1760380956790 411.31195061853816 102400
1760380976469 411.2739102220545 107520
1760380992233 411.2951610524564 112640
1760381013878 411.4434751893501 117760
1760381035136 411.5610391386857 122880
1760381050638 411.6825758049162 128000
1760381073982 411.7690167737467 133120
1760381090809 411.81933901377187 138240
1760381108228 411.6561315793842 143360
1760381126811 411.6872104944406 148480
1760381148963 411.58929245356103 153600
1760381169941 411.76962025960285 158720
1760381186222 411.93335061326934 163840
1760381204076 412.13452666416197 168960
1760381226469 412.14145273788534 174080
1760381246851 412.1799828719769 179200
1760381264141 412.065484945074 184320
1760381280664 412.13135958193584 189440
1760381302557 412.2616451233176 194560
1760381322174 412.44245207375855 199680
1760381341833 412.5540580975999 204800
1760381357259 412.57310961651547 209920
1760381379217 412.5515317773497 215040
1760381401444 412.60298754788977 220160
1760381416871 412.5397236083514 225280
1760381435299 412.48629637061146 230400
1760381458273 412.5783547105521 235520
1760381477248 412.6219461717058 240640
1760381494052 412.63821836006514 245760
1760381509136 412.6553426367289 250880
1760381537502 412.68852053016894 256000
1760381552829 412.6829408955251 261120
1760381569986 412.71104231930013 266240
1760381589766 412.78936423587515 271360
1760381613469 412.78013678462526 276480
1760381629124 412.74878270103903 281600
1760381644828 412.863243792201 286720
1760381670710 412.9114871013035 291840
1760381688932 412.9749646896686 296960
1760381692550 413.00686066329166 300032
