1760380590714 500.0 5120
1760380608262 500.0 10240
1760380624640 500.0 15360
1760380650882 500.0 20480
1760380666270 500.0 25600
1760380686466 500.0 30720
1760380704694 500.0 35840
1760380724491 500.0 40960
1760380740762 500.0 46080
1760380765985 500.0 51200
1760380782032 500.0 56320
1760380799837 500.0 61440
1760380821047 500.0 66560
1760380839596 500.0 71680
1760380856671 500.0 76800
1760380878938 500.0 81920
1760380902093 500.0 87040
1760380918275 500.0 92160
1760380938400 500.0 97280
1760380956790 500.0 102400
1760380976469 500.0 107520
1760380992233 500.0 112640
1760381013878 500.0 117760
1760381035136 500.0 122880
1760381050638 500.0 128000
1760381073982 500.0 133120
1760381090809 500.0 138240
1760381108228 500.0 143360
1760381126811 500.0 148480
1760381148963 500.0 153600
1760381169941 500.0 158720
1760381186222 500.0 163840
1760381204076 500.0 168960
1760381226469 500.0 174080
1760381246851 500.0 179200
1760381264141 500.0 184320
1760381280664 500.0 189440
1760381302557 500.0 194560
1760381322174 500.0 199680
1760381341833 500.0 204800
1760381357259 500.0 209920
1760381379217 500.0 215040
1760381401444 500.0 220160
1760381416871 500.0 225280
1760381435299 500.0 230400
1760381458273 500.0 235520
1760381477248 500.0 240640
1760381494052 500.0 245760
1760381509136 500.0 250880
1760381537502 500.0 256000
1760381552829 500.0 261120
1760381569986 500.0 266240
1760381589766 500.0 271360
1760381613469 500.0 276480
1760381629124 500.0 281600
1760381644828 500.0 286720
1760381670710 500.0 291840
1760381688932 500.0 296960
1760381692550 500.0 300032
