1760380590709 11.572237968444824 5120
1760380608257 5.196204272183505 10240
1760380624636 3.278268873691559 15360
1760380650875 2.272754396711077 20480
1760380666264 1.76852875489455 25600
1760380686458 1.5030330227267357 30720
1760380704688 1.563727166917589 35840
1760380724487 2.2083353647371617 40960
1760380740755 2.0254177010577656 46080
1760380765976 1.4170237709494198 51200
1760380782027 1.3541626589638847 56320
1760380799792 1.142253312908235 61440
1760380821039 1.1351915128303296 66560
1760380839590 1.0399227142333984 71680
1760380856664 1.0309862588581287 76800
1760380878932 0.8462068416454174 81920
1760380902088 0.7635168918343478 87040
1760380918270 0.7261289240239741 92160
1760380938394 0.6485611001650492 97280
1760380956784 0.566812524701109 102400
1760380976463 0.5361159342639851 107520
1760380992223 0.49418375513575097 112640
1760381013869 0.459164233043276 117760
1760381035130 0.4401834897758547 122880
1760381050628 0.4124399669586666 128000
1760381073976 0.36475517913585404 133120
1760381090800 0.3954436428406659 138240
1760381108219 0.3562013815480767 143360
1760381126757 0.373290917644762 148480
1760381148956 0.3395714665090801 153600
1760381169936 0.32133727195935374 158720
1760381186211 0.3316936019044485 163840
1760381204070 0.3100087958646108 168960
1760381226458 0.2994650623254609 174080
1760381246845 0.3015787601470947 179200
1760381264135 0.26078439680910903 184320
1760381280658 0.287050534320134 189440
1760381302551 0.2605597610873078 194560
1760381322167 0.2645198423035291 199680
1760381341826 0.2514466907254499 204800
1760381357250 0.23341672397354274 209920
1760381379210 0.25588712647062906 215040
1760381401432 0.22956313910307707 220160
1760381416865 0.23241925563208118 225280
1760381435289 0.24193689886447603 230400
1760381458260 0.2083216126347001 235520
1760381477239 0.2088688672599146 240640
1760381494046 0.2176054721056673 245760
1760381509129 0.22198410344317676 250880
1760381537490 0.2045353323339941 256000
1760381552822 0.21829580143094063 261120
1760381569979 0.24218963389195702 266240
1760381589755 0.19933642839130603 271360
1760381613459 0.18492363299830814 276480
1760381629116 0.18646588878355164 281600
1760381644821 0.17827739240435944 286720
1760381670699 0.1767788366837935 291840
1760381688920 0.172516069051736 296960
1760381692541 0.06522789261853736 300032
