1760380590714 4.702586206896552 5120
1760380608262 5.076744186046511 10240
1760380624640 4.981762917933131 15360
1760380650882 4.7558528428093645 20480
1760380666270 4.610915492957746 25600
1760380686466 4.536443148688047 30720
1760380704694 4.526446795270691 35840
1760380724491 4.484290357529794 40960
1760380740762 4.440499040307102 46080
1760380765985 4.420008624407072 51200
1760380782032 4.395539906103286 56320
1760380799837 4.385801362495518 61440
1760380821047 4.380905186653452 66560
1760380839596 4.35873890419345 71680
1760380856671 4.33970336565887 76800
1760380878938 4.32923570283271 81920
1760380902093 4.324113653507669 87040
1760380918275 4.323676086440275 92160
1760380938400 4.312359550561798 97280
1760380956790 4.304412705180132 102400
1760380976469 4.309518977065151 107520
1760380992233 4.3086156824782185 112640
1760381013878 4.306382978723405 117760
1760381035136 4.303368794326241 122880
1760381050638 4.2937372362151125 128000
1760381073982 4.289499509322866 133120
1760381090809 4.288706882973696 138240
1760381108228 4.292457125512217 143360
1760381126811 4.288540445486518 148480
1760381148963 4.293242668933277 153600
1760381169941 4.28796600877193 158720
1760381186222 4.279745324313569 163840
1760381204076 4.26938408126527 168960
1760381226469 4.27309036445332 174080
1760381246851 4.2737301491089825 179200
1760381264141 4.275610043616645 184320
1760381280664 4.2745098039215685 189440
1760381302557 4.271529096392271 194560
1760381322174 4.264222778200805 199680
1760381341833 4.26039016115352 204800
1760381357259 4.254755996691481 209920
1760381379217 4.252850368277671 215040
1760381401444 4.251305804671332 220160
1760381416871 4.2532755298651255 225280
1760381435299 4.25607917059378 230400
1760381458273 4.248409405255878 235520
1760381477248 4.246661854926019 240640
1760381494052 4.246643109540636 245760
1760381509136 4.246495933552517 250880
1760381537502 4.242411395624894 256000
1760381552829 4.24328817222176 261120
1760381569986 4.241809290953546 266240
1760381589766 4.240626748740906 271360
1760381613469 4.239234449760765 276480
1760381629124 4.241044603651491 281600
1760381644828 4.237403540626419 286720
1760381670710 4.235097368812249 291840
1760381688932 4.230533235938641 296960
1760381692550 4.2293238537434705 300032
