1758806501300 0.11411731883559872 20224
1758806541169 0.07805899825732877 40448
1758806586518 0.06919493233760599 60672
1758806631073 0.0669295012261653 80896
1758806680133 0.05621147543837707 101120
1758806727878 0.07323076138277577 121344
1758806775229 0.06929146424917665 141568
1758806822746 0.1365284982314999 161792
1758806868874 0.20741481717343452 182016
1758806917933 0.2734459609872061 202240
1758806967267 0.3229073407621524 222464
1758807014139 0.3618154957180931 242688
1758807030318 0.3758071133224621 250112
