1758806501300 406.91485576767707 20224
1758806541169 411.6170952526318 40448
1758806586518 412.85295417546985 60672
1758806631073 413.2421649762168 80896
1758806680133 414.07922054676527 101120
1758806727878 412.3129664074976 121344
1758806775229 410.2752327021184 141568
1758806822746 402.44423270420486 161792
1758806868874 394.474862163618 182016
1758806917933 385.4182828659302 202240
1758806967267 377.22306218571055 222464
1758807014139 370.1677029854911 242688
1758807030318 367.570915385231 250112
