1758806501300 21.13857290589452 20224
1758806541169 20.57916034395549 40448
1758806586518 20.478977463841236 60672
1758806631073 20.383609854198088 80896
1758806680133 20.336276083467094 101120
1758806727878 20.4357034795764 121344
1758806775229 20.75095168374817 141568
1758806822746 21.36454761276708 161792
1758806868874 21.91279769064229 182016
1758806917933 22.68553177182562 202240
1758806967267 23.531121208918947 222464
1758807014139 24.343258145363407 242688
1758807030318 24.62976460159559 250112
