1758806501295 4.596916140764951 20224
1758806541164 1.9144557214383053 40448
1758806586514 1.3945230588692579 60672
1758806631059 1.143395020081794 80896
1758806680129 0.9151166414371641 101120
1758806727874 0.8929395932147375 121344
1758806775223 0.746928235124595 141568
1758806822743 0.63154047883894 161792
1758806868869 0.576675463158093 182016
1758806917929 0.5790102482746285 202240
1758806967262 0.6344611471000762 222464
1758807014135 0.7044356587563727 242688
1758807030312 0.267995022604873 250112
