1758806501295 -1.0071056891791523 20224
1758806541164 -0.32995885831520627 40448
1758806586514 0.14476672686605147 60672
1758806631059 0.3395075574000175 80896
1758806680129 0.39287281612856223 101120
1758806727874 0.44084492377230977 121344
1758806775223 0.2463032631398539 141568
1758806822743 -0.03472797276531633 161792
1758806868869 -0.35644449732276834 182016
1758806917929 -0.5665658136083264 202240
1758806967262 -0.706961376858854 222464
1758807014135 -0.7986926258678054 242688
1758807030312 -0.30145132119482343 250112
