1759707247053 406.36250858516485 5120
1759707263647 409.24221047794117 10240
1759707280848 409.7789739583333 15360
1759707305084 412.1331659978514 20480
1759707321905 412.2869092987805 25600
1759707340091 412.5275284332483 30720
1759707355872 413.09406731121703 35840
1759707377268 413.1097980595668 40960
1759707398673 412.7173898200322 46080
1759707416079 412.7529616860224 51200
1759707435326 413.2472134039841 56320
1759707455859 412.89732278302705 61440
1759707473704 413.35491759589206 66560
1759707489811 413.37897835107174 71680
1759707509733 413.65768548162583 76800
1759707533139 413.4680110762076 81920
1759707547948 412.97927645771694 87040
1759707566126 412.575145776721 92160
1759707593129 412.4181000979808 97280
1759707610230 412.53935964314854 102400
1759707626826 412.7199826554349 107520
1759707643797 412.97077964110395 112640
1759707668777 412.9932485606668 117760
1759707685025 413.08606666767304 122880
1759707703433 412.9233970802939 128000
1759707719598 413.0215729373682 133120
1759707742049 413.20022381971006 138240
1759707759186 413.11801915227664 143360
1759707781545 412.99884145080193 148480
1759707797256 413.1775804699582 153600
1759707817220 413.0897173603787 158720
1759707836202 413.06374169200785 163840
1759707864899 413.0298483999409 168960
1759707881669 413.1014118400537 174080
1759707899753 413.13717429862703 179200
1759707918875 413.18647192500146 184320
1759707947608 413.14170617032426 189440
1759707966725 413.2215565194085 194560
1759707984832 413.30434004066825 199680
1759708005703 413.34492523251294 204800
1759708033124 413.4117233131883 209920
1759708051265 413.41427219795645 215040
1759708072018 413.46800533635684 220160
1759708090415 413.49453864678213 225280
1759708116445 413.4832899610693 230400
1759708136277 413.4994152443671 235520
1759708156695 413.53180722177655 240640
1759708175497 413.5074315050152 245760
1759708202003 413.5374109357513 250880
1759708221338 413.3634028052479 256000
1759708241167 413.306099939879 261120
1759708262755 413.31212486240463 266240
1759708286242 413.33614127122144 271360
1759708305660 413.3573934129112 276480
1759708324195 413.37458128056676 281600
1759708348948 413.36383910700494 286720
1759708370369 413.42542814061346 291840
1759708389376 413.4342720446838 296960
1759708401763 413.4542811715533 300032
