1759707247053 17.191339625543726 5120
1759707263647 17.28121493470435 10240
1759707280848 17.163625325520833 15360
1759707305084 17.057568927143894 20480
1759707321905 17.266075618092607 25600
1759707340091 17.2893413932956 30720
1759707355872 17.25196751569373 35840
1759707377268 17.222706267980033 40960
1759707398673 17.27604103965724 46080
1759707416079 17.354746504870256 51200
1759707435326 17.337452476478415 56320
1759707455859 17.42263654267077 61440
1759707473704 17.366074243774023 66560
1759707489811 17.380250204528647 71680
1759707509733 17.389026735301538 76800
1759707533139 17.42656489041082 81920
1759707547948 17.514493396766557 87040
1759707566126 17.513066074679866 92160
1759707593129 17.599401520066163 97280
1759707610230 17.54507368533178 102400
1759707626826 17.51863358988999 107520
1759707643797 17.467284326078335 112640
1759707668777 17.432320269087278 117760
1759707685025 17.410254272911224 122880
1759707703433 17.41695931766463 128000
1759707719598 17.436976695818842 133120
1759707742049 17.42658614993207 138240
1759707759186 17.446503274014788 143360
1759707781545 17.439076267982728 148480
1759707797256 17.41297902944268 153600
1759707817220 17.408807770091034 158720
1759707836202 17.43159107417497 163840
1759707864899 17.452914658539008 168960
1759707881669 17.450953066578364 174080
1759707899753 17.450370668991233 179200
1759707918875 17.463429510125298 184320
1759707947608 17.472237756038513 189440
1759707966725 17.454991935796897 194560
1759707984832 17.436550376426602 199680
1759708005703 17.43628883643433 204800
1759708033124 17.437440642116982 209920
1759708051265 17.429806890211687 215040
1759708072018 17.429463740361822 220160
1759708090415 17.43653062946616 225280
1759708116445 17.432648071243293 230400
1759708136277 17.435091699460497 235520
1759708156695 17.450561923362677 240640
1759708175497 17.452095046490143 245760
1759708202003 17.438552168118395 250880
1759708221338 17.4606224298276 256000
1759708241167 17.472197044413594 261120
1759708262755 17.47216725045622 266240
1759708286242 17.477494752366265 271360
1759708305660 17.4678167267728 276480
1759708324195 17.46884465014564 281600
1759708348948 17.461645555643532 286720
1759708370369 17.464374271734478 291840
1759708389376 17.46224326077401 296960
1759708401763 17.46328299071225 300032
