1771724628758 493.2919616699219 5120
1771724654084 495.4635009765625 10240
1771724678893 495.6163330078125 15360
1771724704479 496.24261474609375 20480
1771724729268 495.1181640625 25600
1771724754060 495.2897033691406 30720
1771724779739 494.57818603515625 35840
1771724804430 494.5025939941406 40960
1771724829462 494.2352294921875 46080
1771724854742 493.2537841796875 51200
1771724879903 492.1094665527344 56320
1771724905031 489.9263610839844 61440
1771724930029 487.13128662109375 66560
1771724954747 487.38616943359375 71680
1771724979894 487.5826110839844 76800
1771725004664 485.94073486328125 81920
1771725029396 484.17620849609375 87040
1771725055037 481.8911437988281 92160
1771725079827 480.3333435058594 97280
1771725104573 478.7634582519531 102400
1771725129811 476.7084655761719 107520
1771725154598 475.1936950683594 112640
1771725180026 473.3935546875 117760
1771725204794 471.8521728515625 122880
1771725229544 470.5212707519531 128000
1771725254758 468.9426574707031 133120
1771725279580 467.3419494628906 138240
1771725304744 466.6772766113281 143360
1771725329943 465.1771240234375 148480
1771725354900 464.17974853515625 153600
1771725379655 462.7510681152344 158720
1771725405380 461.5394287109375 163840
1771725430166 460.08331298828125 168960
1771725455420 458.8532409667969 174080
1771725480215 458.0519714355469 179200
1771725505031 456.99371337890625 184320
1771725530329 456.1600036621094 189440
1771725555356 455.25848388671875 194560
1771725580129 454.64105224609375 199680
1771725605310 453.7464904785156 204800
1771725630080 452.1419372558594 209920
1771725655335 451.2692565917969 215040
1771725680113 451.1800231933594 220160
1771725704886 450.84063720703125 225280
1771725730090 450.0657043457031 230400
1771725754855 448.70599365234375 235520
1771725779598 447.8772277832031 240640
1771725805236 446.7054443359375 245760
1771725830008 445.88397216796875 250880
1771725854754 445.3309326171875 256000
1771725879938 444.358642578125 261120
1771725904692 442.95208740234375 266240
1771725930038 442.1954040527344 271360
1771725954781 441.5840759277344 276480
1771725980159 441.2242431640625 281600
1771726005691 440.9275817871094 286720
1771726030535 439.8904724121094 291840
1771726055683 439.8478088378906 296960
1771726066113 439.572265625 300032
