1771724628758 4.708029270172119 5120
1771724654084 3.510848045349121 10240
1771724678893 3.142857074737549 15360
1771724704479 3.4933741092681885 20480
1771724729268 3.786471128463745 25600
1771724754060 4.048398017883301 30720
1771724779739 4.348082542419434 35840
1771724804430 4.5707597732543945 40960
1771724829462 4.707577705383301 46080
1771724854742 4.805882453918457 51200
1771724879903 4.847301959991455 56320
1771724905031 5.0983195304870605 61440
1771724930029 5.357070446014404 66560
1771724954747 5.525733947753906 71680
1771724979894 5.649598121643066 76800
1771725004664 5.933314323425293 81920
1771725029396 6.148390769958496 87040
1771725055037 6.385138511657715 92160
1771725079827 6.630325794219971 97280
1771725104573 6.849480628967285 102400
1771725129811 7.035889148712158 107520
1771725154598 7.208107948303223 112640
1771725180026 7.390270709991455 117760
1771725204794 7.506652355194092 122880
1771725229544 7.616816520690918 128000
1771725254758 7.737552165985107 133120
1771725279580 7.851666450500488 138240
1771725304744 7.980884552001953 143360
1771725329943 8.069424629211426 148480
1771725354900 8.173727989196777 153600
1771725379655 8.270541191101074 158720
1771725405380 8.355056762695312 163840
1771725430166 8.458751678466797 168960
1771725455420 8.549638748168945 174080
1771725480215 8.681384086608887 179200
1771725505031 8.755698204040527 184320
1771725530329 8.823687553405762 189440
1771725555356 8.932376861572266 194560
1771725580129 9.003725051879883 199680
1771725605310 9.0867919921875 204800
1771725630080 9.155250549316406 209920
1771725655335 9.209705352783203 215040
1771725680113 9.261070251464844 220160
1771725704886 9.31911563873291 225280
1771725730090 9.378583908081055 230400
1771725754855 9.4544095993042 235520
1771725779598 9.499019622802734 240640
1771725805236 9.558245658874512 245760
1771725830008 9.596661567687988 250880
1771725854754 9.629495620727539 256000
1771725879938 9.682708740234375 261120
1771725904692 9.736159324645996 266240
1771725930038 9.776311874389648 271360
1771725954781 9.81528377532959 276480
1771725980159 9.852799415588379 281600
1771726005691 9.884449005126953 286720
1771726030535 9.910680770874023 291840
1771726055683 9.941134452819824 296960
1771726066113 9.958184242248535 300032
