1758810273918 415.90402684433843 20224
1758810317194 416.2903666772328 40448
1758810360487 416.9701225095412 60672
1758810403263 416.0109772323356 80896
1758810446689 416.1683454571988 101120
1758810489861 416.0343222237263 121344
1758810533177 416.0591539368634 141568
1758810576803 416.08643665745655 161792
1758810619141 415.79416697745467 182016
1758810660672 415.6416324519856 202240
1758810701704 415.51210287719476 222464
1758810742477 415.33089420782824 242688
1758810757644 415.3832231090598 250112
