1758810273918 20.27155599603568 20224
1758810317194 20.124690747154872 40448
1758810360487 19.99310571240972 60672
1758810403263 20.015297310634097 80896
1758810446689 20.034196481518087 101120
1758810489861 20.057260726072606 121344
1758810533177 20.056160701655113 141568
1758810576803 20.049746318524935 161792
1758810619141 20.069045259332672 182016
1758810660672 20.060140691568414 202240
1758810701704 20.06378953058834 222464
1758810742477 20.082010582010582 242688
1758810757644 20.096110575377693 250112
