1758810273918 10.212504081612654 20224
1758810317194 10.294614826789415 40448
1758810360487 10.3733584353271 60672
1758810403263 10.475573581382136 80896
1758810446689 10.476428083007717 101120
1758810489861 10.478300264566252 121344
1758810533177 10.456735916126902 141568
1758810576803 10.485954642487611 161792
1758810619141 10.528346665458734 182016
1758810660672 10.542793623911876 202240
1758810701704 10.539530526475763 222464
1758810742477 10.567405141850628 242688
1758810757644 10.56355131511633 250112
