1758810273915 139.88473852721452 20224
1758810317190 112.11419101333833 40448
1758810360482 50.48937681316433 60672
1758810403259 52.0714596084371 80896
1758810446685 120.18751790933578 101120
1758810489855 78.09313150496193 121344
1758810533174 99.66741914787444 141568
1758810576799 88.3290302200695 161792
1758810619137 54.45874990262017 182016
1758810660668 173.01093099038897 202240
1758810701700 154.26473941667587 222464
1758810742473 72.94695467668441 242688
1758810757640 57.792683430933515 250112
