1771719863321 386.8987731933594 5120
1771719894752 396.02496337890625 10240
1771719926028 397.2466125488281 15360
1771719957843 399.0234680175781 20480
1771719989196 400.25286865234375 25600
1771720020519 400.0243835449219 30720
1771720052261 400.792724609375 35840
1771720083532 401.34124755859375 40960
1771720115475 400.9002380371094 46080
1771720146816 401.4775085449219 51200
1771720178514 401.39501953125 56320
1771720210644 402.2078552246094 61440
1771720241929 401.8998718261719 66560
1771720273223 401.6766052246094 71680
1771720304862 401.5987548828125 76800
1771720336404 401.9801940917969 81920
1771720368076 401.8857727050781 87040
1771720399707 401.9810485839844 92160
1771720430997 402.20086669921875 97280
1771720462591 402.51025390625 102400
1771720493901 402.32647705078125 107520
1771720525127 402.6963195800781 112640
1771720556720 402.67376708984375 117760
1771720588387 402.8927917480469 122880
1771720619685 402.99212646484375 128000
1771720651339 403.1013488769531 133120
1771720682604 402.9140930175781 138240
1771720713942 402.8235168457031 143360
1771720745786 402.7776184082031 148480
1771720777058 402.93798828125 153600
1771720808853 402.858642578125 158720
1771720840079 402.8405456542969 163840
1771720871344 402.88385009765625 168960
1771720903185 402.88018798828125 174080
1771720934459 402.771728515625 179200
1771720965727 402.7632751464844 184320
1771720997442 402.754150390625 189440
1771721029062 402.7851257324219 194560
1771721060755 402.6298522949219 199680
1771721093180 402.6167297363281 204800
1771721124392 402.6307373046875 209920
1771721155652 402.68817138671875 215040
1771721187256 402.7648010253906 220160
1771721218519 402.76678466796875 225280
1771721250256 402.70452880859375 230400
1771721281494 402.8372497558594 235520
1771721312740 402.8764343261719 240640
1771721344439 403.0997009277344 245760
1771721375671 403.0357971191406 250880
1771721406928 403.0242919921875 256000
1771721438486 402.9773254394531 261120
1771721469760 402.9185485839844 266240
1771721500998 402.9306945800781 271360
1771721532708 402.8257751464844 276480
1771721563943 402.7539978027344 281600
1771721595574 402.7310485839844 286720
1771721626790 402.7857971191406 291840
1771721658059 402.76678466796875 296960
1771721670566 402.75091552734375 300032
