1771719863321 493.8599853515625 5120
1771719894752 496.6630554199219 10240
1771719926028 496.5960693359375 15360
1771719957843 497.4119873046875 20480
1771719989196 497.57098388671875 25600
1771720020519 497.67236328125 30720
1771720052261 497.2532653808594 35840
1771720083532 497.1483154296875 40960
1771720115475 496.4659423828125 46080
1771720146816 496.46337890625 51200
1771720178514 496.3001708984375 56320
1771720210644 496.0185546875 61440
1771720241929 496.0496520996094 66560
1771720273223 496.2047119140625 71680
1771720304862 496.2174377441406 76800
1771720336404 496.22900390625 81920
1771720368076 496.3439025878906 87040
1771720399707 496.3486022949219 92160
1771720430997 496.3521423339844 97280
1771720462591 496.5331115722656 102400
1771720493901 496.358154296875 107520
1771720525127 496.5218505859375 112640
1771720556720 496.5938415527344 117760
1771720588387 496.6654968261719 122880
1771720619685 496.5841064453125 128000
1771720651339 496.57733154296875 133120
1771720682604 496.636474609375 138240
1771720713942 496.6292419433594 143360
1771720745786 496.6200866699219 148480
1771720777058 496.6734619140625 153600
1771720808853 496.551513671875 158720
1771720840079 496.54669189453125 163840
1771720871344 496.4869079589844 168960
1771720903185 496.48443603515625 174080
1771720934459 496.5341796875 179200
1771720965727 496.5802001953125 184320
1771720997442 496.5274963378906 189440
1771721029062 496.5244445800781 194560
1771721060755 496.38531494140625 199680
1771721093180 496.3847961425781 204800
1771721124392 496.2538757324219 209920
1771721155652 496.2994384765625 215040
1771721187256 496.3840026855469 220160
1771721218519 496.3838195800781 225280
1771721250256 496.42291259765625 230400
1771721281494 496.5017395019531 235520
1771721312740 496.4610290527344 240640
1771721344439 496.534912109375 245760
1771721375671 496.531982421875 250880
1771721406928 496.5284729003906 256000
1771721438486 496.45562744140625 261120
1771721469760 496.4882507324219 266240
1771721500998 496.4200744628906 271360
1771721532708 496.3872985839844 276480
1771721563943 496.386474609375 281600
1771721595574 496.3868408203125 286720
1771721626790 496.4499206542969 291840
1771721658059 496.45062255859375 296960
1771721670566 496.4437255859375 300032
