1771719863321 300.0 5120
1771719894752 552.0 10240
1771719926028 812.0 15360
1771719957843 1068.0 20480
1771719989196 1324.0 25600
1771720020519 1581.0 30720
1771720052261 1840.0 35840
1771720083532 2097.0 40960
1771720115475 2348.0 46080
1771720146816 2607.0 51200
1771720178514 2865.0 56320
1771720210644 3127.0 61440
1771720241929 3384.0 66560
1771720273223 3644.0 71680
1771720304862 3900.0 76800
1771720336404 4157.0 81920
1771720368076 4414.0 87040
1771720399707 4670.0 92160
1771720430997 4924.0 97280
1771720462591 5181.0 102400
1771720493901 5439.0 107520
1771720525127 5695.0 112640
1771720556720 5951.0 117760
1771720588387 6212.0 122880
1771720619685 6468.0 128000
1771720651339 6724.0 133120
1771720682604 6979.0 138240
1771720713942 7234.0 143360
1771720745786 7486.0 148480
1771720777058 7745.0 153600
1771720808853 8000.0 158720
1771720840079 8257.0 163840
1771720871344 8511.0 168960
1771720903185 8769.0 174080
1771720934459 9027.0 179200
1771720965727 9283.0 184320
1771720997442 9543.0 189440
1771721029062 9797.0 194560
1771721060755 10054.0 199680
1771721093180 10307.0 204800
1771721124392 10564.0 209920
1771721155652 10820.0 215040
1771721187256 11073.0 220160
1771721218519 11328.0 225280
1771721250256 11582.0 230400
1771721281494 11843.0 235520
1771721312740 12099.0 240640
1771721344439 12357.0 245760
1771721375671 12613.0 250880
1771721406928 12867.0 256000
1771721438486 13125.0 261120
1771721469760 13378.0 266240
1771721500998 13640.0 271360
1771721532708 13901.0 276480
1771721563943 14154.0 281600
1771721595574 14409.0 286720
1771721626790 14665.0 291840
1771721658059 14922.0 296960
1771721670566 15023.0 300032
