1771719863318 24.708038330078125 5120
1771719894749 20.995798110961914 10240
1771719926025 19.12381362915039 15360
1771719957840 18.414535522460938 20480
1771719989193 17.65908432006836 25600
1771720020515 17.594532012939453 30720
1771720052258 17.894439697265625 35840
1771720083529 17.27901268005371 40960
1771720115472 16.605892181396484 46080
1771720146813 16.892147064208984 51200
1771720178511 16.797393798828125 56320
1771720210641 16.56470489501953 61440
1771720241926 16.639020919799805 66560
1771720273220 16.82619857788086 71680
1771720304859 16.944110870361328 76800
1771720336400 16.965259552001953 81920
1771720368073 17.160686492919922 87040
1771720399703 17.24288558959961 92160
1771720430994 17.218307495117188 97280
1771720462588 17.3448429107666 102400
1771720493898 17.48632049560547 107520
1771720525124 17.521493911743164 112640
1771720556717 17.50186538696289 117760
1771720588384 17.465091705322266 122880
1771720619682 17.678997039794922 128000
1771720651335 17.332326889038086 133120
1771720682600 17.202505111694336 138240
1771720713939 17.428892135620117 143360
1771720745783 17.286134719848633 148480
1771720777055 17.65799331665039 153600
1771720808850 17.818201065063477 158720
1771720840076 17.514331817626953 163840
1771720871340 17.111995697021484 168960
1771720903182 17.489925384521484 174080
1771720934456 17.544315338134766 179200
1771720965724 17.357906341552734 184320
1771720997439 17.440235137939453 189440
1771721029058 17.732763290405273 194560
1771721060751 17.7448787689209 199680
1771721093176 17.770065307617188 204800
1771721124389 17.38323974609375 209920
1771721155649 17.26425552368164 215040
1771721187253 17.963069915771484 220160
1771721218516 17.352123260498047 225280
1771721250252 17.484542846679688 230400
1771721281491 17.674062728881836 235520
1771721312737 17.487653732299805 240640
1771721344436 17.653581619262695 245760
1771721375668 17.525070190429688 250880
1771721406925 17.503726959228516 256000
1771721438483 17.901702880859375 261120
1771721469757 17.701101303100586 266240
1771721500994 17.63956069946289 271360
1771721532704 17.817142486572266 276480
1771721563939 17.796993255615234 281600
1771721595570 17.889310836791992 286720
1771721626786 17.558849334716797 291840
1771721658056 17.523014068603516 296960
1771721670563 17.318553924560547 300032
