1771719863318 -1.9186772108078003 5120
1771719894749 -2.318180799484253 10240
1771719926025 -2.483520030975342 15360
1771719957840 -2.642141342163086 20480
1771719989193 -2.7622594833374023 25600
1771720020515 -2.883026599884033 30720
1771720052258 -2.959801197052002 35840
1771720083529 -2.813368320465088 40960
1771720115472 -2.9148502349853516 46080
1771720146813 -3.0283310413360596 51200
1771720178511 -3.111543893814087 56320
1771720210641 -3.17451548576355 61440
1771720241926 -3.248997449874878 66560
1771720273220 -3.322683811187744 71680
1771720304859 -3.387101650238037 76800
1771720336400 -3.450655460357666 81920
1771720368073 -3.5182080268859863 87040
1771720399703 -3.585386276245117 92160
1771720430994 -3.6414084434509277 97280
1771720462588 -3.7044060230255127 102400
1771720493898 -3.773690700531006 107520
1771720525124 -3.8250038623809814 112640
1771720556717 -3.882289409637451 117760
1771720588384 -3.928765058517456 122880
1771720619682 -3.9723503589630127 128000
1771720651335 -3.9866764545440674 133120
1771720682600 -4.0135111808776855 138240
1771720713939 -4.0693159103393555 143360
1771720745783 -4.081815719604492 148480
1771720777055 -4.120627403259277 153600
1771720808850 -4.165443420410156 158720
1771720840076 -4.179062843322754 163840
1771720871340 -4.196035385131836 168960
1771720903182 -4.218869686126709 174080
1771720934456 -4.2374701499938965 179200
1771720965724 -4.260615825653076 184320
1771720997439 -4.2857255935668945 189440
1771721029058 -4.299855709075928 194560
1771721060751 -4.319251537322998 199680
1771721093176 -4.336274147033691 204800
1771721124389 -4.339890480041504 209920
1771721155649 -4.343920707702637 215040
1771721187253 -4.371730804443359 220160
1771721218516 -4.3755364418029785 225280
1771721250252 -4.374231815338135 230400
1771721281491 -4.394711971282959 235520
1771721312737 -4.408188819885254 240640
1771721344436 -4.405585289001465 245760
1771721375668 -4.424338340759277 250880
1771721406925 -4.417319297790527 256000
1771721438483 -4.42519474029541 261120
1771721469757 -4.430020332336426 266240
1771721500994 -4.426756381988525 271360
1771721532704 -4.4354166984558105 276480
1771721563939 -4.456735610961914 281600
1771721595570 -4.466681003570557 286720
1771721626786 -4.449000358581543 291840
1771721658056 -4.3449296951293945 296960
1771721670563 -4.221554279327393 300032
