1771194710805 23.906177520751953 5120
1771194731144 30.430957794189453 10240
1771194759544 29.824420928955078 15360
1771194781107 22.096498489379883 20480
1771194809196 22.87120246887207 25600
1771194830986 21.018198013305664 30720
1771194858049 19.298608779907227 35840
1771194880365 17.81434440612793 40960
1771194906697 22.6141357421875 46080
1771194929830 21.546833038330078 51200
1771194956198 19.629413604736328 56320
1771194979216 21.635671615600586 61440
1771195004529 23.535966873168945 66560
1771195028847 21.734893798828125 71680
1771195052825 19.8763427734375 76800
1771195078279 22.00193214416504 81920
1771195101313 21.740699768066406 87040
1771195127586 19.565601348876953 92160
1771195149956 21.422727584838867 97280
1771195176269 20.091938018798828 102400
1771195197997 21.413562774658203 107520
1771195224946 23.40093421936035 112640
1771195247179 23.360816955566406 117760
1771195274186 23.063758850097656 122880
1771195296826 21.182565689086914 128000
1771195323234 21.812990188598633 133120
1771195346350 24.784887313842773 138240
1771195372846 21.411890029907227 143360
1771195396142 24.355846405029297 148480
1771195421867 22.097095489501953 153600
1771195445823 27.423992156982422 158720
1771195470968 22.405689239501953 163840
1771195495251 25.413631439208984 168960
1771195520248 22.298112869262695 174080
1771195544715 26.89231300354004 179200
1771195569575 26.876550674438477 184320
1771195594411 23.832788467407227 189440
1771195618767 23.683435440063477 194560
1771195644156 23.76311492919922 199680
1771195667974 26.634662628173828 204800
1771195693153 23.40696907043457 209920
1771195717345 25.353788375854492 215040
1771195742583 25.110946655273438 220160
1771195766458 23.98000717163086 225280
1771195791655 25.612533569335938 230400
1771195815823 23.72235107421875 235520
1771195841520 26.00160789489746 240640
1771195864970 24.066484451293945 245760
1771195890893 28.989253997802734 250880
1771195913935 24.325353622436523 256000
1771195940092 22.604412078857422 261120
1771195963273 25.19317054748535 266240
1771195989594 26.905834197998047 271360
1771196012264 25.546249389648438 276480
1771196038504 23.682283401489258 281600
1771196061131 24.42195701599121 286720
1771196088067 27.354450225830078 291840
1771196110136 28.26218605041504 296960
1771196127558 29.7238826751709 300032
