1771776343145 387.9095764160156 5120
1771776367944 399.849365234375 10240
1771776392672 420.2403259277344 15360
1771776417890 421.5365905761719 20480
1771776442630 418.2632751464844 25600
1771776467376 415.2451171875 30720
1771776492473 413.831298828125 35840
1771776517200 412.9412841796875 40960
1771776541961 411.2908020019531 46080
1771776567084 406.62237548828125 51200
1771776592107 398.4139099121094 56320
1771776617248 392.8028869628906 61440
1771776642139 389.1518249511719 66560
1771776666876 384.8895263671875 71680
1771776691918 379.6051025390625 76800
1771776716791 374.66131591796875 81920
1771776741497 369.6221008300781 87040
1771776766718 364.7691650390625 92160
1771776791731 359.6881408691406 97280
1771776816418 354.7876892089844 102400
1771776841537 349.2763366699219 107520
1771776866439 344.37921142578125 112640
1771776891540 339.6116027832031 117760
1771776916254 334.74603271484375 122880
1771776941117 330.8601379394531 128000
1771776966249 327.2922668457031 133120
1771776990966 323.6581726074219 138240
1771777016142 320.2336730957031 143360
1771777041271 316.5395202636719 148480
1771777065996 313.2152404785156 153600
1771777091197 310.7579040527344 158720
1771777115891 307.587890625 163840
1771777140626 304.6922302246094 168960
1771777165814 302.18475341796875 174080
1771777190540 299.42510986328125 179200
1771777215237 297.2158508300781 184320
1771777240461 295.28729248046875 189440
1771777265586 292.9312744140625 194560
1771777290299 290.9806213378906 199680
1771777315395 289.019775390625 204800
1771777340108 287.372314453125 209920
1771777365302 285.31463623046875 215040
1771777389995 283.6980285644531 220160
1771777414692 282.3568115234375 225280
1771777439800 281.22711181640625 230400
1771777464533 279.909912109375 235520
1771777489244 278.21722412109375 240640
1771777514305 276.9750061035156 245760
1771777539000 276.11029052734375 250880
1771777563703 274.8277282714844 256000
1771777588891 273.6278991699219 261120
1771777613593 272.4286804199219 266240
1771777639007 271.0720520019531 271360
1771777663903 270.06072998046875 276480
1771777688806 268.8304138183594 281600
1771777713859 267.5647277832031 286720
1771777738560 266.0428466796875 291840
1771777763277 264.8475646972656 296960
1771777773570 264.2887268066406 300032
