1771776343145 290.0 5120
1771776367944 534.0 10240
1771776392672 778.0 15360
1771776417890 1003.0 20480
1771776442630 1256.0 25600
1771776467376 1514.0 30720
1771776492473 1771.0 35840
1771776517200 2018.0 40960
1771776541961 2273.0 46080
1771776567084 2514.0 51200
1771776592107 2741.0 56320
1771776617248 2976.0 61440
1771776642139 3217.0 66560
1771776666876 3453.0 71680
1771776691918 3689.0 76800
1771776716791 3910.0 81920
1771776741497 4109.0 87040
1771776766718 4299.0 92160
1771776791731 4492.0 97280
1771776816418 4668.0 102400
1771776841537 4818.0 107520
1771776866439 4976.0 112640
1771776891540 5135.0 117760
1771776916254 5277.0 122880
1771776941117 5422.0 128000
1771776966249 5582.0 133120
1771776990966 5737.0 138240
1771777016142 5906.0 143360
1771777041271 6078.0 148480
1771777065996 6238.0 153600
1771777091197 6402.0 158720
1771777115891 6553.0 163840
1771777140626 6702.0 168960
1771777165814 6852.0 174080
1771777190540 7002.0 179200
1771777215237 7154.0 184320
1771777240461 7315.0 189440
1771777265586 7461.0 194560
1771777290299 7615.0 199680
1771777315395 7759.0 204800
1771777340108 7914.0 209920
1771777365302 8058.0 215040
1771777389995 8210.0 220160
1771777414692 8371.0 225280
1771777439800 8530.0 230400
1771777464533 8682.0 235520
1771777489244 8837.0 240640
1771777514305 8984.0 245760
1771777539000 9146.0 250880
1771777563703 9292.0 256000
1771777588891 9433.0 261120
1771777613593 9581.0 266240
1771777639007 9721.0 271360
1771777663903 9872.0 276480
1771777688806 10017.0 281600
1771777713859 10160.0 286720
1771777738560 10308.0 291840
1771777763277 10457.0 296960
1771777773570 10512.0 300032
