1771776343145 20.20268440246582 5120
1771776367944 13.999676704406738 10240
1771776392672 5.942605495452881 15360
1771776417890 5.772607803344727 20480
1771776442630 7.564638137817383 25600
1771776467376 8.92769718170166 30720
1771776492473 9.780998229980469 35840
1771776517200 10.664689064025879 40960
1771776541961 11.572035789489746 46080
1771776567084 13.455696105957031 51200
1771776592107 16.712709426879883 56320
1771776617248 19.1818790435791 61440
1771776642139 20.763427734375 66560
1771776666876 22.545854568481445 71680
1771776691918 24.41510009765625 76800
1771776716791 26.665822982788086 81920
1771776741497 28.909072875976562 87040
1771776766718 30.90694808959961 92160
1771776791731 32.737979888916016 97280
1771776816418 34.28402328491211 102400
1771776841537 36.4350471496582 107520
1771776866439 38.32666015625 112640
1771776891540 39.843994140625 117760
1771776916254 41.63525390625 122880
1771776941117 43.26958084106445 128000
1771776966249 44.7338981628418 133120
1771776990966 46.09486770629883 138240
1771777016142 47.4493522644043 143360
1771777041271 48.87110137939453 148480
1771777065996 50.126529693603516 153600
1771777091197 50.968875885009766 158720
1771777115891 52.1021842956543 163840
1771777140626 53.296321868896484 168960
1771777165814 54.19997024536133 174080
1771777190540 55.35258865356445 179200
1771777215237 56.3124885559082 184320
1771777240461 57.08079147338867 189440
1771777265586 57.86263656616211 194560
1771777290299 58.6580924987793 199680
1771777315395 59.46134948730469 204800
1771777340108 60.16093063354492 209920
1771777365302 60.932090759277344 215040
1771777389995 61.52344512939453 220160
1771777414692 62.10661697387695 225280
1771777439800 62.52166748046875 230400
1771777464533 63.19837188720703 235520
1771777489244 63.87478256225586 240640
1771777514305 64.3154067993164 245760
1771777539000 64.54911804199219 250880
1771777563703 65.02649688720703 256000
1771777588891 65.56017303466797 261120
1771777613593 66.14684295654297 266240
1771777639007 66.83552551269531 271360
1771777663903 67.37553405761719 276480
1771777688806 68.01510620117188 281600
1771777713859 68.4865493774414 286720
1771777738560 69.0809555053711 291840
1771777763277 69.51997375488281 296960
1771777773570 69.82499694824219 300032
