1771118457058 0.0 5120
1771118463683 0.0 10240
1771118470782 0.0 15360
1771118479747 0.0 20480
1771118488429 0.0 25600
1771118496466 0.0 30720
1771118504828 0.0 35840
1771118513019 0.0 40960
1771118521272 0.0 46080
1771118530707 0.0 51200
1771118538988 0.0 56320
1771118547322 0.0 61440
1771118556450 0.0 66560
1771118563256 0.0 71680
1771118570094 0.0 76800
1771118576656 0.0 81920
1771118583509 0.0 87040
1771118589946 0.0 92160
1771118597018 0.0 97280
1771118603454 0.0 102400
1771118610004 0.0 107520
1771118616887 0.0 112640
1771118623698 0.0 117760
1771118630395 0.0 122880
1771118637373 0.0 128000
1771118643897 0.0 133120
1771118650826 0.0 138240
1771118657924 0.0 143360
1771118664456 0.0 148480
1771118670887 0.0 153600
1771118677866 0.0 158720
1771118684903 0.0 163840
1771118691766 0.0 168960
1771118698194 0.0 174080
1771118704807 0.0 179200
1771118711909 0.0 184320
1771118718869 0.0 189440
1771118725774 0.0 194560
1771118732677 0.0 199680
1771118739745 0.0 204800
1771118746342 0.0 209920
1771118753259 0.0 215040
1771118760275 0.0 220160
1771118766731 0.0 225280
1771118773742 0.0 230400
1771118780598 0.0 235520
1771118787070 0.0 240640
1771118794158 0.0 245760
1771118801131 0.0 250880
1771118807666 0.0 256000
1771118814770 0.0 261120
1771118821668 0.0 266240
1771118828066 0.0 271360
1771118834867 0.0 276480
1771118842034 0.0 281600
1771118848425 0.0 286720
1771118855499 0.0 291840
1771118862369 0.0 296960
1771118865012 0.0 300032
