1771118457053 14.767101287841797 5120
1771118463677 15.223240852355957 10240
1771118470776 14.326812744140625 15360
1771118479740 12.525548934936523 20480
1771118488423 12.664276123046875 25600
1771118496459 13.049362182617188 30720
1771118504821 13.474466323852539 35840
1771118513012 13.502237319946289 40960
1771118521266 14.904439926147461 46080
1771118530700 16.365549087524414 51200
1771118538981 17.714147567749023 56320
1771118547315 18.807872772216797 61440
1771118556444 18.122756958007812 66560
1771118563250 17.973278045654297 71680
1771118570087 18.065011978149414 76800
1771118576650 16.921817779541016 81920
1771118583502 16.75938606262207 87040
1771118589939 16.72547721862793 92160
1771118597012 16.759723663330078 97280
1771118603447 17.749536514282227 102400
1771118609997 20.16727066040039 107520
1771118616880 24.188701629638672 112640
1771118623691 28.687448501586914 117760
1771118630388 35.37641525268555 122880
1771118637366 40.71112823486328 128000
1771118643890 46.861656188964844 133120
1771118650818 50.6981315612793 138240
1771118657917 55.6824836730957 143360
1771118664449 58.95969772338867 148480
1771118670880 62.15692901611328 153600
1771118677859 64.26841735839844 158720
1771118684896 65.72938537597656 163840
1771118691758 66.21751403808594 168960
1771118698187 67.15119934082031 174080
1771118704799 67.4854965209961 179200
1771118711901 69.00434112548828 184320
1771118718860 66.93115997314453 189440
1771118725767 67.2232894897461 194560
1771118732669 68.38175964355469 199680
1771118739737 67.38968658447266 204800
1771118746334 65.4861831665039 209920
1771118753251 66.89903259277344 215040
1771118760267 64.83662414550781 220160
1771118766723 62.58922576904297 225280
1771118773734 61.30278778076172 230400
1771118780590 59.87739181518555 235520
1771118787061 59.90140914916992 240640
1771118794149 59.21165084838867 245760
1771118801123 59.29973220825195 250880
1771118807658 57.71085739135742 256000
1771118814761 57.807891845703125 261120
1771118821660 52.95050048828125 266240
1771118828057 56.25749588012695 271360
1771118834858 54.265357971191406 276480
1771118842026 52.24503707885742 281600
1771118848416 50.390907287597656 286720
1771118855490 51.6955680847168 291840
1771118862360 49.63212203979492 296960
1771118865003 51.60358428955078 300032
