1771118457053 -1.5007845163345337 5120
1771118463677 -2.773529529571533 10240
1771118470776 -3.6525979042053223 15360
1771118479740 -4.535609245300293 20480
1771118488423 -4.480467796325684 25600
1771118496459 -4.171568870544434 30720
1771118504821 -3.863433361053467 35840
1771118513012 -3.61871075630188 40960
1771118521266 -3.707796573638916 46080
1771118530700 -4.346682548522949 51200
1771118538981 -5.254748344421387 56320
1771118547315 -6.079361915588379 61440
1771118556444 -6.474895477294922 66560
1771118563250 -6.8493452072143555 71680
1771118570087 -6.9856672286987305 76800
1771118576650 -7.036524295806885 81920
1771118583502 -7.027161598205566 87040
1771118589939 -7.2276482582092285 92160
1771118597012 -7.788618564605713 97280
1771118603447 -9.171687126159668 102400
1771118609997 -10.883626937866211 107520
1771118616880 -13.137613296508789 112640
1771118623691 -15.325521469116211 117760
1771118630388 -17.00895118713379 122880
1771118637366 -18.556720733642578 128000
1771118643890 -19.685909271240234 133120
1771118650818 -20.81606674194336 138240
1771118657917 -21.697696685791016 143360
1771118664449 -22.475704193115234 148480
1771118670880 -23.11714744567871 153600
1771118677859 -23.673873901367188 158720
1771118684896 -24.232852935791016 163840
1771118691758 -24.744083404541016 168960
1771118698187 -25.021387100219727 174080
1771118704799 -25.227563858032227 179200
1771118711901 -25.388704299926758 184320
1771118718860 -25.50417709350586 189440
1771118725767 -25.442230224609375 194560
1771118732669 -25.337751388549805 199680
1771118739737 -25.28483772277832 204800
1771118746334 -25.162212371826172 209920
1771118753251 -24.86163902282715 215040
1771118760267 -24.607816696166992 220160
1771118766723 -24.390125274658203 225280
1771118773734 -24.068965911865234 230400
1771118780590 -23.935211181640625 235520
1771118787061 -23.708314895629883 240640
1771118794149 -23.390878677368164 245760
1771118801123 -22.99014663696289 250880
1771118807658 -22.646583557128906 256000
1771118814761 -22.257314682006836 261120
1771118821660 -22.03438949584961 266240
1771118828057 -21.78683853149414 271360
1771118834858 -21.746904373168945 276480
1771118842026 -21.504220962524414 281600
1771118848416 -21.44563102722168 286720
1771118855490 -21.7319393157959 291840
1771118862360 -21.806262969970703 296960
1771118865003 -21.81192398071289 300032
