1771118457053 220.3122176699233 5120
1771118463677 248.92011869436203 10240
1771118470776 196.10547970824763 15360
1771118479740 223.79169779105752 20480
1771118488423 213.88597654258032 25600
1771118496459 169.23434473854098 30720
1771118504821 170.50016260162602 35840
1771118513012 210.9174293472795 40960
1771118521266 124.77477316674104 46080
1771118530700 188.54194012406725 51200
1771118538981 184.991134829974 56320
1771118547315 222.01482108829134 61440
1771118556444 239.0734154126767 66560
1771118563250 246.18794388683455 71680
1771118570087 242.15137694128515 76800
1771118576650 243.64240487946557 81920
1771118583502 243.03534592652682 87040
1771118589939 241.01040050565993 92160
1771118597012 243.69902969031435 97280
1771118603447 246.5207476196074 102400
1771118609997 240.9550180961682 107520
1771118616880 244.39482577788138 112640
1771118623691 227.85223815732292 117760
1771118630388 244.13876600698487 122880
1771118637366 239.96246924881285 128000
1771118643890 235.13308666890907 133120
1771118650818 240.7752009184845 138240
1771118657917 237.974695035461 143360
1771118664449 243.5858063766769 148480
1771118670880 245.75520009374816 153600
1771118677859 245.94253547554825 158720
1771118684896 241.55171619442524 163840
1771118691758 244.9085600840827 168960
1771118698187 248.96444470825665 174080
1771118704799 240.89966113376602 179200
1771118711901 234.52829344665622 184320
1771118718860 223.64850165298068 189440
1771118725767 246.88351286126317 194560
1771118732669 241.74662824207493 199680
1771118739737 243.31732219515024 204800
1771118746334 245.56814988290398 209920
1771118753251 246.46280408978728 215040
1771118760267 241.5238972705286 220160
1771118766723 245.10892940626462 225280
1771118773734 245.41009888245276 230400
1771118780590 244.12455619579768 235520
1771118787061 247.61225574118896 240640
1771118794149 242.71188009953127 245760
1771118801123 240.73374275383114 250880
1771118807658 236.7790448233036 256000
1771118814761 242.13739752915367 261120
1771118821660 239.1824817518248 266240
1771118828057 233.9918549511855 271360
1771118834858 227.3212292016693 276480
1771118842026 238.51600796133067 281600
1771118848416 237.89370994271454 286720
1771118855490 266.15292848531 291840
1771118862360 241.85814784915235 296960
1771118865003 233.3929108007345 300032
