1758849637760 500.0 6144
1758849653907 500.0 12288
1758849671138 500.0 18432
1758849687448 500.0 24576
1758849691752 500.0 30720
1758849705149 500.0 36864
1758849721536 500.0 43008
1758849738197 500.0 49152
1758849747180 500.0 55296
1758849756578 500.0 61440
1758849772101 500.0 67584
1758849789154 500.0 73728
1758849803798 500.0 79872
1758849807305 500.0 86016
1758849823938 500.0 92160
1758849840055 500.0 98304
1758849857207 500.0 104448
1758849859274 500.0 110592
1758849875648 500.0 116736
1758849892079 500.0 122880
1758849908393 500.0 129024
1758849912038 500.0 135168
1758849927417 500.0 141312
1758849943706 500.0 147456
1758849960005 500.0 153600
1758849965654 500.0 159744
1758849978890 500.0 165888
1758849995260 500.0 172032
1758850011600 500.0 178176
1758850020689 500.0 184320
1758850030008 500.0 190464
1758850046805 500.0 196608
1758850063467 500.0 202752
1758850073709 500.0 208896
1758850081877 500.0 215040
1758850098594 500.0 221184
1758850114727 500.0 227328
1758850128283 500.0 233472
1758850134408 500.0 239616
1758850148948 500.0 245760
1758850166166 500.0 251904
1758850182369 500.0 258048
1758850185651 500.0 264192
1758850201373 500.0 270336
1758850217228 500.0 276480
1758850233067 500.0 282624
1758850236273 500.0 288768
1758850250745 500.0 294912
1758850266556 500.0 301056
