1758849637755 6.202937722206116 6144
1758849653901 2.328719847542899 12288
1758849671135 1.4883002090454103 18432
1758849687445 1.0984106815778292 24576
1758849691748 0.851111800968647 30720
1758849705142 0.7133788008438913 36864
1758849721533 0.5972145156426862 43008
1758849738192 0.5145474548339845 49152
1758849747176 0.43770086765289307 55296
1758849756574 0.37492057508037935 61440
1758849772096 0.3482668911709505 67584
1758849789150 0.31495241732210727 73728
1758849803795 0.28010239064693454 79872
1758849807301 0.2557519186374753 86016
1758849823934 0.24382991635281107 92160
1758849840051 0.2240475674064792 98304
1758849857203 0.21317573373134321 104448
1758849859269 0.20285642320459538 110592
1758849875644 0.17635663953320732 116736
1758849892075 0.17620251804101664 122880
1758849908387 0.16468162834644318 129024
1758849912031 0.16123204622695694 135168
1758849927413 0.14193011692592075 141312
1758849943702 0.14157498601364762 147456
1758849959998 0.13942995134152864 153600
1758849965649 0.1330327842808977 159744
1758849978886 0.12688520972321674 165888
1758849995255 0.1265471301359289 172032
1758850011594 0.11805757744745775 178176
1758850020683 0.11466828466771724 184320
1758850030003 0.10934443093360739 190464
1758850046800 0.10669187024696586 196608
1758850063462 0.10341402292251586 202752
1758850073705 0.10181981660787343 208896
1758850081870 0.10417825051073758 215040
1758850098588 0.0993057555014934 221184
1758850114722 0.09789706319570543 227328
1758850128275 0.09205490672070046 233472
1758850134403 0.09327190164792337 239616
1758850148943 0.09343273363822749 245760
1758850166162 0.08721054254039641 251904
1758850182365 0.08966778469836617 258048
1758850185645 0.0892810869216919 264192
1758850201369 0.08536274361431151 270336
1758850217219 0.08086652685614193 276480
1758850233062 0.07427691898757605 282624
1758850236268 0.07077500081398118 288768
1758850250740 0.07039626631243476 294912
1758850266548 0.04514836697351365 301056
