1758849637760 2.350785340314136 6144
1758849653907 2.2028985507246377 12288
1758849671138 2.160965794768612 18432
1758849687448 2.1306687163720217 24576
1758849691752 2.1186335403726706 30720
1758849705149 2.0933263816475494 36864
1758849721536 2.0859972985141826 43008
1758849738197 2.0888976689055707 49152
1758849747180 2.070070422535211 55296
1758849756578 2.0680445151033386 61440
1758849772101 2.0719674985490424 67584
1758849789154 2.0722666666666667 73728
1758849803798 2.065351418002466 79872
1758849807305 2.0568025652771413 86016
1758849823938 2.0520119863013697 92160
1758849840055 2.0493876731580003 98304
1758849857207 2.046124763705104 104448
1758849859274 2.047006255585344 110592
1758849875648 2.045431429055772 116736
1758849892079 2.045593684549702 122880
1758849908393 2.0511363636363638 129024
1758849912038 2.050176056338028 135168
1758849927417 2.0533408197641774 141312
1758849943706 2.0596552652841367 147456
1758849960005 2.06249191357226 153600
1758849965654 2.0609907891461288 159744
1758849978890 2.0605515587529974 165888
1758849995260 2.053654024051804 172032
1758850011600 2.0548358275631005 178176
1758850020689 2.0559455664758612 184320
1758850030008 2.054893350062735 190464
1758850046805 2.0553191489361704 196608
1758850063467 2.0595694485402536 202752
1758850073709 2.0625178963443735 208896
1758850081877 2.0633345697329375 215040
1758850098594 2.0648448773448775 221184
1758850114727 2.063816713483146 227328
1758850128283 2.060492139439508 233472
1758850134408 2.056762380357886 239616
1758850148948 2.0565072663798003 245760
1758850166166 2.055353183401964 251904
1758850182369 2.0563805104408353 258048
1758850185651 2.05595831445401 264192
1758850201373 2.054038092425808 270336
1758850217228 2.0537106555010105 276480
1758850233067 2.053824962915872 282624
1758850236273 2.054837148191688 288768
1758850250745 2.0558715969118246 294912
1758850266556 2.055110220440882 301056
