1758849637755 207.55661124307204 6144
1758849653901 93.1591408835484 12288
1758849671135 122.84161199625117 18432
1758849687445 155.92787835979033 24576
1758849691748 195.42021152681357 30720
1758849705142 98.70576330219095 36864
1758849721533 104.93105173621535 43008
1758849738192 54.18437370814386 49152
1758849747176 143.87705817782657 55296
1758849756574 112.9322563274098 61440
1758849772096 119.67996347657365 67584
1758849789150 60.367938513795536 73728
1758849803795 109.89346817931721 79872
1758849807301 120.92558742972466 86016
1758849823934 107.35357051446123 92160
1758849840051 85.77484202130923 98304
1758849857203 106.92117874987254 104448
1758849859269 100.62867973417144 110592
1758849875644 129.06742160814844 116736
1758849892075 73.32186560380393 122880
1758849908387 88.52851534467474 129024
1758849912031 44.287159344082276 135168
1758849927413 66.46653144016227 141312
1758849943702 105.70322580645161 147456
1758849959998 79.32939930397943 153600
1758849965649 65.31352580273443 159744
1758849978886 92.58540461789767 165888
1758849995255 95.33375761432858 172032
1758850011594 192.76179971506045 178176
1758850020683 121.97353651089074 184320
1758850030003 108.80730517795995 190464
1758850046800 88.54720486404324 196608
1758850063462 114.80235390721226 202752
1758850073705 109.83591274517507 208896
1758850081870 140.55978552278822 215040
1758850098588 145.89390935336883 221184
1758850114722 112.49004988467522 227328
1758850128275 121.05821571853262 233472
1758850134403 128.75046812168094 239616
1758850148943 102.2427418765083 245760
1758850166162 85.53868744136722 251904
1758850182365 116.16318165452682 258048
1758850185645 96.08283508579021 264192
1758850201369 122.54372279194787 270336
1758850217219 88.16378694244756 276480
1758850233062 100.9095152171298 282624
1758850236268 86.05818868234232 288768
1758850250740 77.47716861238362 294912
1758850266548 141.9584376903811 301056
