1760392898720 24.491935483870968 5120
1760392916724 23.208677685950413 10240
1760392939779 22.59806629834254 15360
1760392966009 22.282157676348547 20480
1760392984453 22.06473029045643 25600
1760393004529 21.91160220994475 30720
1760393027686 21.90309155766944 35840
1760393052536 21.909138381201043 40960
1760393074913 21.889767441860464 46080
1760393093746 21.843449141900376 51200
1760393117872 21.84794207317073 56320
1760393142340 21.78715980460572 61440
1760393161714 21.762487914921046 66560
1760393183430 21.751497005988025 71680
1760393206433 21.74231414197876 76800
1760393230890 21.725819134993447 81920
1760393247963 21.755808205635194 87040
1760393270916 21.76308411214953 92160
1760393291301 21.77593085106383 97280
1760393313469 21.766056011791957 102400
1760393330767 21.77764398956452 107520
1760393351522 21.7634552767669 112640
1760393377213 21.76952695269527 117760
1760393396167 21.79064039408867 122880
1760393414690 21.77464550979068 128000
1760393434082 21.768344155844154 133120
1760393461790 21.754024066260353 138240
1760393483238 21.762967430639325 143360
1760393505800 21.752001164313782 148480
1760393527742 21.747081164720775 153600
1760393549376 21.74377127297481 158720
1760393572115 21.749010292953287 163840
1760393593305 21.740916069600818 168960
1760393616370 21.735502297280515 174080
1760393636518 21.73115426365939 179200
1760393658955 21.739676208352886 184320
1760393677923 21.726152441807393 189440
1760393697240 21.719426857714094 194560
1760393726700 21.71948051948052 199680
1760393745383 21.724239864864863 204800
1760393764148 21.725970948799834 209920
1760393782040 21.725535552650104 215040
1760393813382 21.71582875098193 220160
1760393833618 21.70661038088842 225280
1760393854287 21.69748687171793 230400
1760393876207 21.697064220183485 235520
1760393904103 21.691175150372565 240640
1760393921939 21.696183608863876 245760
1760393942367 21.68741927150607 250880
1760393963075 21.685258627963886 256000
1760393986478 21.688291270169632 261120
1760394006301 21.684979306986936 266240
1760394028042 21.68482242395286 271360
1760394048187 21.680496952648852 276480
1760394068701 21.676818042344276 281600
1760394091335 21.674225872071123 286720
1760394114392 21.669725449567082 291840
1760394133355 21.672655852185933 296960
1760394144215 21.66779832418376 300032
