1759783110262 24.739837398373982 5120
1759783129697 23.267080745341616 10240
1759783155013 22.52754820936639 15360
1759783182599 22.209109730848862 20480
1759783206552 22.268006700167504 25600
1759783228222 22.732232591529073 30720
1759783253659 23.13505025125628 35840
1759783272905 23.19966814159292 40960
1759783299079 23.252470355731226 46080
1759783324375 23.322162645218945 51200
1759783346935 23.356706074194864 56320
1759783366589 23.445905334335087 61440
1759783392765 23.470629127563434 66560
1759783417759 23.542773817239144 71680
1759783436276 23.58641600970285 76800
1759783455074 23.619549729267597 81920
1759783476892 23.646331631281914 87040
1759783503806 23.651511303022605 92160
1759783523612 23.652623976889746 97280
1759783545450 23.651945080091533 102400
1759783567239 23.683038637851997 107520
1759783593633 23.797235023041473 112640
1759783615506 23.808101062763185 117760
1759783635217 23.85095320623917 122880
1759783657521 23.866025166543302 128000
1759783686712 23.891482537419815 133120
1759783707929 23.917539941590793 138240
1759783733400 23.91864125932063 143360
1759783754269 23.93481742472774 148480
1759783777844 24.022533022533022 153600
1759783795347 24.024221453287197 158720
1759783817760 24.030325120279926 163840
1759783839994 24.036355920215023 168960
1759783861116 24.02566566017019 174080
1759783878817 24.02413333333333 179200
1759783901932 24.035283434946166 184320
1759783933624 24.02712933753943 189440
1759783951299 24.03244438982426 194560
1759783969543 24.03173652694611 199680
1759783993028 24.034571361831347 204800
1759784020820 24.03681750826399 209920
1759784038664 24.051324871966155 215040
1759784057440 24.050135943447525 220160
1759784077539 24.053901764830957 225280
1759784101889 24.06990533652346 230400
1759784121129 24.07370457090502 235520
1759784142776 24.07791948983659 240640
1759784160576 24.087882042769262 245760
1759784182747 24.093170078438874 250880
1759784202928 24.09122445152822 256000
1759784224991 24.07688774572846 261120
1759784241290 24.030395683453236 266240
1759784267032 23.971830985915492 271360
1759784291267 23.935041407867494 276480
1759784309441 23.887151310228234 281600
1759784327212 23.844936184319575 286720
1759784349200 23.8001300495814 291840
1759784371784 23.753188775510203 296960
1759784377158 23.740840389332913 300032
