1759783110256 11.926612536112467 5120
1759783129693 5.6092423525723545 10240
1759783155009 3.7772610783576965 15360
1759783182593 2.681440898350307 20480
1759783206544 2.047536299778865 25600
1759783228217 1.6520860118250693 30720
1759783253652 1.5604907141791449 35840
1759783272900 1.6316421090102777 40960
1759783299072 1.4565762436908225 46080
1759783324369 1.2635901208017386 51200
1759783346929 1.1304901838302612 56320
1759783366585 1.135482741183922 61440
1759783392757 1.183376456751968 66560
1759783417753 1.0690398552048375 71680
1759783436267 0.9498622166483026 76800
1759783455069 0.9526185282954464 81920
1759783476886 0.9540291054304256 87040
1759783503798 0.7765384087195764 92160
1759783523606 0.7606063783168793 97280
1759783545445 0.6962918479843895 102400
1759783567230 0.6244411108628759 107520
1759783593625 0.5895728377608566 112640
1759783615498 0.625934493952784 117760
1759783635212 0.5518784956498579 122880
1759783657513 0.4985629036313012 128000
1759783686694 0.46605640877294174 133120
1759783707922 0.4403620397343355 138240
1759783733390 0.4558255824636906 143360
1759783754263 0.44257533713562847 148480
1759783777838 0.43037540865260243 153600
1759783795324 0.4114021888146034 158720
1759783817754 0.3784163634969581 163840
1759783839988 0.38330585985298615 168960
1759783861110 0.36484624628435103 174080
1759783878808 0.3310588544065302 179200
1759783901923 0.31222403510499397 184320
1759783933615 0.3282255254765993 189440
1759783951289 0.3282410287108097 194560
1759783969536 0.29310741229933135 199680
1759783993021 0.29936628673800186 204800
1759784020808 0.28775686430699615 209920
1759784038649 0.26603645849001917 215040
1759784057430 0.264928901637042 220160
1759784077531 0.2541511371664332 225280
1759784101884 0.2609584437007398 230400
1759784121118 0.23524485831652886 235520
1759784142768 0.2305883633888374 240640
1759784160569 0.23000193631500623 245760
1759784182741 0.24759689191492593 250880
1759784202922 0.22931880494987822 256000
1759784224982 0.221032552421093 261120
1759784241282 0.22029957095325223 266240
1759784267021 0.23029112636594845 271360
1759784291257 0.20439422790414732 276480
1759784309434 0.20623821452044058 281600
1759784327205 0.19448614290176336 286720
1759784349194 0.206884284119506 291840
1759784371776 0.20230176932213642 296960
1759784377149 0.08191853415843976 300032
