1759783110262 19.382113821138212 5120
1759783129697 19.168280623220756 10240
1759783155013 18.799683205680743 15360
1759783182599 18.530766015220625 20480
1759783206552 18.90936902939175 25600
1759783228222 19.47292650473349 30720
1759783253659 19.896850892646828 35840
1759783272905 20.156998490865252 40960
1759783299079 20.32255596417212 46080
1759783324375 20.44277776832342 51200
1759783346935 20.373069119365955 56320
1759783366589 20.304822272595207 61440
1759783392765 20.326562483028113 66560
1759783417759 20.244848878060697 71680
1759783436276 20.231232152121077 76800
1759783455074 20.199149957169286 81920
1759783476892 20.135683875223606 87040
1759783503806 20.08607561587682 92160
1759783523612 20.09051131651157 97280
1759783545450 20.087652825327158 102400
1759783567239 20.111338757188317 107520
1759783593633 20.007770923475466 112640
1759783615506 19.768473213460467 117760
1759783635217 19.557603835692277 122880
1759783657521 19.36932418224637 128000
1759783686712 19.2474979066203 133120
1759783707929 19.10676806170882 138240
1759783733400 18.937878731488194 143360
1759783754269 18.804521031596583 148480
1759783777844 18.753481669155498 153600
1759783795347 18.800760424404338 158720
1759783817760 18.853437228772187 163840
1759783839994 18.891600785422046 168960
1759783861116 18.93683816311355 174080
1759783878817 18.98797371419271 179200
1759783901932 19.037212285229725 184320
1759783933624 19.046192060885744 189440
1759783951299 19.075728816922794 194560
1759783969543 19.094284646039952 199680
1759783993028 19.08939541747876 204800
1759784020820 19.11312970916181 209920
1759784038664 19.139221436036134 215040
1759784057440 19.176035626210748 220160
1759784077539 19.22109797820623 225280
1759784101889 19.250145384688214 230400
1759784121129 19.258261835066616 235520
1759784142776 19.26076019518211 240640
1759784160576 19.28600618287742 245760
1759784182747 19.300458132661916 250880
1759784202928 19.3281445076737 256000
1759784224991 19.35688706888076 261120
1759784241290 19.315960687870604 266240
1759784267032 19.279197268418862 271360
1759784291267 19.256712893110212 276480
1759784309441 19.22266561938662 281600
1759784327212 19.19667945278831 286720
1759784349200 19.16739850810492 291840
1759784371784 19.140595450693247 296960
1759784377158 19.12540509627761 300032
