1759783110262 5.479674796747967 5120
1759783129697 5.12008281573499 10240
1759783155013 4.847107438016529 15360
1759783182599 4.687370600414079 20480
1759783206552 4.821608040201005 25600
1759783228222 5.090452261306533 30720
1759783253659 5.294597989949748 35840
1759783272905 5.398230088495575 40960
1759783299079 5.439723320158103 46080
1759783324375 5.456210902591599 51200
1759783346935 5.437831227068895 56320
1759783366589 5.439519158527423 61440
1759783392765 5.436913451511992 66560
1759783417759 5.430978613091381 71680
1759783436276 5.436931473620376 76800
1759783455074 5.435736677115988 81920
1759783476892 5.426229508196721 87040
1759783503806 5.411734823469647 92160
1759783523612 5.417669715936447 97280
1759783545450 5.418306636155607 102400
1759783567239 5.428945645055665 107520
1759783593633 5.41830749895266 112640
1759783615506 5.346701423701624 117760
1759783635217 5.2905834777585214 122880
1759783657521 5.224648408586233 128000
1759783686712 5.184248039914469 133120
1759783707929 5.139838515718949 138240
1759783733400 5.087655343827672 143360
1759783754269 5.043081358103779 148480
1759783777844 5.0338772338772335 153600
1759783795347 5.053257108469986 158720
1759783817760 5.072459542207318 163840
1759783839994 5.083604470222096 168960
1759783861116 5.0888004391984625 174080
1759783878817 5.100533333333333 179200
1759783901932 5.112336230380075 184320
1759783933624 5.119116719242903 189440
1759783951299 5.132727049281062 194560
1759783969543 5.143952095808383 199680
1759783993028 5.147979444055127 204800
1759784020820 5.155363045708423 209920
1759784038664 5.166555332887998 215040
1759784057440 5.176400217509516 220160
1759784077539 5.182968318094833 225280
1759784101889 5.194320191407469 230400
1759784121129 5.19739387152601 235520
1759784142776 5.206954962136309 240640
1759784160576 5.217947466067767 245760
1759784182747 5.222594222307251 250880
1759784202928 5.229608100506281 256000
1759784224991 5.240308653316186 261120
1759784241290 5.21978417266187 266240
1759784267032 5.196038732394366 271360
1759784291267 5.178830227743271 276480
1759784309441 5.159002535925612 281600
1759784327212 5.140228741919443 286720
1759784349200 5.121515077623344 291840
1759784371784 5.105548469387755 296960
1759784377158 5.098361952995173 300032
