1759783110262 32.394799953553736 5120
1759783129697 29.516344153362773 10240
1759783155013 27.13196633078835 15360
1759783182599 25.701874284764006 20480
1759783206552 27.192528141603198 25600
1759783228222 29.94084115997117 30720
1759783253659 31.913036902346203 35840
1759783272905 33.04634286661064 40960
1759783299079 33.475849769803375 46080
1759783324375 33.59239345410767 51200
1759783346935 33.375272928915166 56320
1759783366589 33.30259458110531 61440
1759783392765 33.256906943641106 66560
1759783417759 33.12140832036946 71680
1759783436276 33.16354503365558 76800
1759783455074 33.13523235522162 81920
1759783476892 33.01202940434674 87040
1759783503806 32.88282104213134 92160
1759783523612 32.919498963372085 97280
1759783545450 32.90882536235608 102400
1759783567239 33.02480216402072 107520
1759783593633 32.823270199235935 112640
1759783615506 32.03012481499751 117760
1759783635217 31.38846854788936 122880
1759783657521 30.654485576863998 128000
1759783686712 30.151719178290172 133120
1759783707929 29.625071724959 138240
1759783733400 29.03709179768408 143360
1759783754269 28.529377782749563 148480
1759783777844 28.37969000400641 153600
1759783795347 28.586831017223467 158720
1759783817760 28.783947969251166 163840
1759783839994 28.900978026860233 168960
1759783861116 28.987372759374786 174080
1759783878817 29.130765348307293 179200
1759783901932 29.260992408680195 184320
1759783933624 29.327485474788052 189440
1759783951299 29.46291692329886 194560
1759783969543 29.583984608907187 199680
1759783993028 29.624121926371615 204800
1759784020820 29.7184348963528 209920
1759784038664 29.839553061744148 215040
1759784057440 29.93991697891177 220160
1759784077539 30.016596332398368 225280
1759784101889 30.12553600206914 230400
1759784121129 30.152498205045717 235520
1759784142776 30.244170570905677 240640
1759784160576 30.34657090772538 245760
1759784182747 30.392995153806257 250880
1759784202928 30.46907986223016 256000
1759784224991 30.591948167729768 261120
1759784241290 30.392605173673562 266240
1759784267032 30.175064371673155 271360
1759784291267 30.016639146087414 276480
1759784309441 29.837678725177316 281600
1759784327212 29.654906078296257 286720
1759784349200 29.484866396756633 291840
1759784371784 29.3426820258705 296960
1759784377158 29.27211308492516 300032
