1771243555944 23.4660701751709 5120
1771243565408 24.666311264038086 10240
1771243577242 25.64288902282715 15360
1771243587018 26.131641387939453 20480
1771243598483 26.437034606933594 25600
1771243608507 26.678173065185547 30720
1771243619822 26.748064041137695 35840
1771243630322 26.940549850463867 40960
1771243641002 26.983736038208008 46080
1771243652400 27.052839279174805 51200
1771243662393 27.074501037597656 56320
1771243673793 27.123668670654297 61440
1771243683566 27.121572494506836 66560
1771243695239 27.203144073486328 71680
1771243705208 27.282072067260742 76800
1771243716266 27.282756805419922 81920
1771243726450 27.354402542114258 87040
1771243737591 27.25981903076172 92160
1771243748108 26.793493270874023 97280
1771243759502 26.408037185668945 102400
1771243769402 26.08575439453125 107520
1771243780586 25.937286376953125 112640
1771243790564 25.98973846435547 117760
1771243801933 26.05351448059082 122880
1771243812151 26.05141258239746 128000
1771243824052 26.031953811645508 133120
1771243833791 26.062679290771484 138240
1771243845733 26.052433013916016 143360
1771243855548 26.051015853881836 148480
1771243867180 26.09722328186035 153600
1771243877037 26.146194458007812 158720
1771243888706 26.188613891601562 163840
1771243898411 26.183998107910156 168960
1771243910149 26.199695587158203 174080
1771243919935 26.157262802124023 179200
1771243931859 26.154495239257812 184320
1771243941547 26.168636322021484 189440
1771243953463 26.143386840820312 194560
1771243962763 26.168983459472656 199680
1771243974872 26.213815689086914 204800
1771243984197 26.25345230102539 209920
1771243996274 26.29193687438965 215040
1771244005767 26.327722549438477 220160
1771244017859 26.360179901123047 225280
1771244027349 26.37912940979004 230400
1771244039204 26.39569091796875 235520
1771244048895 26.439943313598633 240640
1771244061142 26.465431213378906 245760
1771244070762 26.484832763671875 250880
1771244082421 26.516071319580078 256000
1771244092303 26.54572868347168 261120
1771244104011 26.559724807739258 266240
1771244114186 26.587373733520508 271360
