1771243555944 1.1365299224853516 5120
1771243565408 1.1450079679489136 10240
1771243577242 1.1499346494674683 15360
1771243587018 1.1467854976654053 20480
1771243598483 1.1442737579345703 25600
1771243608507 1.1467758417129517 30720
1771243619822 1.1438101530075073 35840
1771243630322 1.1484016180038452 40960
1771243641002 1.1478806734085083 46080
1771243652400 1.1477023363113403 51200
1771243662393 1.1474661827087402 56320
1771243673793 1.1475497484207153 61440
1771243683566 1.146889328956604 66560
1771243695239 1.148642659187317 71680
1771243705208 1.1514776945114136 76800
1771243716266 1.1509734392166138 81920
1771243726450 1.1531925201416016 87040
1771243737591 1.1544162034988403 92160
1771243748108 1.1506603956222534 97280
1771243759502 1.1486575603485107 102400
1771243769402 1.1483049392700195 107520
1771243780586 1.1490823030471802 112640
1771243790564 1.1491652727127075 117760
1771243801933 1.1502610445022583 122880
1771243812151 1.1504883766174316 128000
1771243824052 1.1485600471496582 133120
1771243833791 1.1493011713027954 138240
1771243845733 1.148086667060852 143360
1771243855548 1.147739291191101 148480
1771243867180 1.1477638483047485 153600
1771243877037 1.1478301286697388 158720
1771243888706 1.147696852684021 163840
1771243898411 1.1467901468276978 168960
1771243910149 1.1478294134140015 174080
1771243919935 1.1466439962387085 179200
1771243931859 1.1464800834655762 184320
1771243941547 1.1470781564712524 189440
1771243953463 1.1459846496582031 194560
1771243962763 1.146538257598877 199680
1771243974872 1.1479671001434326 204800
1771243984197 1.1485421657562256 209920
1771243996274 1.1492897272109985 215040
1771244005767 1.1500964164733887 220160
1771244017859 1.1505727767944336 225280
1771244027349 1.1505656242370605 230400
1771244039204 1.1502935886383057 235520
1771244048895 1.1514482498168945 240640
1771244061142 1.151525616645813 245760
1771244070762 1.151711106300354 250880
1771244082421 1.152366280555725 256000
1771244092303 1.1527222394943237 261120
1771244104011 1.1527724266052246 266240
1771244114186 1.1531404256820679 271360
