1771243555941 -0.4673098623752594 5120
1771243565406 -0.9190725088119507 10240
1771243577239 -1.0701357126235962 15360
1771243587016 -1.034926176071167 20480
1771243598480 -0.9863165020942688 25600
1771243608505 -0.8695910573005676 30720
1771243619819 -0.7395078539848328 35840
1771243630320 -0.6827548742294312 40960
1771243641000 -0.7025765180587769 46080
1771243652398 -0.7199192047119141 51200
1771243662390 -0.7659699320793152 56320
1771243673790 -0.7921810746192932 61440
1771243683564 -0.8357845544815063 66560
1771243695237 -0.8749086260795593 71680
1771243705205 -0.9088228344917297 76800
1771243716264 -0.9439613223075867 81920
1771243726447 -0.9848645925521851 87040
1771243737588 -1.0451772212982178 92160
1771243748105 -1.0631964206695557 97280
1771243759500 -1.1439526081085205 102400
1771243769400 -1.216336965560913 107520
1771243780583 -1.2480299472808838 112640
1771243790562 -1.3335455656051636 117760
1771243801931 -1.3770252466201782 122880
1771243812149 -1.4708220958709717 128000
1771243824050 -1.602810263633728 133120
1771243833788 -1.7315034866333008 138240
1771243845731 -1.8812099695205688 143360
1771243855546 -1.9742227792739868 148480
1771243867178 -2.0366082191467285 153600
1771243877035 -2.0647263526916504 158720
1771243888703 -2.088305950164795 163840
1771243898409 -2.142953634262085 168960
1771243910147 -2.171760082244873 174080
1771243919933 -2.2407028675079346 179200
1771243931856 -2.288597345352173 184320
1771243941545 -2.30352520942688 189440
1771243953460 -2.2583093643188477 194560
1771243962761 -2.324984073638916 199680
1771243974870 -2.3671960830688477 204800
1771243984195 -2.367297649383545 209920
1771243996271 -2.3253464698791504 215040
1771244005765 -2.37317156791687 220160
1771244017857 -2.37103533744812 225280
1771244027347 -2.4133925437927246 230400
1771244039201 -2.4546120166778564 235520
1771244048892 -2.4874377250671387 240640
1771244061140 -2.4818787574768066 245760
1771244070759 -2.543691396713257 250880
1771244082419 -2.5616183280944824 256000
1771244092300 -2.576730251312256 261120
1771244104008 -2.6306138038635254 266240
1771244114183 -2.617626667022705 271360
