1771089589558 0.0 5120
1771089609965 0.0 10240
1771089628566 0.0 15360
1771089644462 0.0 20480
1771089661083 0.0 25600
1771089680778 0.0 30720
1771089700357 0.0 35840
1771089716399 0.0 40960
1771089732703 0.0 46080
1771089752261 0.0 51200
1771089771443 0.0 56320
1771089787750 0.0 61440
1771089803913 0.0 66560
1771089823274 0.0 71680
1771089842718 0.0 76800
1771089860012 0.0 81920
1771089875478 0.0 87040
1771089894134 0.0 92160
1771089914352 0.0 97280
1771089931775 0.0 102400
1771089947614 0.0 107520
1771089965485 0.0 112640
1771089985671 0.0 117760
1771090003717 0.0 122880
1771090019542 0.0 128000
1771090036086 0.0 133120
1771090057428 0.0 138240
1771090075169 0.0 143360
1771090090487 0.0 148480
1771090107355 0.0 153600
1771090128350 0.0 158720
1771090146350 0.0 163840
1771090162226 0.0 168960
1771090178263 0.0 174080
1771090199304 0.0 179200
1771090217577 0.0 184320
1771090233159 0.0 189440
1771090249566 0.0 194560
1771090271513 0.0 199680
1771090288041 0.0 204800
1771090304096 0.0 209920
1771090320953 0.0 215040
1771090342577 0.0 220160
1771090358822 0.0 225280
1771090375654 0.0 230400
1771090391808 0.0 235520
1771090413949 0.0 240640
1771090429830 0.0 245760
1771090446483 0.0 250880
1771090463351 0.0 256000
1771090486193 0.0 261120
1771090501598 0.0 266240
1771090518418 0.0 271360
1771090534747 0.0 276480
1771090557298 0.0 281600
1771090572539 0.0 286720
1771090588936 0.0 291840
1771090605924 0.0 296960
1771090615235 0.0 300032
