1771089589558 1.1252062320709229 5120
1771089609965 1.1417986154556274 10240
1771089628566 1.1531620025634766 15360
1771089644462 1.1528970003128052 20480
1771089661083 1.1486824750900269 25600
1771089680778 1.1522387266159058 30720
1771089700357 1.1523547172546387 35840
1771089716399 1.153729796409607 40960
1771089732703 1.1549444198608398 46080
1771089752261 1.161661982536316 51200
1771089771443 1.1621429920196533 56320
1771089787750 1.1618000268936157 61440
1771089803913 1.1613097190856934 66560
1771089823274 1.1610461473464966 71680
1771089842718 1.1605148315429688 76800
1771089860012 1.1593858003616333 81920
1771089875478 1.1586787700653076 87040
1771089894134 1.1599109172821045 92160
1771089914352 1.1575117111206055 97280
1771089931775 1.159156084060669 102400
1771089947614 1.1593563556671143 107520
1771089965485 1.1602016687393188 112640
1771089985671 1.1605303287506104 117760
1771090003717 1.1597135066986084 122880
1771090019542 1.158329963684082 128000
1771090036086 1.1583688259124756 133120
1771090057428 1.156671404838562 138240
1771090075169 1.15559983253479 143360
1771090090487 1.1561753749847412 148480
1771090107355 1.156722068786621 153600
1771090128350 1.1583298444747925 158720
1771090146350 1.1595568656921387 163840
1771090162226 1.1599756479263306 168960
1771090178263 1.1605565547943115 174080
1771090199304 1.1607627868652344 179200
1771090217577 1.1615705490112305 184320
1771090233159 1.161833643913269 189440
1771090249566 1.160640001296997 194560
1771090271513 1.1603233814239502 199680
1771090288041 1.160323143005371 204800
1771090304096 1.1617499589920044 209920
1771090320953 1.161745548248291 215040
1771090342577 1.162367820739746 220160
1771090358822 1.1621687412261963 225280
1771090375654 1.1622233390808105 230400
1771090391808 1.1615898609161377 235520
1771090413949 1.1617242097854614 240640
1771090429830 1.161725401878357 245760
1771090446483 1.161365032196045 250880
1771090463351 1.1620053052902222 256000
1771090486193 1.1616015434265137 261120
1771090501598 1.1613386869430542 266240
1771090518418 1.1611719131469727 271360
1771090534747 1.1613909006118774 276480
1771090557298 1.161119818687439 281600
1771090572539 1.1616824865341187 286720
1771090588936 1.161663293838501 291840
1771090605924 1.1613421440124512 296960
1771090615235 1.1614444255828857 300032
