1771089589558 1.0509836673736572 5120
1771089609965 1.0962493419647217 10240
1771089628566 1.1106983423233032 15360
1771089644462 1.1025495529174805 20480
1771089661083 1.092594027519226 25600
1771089680778 1.0037225484848022 30720
1771089700357 0.9116511344909668 35840
1771089716399 0.8432270288467407 40960
1771089732703 0.7877247929573059 46080
1771089752261 0.7486996650695801 51200
1771089771443 0.7759957909584045 56320
1771089787750 0.8074466586112976 61440
1771089803913 0.8335824012756348 66560
1771089823274 0.8570592403411865 71680
1771089842718 0.8739351034164429 76800
1771089860012 0.8881861567497253 81920
1771089875478 0.9016188383102417 87040
1771089894134 0.9142407774925232 92160
1771089914352 0.9206724762916565 97280
1771089931775 0.9311354160308838 102400
1771089947614 0.941669225692749 107520
1771089965485 0.948675274848938 112640
1771089985671 0.9549189209938049 117760
1771090003717 0.964201033115387 122880
1771090019542 0.9716676473617554 128000
1771090036086 0.9783125519752502 133120
1771090057428 0.9803869128227234 138240
1771090075169 0.9838646650314331 143360
1771090090487 0.9883707761764526 148480
1771090107355 0.9937928915023804 153600
1771090128350 0.9989949464797974 158720
1771090146350 1.0041544437408447 163840
1771090162226 1.0075733661651611 168960
1771090178263 1.009921669960022 174080
1771090199304 1.0131769180297852 179200
1771090217577 1.0173763036727905 184320
1771090233159 1.0194464921951294 189440
1771090249566 1.0225193500518799 194560
1771090271513 1.0262506008148193 199680
1771090288041 1.0291870832443237 204800
1771090304096 1.0332908630371094 209920
1771090320953 1.0357896089553833 215040
1771090342577 1.0387351512908936 220160
1771090358822 1.0410491228103638 225280
1771090375654 1.0432041883468628 230400
1771090391808 1.0440120697021484 235520
1771090413949 1.0464355945587158 240640
1771090429830 1.0478475093841553 245760
1771090446483 1.0498559474945068 250880
1771090463351 1.0538976192474365 256000
1771090486193 1.055725336074829 261120
1771090501598 1.0565483570098877 266240
1771090518418 1.057705044746399 271360
1771090534747 1.0595946311950684 276480
1771090557298 1.0607339143753052 281600
1771090572539 1.0624420642852783 286720
1771090588936 1.0627731084823608 291840
1771090605924 1.064424991607666 296960
1771090615235 1.06460702419281 300032
