1771089589553 100.53220200858081 5120
1771089609959 103.82711587494121 10240
1771089628560 107.25474351761878 15360
1771089644456 110.46072002317558 20480
1771089661077 113.8611721910036 25600
1771089680772 104.13645504878716 30720
1771089700351 110.060720564696 35840
1771089716393 103.52982993113322 40960
1771089732697 106.99209224019182 46080
1771089752254 113.56828766381457 51200
1771089771437 108.96843417941857 56320
1771089787743 101.97179811339103 61440
1771089803906 114.28309855317293 66560
1771089823267 107.79778457426302 71680
1771089842711 104.4944816761753 76800
1771089860005 108.9146715138925 81920
1771089875472 105.55957114813509 87040
1771089894127 107.16157383750638 92160
1771089914345 103.96609077163325 97280
1771089931768 106.71714627382134 102400
1771089947607 102.4350119669809 107520
1771089965478 102.59788165651526 112640
1771089985664 105.44545843075144 117760
1771090003710 101.42928999806539 122880
1771090019535 110.1966265566707 128000
1771090036079 115.33269172601534 133120
1771090057421 110.20820852383204 138240
1771090075162 106.51118616521497 143360
1771090090480 106.58155667928747 148480
1771090107348 105.2840002008133 153600
1771090128343 109.05910190072545 158720
1771090146343 106.78507052293905 163840
1771090162218 103.03643108064952 168960
1771090178256 115.510561537826 174080
1771090199297 109.75543634698417 179200
1771090217569 113.97874942253866 184320
1771090233152 116.22756117161305 189440
1771090249558 101.4808255304735 194560
1771090271505 104.62220004988775 199680
1771090288033 102.57028269588183 204800
1771090304088 103.55027774348846 209920
1771090320945 105.8232370379715 215040
1771090342569 102.00651782674255 220160
1771090358814 104.73453691912003 225280
1771090375646 109.81578258365188 230400
1771090391800 114.13072108843538 235520
1771090413941 107.78393380274451 240640
1771090429822 112.2071696094168 245760
1771090446474 109.0080827507342 250880
1771090463342 104.40864283580603 256000
1771090486184 108.70578478125648 261120
1771090501589 105.12567045967216 266240
1771090518409 101.70228655949177 271360
1771090534739 106.5165959824263 276480
1771090557290 103.3563490303344 281600
1771090572530 102.65814915436768 286720
1771090588927 102.61043154907526 291840
1771090605915 109.66934239769904 296960
1771090615227 106.99482156067447 300032
