1771089589558 1.877916932106018 5120
1771089609965 1.7508139610290527 10240
1771089628566 1.6894136667251587 15360
1771089644462 1.6376724243164062 20480
1771089661083 1.58935546875 25600
1771089680778 1.3715898990631104 30720
1771089700357 1.1329517364501953 35840
1771089716399 0.9540728330612183 40960
1771089732703 0.8026515245437622 46080
1771089752261 0.6995491981506348 51200
1771089771443 0.7628393173217773 56320
1771089787750 0.837608814239502 61440
1771089803913 0.8919691443443298 66560
1771089823274 0.950078547000885 71680
1771089842718 0.9966226816177368 76800
1771089860012 1.0321543216705322 81920
1771089875478 1.0681216716766357 87040
1771089894134 1.0930075645446777 92160
1771089914352 1.1128345727920532 97280
1771089931775 1.1324375867843628 102400
1771089947614 1.1571171283721924 107520
1771089965485 1.1773920059204102 112640
1771089985671 1.1940394639968872 117760
1771090003717 1.2146188020706177 122880
1771090019542 1.2285573482513428 128000
1771090036086 1.2393698692321777 133120
1771090057428 1.2422850131988525 138240
1771090075169 1.2521326541900635 143360
1771090090487 1.2604809999465942 148480
1771090107355 1.272367000579834 153600
1771090128350 1.2815221548080444 158720
1771090146350 1.2930026054382324 163840
1771090162226 1.2974060773849487 168960
1771090178263 1.3062028884887695 174080
1771090199304 1.3139296770095825 179200
1771090217577 1.3237704038619995 184320
1771090233159 1.3272615671157837 189440
1771090249566 1.3359529972076416 194560
1771090271513 1.3440910577774048 199680
1771090288041 1.3502079248428345 204800
1771090304096 1.3582273721694946 209920
1771090320953 1.363599181175232 215040
1771090342577 1.370085597038269 220160
1771090358822 1.3738232851028442 225280
1771090375654 1.377974271774292 230400
1771090391808 1.3814582824707031 235520
1771090413949 1.386310338973999 240640
1771090429830 1.3873800039291382 245760
1771090446483 1.3918758630752563 250880
1771090463351 1.4005868434906006 256000
1771090486193 1.4055476188659668 261120
1771090501598 1.4073818922042847 266240
1771090518418 1.411675214767456 271360
1771090534747 1.4129478931427002 276480
1771090557298 1.416555404663086 281600
1771090572539 1.420284628868103 286720
1771090588936 1.4209845066070557 291840
1771090605924 1.4252407550811768 296960
1771090615235 1.4261763095855713 300032
