1771193529058 19.314332962036133 5120
1771193545289 21.58592987060547 10240
1771193561612 18.442737579345703 15360
1771193577899 17.467485427856445 20480
1771193594369 17.469518661499023 25600
1771193610537 17.397235870361328 30720
1771193627288 18.064285278320312 35840
1771193643395 17.52583885192871 40960
1771193659993 17.60015869140625 46080
1771193676526 17.330368041992188 51200
1771193692500 17.672670364379883 56320
1771193709349 17.465438842773438 61440
1771193725191 16.608478546142578 66560
1771193742194 16.894746780395508 71680
1771193758565 16.523731231689453 76800
1771193775077 15.24915599822998 81920
1771193791016 16.09090805053711 87040
1771193807740 15.806009292602539 92160
1771193823399 15.500419616699219 97280
1771193840603 15.995915412902832 102400
1771193856235 14.808538436889648 107520
1771193873138 15.085929870605469 112640
1771193888754 15.250936508178711 117760
1771193905923 14.037935256958008 122880
1771193922187 14.912683486938477 128000
1771193938474 14.483972549438477 133120
1771193954705 14.381973266601562 138240
1771193971403 13.892623901367188 143360
1771193987874 13.981130599975586 148480
1771194004516 13.441332817077637 153600
1771194020297 14.167492866516113 158720
1771194037277 13.260778427124023 163840
1771194052970 13.59953784942627 168960
1771194070030 12.818620681762695 174080
1771194086625 12.866819381713867 179200
1771194103164 12.975491523742676 184320
1771194119250 12.758691787719727 189440
1771194136145 12.18368911743164 194560
1771194152288 12.106776237487793 199680
1771194169094 12.72715950012207 204800
1771194185075 12.650656700134277 209920
1771194201931 12.139801979064941 215040
1771194218220 11.627352714538574 220160
1771194234654 11.68454647064209 225280
1771194251725 11.917346954345703 230400
1771194267778 11.35123348236084 235520
1771194283891 11.578779220581055 240640
1771194300578 12.060266494750977 245760
1771194316635 10.986459732055664 250880
1771194333274 11.101282119750977 256000
1771194349358 11.405216217041016 261120
1771194366102 11.20781135559082 266240
1771194382818 11.806219100952148 271360
1771194398791 11.874349594116211 276480
1771194415695 11.562308311462402 281600
1771194431566 11.49136734008789 286720
1771194448383 11.49362850189209 291840
1771194464677 10.97158145904541 296960
1771194473522 10.652647018432617 300032
