1771193529061 0.28548988699913025 5120
1771193545291 0.28512266278266907 10240
1771193561615 0.27536335587501526 15360
1771193577902 0.2742297351360321 20480
1771193594371 0.26965996623039246 25600
1771193610539 0.2694641649723053 30720
1771193627290 0.2694271206855774 35840
1771193643397 0.26922330260276794 40960
1771193659996 0.2710530161857605 46080
1771193676528 0.27107977867126465 51200
1771193692502 0.27123594284057617 56320
1771193709351 0.271411269903183 61440
1771193725193 0.27327778935432434 66560
1771193742196 0.2718583345413208 71680
1771193758567 0.271853506565094 76800
1771193775080 0.2718494236469269 81920
1771193791019 0.2706421911716461 87040
1771193807742 0.2705930769443512 92160
1771193823401 0.26988086104393005 97280
1771193840605 0.2695356011390686 102400
1771193856237 0.26903775334358215 107520
1771193873140 0.26889899373054504 112640
1771193888756 0.2688347399234772 117760
1771193905926 0.2690890431404114 122880
1771193922189 0.26921793818473816 128000
1771193938476 0.2696729600429535 133120
1771193954707 0.26976972818374634 138240
1771193971405 0.26917219161987305 143360
1771193987876 0.26963067054748535 148480
1771194004518 0.26906365156173706 153600
1771194020299 0.26887375116348267 158720
1771194037279 0.26881304383277893 163840
1771194052973 0.26815265417099 168960
1771194070033 0.26781779527664185 174080
1771194086628 0.2679778039455414 179200
1771194103167 0.26833316683769226 184320
1771194119252 0.26761481165885925 189440
1771194136148 0.26752522587776184 194560
1771194152290 0.2679237723350525 199680
1771194169096 0.2678842842578888 204800
1771194185078 0.2680476903915405 209920
1771194201934 0.26744017004966736 215040
1771194218223 0.26759058237075806 220160
1771194234657 0.2677869200706482 225280
1771194251728 0.26756981015205383 230400
1771194267780 0.26738545298576355 235520
1771194283893 0.26762786507606506 240640
1771194300580 0.2678687870502472 245760
1771194316638 0.2688250243663788 250880
1771194333277 0.2695156931877136 256000
1771194349361 0.2696492075920105 261120
1771194366105 0.2695910632610321 266240
1771194382821 0.26969918608665466 271360
1771194398794 0.2696172893047333 276480
1771194415697 0.26957210898399353 281600
1771194431568 0.26945728063583374 286720
1771194448385 0.2694409489631653 291840
1771194464680 0.26932018995285034 296960
1771194473524 0.2692660391330719 300032
