1758842614190 500.0 8192
1758842645512 500.0 16384
1758842646255 500.0 24576
1758842676440 500.0 32768
1758842678115 500.0 40960
1758842708617 500.0 49152
1758842710519 500.0 57344
1758842740390 500.0 65536
1758842742869 500.0 73728
1758842772288 500.0 81920
1758842775276 500.0 90112
1758842805552 500.0 98304
1758842808578 500.0 106496
1758842838273 500.0 114688
1758842843368 500.0 122880
1758842871923 500.0 131072
1758842878636 500.0 139264
1758842905522 500.0 147456
1758842912629 500.0 155648
1758842938457 500.0 163840
1758842947977 500.0 172032
1758842971653 500.0 180224
1758842982683 500.0 188416
1758843004978 500.0 196608
1758843016513 500.0 204800
1758843037527 500.0 212992
1758843050461 500.0 221184
1758843069993 500.0 229376
1758843085320 500.0 237568
1758843103237 500.0 245760
1758843119898 500.0 253952
1758843136662 500.0 262144
1758843153537 500.0 270336
1758843169980 500.0 278528
1758843188378 500.0 286720
1758843202239 500.0 294912
1758843215612 500.0 303104
