1758842614188 5.790099064509074 8192
1758842645509 2.083847780227661 16384
1758842646252 1.4658729008265905 24576
1758842676437 1.0116292794545492 32768
1758842678111 0.6490341966802423 40960
1758842708612 0.4476227191778329 49152
1758842710516 0.3424967885017395 57344
1758842740387 0.2687419645926532 65536
1758842742864 0.23517664608202485 73728
1758842772284 0.1968329594248817 81920
1758842775273 0.1672464837198672 90112
1758842805548 0.15037906122207642 98304
1758842808574 0.1373466725702639 106496
1758842838269 0.14464898520502553 114688
1758842843365 0.14701872525676604 122880
1758842871919 0.15115523699558142 131072
1758842878630 0.14490090778895787 139264
1758842905518 0.15638885755796691 147456
1758842912622 0.14494600418286446 155648
1758842938453 0.14656830648096594 163840
1758842947971 0.1407889820808588 172032
1758842971649 0.1336616770426432 180224
1758842982654 0.13123454235969706 188416
1758843004974 0.13655266761779786 196608
1758843016509 0.12998753669215182 204800
1758843037522 0.1232024962047361 212992
1758843050457 0.11671747077595104 221184
1758843069989 0.11438969938378585 229376
1758843085315 0.1125113555940531 237568
1758843103233 0.10889190220441974 245760
1758843119893 0.10128948839883957 253952
1758843136657 0.09955345704005315 262144
1758843153532 0.10260317823780117 270336
1758843169976 0.09730305498924807 278528
1758843188373 0.0945035286352668 286720
1758843202234 0.09653079966976218 294912
1758843215605 0.04640002411765021 303104
