1758842614188 -0.24012244148179887 8192
1758842645509 -0.324187992811203 16384
1758842646252 -0.32311220679964336 24576
1758842676437 -0.04713748581707477 32768
1758842678111 0.05892274637113917 40960
1758842708612 0.06079297810792923 49152
1758842710516 0.036772406200567875 57344
1758842740387 0.02676225821761524 65536
1758842742864 0.02135394290089607 73728
1758842772284 0.014750596967392735 81920
1758842775273 -0.0744578977641852 90112
1758842805548 -0.11283961701393128 98304
1758842808574 -0.11883537062892209 106496
1758842838269 -0.10569782627039942 114688
1758842843365 -0.10917020151692051 122880
1758842871919 -0.10219594962669142 131072
1758842878630 -0.10513675587517875 139264
1758842905518 -0.09473678679079622 147456
1758842912622 -0.0955011242475265 155648
1758842938453 -0.09169972727938396 163840
1758842947971 -0.08842331919559213 172032
1758842971649 -0.07977758142683242 180224
1758842982654 -0.07522753882915416 188416
1758843004974 -0.07135290394023973 196608
1758843016509 -0.06940128803253175 204800
1758843037522 -0.0662148932241044 212992
1758843050457 -0.06181213942441073 221184
1758843069989 -0.060437833008013274 229376
1758843085315 -0.05614966982502049 237568
1758843103233 -0.053447661634351384 245760
1758843119893 -0.05129726917024643 253952
1758843136657 -0.04937952866921058 262144
1758843153532 -0.04957434063527122 270336
1758843169976 -0.04631298884101536 278528
1758843188373 -0.04461087794371054 286720
1758843202234 -0.042588097755223105 294912
1758843215605 -0.020886095794471534 303104
