1758842614188 157.5502967470513 8192
1758842645509 308.81342953909586 16384
1758842646252 97.9611360239163 24576
1758842676437 187.36281604574287 32768
1758842678111 104.294410185001 40960
1758842708612 106.99755102040817 49152
1758842710516 133.78960127591708 57344
1758842740387 245.85603751465416 65536
1758842742864 78.29722414082772 73728
1758842772284 106.77419683315513 81920
1758842775273 128.96027548886977 90112
1758842805548 89.77534246575343 98304
1758842808574 179.41243904525624 106496
1758842838269 61.49104236915408 114688
1758842843365 100.79553974814957 122880
1758842871919 102.26019114491906 131072
1758842878630 115.70174615872665 139264
1758842905518 113.70991704169603 147456
1758842912622 102.29510755572899 155648
1758842938453 92.97122844349869 163840
1758842947971 46.3576820628447 172032
1758842971649 110.65013454334407 180224
1758842982654 211.76936281934766 188416
1758843004974 82.23802988118113 196608
1758843016509 86.29367349038165 204800
1758843037522 107.48286907721088 212992
1758843050457 153.16063538433448 221184
1758843069989 110.02030270440416 229376
1758843085315 98.58975624662106 237568
1758843103233 112.19516370639846 245760
1758843119893 95.90049387232486 253952
1758843136657 100.0191725289138 262144
1758843153532 107.77008659009738 270336
1758843169976 62.06887162412135 278528
1758843188373 97.71010576340679 286720
1758843202234 93.01865117207424 294912
1758843215605 83.05388012118571 303104
