1758842614190 4.171568590051987 8192
1758842645512 0.24182489451476794 16384
1758842646255 -4.0265369250382745 24576
1758842676440 -6.291008174386921 32768
1758842678115 -7.606418814961707 40960
1758842708617 -8.5810467370735 49152
1758842710519 -9.218930893353097 57344
1758842740390 -9.76114827878835 65536
1758842742869 -10.175203392406427 73728
1758842772288 -10.500351636186474 81920
1758842775276 -10.70294196857309 90112
1758842805552 -10.343088067188956 98304
1758842808578 -9.489419276020916 106496
1758842838273 -8.711664094894063 114688
1758842843368 -8.033508143163498 122880
1758842871923 -7.487768675065541 131072
1758842878636 -6.961223673337867 139264
1758842905522 -6.429598893520927 147456
1758842912629 -6.067186056580956 155648
1758842938457 -5.711664042503774 163840
1758842947977 -5.367944255601436 172032
1758842971653 -5.011295168857173 180224
1758842982683 -4.714714703046403 188416
1758843004978 -4.439013554328015 196608
1758843016513 -4.245922061086562 204800
1758843037527 -4.045783715441048 212992
1758843050461 -3.8512164516080194 221184
1758843069993 -3.6540096466567773 229376
1758843085320 -3.4570444418218695 237568
1758843103237 -3.322354823249993 245760
1758843119898 -3.130952425783225 253952
1758843136662 -2.982259177625294 262144
1758843153537 -2.84228267961514 270336
1758843169980 -2.6865783057841734 278528
1758843188378 -2.536173156605749 286720
1758843202239 -2.4329073952173657 294912
1758843215612 -2.3697628484313213 303104
