1771638127213 376.608154296875 6144
1771638136479 384.0206298828125 12288
1771638145855 391.0525817871094 18432
1771638147948 394.1485595703125 24576
1771638157903 396.38885498046875 30720
1771638166728 396.7329406738281 36864
1771638176317 397.3957214355469 43008
1771638177940 397.8919677734375 49152
1771638187462 398.45819091796875 55296
1771638197526 398.8350830078125 61440
1771638205791 399.4042663574219 67584
1771638208464 400.3870849609375 73728
1771638218163 400.2478332519531 79872
1771638227771 399.2378234863281 86016
1771638235798 398.4935302734375 92160
1771638238544 398.6512756347656 98304
1771638248397 401.8627624511719 104448
1771638258339 405.0487365722656 110592
1771638266374 407.9801940917969 116736
1771638269448 410.8558044433594 122880
1771638279244 413.53369140625 129024
1771638289276 415.5665283203125 135168
1771638296243 417.85052490234375 141312
1771638300300 419.8133239746094 147456
1771638310307 421.62933349609375 153600
1771638320085 423.3077087402344 159744
1771638326327 424.7430419921875 165888
1771638331243 426.0562744140625 172032
1771638340635 427.5357666015625 178176
1771638350135 428.8243408203125 184320
1771638356470 429.85870361328125 190464
1771638362506 431.0292053222656 196608
1771638370753 431.94989013671875 202752
1771638380714 432.87249755859375 208896
1771638386158 433.6201171875 215040
1771638392704 433.3623962402344 221184
1771638401255 432.5774230957031 227328
1771638410412 431.8291015625 233472
1771638416354 431.20465087890625 239616
1771638423210 430.4461669921875 245760
1771638432316 429.7996826171875 251904
1771638440401 429.0765380859375 258048
1771638446771 428.45831298828125 264192
1771638453619 427.8479309082031 270336
1771638462846 427.4284362792969 276480
1771638470765 426.8095397949219 282624
1771638476884 426.41046142578125 288768
1771638483713 425.7672424316406 294912
1771638490587 425.59716796875 301056
