1771638127213 0.0 6144
1771638136479 0.0 12288
1771638145855 0.0 18432
1771638147948 0.0 24576
1771638157903 0.0 30720
1771638166728 0.0 36864
1771638176317 0.0 43008
1771638177940 0.0 49152
1771638187462 0.0 55296
1771638197526 0.0 61440
1771638205791 0.0 67584
1771638208464 0.0 73728
1771638218163 0.0 79872
1771638227771 0.0 86016
1771638235798 0.0 92160
1771638238544 0.0 98304
1771638248397 0.0 104448
1771638258339 0.0 110592
1771638266374 0.0 116736
1771638269448 0.0 122880
1771638279244 0.0 129024
1771638289276 0.0 135168
1771638296243 0.0 141312
1771638300300 0.0 147456
1771638310307 0.0 153600
1771638320085 0.0 159744
1771638326327 0.0 165888
1771638331243 0.0 172032
1771638340635 0.0 178176
1771638350135 0.0 184320
1771638356470 0.0 190464
1771638362506 0.0 196608
1771638370753 0.0 202752
1771638380714 0.0 208896
1771638386158 0.0 215040
1771638392704 0.0 221184
1771638401255 0.0 227328
1771638410412 0.0 233472
1771638416354 0.0 239616
1771638423210 0.0 245760
1771638432316 0.0 251904
1771638440401 0.0 258048
1771638446771 0.0 264192
1771638453619 0.0 270336
1771638462846 0.0 276480
1771638470765 0.0 282624
1771638476884 0.0 288768
1771638483713 0.0 294912
1771638490587 0.0 301056
