1771638127213 16.54884910583496 6144
1771638136479 16.309885025024414 12288
1771638145855 15.875324249267578 18432
1771638147948 15.738907814025879 24576
1771638157903 15.793817520141602 30720
1771638166728 15.603432655334473 36864
1771638176317 15.590532302856445 43008
1771638177940 15.481060981750488 49152
1771638187462 15.422472953796387 55296
1771638197526 15.362225532531738 61440
1771638205791 15.3023042678833 67584
1771638208464 15.199114799499512 73728
1771638218163 15.274744033813477 79872
1771638227771 15.362131118774414 86016
1771638235798 15.434224128723145 92160
1771638238544 15.378987312316895 98304
1771638248397 14.791422843933105 104448
1771638258339 14.212761878967285 110592
1771638266374 13.652997970581055 116736
1771638269448 13.156926155090332 122880
1771638279244 12.700932502746582 129024
1771638289276 12.315800666809082 135168
1771638296243 11.935297012329102 141312
1771638300300 11.584157943725586 147456
1771638310307 11.260848999023438 153600
1771638320085 10.95545768737793 159744
1771638326327 10.696974754333496 165888
1771638331243 10.458296775817871 172032
1771638340635 10.19386100769043 178176
1771638350135 9.984166145324707 184320
1771638356470 9.785991668701172 190464
1771638362506 9.565346717834473 196608
1771638370753 9.40411376953125 202752
1771638380714 9.238445281982422 208896
1771638386158 9.09029483795166 215040
1771638392704 9.120692253112793 221184
1771638401255 9.288200378417969 227328
1771638410412 9.447113990783691 233472
1771638416354 9.5983304977417 239616
1771638423210 9.751300811767578 245760
1771638432316 9.882797241210938 251904
1771638440401 10.00882625579834 258048
1771638446771 10.124381065368652 264192
1771638453619 10.263826370239258 270336
1771638462846 10.367487907409668 276480
1771638470765 10.457918167114258 282624
1771638476884 10.567588806152344 288768
1771638483713 10.677115440368652 294912
1771638490587 10.744260787963867 301056
