1771638127213 24.55617332458496 6144
1771638136479 22.392614364624023 12288
1771638145855 20.431249618530273 18432
1771638147948 19.366369247436523 24576
1771638157903 18.757328033447266 30720
1771638166728 18.031478881835938 36864
1771638176317 17.92124366760254 43008
1771638177940 17.49539566040039 49152
1771638187462 17.230140686035156 55296
1771638197526 16.96904945373535 61440
1771638205791 16.67072296142578 67584
1771638208464 16.337100982666016 73728
1771638218163 16.398845672607422 79872
1771638227771 16.6580753326416 86016
1771638235798 17.005922317504883 92160
1771638238544 16.845666885375977 98304
1771638248397 15.44785213470459 104448
1771638258339 14.021931648254395 110592
1771638266374 12.715052604675293 116736
1771638269448 11.529825210571289 122880
1771638279244 10.412736892700195 129024
1771638289276 9.480591773986816 135168
1771638296243 8.55495834350586 141312
1771638300300 7.7233476638793945 147456
1771638310307 6.951915740966797 153600
1771638320085 6.223260402679443 159744
1771638326327 5.6309356689453125 165888
1771638331243 5.030289173126221 172032
1771638340635 4.417843818664551 178176
1771638350135 3.8990602493286133 184320
1771638356470 3.4233007431030273 190464
1771638362506 2.9285061359405518 196608
1771638370753 2.503453254699707 202752
1771638380714 2.113617181777954 208896
1771638386158 1.7538706064224243 215040
1771638392704 1.8422012329101562 221184
1771638401255 2.191441535949707 227328
1771638410412 2.5465197563171387 233472
1771638416354 2.8577117919921875 239616
1771638423210 3.1658012866973877 245760
1771638432316 3.494826555252075 251904
1771638440401 3.7689685821533203 258048
1771638446771 4.054379463195801 264192
1771638453619 4.34501838684082 270336
1771638462846 4.559300899505615 276480
1771638470765 4.767889976501465 282624
1771638476884 5.016518592834473 288768
1771638483713 5.22797966003418 294912
1771638490587 5.363211154937744 301056
