1771745858772 384.0 6144
1771745897273 684.0 12288
1771745935694 986.0 18432
1771745975027 1290.0 24576
1771746013365 1593.0 30720
1771746051705 1858.0 36864
1771746090007 2108.0 43008
1771746128312 2377.0 49152
1771746166569 2663.0 55296
1771746205430 2923.0 61440
1771746243695 3135.0 67584
1771746281997 3354.0 73728
1771746320229 3585.0 79872
1771746358478 3840.0 86016
1771746397338 4104.0 92160
1771746435605 4394.0 98304
1771746473853 4681.0 104448
1771746512170 4968.0 110592
1771746550436 5254.0 116736
1771746589415 5532.0 122880
1771746627712 5810.0 129024
1771746665942 6086.0 135168
1771746704132 6363.0 141312
1771746742447 6633.0 147456
1771746781396 6895.0 153600
1771746819741 7167.0 159744
1771746858002 7427.0 165888
1771746896232 7691.0 172032
1771746934938 7959.0 178176
1771746973890 8216.0 184320
1771747012111 8480.0 190464
1771747050285 8745.0 196608
1771747088579 9013.0 202752
1771747126914 9277.0 208896
1771747165263 9545.0 215040
1771747204373 9813.0 221184
1771747242735 10081.0 227328
1771747281039 10357.0 233472
1771747319328 10629.0 239616
1771747357607 10901.0 245760
1771747396560 11174.0 251904
1771747434875 11442.0 258048
1771747473136 11719.0 264192
1771747511491 11989.0 270336
1771747549800 12268.0 276480
1771747589023 12543.0 282624
1771747627308 12817.0 288768
1771747665832 13086.0 294912
1771747691357 13267.0 301056
