1771745858772 21.35416603088379 6144
1771745897273 20.942981719970703 12288
1771745935694 20.779918670654297 18432
1771745975027 20.650386810302734 24576
1771746013365 20.5812931060791 30720
1771746051705 20.940258026123047 36864
1771746090007 21.344402313232422 43008
1771746128312 21.518720626831055 49152
1771746166569 21.512205123901367 55296
1771746205430 21.686622619628906 61440
1771746243695 22.18181800842285 67584
1771746281997 22.567977905273438 73728
1771746320229 22.832914352416992 79872
1771746358478 22.914323806762695 86016
1771746397338 22.943225860595703 92160
1771746435605 22.83090591430664 98304
1771746473853 22.73979949951172 104448
1771746512170 22.661836624145508 110592
1771746550436 22.600494384765625 116736
1771746589415 22.57917594909668 122880
1771746627712 22.552324295043945 129024
1771746665942 22.54387092590332 135168
1771746704132 22.526796340942383 141312
1771746742447 22.530378341674805 147456
1771746781396 22.559825897216797 153600
1771746819741 22.56536865234375 159744
1771746858002 22.60064697265625 165888
1771746896232 22.625276565551758 172032
1771746934938 22.636512756347656 178176
1771746973890 22.67563247680664 184320
1771747012111 22.695283889770508 190464
1771747050285 22.70989227294922 196608
1771747088579 22.715299606323242 202752
1771747126914 22.731271743774414 208896
1771747165263 22.738187789916992 215040
1771747204373 22.74360466003418 221184
1771747242735 22.747743606567383 227328
1771747281039 22.737279891967773 233472
1771747319328 22.73101806640625 239616
1771747357607 22.729841232299805 245760
1771747396560 22.723554611206055 251904
1771747434875 22.728456497192383 258048
1771747473136 22.716358184814453 264192
1771747511491 22.715656280517578 270336
1771747549800 22.69986915588379 276480
1771747589023 22.691143035888672 282624
1771747627308 22.686119079589844 288768
1771747665832 22.689973831176758 294912
1771747691357 22.688400268554688 301056
