1771745858769 -0.48945626616477966 6144
1771745897270 -0.3705916702747345 12288
1771745935691 -0.38532865047454834 18432
1771745975024 -0.6773502230644226 24576
1771746013361 -1.0956687927246094 30720
1771746051702 -1.3495970964431763 36864
1771746090004 -1.555382251739502 43008
1771746128309 -1.702818512916565 49152
1771746166566 -1.7114214897155762 55296
1771746205427 -1.749182105064392 61440
1771746243691 -1.8520480394363403 67584
1771746281993 -2.0284159183502197 73728
1771746320225 -2.1499993801116943 79872
1771746358475 -2.220778226852417 86016
1771746397335 -2.3559000492095947 92160
1771746435601 -2.480865240097046 98304
1771746473850 -2.5851595401763916 104448
1771746512167 -2.683655023574829 110592
1771746550432 -2.774811029434204 116736
1771746589412 -2.868915557861328 122880
1771746627709 -2.959545135498047 129024
1771746665939 -3.0461161136627197 135168
1771746704129 -3.126129150390625 141312
1771746742443 -3.192005157470703 147456
1771746781393 -3.250927686691284 153600
1771746819738 -3.291989326477051 159744
1771746857999 -3.3445193767547607 165888
1771746896228 -3.388232946395874 172032
1771746934935 -3.4158363342285156 178176
1771746973887 -3.439699172973633 184320
1771747012108 -3.468123197555542 190464
1771747050281 -3.480670928955078 196608
1771747088575 -3.509404182434082 202752
1771747126910 -3.509254217147827 208896
1771747165260 -3.5095932483673096 215040
1771747204370 -3.5284385681152344 221184
1771747242732 -3.5185203552246094 227328
1771747281035 -3.531066656112671 233472
1771747319325 -3.538480758666992 239616
1771747357604 -3.507171630859375 245760
1771747396557 -3.5027072429656982 251904
1771747434871 -3.519301176071167 258048
1771747473133 -3.5016345977783203 264192
1771747511488 -3.4939305782318115 270336
1771747549797 -3.4756603240966797 276480
1771747589019 -3.4836204051971436 282624
1771747627305 -3.4555132389068604 288768
1771747665828 -3.450218915939331 294912
1771747691354 -3.429699182510376 301056
