1771745858772 16.725751876831055 6144
1771745897273 16.113849639892578 12288
1771745935694 16.30807113647461 18432
1771745975027 16.98585319519043 24576
1771746013365 17.00873374938965 30720
1771746051705 16.49609375 36864
1771746090007 15.317556381225586 43008
1771746128312 14.327136039733887 49152
1771746166569 14.680846214294434 55296
1771746205430 15.068147659301758 61440
1771746243695 15.527547836303711 67584
1771746281997 15.955004692077637 73728
1771746320229 16.31366539001465 79872
1771746358478 16.546573638916016 86016
1771746397338 16.65838623046875 92160
1771746435605 16.602434158325195 98304
1771746473853 16.6417179107666 104448
1771746512170 16.65630531311035 110592
1771746550436 16.677000045776367 116736
1771746589415 16.74580192565918 122880
1771746627712 16.871788024902344 129024
1771746665942 16.987937927246094 135168
1771746704132 17.074365615844727 141312
1771746742447 17.183734893798828 147456
1771746781396 17.31124496459961 153600
1771746819741 17.399507522583008 159744
1771746858002 17.556241989135742 165888
1771746896232 17.673023223876953 172032
1771746934938 17.729862213134766 178176
1771746973890 17.796077728271484 184320
1771747012111 17.86674690246582 190464
1771747050285 17.96796989440918 196608
1771747088579 18.038898468017578 202752
1771747126914 18.065391540527344 208896
1771747165263 18.1170654296875 215040
1771747204373 18.170570373535156 221184
1771747242735 18.173521041870117 227328
1771747281039 18.152870178222656 233472
1771747319328 18.15823745727539 239616
1771747357607 18.16599464416504 245760
1771747396560 18.155485153198242 251904
1771747434875 18.16390609741211 258048
1771747473136 18.167327880859375 264192
1771747511491 18.20194435119629 270336
1771747549800 18.20224952697754 276480
1771747589023 18.231197357177734 282624
1771747627308 18.268980026245117 288768
1771747665832 18.30610466003418 294912
1771747691357 18.32817840576172 301056
