1771745858769 51.81735520853924 6144
1771745897270 48.19487980879717 12288
1771745935691 49.40578361505389 18432
1771745975024 47.335500180570605 24576
1771746013361 48.47449321591198 30720
1771746051702 46.768626926250526 36864
1771746090004 47.485016246079994 43008
1771746128309 47.78907789943828 49152
1771746166566 51.46195845551698 55296
1771746205427 45.60166128488644 61440
1771746243691 48.77891749819738 67584
1771746281993 47.87198539062946 73728
1771746320225 50.7698937226136 79872
1771746358475 45.35559496518015 86016
1771746397335 46.48458384129447 92160
1771746435601 50.983420041814554 98304
1771746473850 51.75341789645131 104448
1771746512167 51.75086368571711 110592
1771746550432 49.61266131226269 116736
1771746589412 46.53512625926419 122880
1771746627709 51.75661101444983 129024
1771746665939 50.776654600922484 135168
1771746704129 44.92902285922403 141312
1771746742443 52.51676558235044 147456
1771746781393 51.61394484574776 153600
1771746819738 44.84735468970532 159744
1771746857999 51.9940001735487 165888
1771746896228 45.61207534038018 172032
1771746934935 50.143509552160296 178176
1771746973887 50.17890341799562 184320
1771747012108 49.8935823469934 190464
1771747050281 47.552849676314864 196608
1771747088575 49.06479499327367 202752
1771747126910 50.10996153019044 208896
1771747165260 50.92152292152292 215040
1771747204370 47.03610998968286 221184
1771747242732 47.157743248409076 227328
1771747281035 50.60878168852637 233472
1771747319325 42.743192564813306 239616
1771747357604 49.05790846462449 245760
1771747396557 36.09338508007263 251904
1771747434871 51.533407052463446 258048
1771747473133 47.309871864284425 264192
1771747511488 49.02980852406892 270336
1771747549797 45.32030946103644 276480
1771747589019 51.055409484857336 282624
1771747627305 49.34939759036145 288768
1771747665828 3.9541114971081646 294912
1771747691354 49.251464872418126 301056
