1759771988136 0.5481778298659872 5120
1759772011726 1.1833671764893965 10240
1759772044119 0.8889300350099802 15360
1759772067050 0.5493264697846912 20480
1759772090978 0.40637162786263686 25600
1759772119864 0.346784786639675 30720
1759772145835 0.30151735213067793 35840
1759772168899 0.26404531089270983 40960
1759772194968 0.23202979201855864 46080
1759772227568 0.2041068397316278 51200
1759772252037 0.18391635375363485 56320
1759772274706 0.16929879090825062 61440
1759772298030 0.1587752345836524 66560
1759772331195 0.15130408700083345 71680
1759772354546 0.14279816919251492 76800
1759772377995 0.13364031020505932 81920
1759772405035 0.12410607920136564 87040
1759772433688 0.09593014861201192 92160
1759772456350 0.08496458257238071 97280
1759772478071 0.08008350076356736 102400
1759772501851 0.08487564516517351 107520
1759772530566 0.06870937401109986 112640
1759772554659 0.07009715848955614 117760
1759772576349 0.04852410057359491 122880
1759772599198 0.04530944738477941 128000
1759772626082 0.05474381237539627 133120
1759772650455 0.04839757610769833 138240
1759772674572 0.028899053267553338 143360
1759772698570 0.04452509165626683 148480
1759772720296 0.038633507465487285 153600
1759772745474 0.02805971273053915 158720
1759772772629 0.029317746917653528 163840
1759772794264 0.023456162057188618 168960
1759772816964 0.020236082684401184 174080
1759772841662 0.025429243547841908 179200
1759772870091 0.021921846595752303 184320
1759772891132 0.023491347489017312 189440
1759772914653 0.015128934664251917 194560
1759772937048 0.010397060063420508 199680
1759772967280 0.0077688941463309145 204800
1759772989103 0.0066863855111946174 209920
1759773010896 0.0052675275441029625 215040
1759773031894 0.004634512974708168 220160
1759773063835 0.004655110633750847 225280
1759773085495 0.005223910259989511 230400
1759773107002 0.0062513240617075 235520
1759773128480 0.006585664036920515 240640
1759773159696 0.006333951435643112 245760
1759773181875 0.005588297654942768 250880
1759773205658 0.004427804177500812 256000
1759773228838 0.003911090991459787 261120
1759773261824 0.0039422147347095825 266240
1759773284588 0.004438263738065734 271360
1759773308208 0.005327564137008358 276480
1759773331390 0.0017965331349683845 281600
1759773363397 -0.0014556129525988978 286720
1759773385650 -0.002347161448918856 291840
1759773409571 -0.0023146779266829346 296960
1759773422171 -0.00038044110906815774 300032
