1759771988140 24.109057708625937 5120
1759772011732 22.244309952235458 10240
1759772044125 22.10988004733487 15360
1759772067056 21.59550577591239 20480
1759772090984 21.677405046807372 25600
1759772119870 21.147746076912714 30720
1759772145841 20.949760183903845 35840
1759772168909 21.019982638045132 40960
1759772194976 20.743894514591258 46080
1759772227574 20.605066835905042 51200
1759772252043 20.66993916482242 56320
1759772274711 20.35461917282682 61440
1759772298038 20.3402368853327 66560
1759772331223 20.427912583821858 71680
1759772354553 20.641349091930426 76800
1759772378000 20.48036690237133 81920
1759772405041 20.41323728666974 87040
1759772433696 20.636104194992583 92160
1759772456357 20.726334311439437 97280
1759772478076 20.66271195798631 102400
1759772501860 20.678227506887417 107520
1759772530571 20.64878351334145 112640
1759772554668 20.697426476094634 117760
1759772576355 20.646586633971122 122880
1759772599204 20.62264998761873 128000
1759772626087 20.541205342446446 133120
1759772650460 20.543657229599546 138240
1759772674581 20.6304094707374 143360
1759772698576 20.6130883902156 148480
1759772720302 20.638195691423746 153600
1759772745483 20.653142639912655 158720
1759772772635 20.63280644374877 163840
1759772794271 20.552751478514132 168960
1759772816969 20.520122787290838 174080
1759772841675 20.57638294881087 179200
1759772870099 20.590663415826466 184320
1759772891139 20.59414969882391 189440
1759772914697 20.613371894734318 194560
1759772937055 20.61420125825593 199680
1759772967286 20.577552728830433 204800
1759772989109 20.578158778257468 209920
1759773010904 20.545015008496613 215040
1759773031904 20.550060698229284 220160
1759773063841 20.55939945026089 225280
1759773085502 20.54826104045472 230400
1759773107008 20.536251559005255 235520
1759773128488 20.53491368419358 240640
1759773159703 20.561783245189407 245760
1759773181888 20.575821191792475 250880
1759773205665 20.59207950191035 256000
1759773228850 20.58386169973014 261120
1759773261833 20.5321287154688 266240
1759773284596 20.503168943178064 271360
1759773308219 20.481816441864556 276480
1759773331398 20.503196144717673 281600
1759773363404 20.514465253945936 286720
1759773385661 20.5439983916503 291840
1759773409579 20.534177745371526 296960
1759773422178 20.521712632477605 300032
