1760104775219 407.0759156139184 5120
1760104791252 393.44310907956935 10240
1760104809206 396.174728176193 15360
1760104831583 400.38210066201975 20480
1760104846708 402.598104084383 25600
1760104861735 404.78182122312546 30720
1760104884386 406.7574857889625 35840
1760104902984 407.7434176880987 40960
1760104918798 408.47714566710994 46080
1760104937268 408.87547354773164 51200
1760104958542 409.66804592629626 56320
1760104977094 410.0423373845661 61440
1760104992963 410.3856777847494 66560
1760105009442 410.75347850437635 71680
1760105032079 411.1223642749258 76800
1760105049325 411.2119582871259 81920
1760105065275 411.52986523826956 87040
1760105082495 411.6966874577007 92160
1760105106445 411.7217134446783 97280
1760105121746 411.7128759414046 102400
1760105136775 411.67973858658604 107520
1760105153831 411.84356116402785 112640
1760105177117 411.72783163515163 117760
1760105194388 412.0252065599607 122880
1760105210668 411.9899786046893 128000
1760105227937 411.9705344445747 133120
1760105250181 411.8607936839962 138240
1760105265920 411.8388339258345 143360
1760105283895 411.9766259965389 148480
1760105298624 412.0993561002135 153600
1760105323041 412.1490528224498 158720
1760105339144 412.25620566367473 163840
1760105356085 412.31979946312254 168960
1760105371174 412.4060212435788 174080
1760105395160 412.60490114593415 179200
1760105412738 412.64467623629804 184320
1760105428176 412.69830774584716 189440
1760105444121 412.7217459006555 194560
1760105469861 412.7675968744915 199680
1760105485722 412.73320979864195 204800
1760105501297 412.8020547511801 209920
1760105517458 412.808984709574 215040
1760105541607 413.00643488020734 220160
1760105559035 413.17261221078724 225280
1760105574912 413.1775586451384 230400
1760105591591 413.22325126846346 235520
1760105614497 413.2676932367998 240640
1760105633880 413.2530951410128 245760
1760105648835 413.30406023311525 250880
1760105664024 413.3457144314365 256000
1760105688043 413.3440791083599 261120
1760105705194 413.4258378358645 266240
1760105721947 413.4551921948503 271360
1760105736200 413.38069101006124 276480
1760105762246 413.41238233843325 281600
1760105778279 413.43189745232013 286720
1760105794133 413.4099800548542 291840
1760105810774 413.3578842587744 296960
1760105822281 413.36016906641134 300032
