1760104775219 500.0 5120
1760104791252 500.0 10240
1760104809206 500.0 15360
1760104831583 500.0 20480
1760104846708 500.0 25600
1760104861735 500.0 30720
1760104884386 500.0 35840
1760104902984 500.0 40960
1760104918798 500.0 46080
1760104937268 500.0 51200
1760104958542 500.0 56320
1760104977094 500.0 61440
1760104992963 500.0 66560
1760105009442 500.0 71680
1760105032079 500.0 76800
1760105049325 500.0 81920
1760105065275 500.0 87040
1760105082495 500.0 92160
1760105106445 500.0 97280
1760105121746 500.0 102400
1760105136775 500.0 107520
1760105153831 500.0 112640
1760105177117 500.0 117760
1760105194388 500.0 122880
1760105210668 500.0 128000
1760105227937 500.0 133120
1760105250181 500.0 138240
1760105265920 500.0 143360
1760105283895 500.0 148480
1760105298624 500.0 153600
1760105323041 500.0 158720
1760105339144 500.0 163840
1760105356085 500.0 168960
1760105371174 500.0 174080
1760105395160 500.0 179200
1760105412738 500.0 184320
1760105428176 500.0 189440
1760105444121 500.0 194560
1760105469861 500.0 199680
1760105485722 500.0 204800
1760105501297 500.0 209920
1760105517458 500.0 215040
1760105541607 500.0 220160
1760105559035 500.0 225280
1760105574912 500.0 230400
1760105591591 500.0 235520
1760105614497 500.0 240640
1760105633880 500.0 245760
1760105648835 500.0 250880
1760105664024 500.0 256000
1760105688043 500.0 261120
1760105705194 500.0 266240
1760105721947 500.0 271360
1760105736200 500.0 276480
1760105762246 500.0 281600
1760105778279 500.0 286720
1760105794133 500.0 291840
1760105810774 500.0 296960
1760105822281 500.0 300032
