1760104775219 0.0 5120
1760104791252 0.0 10240
1760104809206 0.0 15360
1760104831583 0.0 20480
1760104846708 0.0 25600
1760104861735 0.0 30720
1760104884386 0.0 35840
1760104902984 0.0 40960
1760104918798 0.0 46080
1760104937268 0.0 51200
1760104958542 0.0 56320
1760104977094 0.0 61440
1760104992963 0.0 66560
1760105009442 0.0 71680
1760105032079 0.0 76800
1760105049325 0.0 81920
1760105065275 0.0 87040
1760105082495 0.0 92160
1760105106445 0.0 97280
1760105121746 0.0 102400
1760105136775 0.0 107520
1760105153831 0.0 112640
1760105177117 0.0 117760
1760105194388 0.0 122880
1760105210668 0.0 128000
1760105227937 0.0 133120
1760105250181 0.0 138240
1760105265920 0.0 143360
1760105283895 0.0 148480
1760105298624 0.0 153600
1760105323041 0.0 158720
1760105339144 0.0 163840
1760105356085 0.0 168960
1760105371174 0.0 174080
1760105395160 0.0 179200
1760105412738 0.0 184320
1760105428176 0.0 189440
1760105444121 0.0 194560
1760105469861 0.0 199680
1760105485722 0.0 204800
1760105501297 0.0 209920
1760105517458 0.0 215040
1760105541607 0.0 220160
1760105559035 0.0 225280
1760105574912 0.0 230400
1760105591591 0.0 235520
1760105614497 0.0 240640
1760105633880 0.0 245760
1760105648835 0.0 250880
1760105664024 0.0 256000
1760105688043 0.0 261120
1760105705194 0.0 266240
1760105721947 0.0 271360
1760105736200 0.0 276480
1760105762246 0.0 281600
1760105778279 0.0 286720
1760105794133 0.0 291840
1760105810774 0.0 296960
1760105822281 0.0 300032
