1771708841405 0.01253132801502943 6144
1771708850633 0.01123595517128706 12288
1771708853622 0.0126953125 18432
1771708863737 0.012743628583848476 24576
1771708873063 0.011585365980863571 30720
1771708882668 0.012326656840741634 36864
1771708885732 0.011071745306253433 43008
1771708895484 0.010116731747984886 49152
1771708905767 0.009718847461044788 55296
1771708914940 0.008763693273067474 61440
1771708918093 0.008847031742334366 67584
1771708928348 0.00864779856055975 73728
1771708936679 0.008974048309028149 79872
1771708946551 0.009250902570784092 86016
1771708950416 0.009075559675693512 92160
1771708959873 0.009550338611006737 98304
1771708968572 0.009975532069802284 104448
1771708977685 0.009798681363463402 110592
1771708982784 0.00996789988130331 116736
1771708991601 0.009473346173763275 122880
1771709001150 0.009179926477372646 129024
1771709010290 0.009209180250763893 135168
1771709014022 0.00895355362445116 141312
1771709023169 0.008849557489156723 147456
1771709033032 0.009010168723762035 153600
1771709041315 0.008913096971809864 159744
1771709046654 0.008945610374212265 165888
1771709055757 0.00862564705312252 172032
1771709064804 0.008439755998551846 178176
1771709073478 0.008481855504214764 184320
1771709078353 0.008417333476245403 190464
1771709087587 0.00825364887714386 196608
1771709096366 0.008104677312076092 202752
1771709104984 0.007960576564073563 208896
1771709110204 0.007918239571154118 215040
1771709119834 0.007874720729887486 221184
1771709128619 0.007664170116186142 227328
1771709137625 0.007465852424502373 233472
1771709142619 0.007524392101913691 239616
1771709152448 0.007585539016872644 245760
1771709161013 0.0077311452478170395 251904
1771709168880 0.007815523073077202 258048
1771709175088 0.0078125 264192
1771709184511 0.007960124872624874 270336
1771709192925 0.00801866129040718 276480
1771709200454 0.007997144013643265 282624
1771709207444 0.008184107020497322 288768
1771709216355 0.008223684504628181 294912
1771709221778 0.008252164348959923 301056
