1771708841405 399.0 6144
1771708850633 712.0 12288
1771708853622 1024.0 18432
1771708863737 1334.0 24576
1771708873063 1640.0 30720
1771708882668 1947.0 36864
1771708885732 2258.0 43008
1771708895484 2570.0 49152
1771708905767 2881.0 55296
1771708914940 3195.0 61440
1771708918093 3504.0 67584
1771708928348 3816.0 73728
1771708936679 4123.0 79872
1771708946551 4432.0 86016
1771708950416 4738.0 92160
1771708959873 5026.0 98304
1771708968572 5313.0 104448
1771708977685 5613.0 110592
1771708982784 5919.0 116736
1771708991601 6228.0 122880
1771709001150 6536.0 129024
1771709010290 6841.0 135168
1771709014022 7148.0 141312
1771709023169 7458.0 147456
1771709033032 7769.0 153600
1771709041315 8078.0 159744
1771709046654 8384.0 165888
1771709055757 8695.0 172032
1771709064804 9005.0 178176
1771709073478 9314.0 184320
1771709078353 9623.0 190464
1771709087587 9935.0 196608
1771709096366 10241.0 202752
1771709104984 10552.0 208896
1771709110204 10861.0 215040
1771709119834 11175.0 221184
1771709128619 11482.0 227328
1771709137625 11787.0 233472
1771709142619 12094.0 239616
1771709152448 12392.0 245760
1771709161013 12676.0 251904
1771709168880 12923.0 258048
1771709175088 13184.0 264192
1771709184511 13442.0 270336
1771709192925 13718.0 276480
1771709200454 14005.0 282624
1771709207444 14296.0 288768
1771709216355 14592.0 294912
1771709221778 14784.0 301056
