1771708841405 20.56892204284668 6144
1771708850633 20.133426666259766 12288
1771708853622 20.005859375 18432
1771708863737 19.95502281188965 24576
1771708873063 19.989025115966797 30720
1771708882668 19.991783142089844 36864
1771708885732 19.958370208740234 43008
1771708895484 19.931127548217773 49152
1771708905767 19.912878036499023 55296
1771708914940 19.87480354309082 61440
1771708918093 19.866153717041016 67584
1771708928348 19.856393814086914 73728
1771708936679 19.86733055114746 79872
1771708946551 19.86845588684082 86016
1771708950416 19.885604858398438 92160
1771708959873 19.965778350830078 98304
1771708968572 20.043289184570312 104448
1771708977685 20.06912612915039 110592
1771708982784 20.064876556396484 116736
1771708991601 20.056358337402344 122880
1771709001150 20.05462074279785 129024
1771709010290 20.057008743286133 135168
1771709014022 20.055679321289062 141312
1771709023169 20.04518699645996 147456
1771709033032 20.03114891052246 153600
1771709041315 20.026491165161133 159744
1771709046654 20.0314884185791 165888
1771709055757 20.021162033081055 172032
1771709064804 20.011882781982422 178176
1771709073478 20.009126663208008 184320
1771709078353 20.0076904296875 190464
1771709087587 19.99677848815918 196608
1771709096366 19.998632431030273 202752
1771709104984 19.98900604248047 208896
1771709110204 19.98738670349121 215040
1771709119834 19.975749969482422 221184
1771709128619 19.978139877319336 227328
1771709137625 19.9821834564209 233472
1771709142619 19.982471466064453 239616
1771709152448 19.99757957458496 245760
1771709161013 20.032028198242188 251904
1771709168880 20.123422622680664 258048
1771709175088 20.18992805480957 264192
1771709184511 20.261865615844727 270336
1771709192925 20.30470848083496 276480
1771709200454 20.325027465820312 282624
1771709207444 20.341703414916992 288768
1771709216355 20.351425170898438 294912
1771709221778 20.363500595092773 301056
