1760020302853 401.9173873723249 5120
1760020324084 409.886697265625 10240
1760020351754 411.6487315331233 15360
1760020373274 412.33841901148617 20480
1760020393717 412.271997374222 25600
1760020415944 412.173046467533 30720
1760020441769 413.01351251961296 35840
1760020462297 412.79731181584293 40960
1760020483241 413.0259876919372 46080
1760020507753 413.101504596168 51200
1760020529957 413.66210751061953 56320
1760020550926 413.7716980835303 61440
1760020570190 413.8665862711299 66560
1760020598206 413.78584104720846 71680
1760020619276 413.76714205681657 76800
1760020640030 413.9122536223835 81920
1760020660525 414.09602969485934 87040
1760020689815 414.18079504806 92160
1760020709778 414.18517993342664 97280
1760020729592 414.3013872859454 102400
1760020750274 414.49925465648806 107520
1760020777695 415.50300890384153 112640
1760020798984 417.938610392395 117760
1760020819242 420.0030558735106 122880
1760020839939 422.0113816901819 128000
1760020868051 423.7868360778978 133120
1760020888909 425.3148925704343 138240
1760020908910 427.01911077529786 143360
1760020930107 428.41718180433946 148480
1760020957976 429.71505422917846 153600
1760020978699 431.0379503075349 158720
1760021000658 432.270088232189 163840
1760021024782 433.3425583754256 168960
1760021044921 434.36192986377307 174080
1760021067418 435.4348125614785 179200
1760021087160 436.49627077421036 184320
1760021116414 437.32802937918717 189440
1760021137265 438.22541505537845 194560
1760021157516 438.97823301678386 199680
1760021185122 439.8688743085479 204800
1760021207773 440.48804124906303 209920
1760021227207 441.08967582936816 215040
1760021250302 441.80082776673447 220160
1760021272260 442.4591801956362 225280
1760021295139 443.09706460860224 230400
1760021318725 443.6879733021937 235520
1760021340263 444.2829896807402 240640
1760021360653 444.8345741033028 245760
1760021383321 445.2942341204574 250880
1760021409974 445.8568002233087 256000
1760021430479 446.21978272497404 261120
1760021450947 446.68673985068284 266240
1760021471625 447.0761427716273 271360
1760021499746 447.564092730579 276480
1760021520138 447.9383679636996 281600
1760021540144 448.39447069884733 286720
1760021561845 448.7538819754257 291840
1760021589190 449.09379636054746 296960
1760021593722 449.22420091201474 300032
