1760020302853 1.029735001144706 5120
1760020324084 0.9141546325683594 10240
1760020351754 0.8843696630618227 15360
1760020373274 0.8905496088141533 20480
1760020393717 0.9018771080555263 25600
1760020415944 0.9067828174426592 30720
1760020441769 0.9070757360281662 35840
1760020462297 0.9164745978929013 40960
1760020483241 0.9174497275639782 46080
1760020507753 0.9164145696654452 51200
1760020529957 0.9136650643306818 56320
1760020550926 0.9143514412791789 61440
1760020570190 0.9176239061802963 66560
1760020598206 0.921883978354956 71680
1760020619276 0.9229839206109915 76800
1760020640030 0.9174503644809653 81920
1760020660525 0.9153752802147627 87040
1760020689815 0.9179537988334113 92160
1760020709778 0.9198456863372877 97280
1760020729592 0.9193135371513238 102400
1760020750274 0.9177769853672985 107520
1760020777695 0.885561762976968 112640
1760020798984 0.822054036481755 117760
1760020819242 0.7681338614104389 122880
1760020839939 0.7166293210866816 128000
1760020868051 0.6693727972849856 133120
1760020888909 0.6273397913428249 138240
1760020908910 0.5833679754431177 143360
1760020930107 0.545284463540331 148480
1760020957976 0.5103059544076118 153600
1760020978699 0.4757026695352828 158720
1760021000658 0.442804948071923 163840
1760021024782 0.41440597457228967 168960
1760021044921 0.3866736299823389 174080
1760021067418 0.3587524544528841 179200
1760021087160 0.3321237341963029 184320
1760021116414 0.30928476054462006 189440
1760021137265 0.2848498854718938 194560
1760021157516 0.26455717421287384 199680
1760021185122 0.2426184017612602 204800
1760021207773 0.22602898952288505 209920
1760021227207 0.20727532119858824 215040
1760021250302 0.18981582888014453 220160
1760021272260 0.17300070777153503 225280
1760021295139 0.1560456226975975 230400
1760021318725 0.14094456576466396 235520
1760021340263 0.12577622066805522 240640
1760021360653 0.11189575018628242 245760
1760021383321 0.09967182702732193 250880
1760021409974 0.0854589293946831 256000
1760021430479 0.0742509974087917 261120
1760021450947 0.062095078953816975 266240
1760021471625 0.05109914959181837 271360
1760021499746 0.03892615484219734 276480
1760021520138 0.028682507422037522 281600
1760021540144 0.017851770468847908 286720
1760021561845 0.007907192988522002 291840
1760021589190 -0.0008911221691357753 296960
1760021593722 -0.004366326126603686 300032
