1760020302849 56.088579834180265 5120
1760020324079 101.89005222883517 10240
1760020351750 33.8468689477082 15360
1760020373270 54.90214147337557 20480
1760020393710 101.64559906940674 25600
1760020415940 87.65159240993061 30720
1760020441765 85.86088024564995 35840
1760020462292 105.61539042630876 40960
1760020483237 34.704396895530294 46080
1760020507748 97.72148831574287 51200
1760020529952 136.70243139299916 56320
1760020550922 67.3210599810603 61440
1760020570185 91.04000347290052 66560
1760020598201 44.23764673620706 71680
1760020619270 66.68209856915739 76800
1760020640025 126.27740478699383 81920
1760020660520 121.31031091829357 87040
1760020689811 150.2096479604627 92160
1760020709773 169.67935596100165 97280
1760020729587 118.23267089499647 102400
1760020750264 116.20180080343538 107520
1760020777690 72.75588475081962 112640
1760020798979 101.94453491480932 117760
1760020819234 101.57421354709031 122880
1760020839934 96.97140082768826 128000
1760020868046 107.42230759380202 133120
1760020888904 132.6010559261484 138240
1760020908904 179.75845369219562 143360
1760020930101 115.95123434605921 148480
1760020957971 115.9608515344208 153600
1760020978693 171.25200065327454 158720
1760021000652 33.60901303717237 163840
1760021024774 137.14046560292962 168960
1760021044914 69.84686094920899 174080
1760021067413 36.57589340216614 179200
1760021087150 95.82599954306603 184320
1760021116409 108.52296307795804 189440
1760021137257 42.66102505161874 194560
1760021157507 101.436649012068 199680
1760021185113 110.35609229878706 204800
1760021207768 214.08248264597796 209920
1760021227202 116.71269165484041 215040
1760021250297 140.6540576794098 220160
1760021272253 123.67835343378646 225280
1760021295134 63.15296243318527 230400
1760021318719 116.18248801972244 235520
1760021340257 45.09180042357848 240640
1760021360643 96.90642761425073 245760
1760021383313 120.94302191464821 250880
1760021409965 49.624401036428814 256000
1760021430473 65.65808299807455 261120
1760021450939 44.92228600805415 266240
1760021471619 32.31533287619517 271360
1760021499736 60.52299389619198 276480
1760021520131 123.09035950110051 281600
1760021540138 119.02786764288552 286720
1760021561837 36.265025030910365 291840
1760021589183 110.44617653254687 296960
1760021593715 111.04561700775727 300032
