1760386220823 408.3593052455357 5120
1760386267695 402.1364795514929 10240
1760386315358 404.5433046119648 15360
1760386362267 408.59097660336033 20480
1760386408671 417.79134616672025 25600
1760386454742 423.6336376131584 30720
1760386500901 427.7482087986022 35840
1760386548023 433.04786415977287 40960
1760386593432 436.3101149150577 46080
1760386639344 438.19053274183415 51200
1760386686417 439.94016527821236 56320
1760386732195 441.1527860665027 61440
1760386778258 442.2375334761274 66560
1760386824566 443.50073144270135 71680
1760386870452 444.6087020874023 76800
1760386915888 445.3920836629747 81920
1760386962133 446.5500551228514 87040
1760387008373 447.11946846362406 92160
1760387055158 447.76597394723234 97280
1760387101374 448.4355494344919 102400
1760387148918 449.0451239759626 107520
1760387196483 449.69229628432356 112640
1760387244057 450.2895855573887 117760
1760387289331 450.681042368745 122880
1760387337079 451.2592253473879 128000
1760387383072 451.8478655261801 133120
1760387428881 452.4952066698789 138240
1760387475643 453.1571849715333 143360
1760387522588 453.60050642581626 148480
1760387569311 453.8147526472413 153600
1760387616051 452.574058824091 158720
1760387663710 450.04580272451363 163840
1760387710922 447.5616793947283 168960
1760387758793 445.1778436282724 174080
1760387807455 442.9780104696677 179200
1760387855260 440.8247837658017 184320
1760387899643 438.9002992781445 189440
1760387944596 437.04904305036723 194560
1760387989519 435.2417478475272 199680
1760388035282 433.4214891727296 204800
1760388082064 431.74183499996303 209920
1760388127947 430.170900017333 215040
1760388173564 428.69467735355204 220160
1760388219705 427.3640338144216 225280
1760388265370 426.3716022003068 230400
1760388310573 425.19538768383325 235520
1760388356117 423.9105959263625 240640
1760388401388 422.6331439369767 245760
1760388446832 421.4195169086669 250880
1760388493668 420.17591723680965 256000
1760388539170 419.01532923242644 261120
1760388584860 417.93018321181876 266240
1760388630121 416.87279826393757 271360
1760388677198 415.8133199253877 276480
1760388720366 414.806617396556 281600
1760388764867 413.88515311960396 286720
1760388809110 413.0711267979154 291840
1760388852844 412.22787285716197 296960
1760388870595 411.9139020226292 300032
