1760386220823 21.857142857142858 5120
1760386267695 22.777327935222672 10240
1760386315358 22.613259668508288 15360
1760386362267 22.473849372384937 20480
1760386408671 22.779777206512424 25600
1760386454742 23.18727139722019 30720
1760386500901 23.645244215938302 35840
1760386548023 23.475042063937185 40960
1760386593432 23.585757271815446 46080
1760386639344 23.78940155322065 51200
1760386686417 23.866499791405925 56320
1760386732195 24.042438271604937 61440
1760386778258 24.209845490477903 66560
1760386824566 24.255347593582886 71680
1760386870452 24.2753125 76800
1760386915888 24.378274948483956 81920
1760386962133 24.365123371222623 87040
1760387008373 24.511339662447256 92160
1760387055158 24.601303911735204 97280
1760387101374 24.598522754348345 102400
1760387148918 24.619718309859156 107520
1760387196483 24.574956672443673 112640
1760387244057 24.551966873706004 117760
1760387289331 24.60982888977318 122880
1760387337079 24.573091603053435 128000
1760387383072 24.55068744271311 133120
1760387428881 24.500264317180616 138240
1760387475643 24.360655737704917 143360
1760387522588 24.30613906529881 148480
1760387569311 24.319785759294266 153600
1760387616051 24.368163764130767 158720
1760387663710 24.446985446985448 163840
1760387710922 24.4685788411646 168960
1760387758793 24.55053340819764 174080
1760387807455 24.578882666302416 179200
1760387855260 24.625948103792414 184320
1760387899643 24.67423456149455 189440
1760387944596 24.727744713182222 194560
1760387989519 24.797352468143018 199680
1760388035282 24.873426911907067 204800
1760388082064 24.907543154410025 209920
1760388127947 24.9328634157615 215040
1760388173564 24.963942579405447 220160
1760388219705 24.99458084494581 225280
1760388265370 24.990051903114185 230400
1760388310573 25.017790956263898 235520
1760388356117 25.081151288445554 240640
1760388401388 25.166734735552378 245760
1760388446832 25.23803791754439 250880
1760388493668 25.309861932938855 256000
1760388539170 25.34817970565453 261120
1760388584860 25.384439794559636 266240
1760388630121 25.413677130044842 271360
1760388677198 25.426959075059646 276480
1760388720366 25.43039913505721 281600
1760388764867 25.44638271495617 286720
1760388809110 25.45634955174515 291840
1760388852844 25.46897732135216 296960
1760388870595 25.47419875882003 300032
