1771230314020 25.453319549560547 5120
1771230324052 23.30681037902832 10240
1771230334747 22.62898826599121 15360
1771230344315 22.59306526184082 20480
1771230355412 26.69771957397461 25600
1771230363979 22.029251098632812 30720
1771230375578 20.534400939941406 35840
1771230384396 20.26239013671875 40960
1771230395654 18.01784896850586 46080
1771230404684 17.051321029663086 51200
1771230416343 15.344256401062012 56320
1771230424650 17.44504165649414 61440
1771230436673 16.483287811279297 66560
1771230445432 18.8573055267334 71680
1771230456371 22.951129913330078 76800
1771230466232 21.277353286743164 81920
1771230476991 20.496196746826172 87040
1771230486419 21.159957885742188 92160
1771230497794 23.255443572998047 97280
1771230507100 21.250797271728516 102400
1771230518034 23.058788299560547 107520
1771230528316 22.077693939208984 112640
1771230539180 21.655879974365234 117760
1771230548798 21.863216400146484 122880
1771230559715 21.723981857299805 128000
1771230569841 20.813007354736328 133120
1771230580444 20.946264266967773 138240
1771230590380 24.516735076904297 143360
1771230601051 25.502687454223633 148480
1771230611377 23.132061004638672 153600
1771230620957 22.38912582397461 158720
1771230631954 20.224803924560547 163840
1771230641446 22.020959854125977 168960
1771230651331 20.132408142089844 174080
1771230661759 19.976797103881836 179200
1771230672529 21.806772232055664 184320
1771230682122 19.738231658935547 189440
1771230692977 20.90731430053711 194560
1771230702465 19.653385162353516 199680
1771230713336 19.359838485717773 204800
1771230723434 19.434749603271484 209920
1771230733987 21.426008224487305 215040
1771230744243 17.147775650024414 220160
1771230754432 18.160255432128906 225280
1771230764430 17.357227325439453 230400
1771230774703 16.62531852722168 235520
1771230785274 19.396724700927734 240640
1771230795159 17.94660758972168 245760
1771230805681 17.129793167114258 250880
1771230815394 17.25491714477539 256000
1771230825592 15.777926445007324 261120
1771230835814 16.477392196655273 266240
1771230845670 15.859786987304688 271360
1771230854645 18.643085479736328 276480
1771230865495 15.991421699523926 281600
1771230873687 15.028478622436523 286720
1771230882365 18.049304962158203 291840
1771230892579 18.56601333618164 296960
1771230896912 17.950973510742188 300032
