1771230314022 0.3247672915458679 5120
1771230324055 0.31330978870391846 10240
1771230334750 0.3027940094470978 15360
1771230344317 0.2944371998310089 20480
1771230355423 0.29211199283599854 25600
1771230363982 0.2887601852416992 30720
1771230375580 0.2835868000984192 35840
1771230384399 0.283173531293869 40960
1771230395657 0.28507155179977417 46080
1771230404686 0.291038453578949 51200
1771230416345 0.2880994975566864 56320
1771230424652 0.2871629297733307 61440
1771230436675 0.2849411368370056 66560
1771230445435 0.28492146730422974 71680
1771230456373 0.28431957960128784 76800
1771230466236 0.2830180823802948 81920
1771230476993 0.2817905843257904 87040
1771230486425 0.2810703217983246 92160
1771230497797 0.28110337257385254 97280
1771230507112 0.2806471288204193 102400
1771230518036 0.2813947796821594 107520
1771230528318 0.28206866979599 112640
1771230539182 0.28244298696517944 117760
1771230548801 0.2818603217601776 122880
1771230559717 0.28089553117752075 128000
1771230569844 0.28149211406707764 133120
1771230580446 0.2810484766960144 138240
1771230590383 0.28087255358695984 143360
1771230601053 0.2799398601055145 148480
1771230611380 0.2792871594429016 153600
1771230620959 0.2784382104873657 158720
1771230631956 0.27827370166778564 163840
1771230641448 0.27802637219429016 168960
1771230651333 0.277263343334198 174080
1771230661762 0.2769317328929901 179200
1771230672532 0.27655351161956787 184320
1771230682125 0.276210755109787 189440
1771230692979 0.27625134587287903 194560
1771230702467 0.27587246894836426 199680
1771230713338 0.275094211101532 204800
1771230723436 0.27424684166908264 209920
1771230733990 0.27296969294548035 215040
1771230744245 0.2707618176937103 220160
1771230754434 0.26892754435539246 225280
1771230764432 0.2687889039516449 230400
1771230774706 0.2686455547809601 235520
1771230785276 0.267544686794281 240640
1771230795162 0.26828533411026 245760
1771230805684 0.27000853419303894 250880
1771230815397 0.2715171277523041 256000
1771230825594 0.2727619409561157 261120
1771230835817 0.27425417304039 266240
1771230845672 0.2749935984611511 271360
1771230854648 0.2767525315284729 276480
1771230865497 0.2781667709350586 281600
1771230873689 0.2789415419101715 286720
1771230882368 0.2803654372692108 291840
1771230892581 0.2816116213798523 296960
1771230896920 0.28287792205810547 300032
