1771200480007 0.06376700848340988 8192
1771200482260 0.06340692937374115 16384
1771200499710 0.04813723266124725 24576
1771200501832 0.03949235752224922 32768
1771200519161 0.03372560068964958 40960
1771200522020 0.029787084087729454 49152
1771200539247 0.02954147942364216 57344
1771200542084 0.028800008818507195 65536
1771200558874 0.03208809718489647 73728
1771200561742 0.034755807369947433 81920
1771200579599 0.037918027490377426 90112
1771200581984 0.04085223749279976 98304
1771200599006 0.04353167116641998 106496
1771200601887 0.045811936259269714 114688
1771200619005 0.04760189354419708 122880
1771200621613 0.04902845621109009 131072
1771200638453 0.050334151834249496 139264
1771200641853 0.05167270824313164 147456
1771200658649 0.0528750978410244 155648
1771200662162 0.053804393857717514 163840
1771200678343 0.05458170548081398 172032
1771200682294 0.05522753298282623 180224
1771200698634 0.05598926916718483 188416
1771200701841 0.056506458669900894 196608
1771200718777 0.05710818991065025 204800
1771200722143 0.057548001408576965 212992
1771200739015 0.058091506361961365 221184
1771200741872 0.05863380804657936 229376
1771200758612 0.059403304010629654 237568
1771200762436 0.05998280271887779 245760
1771200778954 0.06017143279314041 253952
1771200782383 0.060496021062135696 262144
1771200799382 0.061183445155620575 270336
1771200802607 0.06161833181977272 278528
1771200819356 0.06195039674639702 286720
1771200822940 0.06227603182196617 294912
1771200835608 0.062456682324409485 303104
