1771200480007 22.413955688476562 8192
1771200482260 22.125141143798828 16384
1771200499710 20.6975154876709 24576
1771200501832 20.114042282104492 32768
1771200519161 19.76426124572754 40960
1771200522020 19.58139419555664 49152
1771200539247 19.92107391357422 57344
1771200542084 20.066442489624023 65536
1771200558874 20.568092346191406 73728
1771200561742 21.05164337158203 81920
1771200579599 21.540206909179688 90112
1771200581984 22.024946212768555 98304
1771200599006 22.479877471923828 106496
1771200601887 22.878454208374023 114688
1771200619005 23.185529708862305 122880
1771200621613 23.423608779907227 131072
1771200638453 23.701366424560547 139264
1771200641853 23.918222427368164 147456
1771200658649 24.113542556762695 155648
1771200662162 24.259408950805664 163840
1771200678343 24.396005630493164 172032
1771200682294 24.54239845275879 180224
1771200698634 24.629241943359375 188416
1771200701841 24.750938415527344 196608
1771200718777 24.833148956298828 204800
1771200722143 24.942352294921875 212992
1771200739015 25.010997772216797 221184
1771200741872 25.08681297302246 229376
1771200758612 25.198976516723633 237568
1771200762436 25.302156448364258 245760
1771200778954 25.365753173828125 253952
1771200782383 25.418224334716797 262144
1771200799382 25.483688354492188 270336
1771200802607 25.536027908325195 278528
1771200819356 25.606201171875 286720
1771200822940 25.651750564575195 294912
1771200835608 25.670717239379883 303104
