1771200480007 1.149207592010498 8192
1771200482260 1.1533821821212769 16384
1771200499710 1.1456224918365479 24576
1771200501832 1.1543643474578857 32768
1771200519161 1.1511083841323853 40960
1771200522020 1.1570210456848145 49152
1771200539247 1.164699912071228 57344
1771200542084 1.1621174812316895 65536
1771200558874 1.1561213731765747 73728
1771200561742 1.1525741815567017 81920
1771200579599 1.1492747068405151 90112
1771200581984 1.1504663228988647 98304
1771200599006 1.1528339385986328 106496
1771200601887 1.1550970077514648 114688
1771200619005 1.1556625366210938 122880
1771200621613 1.1552199125289917 131072
1771200638453 1.1564491987228394 139264
1771200641853 1.1567319631576538 147456
1771200658649 1.1574499607086182 155648
1771200662162 1.1562572717666626 163840
1771200678343 1.1556016206741333 172032
1771200682294 1.1561115980148315 180224
1771200698634 1.1543480157852173 188416
1771200701841 1.1543784141540527 196608
1771200718777 1.153061866760254 204800
1771200722143 1.1533573865890503 212992
1771200739015 1.152347445487976 221184
1771200741872 1.151546835899353 229376
1771200758612 1.1530643701553345 237568
1771200762436 1.1543216705322266 245760
1771200778954 1.1537684202194214 253952
1771200782383 1.1529251337051392 262144
1771200799382 1.152977705001831 270336
1771200802607 1.152657389640808 278528
1771200819356 1.1531494855880737 286720
1771200822940 1.1528040170669556 294912
1771200835608 1.1526020765304565 303104
