1771200480007 0.8415213227272034 8192
1771200482260 0.845554769039154 16384
1771200499710 0.716984212398529 24576
1771200501832 0.6519015431404114 32768
1771200519161 0.6152188777923584 40960
1771200522020 0.5882293581962585 49152
1771200539247 0.5940793752670288 57344
1771200542084 0.591878354549408 65536
1771200558874 0.6286494731903076 73728
1771200561742 0.6591320037841797 81920
1771200579599 0.6952717304229736 90112
1771200581984 0.7280021905899048 98304
1771200599006 0.7620747089385986 106496
1771200601887 0.790330708026886 114688
1771200619005 0.8108616471290588 122880
1771200621613 0.8279447555541992 131072
1771200638453 0.8442362546920776 139264
1771200641853 0.8603771328926086 147456
1771200658649 0.8738141655921936 155648
1771200662162 0.8847797513008118 163840
1771200678343 0.8940417170524597 172032
1771200682294 0.9031105637550354 180224
1771200698634 0.9111984968185425 188416
1771200701841 0.9181572198867798 196608
1771200718777 0.92485111951828 204800
1771200722143 0.9322541356086731 212992
1771200739015 0.9385687112808228 221184
1771200741872 0.9444485902786255 229376
1771200758612 0.9523463845252991 237568
1771200762436 0.9593535661697388 245760
1771200778954 0.9624835848808289 253952
1771200782383 0.9668135643005371 262144
1771200799382 0.9736142754554749 270336
1771200802607 0.9782117009162903 278528
1771200819356 0.9827674627304077 286720
1771200822940 0.9866508841514587 294912
1771200835608 0.9883925318717957 303104
