1771061171764 26.127145767211914 8192
1771061189028 26.805997848510742 16384
1771061193496 26.80573272705078 24576
1771061208906 26.947505950927734 32768
1771061213450 27.132278442382812 40960
1771061229114 27.220073699951172 49152
1771061233512 27.251428604125977 57344
1771061248912 27.226253509521484 65536
1771061253789 27.20842933654785 73728
1771061268725 27.226764678955078 81920
1771061273796 27.285146713256836 90112
1771061288549 27.39116668701172 98304
1771061294058 27.380630493164062 106496
1771061308402 27.311269760131836 114688
1771061314023 27.289918899536133 122880
1771061328289 27.25783348083496 131072
1771061333592 27.252368927001953 139264
1771061347883 27.310129165649414 147456
1771061353261 27.321619033813477 155648
1771061366842 27.361276626586914 163840
1771061372851 27.38593864440918 172032
1771061387344 27.386829376220703 180224
1771061392775 27.41434669494629 188416
1771061406863 27.42938232421875 196608
1771061412736 27.423891067504883 204800
1771061426580 27.4399471282959 212992
1771061432754 27.439023971557617 221184
1771061446807 27.466176986694336 229376
1771061453317 27.490055084228516 237568
1771061466827 27.464719772338867 245760
1771061473015 27.461118698120117 253952
1771061486815 27.487211227416992 262144
1771061492712 27.490074157714844 270336
1771061507303 27.50479507446289 278528
1771061512557 27.515819549560547 286720
1771061527055 27.54545783996582 294912
1771061529575 27.531444549560547 303104
