1771061171759 -1.524820327758789 8192
1771061189023 -3.070068836212158 16384
1771061193490 -3.801147937774658 24576
1771061208900 -4.2241106033325195 32768
1771061213444 -4.361142635345459 40960
1771061229108 -4.249120712280273 49152
1771061233506 -4.044919967651367 57344
1771061248905 -3.6400671005249023 65536
1771061253783 -3.2024829387664795 73728
1771061268719 -2.690884590148926 81920
1771061273789 -2.179135799407959 90112
1771061288543 -1.6755566596984863 98304
1771061294052 -1.1547017097473145 106496
1771061308396 -0.7913663983345032 114688
1771061314016 -0.4711097776889801 122880
1771061328282 -0.15365111827850342 131072
1771061333586 0.14593158662319183 139264
1771061347876 0.3585837483406067 147456
1771061353255 0.6528170108795166 155648
1771061366836 0.7698656320571899 163840
1771061372845 0.9081926345825195 172032
1771061387338 1.0073368549346924 180224
1771061392769 1.1668407917022705 188416
1771061406856 1.2457411289215088 196608
1771061412729 1.3590092658996582 204800
1771061426573 1.3516287803649902 212992
1771061432747 1.416281819343567 221184
1771061446800 1.5229398012161255 229376
1771061453309 1.4951834678649902 237568
1771061466820 1.5243003368377686 245760
1771061473008 1.4813019037246704 253952
1771061486808 1.657961130142212 262144
1771061492704 1.6056196689605713 270336
1771061507296 1.6459327936172485 278528
1771061512549 1.6455934047698975 286720
1771061527047 1.710228443145752 294912
1771061529567 1.77053701877594 303104
