1771061171759 142.4695652173913 8192
1771061189023 152.21019015822324 16384
1771061193490 138.44415104304198 24576
1771061208900 147.593215567598 32768
1771061213444 145.05132106792087 40960
1771061229108 140.65877460679434 49152
1771061233506 143.46858217889516 57344
1771061248905 148.41314886238987 65536
1771061253783 152.07773749093545 73728
1771061268719 128.5452818045297 81920
1771061273789 138.99009179176193 90112
1771061288543 138.76936311000827 98304
1771061294052 140.4515286474902 106496
1771061308396 141.51778122680344 114688
1771061314016 149.43898528521038 122880
1771061328282 139.6332645315933 131072
1771061333586 139.04538372285762 139264
1771061347876 136.93003819659822 147456
1771061353255 143.87705817782657 155648
1771061366836 149.3857605869573 163840
1771061372845 123.7221320904988 172032
1771061387338 146.1786498449099 180224
1771061392769 143.8968025250446 188416
1771061406856 161.0901409532588 196608
1771061412729 148.18767665347653 204800
1771061426573 149.35916245281675 212992
1771061432747 134.77407538318178 221184
1771061446800 153.0935503887287 229376
1771061453309 150.66829513614485 237568
1771061466820 148.63404089443284 245760
1771061473008 147.3961203261175 253952
1771061486808 140.7154024222498 262144
1771061492704 142.57610986470868 270336
1771061507296 150.40355721303834 278528
1771061512549 140.67764548046284 286720
1771061527047 145.65072750633746 294912
1771061529567 133.951967296883 303104
