1771711071060 -0.03009006567299366 5120
1771711102547 0.756665825843811 10240
1771711134473 0.9416353702545166 15360
1771711166026 0.8715060949325562 20480
1771711197426 0.844280481338501 25600
1771711229345 1.0298008918762207 30720
1771711261039 1.2327958345413208 35840
1771711293082 1.3796695470809937 40960
1771711325101 1.452135682106018 46080
1771711356426 1.5616902112960815 51200
1771711387776 1.664849042892456 56320
1771711419114 1.7447547912597656 61440
1771711451022 1.8238495588302612 66560
1771711482351 1.8758424520492554 71680
1771711514061 1.9312227964401245 76800
1771711545889 1.9760843515396118 81920
1771711577262 2.012859344482422 87040
1771711608647 2.0392942428588867 92160
1771711640975 2.0751702785491943 97280
1771711672418 2.1113641262054443 102400
1771711703694 2.1362979412078857 107520
1771711735672 2.1621227264404297 112640
1771711767024 2.1949002742767334 117760
1771711798380 2.2175564765930176 122880
1771711829748 2.232469320297241 128000
1771711861821 2.245788335800171 133120
1771711893195 2.2729146480560303 138240
1771711924558 2.2903695106506348 143360
1771711956424 2.30452299118042 148480
1771711987806 2.3207509517669678 153600
1771712019362 2.34088397026062 158720
1771712051215 2.3612496852874756 163840
1771712083064 2.383054494857788 168960
1771712114392 2.3928425312042236 174080
1771712145893 2.4017844200134277 179200
1771712177941 2.409137010574341 184320
1771712209266 2.4231457710266113 189440
1771712241079 2.4309287071228027 194560
1771712273696 2.445891857147217 199680
1771712305028 2.4603922367095947 204800
1771712336378 2.4762656688690186 209920
1771712368720 2.495544195175171 215040
1771712400226 2.5059211254119873 220160
1771712431559 2.5122275352478027 225280
1771712462944 2.5230565071105957 230400
1771712494733 2.5344550609588623 235520
1771712526063 2.5420188903808594 240640
1771712557360 2.5487165451049805 245760
1771712589174 2.5556931495666504 250880
1771712620887 2.5595085620880127 256000
1771712652240 2.569851875305176 261120
1771712684152 2.579110622406006 266240
1771712716066 2.5852160453796387 271360
1771712747370 2.5888097286224365 276480
1771712778669 2.592771053314209 281600
1771712810495 2.59606671333313 286720
1771712841782 2.5955111980438232 291840
1771712873098 2.6021907329559326 296960
1771712886097 2.604203939437866 300032
