1771711071060 429.2526550292969 5120
1771711102547 387.41448974609375 10240
1771711134473 379.0113830566406 15360
1771711166026 385.9319763183594 20480
1771711197426 389.3524169921875 25600
1771711229345 376.956787109375 30720
1771711261039 363.7992858886719 35840
1771711293082 356.8611755371094 40960
1771711325101 348.2953186035156 46080
1771711356426 340.15081787109375 51200
1771711387776 331.65667724609375 56320
1771711419114 324.2469482421875 61440
1771711451022 317.7977600097656 66560
1771711482351 311.3049621582031 71680
1771711514061 304.89459228515625 76800
1771711545889 299.79241943359375 81920
1771711577262 294.9606018066406 87040
1771711608647 290.8833312988281 92160
1771711640975 285.3443603515625 97280
1771711672418 280.4599609375 102400
1771711703694 276.0708923339844 107520
1771711735672 271.78460693359375 112640
1771711767024 267.9522705078125 117760
1771711798380 264.53155517578125 122880
1771711829748 261.6036682128906 128000
1771711861821 258.5140686035156 133120
1771711893195 255.61032104492188 138240
1771711924558 252.32708740234375 143360
1771711956424 249.10415649414062 148480
1771711987806 246.44699096679688 153600
1771712019362 243.81787109375 158720
1771712051215 241.08995056152344 163840
1771712083064 237.98558044433594 168960
1771712114392 235.5493927001953 174080
1771712145893 233.55853271484375 179200
1771712177941 231.71417236328125 184320
1771712209266 229.54562377929688 189440
1771712241079 227.8438262939453 194560
1771712273696 225.72633361816406 199680
1771712305028 223.35662841796875 204800
1771712336378 220.9546661376953 209920
1771712368720 218.73915100097656 215040
1771712400226 216.92251586914062 220160
1771712431559 215.32371520996094 225280
1771712462944 213.55653381347656 230400
1771712494733 211.8468017578125 235520
1771712526063 210.49363708496094 240640
1771712557360 208.77679443359375 245760
1771712589174 207.26095581054688 250880
1771712620887 205.98155212402344 256000
1771712652240 204.19546508789062 261120
1771712684152 202.5591583251953 266240
1771712716066 201.46299743652344 271360
1771712747370 200.32366943359375 276480
1771712778669 198.94650268554688 281600
1771712810495 197.78118896484375 286720
1771712841782 196.96115112304688 291840
1771712873098 195.70944213867188 296960
1771712886097 195.1518096923828 300032
