1771711071060 496.73260498046875 5120
1771711102547 494.5389099121094 10240
1771711134473 494.4549255371094 15360
1771711166026 495.8592834472656 20480
1771711197426 496.7040100097656 25600
1771711229345 494.7637023925781 30720
1771711261039 493.8011779785156 35840
1771711293082 494.26336669921875 40960
1771711325101 493.0947265625 46080
1771711356426 491.1352844238281 51200
1771711387776 488.24908447265625 56320
1771711419114 486.70477294921875 61440
1771711451022 485.37982177734375 66560
1771711482351 482.7887878417969 71680
1771711514061 479.01715087890625 76800
1771711545889 476.85113525390625 81920
1771711577262 474.8330993652344 87040
1771711608647 473.4471435546875 92160
1771711640975 469.7715148925781 97280
1771711672418 466.8940124511719 102400
1771711703694 464.0931701660156 107520
1771711735672 461.56494140625 112640
1771711767024 460.0294494628906 117760
1771711798380 457.728759765625 122880
1771711829748 455.86395263671875 128000
1771711861821 453.428466796875 133120
1771711893195 451.1614990234375 138240
1771711924558 447.7237854003906 143360
1771711956424 444.4385070800781 148480
1771711987806 442.072998046875 153600
1771712019362 439.54644775390625 158720
1771712051215 436.94976806640625 163840
1771712083064 433.6904296875 168960
1771712114392 430.8595275878906 174080
1771712145893 429.6763916015625 179200
1771712177941 428.51904296875 184320
1771712209266 426.9434814453125 189440
1771712241079 425.46844482421875 194560
1771712273696 423.6008605957031 199680
1771712305028 421.2104797363281 204800
1771712336378 418.8763732910156 209920
1771712368720 416.9935302734375 215040
1771712400226 415.34124755859375 220160
1771712431559 414.1522521972656 225280
1771712462944 412.4957580566406 230400
1771712494733 411.1267395019531 235520
1771712526063 409.9955139160156 240640
1771712557360 408.3669738769531 245760
1771712589174 406.2733459472656 250880
1771712620887 404.8477783203125 256000
1771712652240 402.9158020019531 261120
1771712684152 400.993408203125 266240
1771712716066 399.61309814453125 271360
1771712747370 397.99786376953125 276480
1771712778669 396.71771240234375 281600
1771712810495 395.59967041015625 286720
1771712841782 395.10650634765625 291840
1771712873098 394.1568908691406 296960
1771712886097 393.3973388671875 300032
