1771711071056 -1.2776689529418945 5120
1771711102543 -3.5194430351257324 10240
1771711134470 -4.6000895500183105 15360
1771711166022 -5.692257881164551 20480
1771711197423 -6.87277889251709 25600
1771711229342 -8.164329528808594 30720
1771711261035 -8.906306266784668 35840
1771711293078 -9.71308708190918 40960
1771711325098 -10.448079109191895 46080
1771711356423 -11.166257858276367 51200
1771711387773 -11.807079315185547 56320
1771711419111 -12.461766242980957 61440
1771711451019 -12.939895629882812 66560
1771711482348 -13.352933883666992 71680
1771711514058 -13.762397766113281 76800
1771711545885 -14.1310396194458 81920
1771711577259 -14.504728317260742 87040
1771711608644 -14.863224983215332 92160
1771711640971 -15.437921524047852 97280
1771711672415 -15.974514961242676 102400
1771711703690 -16.52301788330078 107520
1771711735669 -17.058956146240234 112640
1771711767021 -17.561203002929688 117760
1771711798377 -18.05167007446289 122880
1771711829745 -18.58534812927246 128000
1771711861818 -18.950490951538086 133120
1771711893192 -19.489675521850586 138240
1771711924555 -19.776395797729492 143360
1771711956421 -19.985422134399414 148480
1771711987803 -20.28421974182129 153600
1771712019358 -20.421920776367188 158720
1771712051211 -20.599937438964844 163840
1771712083061 -20.691925048828125 168960
1771712114389 -21.014087677001953 174080
1771712145890 -21.21138572692871 179200
1771712177938 -21.335105895996094 184320
1771712209263 -21.512439727783203 189440
1771712241076 -21.60610580444336 194560
1771712273693 -21.826671600341797 199680
1771712305025 -21.89276695251465 204800
1771712336375 -21.929241180419922 209920
1771712368716 -21.965295791625977 215040
1771712400222 -22.012861251831055 220160
1771712431556 -22.080066680908203 225280
1771712462940 -22.217384338378906 230400
1771712494730 -22.213123321533203 235520
1771712526060 -22.326763153076172 240640
1771712557357 -22.478809356689453 245760
1771712589171 -22.44869041442871 250880
1771712620884 -22.49188232421875 256000
1771712652237 -22.482563018798828 261120
1771712684148 -22.55449104309082 266240
1771712716062 -22.64262580871582 271360
1771712747367 -22.609336853027344 276480
1771712778666 -22.649633407592773 281600
1771712810492 -22.76340675354004 286720
1771712841778 -22.748624801635742 291840
1771712873095 -22.824615478515625 296960
1771712886094 -22.787147521972656 300032
