1771711071060 2.7179486751556396 5120
1771711102547 4.185628890991211 10240
1771711134473 4.488559722900391 15360
1771711166026 4.2934675216674805 20480
1771711197426 4.194399833679199 25600
1771711229345 4.6140828132629395 30720
1771711261039 5.115384578704834 35840
1771711293082 5.452256202697754 40960
1771711325101 5.686339855194092 46080
1771711356426 5.982601165771484 51200
1771711387776 6.265919208526611 56320
1771711419114 6.539611339569092 61440
1771711451022 6.796426296234131 66560
1771711482351 6.98646879196167 71680
1771711514061 7.171392917633057 76800
1771711545889 7.335010528564453 81920
1771711577262 7.498729228973389 87040
1771711608647 7.666395664215088 92160
1771711640975 7.855242729187012 97280
1771711672418 8.055500030517578 102400
1771711703694 8.209121704101562 107520
1771711735672 8.353492736816406 112640
1771711767024 8.500452995300293 117760
1771711798380 8.62475299835205 122880
1771711829748 8.746481895446777 128000
1771711861821 8.862919807434082 133120
1771711893195 8.989931106567383 138240
1771711924558 9.101665496826172 143360
1771711956424 9.202826499938965 148480
1771711987806 9.311487197875977 153600
1771712019362 9.443717002868652 158720
1771712051215 9.562200546264648 163840
1771712083064 9.691826820373535 168960
1771712114392 9.767327308654785 174080
1771712145893 9.830573081970215 179200
1771712177941 9.90079402923584 184320
1771712209266 9.999364852905273 189440
1771712241079 10.083813667297363 194560
1771712273696 10.17773723602295 199680
1771712305028 10.2579345703125 204800
1771712336378 10.346108436584473 209920
1771712368720 10.441341400146484 215040
1771712400226 10.519225120544434 220160
1771712431559 10.579327583312988 225280
1771712462944 10.654790878295898 230400
1771712494733 10.735633850097656 235520
1771712526063 10.78986930847168 240640
1771712557360 10.835840225219727 245760
1771712589174 10.892547607421875 250880
1771712620887 10.952733993530273 256000
1771712652240 11.022536277770996 261120
1771712684152 11.088134765625 266240
1771712716066 11.150866508483887 271360
1771712747370 11.201399803161621 276480
1771712778669 11.238924980163574 281600
1771712810495 11.284445762634277 286720
1771712841782 11.313630104064941 291840
1771712873098 11.36853313446045 296960
1771712886097 11.389304161071777 300032
