1771711071056 69.34567819588652 5120
1771711102543 71.95457274707931 10240
1771711134470 67.31133650019258 15360
1771711166022 61.81548075222543 20480
1771711197423 67.47593307593307 25600
1771711229342 65.83431172500393 30720
1771711261035 69.01704732442572 35840
1771711293078 60.80463902580458 40960
1771711325098 67.16366955435636 46080
1771711356423 73.57911725492949 51200
1771711387773 66.2230642920298 56320
1771711419111 71.87935289278859 61440
1771711451019 64.18805093046034 66560
1771711482348 63.96096132731487 71680
1771711514058 68.57023280146481 76800
1771711545885 66.37607216331698 81920
1771711577259 64.72191960496875 87040
1771711608644 55.23690621995707 92160
1771711640971 2.634667678412932 97280
1771711672415 71.94223083652082 102400
1771711703690 72.62235304302658 107520
1771711735669 6.904715575639348 112640
1771711767021 67.06379712832977 117760
1771711798377 70.80667161861031 122880
1771711829745 68.27444533068547 128000
1771711861818 7.6282818876901475 133120
1771711893192 69.2357873885771 138240
1771711924555 59.747920227920225 143360
1771711956421 66.14995426300351 148480
1771711987803 70.11775719683038 153600
1771712019358 64.87809556218967 158720
1771712051211 68.8279098770902 163840
1771712083061 2.046331360658057 168960
1771712114389 74.4132706466779 174080
1771712145890 7.064424090736068 179200
1771712177938 70.9132162239843 184320
1771712209263 65.56570946210002 189440
1771712241076 71.06219609304847 194560
1771712273693 73.4940248817242 199680
1771712305025 64.766893143916 204800
1771712336375 65.62418249522796 209920
1771712368716 2.4762921364235346 215040
1771712400222 71.25656620570147 220160
1771712431556 68.9195175654803 225280
1771712462940 65.61699597941208 230400
1771712494730 70.20813176880199 235520
1771712526060 70.33764317217555 240640
1771712557357 70.67542884103393 245760
1771712589171 70.26929585015665 250880
1771712620884 57.690934349339095 256000
1771712652237 52.13359352665531 261120
1771712684148 68.33451180371137 266240
1771712716062 60.761477060365934 271360
1771712747367 67.3772951438531 276480
1771712778666 70.75530963747701 281600
1771712810492 75.70125979135834 286720
1771712841778 70.58028472385824 291840
1771712873095 65.00680398629903 296960
1771712886094 2.049050538606219 300032
