1771711071060 2.373652219772339 5120
1771711102547 19.62535285949707 10240
1771711134473 23.610021591186523 15360
1771711166026 21.34061050415039 20480
1771711197426 20.348281860351562 25600
1771711229345 24.97945785522461 30720
1771711261039 30.352184295654297 35840
1771711293082 33.98379135131836 40960
1771711325101 36.49286651611328 46080
1771711356426 39.631160736083984 51200
1771711387776 42.694854736328125 56320
1771711419114 45.60142517089844 61440
1771711451022 48.30019760131836 66560
1771711482351 50.40629196166992 71680
1771711514061 52.4610710144043 76800
1771711545889 54.236419677734375 81920
1771711577262 56.010414123535156 87040
1771711608647 57.702938079833984 92160
1771711640975 59.68984603881836 97280
1771711672418 61.76715087890625 102400
1771711703694 63.36249542236328 107520
1771711735672 64.87513732910156 112640
1771711767024 66.40174102783203 117760
1771711798380 67.68988037109375 122880
1771711829748 68.9127426147461 128000
1771711861821 70.1092758178711 133120
1771711893195 71.41578674316406 138240
1771711924558 72.61872863769531 143360
1771711956424 73.67927551269531 148480
1771711987806 74.77438354492188 153600
1771712019362 76.10041809082031 158720
1771712051215 77.33152770996094 163840
1771712083064 78.67858123779297 168960
1771712114392 79.49798583984375 174080
1771712145893 80.15619659423828 179200
1771712177941 80.85313415527344 184320
1771712209266 81.8457260131836 189440
1771712241079 82.69287109375 194560
1771712273696 83.6776351928711 199680
1771712305028 84.53620910644531 204800
1771712336378 85.4763412475586 209920
1771712368720 86.47260284423828 215040
1771712400226 87.2673110961914 220160
1771712431559 87.87281036376953 225280
1771712462944 88.67717742919922 230400
1771712494733 89.50052642822266 235520
1771712526063 90.03400421142578 240640
1771712557360 90.51019287109375 245760
1771712589174 91.13346862792969 250880
1771712620887 91.75469207763672 256000
1771712652240 92.49943542480469 261120
1771712684152 93.18750762939453 266240
1771712716066 93.83409881591797 271360
1771712747370 94.34217071533203 276480
1771712778669 94.74421691894531 281600
1771712810495 95.1889877319336 286720
1771712841782 95.47283172607422 291840
1771712873098 96.0322036743164 296960
1771712886097 96.25501251220703 300032
