1771094014513 19.002079010009766 5120
1771094025724 20.336959838867188 10240
1771094036872 20.792436599731445 15360
1771094047983 21.302391052246094 20480
1771094059060 21.303895950317383 25600
1771094069945 21.59056282043457 30720
1771094080997 21.850574493408203 35840
1771094091891 22.332855224609375 40960
1771094103005 22.16158676147461 46080
1771094114131 22.369522094726562 51200
1771094125072 22.65250015258789 56320
1771094136262 22.759923934936523 61440
1771094147308 22.873512268066406 66560
1771094158317 22.932775497436523 71680
1771094169472 22.960391998291016 76800
1771094180503 22.993682861328125 81920
1771094191505 22.93478012084961 87040
1771094202233 22.959760665893555 92160
1771094213167 22.995803833007812 97280
1771094224065 23.01230812072754 102400
1771094235316 22.82014274597168 107520
1771094246281 22.671579360961914 112640
1771094257381 22.400253295898438 117760
1771094268527 22.17474937438965 122880
1771094279521 21.92583656311035 128000
1771094290667 21.710491180419922 133120
1771094301758 21.520401000976562 138240
1771094312782 21.382368087768555 143360
1771094323925 21.17813491821289 148480
1771094334865 21.018924713134766 153600
1771094345703 20.82074546813965 158720
1771094356618 20.557966232299805 163840
1771094367626 20.210451126098633 168960
1771094378637 19.8825740814209 174080
1771094389770 19.50530242919922 179200
1771094400877 19.189542770385742 184320
1771094411696 18.91324234008789 189440
1771094422996 18.69367790222168 194560
1771094434134 18.499195098876953 199680
1771094445212 18.29050064086914 204800
1771094456238 18.05820655822754 209920
1771094467248 17.847549438476562 215040
1771094478254 17.66098403930664 220160
1771094489284 17.537811279296875 225280
1771094500137 17.4199161529541 230400
1771094511021 17.286527633666992 235520
1771094521983 17.123573303222656 240640
1771094533046 17.005016326904297 245760
1771094543933 16.869150161743164 250880
1771094554904 16.758451461791992 256000
1771094565811 16.661245346069336 261120
1771094576913 16.56630516052246 266240
1771094588086 16.48365592956543 271360
1771094599509 16.384328842163086 276480
1771094609937 16.282455444335938 281600
1771094621138 16.203920364379883 286720
1771094631985 16.112730026245117 291840
1771094643711 16.004104614257812 296960
1771094648189 15.975095748901367 300032
