1771094014513 0.0 5120
1771094025724 0.0 10240
1771094036872 0.0 15360
1771094047983 0.0 20480
1771094059060 0.0 25600
1771094069945 0.0 30720
1771094080997 0.0 35840
1771094091891 0.0 40960
1771094103005 0.0 46080
1771094114131 0.0 51200
1771094125072 0.0 56320
1771094136262 0.0 61440
1771094147308 0.0 66560
1771094158317 0.0 71680
1771094169472 0.0 76800
1771094180503 0.0 81920
1771094191505 0.0 87040
1771094202233 0.0 92160
1771094213167 0.0 97280
1771094224065 0.0 102400
1771094235316 0.0 107520
1771094246281 0.0 112640
1771094257381 0.0 117760
1771094268527 0.0 122880
1771094279521 0.0 128000
1771094290667 0.0 133120
1771094301758 0.0 138240
1771094312782 0.0 143360
1771094323925 0.0 148480
1771094334865 0.0 153600
1771094345703 0.0 158720
1771094356618 0.0 163840
1771094367626 0.0 168960
1771094378637 0.0 174080
1771094389770 0.0 179200
1771094400877 0.0 184320
1771094411696 0.0 189440
1771094422996 0.0 194560
1771094434134 0.0 199680
1771094445212 0.0 204800
1771094456238 0.0 209920
1771094467248 0.0 215040
1771094478254 0.0 220160
1771094489284 0.0 225280
1771094500137 0.0 230400
1771094511021 0.0 235520
1771094521983 0.0 240640
1771094533046 0.0 245760
1771094543933 0.0 250880
1771094554904 0.0 256000
1771094565811 0.0 261120
1771094576913 0.0 266240
1771094588086 0.0 271360
1771094599509 0.0 276480
1771094609937 0.0 281600
1771094621138 0.0 286720
1771094631985 0.0 291840
1771094643711 0.0 296960
1771094648189 0.0 300032
