1771094014513 1.1498316526412964 5120
1771094025724 1.1412911415100098 10240
1771094036872 1.1420806646347046 15360
1771094047983 1.1520248651504517 20480
1771094059060 1.1494624614715576 25600
1771094069945 1.158807635307312 30720
1771094080997 1.1584875583648682 35840
1771094091891 1.1646654605865479 40960
1771094103005 1.1580357551574707 46080
1771094114131 1.1594711542129517 51200
1771094125072 1.1625146865844727 56320
1771094136262 1.1643720865249634 61440
1771094147308 1.1645746231079102 66560
1771094158317 1.162134051322937 71680
1771094169472 1.1639484167099 76800
1771094180503 1.1672066450119019 81920
1771094191505 1.1668280363082886 87040
1771094202233 1.165381669998169 92160
1771094213167 1.164682149887085 97280
1771094224065 1.1623808145523071 102400
1771094235316 1.1604764461517334 107520
1771094246281 1.1613411903381348 112640
1771094257381 1.1631255149841309 117760
1771094268527 1.1638725996017456 122880
1771094279521 1.1604578495025635 128000
1771094290667 1.1595377922058105 133120
1771094301758 1.1579481363296509 138240
1771094312782 1.1590622663497925 143360
1771094323925 1.159004807472229 148480
1771094334865 1.1602287292480469 153600
1771094345703 1.159560203552246 158720
1771094356618 1.1600561141967773 163840
1771094367626 1.1590512990951538 168960
1771094378637 1.1588526964187622 174080
1771094389770 1.1589969396591187 179200
1771094400877 1.1590152978897095 184320
1771094411696 1.1583725214004517 189440
1771094422996 1.1578773260116577 194560
1771094434134 1.1595349311828613 199680
1771094445212 1.1613773107528687 204800
1771094456238 1.1617729663848877 209920
1771094467248 1.1622003316879272 215040
1771094478254 1.1619170904159546 220160
1771094489284 1.1625769138336182 225280
1771094500137 1.1630890369415283 230400
1771094511021 1.1619882583618164 235520
1771094521983 1.1608415842056274 240640
1771094533046 1.1618762016296387 245760
1771094543933 1.1610703468322754 250880
1771094554904 1.1607811450958252 256000
1771094565811 1.1611398458480835 261120
1771094576913 1.1617521047592163 266240
1771094588086 1.1632893085479736 271360
1771094599509 1.1635304689407349 276480
1771094609937 1.162470817565918 281600
1771094621138 1.1631205081939697 286720
1771094631985 1.1628519296646118 291840
1771094643711 1.162057638168335 296960
1771094648189 1.162424087524414 300032
