1771229376787 0.2949937880039215 5120
1771229388578 0.27802351117134094 10240
1771229400697 0.2727470099925995 15360
1771229412461 0.26659756898880005 20480
1771229425123 0.267623633146286 25600
1771229437335 0.26768776774406433 30720
1771229449122 0.26780208945274353 35840
1771229460862 0.26737847924232483 40960
1771229472623 0.26583120226860046 46080
1771229484221 0.2652469575405121 51200
1771229496791 0.2664719820022583 56320
1771229508377 0.26758623123168945 61440
1771229520071 0.2635992765426636 66560
1771229531554 0.26386305689811707 71680
1771229543711 0.2645297348499298 76800
1771229556390 0.26649484038352966 81920
1771229567920 0.26845699548721313 87040
1771229579639 0.2722061276435852 92160
1771229591293 0.2762378752231598 97280
1771229603994 0.27795401215553284 102400
1771229616252 0.2806762754917145 107520
1771229628458 0.2831448018550873 112640
1771229640245 0.2856989800930023 117760
1771229651722 0.2884570360183716 122880
1771229663865 0.2899780571460724 128000
1771229675988 0.29176393151283264 133120
1771229687539 0.29294654726982117 138240
1771229699440 0.29372522234916687 143360
1771229711126 0.2961939573287964 148480
1771229723537 0.29681652784347534 153600
1771229736174 0.2951255738735199 158720
1771229748566 0.29561513662338257 163840
1771229760860 0.2974870502948761 168960
1771229774001 0.29929742217063904 174080
1771229788397 0.30097275972366333 179200
1771229802768 0.30172914266586304 184320
1771229816757 0.3008517920970917 189440
1771229831386 0.30079683661460876 194560
1771229845494 0.3014099895954132 199680
1771229859360 0.30327022075653076 204800
1771229873754 0.30420660972595215 209920
1771229888151 0.3055594265460968 215040
1771229902450 0.3074219822883606 220160
1771229916191 0.3089577555656433 225280
1771229930391 0.30967429280281067 230400
1771229945089 0.31171339750289917 235520
1771229959500 0.3132750988006592 240640
1771229973445 0.3147604465484619 245760
1771229987089 0.31653761863708496 250880
1771230001366 0.31678518652915955 256000
1771230015768 0.31763145327568054 261120
1771230030198 0.31883737444877625 266240
1771230044189 0.3191589415073395 271360
1771230058150 0.3202468454837799 276480
1771230071911 0.3211372494697571 281600
1771230086338 0.321790874004364 286720
1771230100057 0.32245072722435 291840
1771230114656 0.32369840145111084 296960
1771230121690 0.32419732213020325 300032
