1759532195649 0.0 5120
1759532206207 0.0 10240
1759532217971 0.0 15360
1759532235632 0.0 20480
1759532245796 0.0 25600
1759532256284 0.0 30720
1759532271131 0.0 35840
1759532285436 0.0 40960
1759532295892 0.0 46080
1759532306389 0.0 51200
1759532322608 0.0 56320
1759532335433 0.0 61440
1759532345884 0.0 66560
1759532356863 0.0 71680
1759532374813 0.0 76800
1759532385652 0.0 81920
1759532396067 0.0 87040
1759532406983 0.0 92160
1759532425013 0.0 97280
1759532436027 0.0 102400
1759532447495 0.0 107520
1759532457519 0.0 112640
1759532475703 0.0 117760
1759532486847 0.0 122880
1759532498205 0.0 128000
1759532509204 0.0 133120
1759532525379 0.0 138240
1759532537662 0.0 143360
1759532549082 0.0 148480
1759532561025 0.0 153600
1759532575643 0.0 158720
1759532589616 0.0 163840
1759532600626 0.0 168960
1759532613229 0.0 174080
1759532627137 0.0 179200
1759532643995 0.0 184320
1759532655891 0.0 189440
1759532667129 0.0 194560
1759532678981 0.0 199680
1759532695372 0.0 204800
1759532705470 0.0 209920
1759532716768 0.0 215040
1759532729398 0.0 220160
1759532747221 0.0 225280
1759532757318 0.0 230400
1759532768142 0.0 235520
1759532779148 0.0 240640
1759532795780 0.0 245760
1759532806705 0.0 250880
1759532816976 0.0 256000
1759532830378 0.0 261120
1759532844112 0.0 266240
1759532854891 0.0 271360
1759532864750 0.0 276480
1759532881156 0.0 281600
1759532893006 0.0 286720
1759532904289 0.0 291840
1759532914356 0.0 296960
1759532922891 0.0 300032
