1759532195646 -1.2307471210757892 5120
1759532206201 -0.08798313953659752 10240
1759532217967 -0.02949094888754189 15360
1759532235629 0.2495629418463934 20480
1759532245792 0.5405514240264893 25600
1759532256280 0.4120011175832441 30720
1759532271126 0.3959461847941081 35840
1759532285430 0.40174081267380135 40960
1759532295888 0.3486366997594419 46080
1759532306385 0.332137804405362 51200
1759532322603 0.3112731788839613 56320
1759532335427 0.290537419866343 61440
1759532345878 0.2604397101835771 66560
1759532356860 0.24307781541851206 71680
1759532374808 0.23049587325045937 76800
1759532385648 0.21791774255258065 81920
1759532396062 0.20698057219039562 87040
1759532406978 0.1908575754899245 92160
1759532425005 0.17969107876221338 97280
1759532436022 0.17534994134808532 102400
1759532447488 0.1660001187954309 107520
1759532457511 0.15682239360637493 112640
1759532475698 0.1512705210981698 117760
1759532486842 0.14611737393150645 122880
1759532498200 0.14011429037366593 128000
1759532509199 0.13557035140408816 133120
1759532525374 0.12952379619373994 138240
1759532537654 0.12621833584832806 143360
1759532549074 0.11990132233867906 148480
1759532561017 0.11588552140242217 153600
1759532575638 0.11279955888405824 158720
1759532589610 0.1088671921202855 163840
1759532600621 0.106326742344592 168960
1759532613224 0.10416523615519206 174080
1759532627129 0.0996697572144595 179200
1759532643986 0.09770735983031889 184320
1759532655885 0.09507915281480359 189440
1759532667122 0.09291390848409443 194560
1759532678972 0.08995192148247544 199680
1759532695366 0.08844596710964221 204800
1759532705464 0.08674850278687708 209920
1759532716762 0.08350906778850826 215040
1759532729389 0.08264762825436062 220160
1759532747215 0.07996146171880524 225280
1759532757309 0.0784922859310049 230400
1759532768132 0.07670837666565206 235520
1759532779142 0.07501154935966103 240640
1759532795773 0.07299499491932976 245760
1759532806699 0.07221255845170681 250880
1759532816970 0.07037825983359045 256000
1759532830371 0.06796017941087484 261120
1759532844106 0.06818351160977536 266240
1759532854885 0.06660728167770501 271360
1759532864744 0.06585587962527116 276480
1759532881150 0.0643819276837335 281600
1759532892994 0.06328209354359908 286720
1759532904279 0.061752136770661895 291840
1759532914346 0.06149893691859294 296960
1759532922880 0.02317239237319894 300032
