1759532195649 4.072289156626506 5120
1759532206207 2.8979166666666667 10240
1759532217971 2.401920438957476 15360
1759532235632 2.1995841995841996 20480
1759532245796 2.075833333333333 25600
1759532256284 2.0153953813855843 30720
1759532271131 1.933731343283582 35840
1759532285436 1.885639686684073 40960
1759532295892 1.8511627906976744 46080
1759532306389 1.8043297252289758 51200
1759532322608 1.7788716395304809 56320
1759532335433 1.7546842470506592 61440
1759532345884 1.7516908212560387 66560
1759532356863 1.7299880525686977 71680
1759532374813 1.704115684093437 76800
1759532385652 1.6903831118060986 81920
1759532396067 1.679245283018868 87040
1759532406983 1.6766952094422587 92160
1759532425013 1.6728232189973615 97280
1759532436027 1.6669454317374033 102400
1759532447495 1.6657364959138927 107520
1759532457519 1.6603701583667239 112640
1759532475703 1.654688070047428 117760
1759532486847 1.647069116360455 122880
1759532498205 1.6467519353752944 128000
1759532509204 1.6415735794074793 133120
1759532525379 1.636788776305534 138240
1759532537662 1.634395670475045 143360
1759532549082 1.6333236405931957 148480
1759532561025 1.6294473351146113 153600
1759532575643 1.6281126683902571 158720
1759532589616 1.628627968337731 163840
1759532600626 1.6253041362530414 168960
1759532613229 1.6224045754071863 174080
1759532627137 1.6223108532753203 179200
1759532643995 1.6213580827067668 184320
1759532655891 1.6179800983644057 189440
1759532667129 1.618007577445955 194560
1759532678981 1.6157437567861022 199680
1759532695372 1.6134293581868249 204800
1759532705470 1.609504132231405 209920
1759532716768 1.6073984477371233 215040
1759532729398 1.6086742237555447 220160
1759532747221 1.6050250288794763 225280
1759532757318 1.603933377246636 230400
1759532768142 1.601196502531063 235520
1759532779148 1.6023065141003694 240640
1759532795780 1.6005818053596614 245760
1759532806705 1.5998618426733442 250880
1759532816976 1.597581599864705 256000
1759532830378 1.596187318690427 261120
1759532844112 1.5954955687454264 266240
1759532854891 1.598547138181528 271360
1759532864750 1.5962713457621809 276480
1759532881156 1.5944491427692782 281600
1759532893006 1.592917012761459 286720
1759532904289 1.5904338153503894 291840
1759532914356 1.5895680046623444 296960
1759532922891 1.5891927083333333 300032
