1759532195646 189.72741665535804 5120
1759532206201 84.30422897571957 10240
1759532217967 97.64868577282145 15360
1759532235629 146.4082658475286 20480
1759532245792 102.3775049427616 25600
1759532256280 114.07795033589905 30720
1759532271126 97.45356537094263 35840
1759532285430 154.7428149787862 40960
1759532295888 124.96808986085868 46080
1759532306385 77.27305219329759 51200
1759532322603 47.673922185976195 56320
1759532335427 98.78945756883435 61440
1759532345878 89.6832021895313 66560
1759532356860 99.23119144506482 71680
1759532374808 101.64806242881032 76800
1759532385648 118.28602047435066 81920
1759532396062 63.799458489245836 87040
1759532406978 139.03616534623927 92160
1759532425005 98.24106431817117 97280
1759532436022 107.65391032057698 102400
1759532447488 114.72698925025301 107520
1759532457511 98.87795563308894 112640
1759532475698 99.25702250514708 117760
1759532486842 104.85497862553436 122880
1759532498200 122.22233878252761 128000
1759532509199 96.04103315625572 133120
1759532525374 94.84440223413156 138240
1759532537654 89.84649658333869 143360
1759532549074 84.287287488445 148480
1759532561017 79.67751372504321 153600
1759532575638 59.583259936926446 158720
1759532589610 102.81416840299056 163840
1759532600621 95.07013010562582 168960
1759532613224 100.55871493646607 174080
1759532627129 99.62244073915728 179200
1759532643986 93.58943234559086 184320
1759532655885 113.02659732140451 189440
1759532667122 102.04622646099946 194560
1759532678972 108.28761004827925 199680
1759532695366 223.46976397250785 204800
1759532705464 145.29250381044756 209920
1759532716762 218.04449989602827 215040
1759532729389 174.99599465954606 220160
1759532747215 99.71717940183538 225280
1759532757309 118.97047227343639 230400
1759532768132 67.90745567878248 235520
1759532779142 97.57826167876419 240640
1759532795773 153.37345961165758 245760
1759532806699 58.092048586584674 250880
1759532816970 173.75632793404864 256000
1759532830371 191.77467879840884 261120
1759532844106 95.59231488023337 266240
1759532854885 161.2573625528643 271360
1759532864744 102.78645297260206 276480
1759532881150 138.07499094709814 281600
1759532892994 83.72365610715212 286720
1759532904279 129.0435959757561 291840
1759532914346 105.25229611041405 296960
1759532922880 172.71171505044265 300032
