1758808728058 422.30236316417955 20224
1758808769672 418.99245701376805 40448
1758808811984 418.558884293512 60672
1758808853410 417.6092918032692 80896
1758808895328 417.22855901916785 101120
1758808937002 415.6071107241767 121344
1758808977203 413.4872647673516 141568
1758809016503 411.9805778360894 161792
1758809056611 412.18136253762293 182016
1758809097102 411.07552050052396 202240
1758809136994 410.22784050073835 222464
1758809177202 409.2662238829231 242688
1758809191619 408.96645829935414 250112
