1758808728055 4.2164602057635765 20224
1758808769669 2.024620761811358 40448
1758808811981 1.1841887300755798 60672
1758808853404 0.8712425448541009 80896
1758808895322 0.772404414355153 101120
1758808936998 0.7001019504948669 121344
1758808977200 0.6526169795852277 141568
1758809016500 0.609569742027994 161792
1758809056608 0.5480308747693395 182016
1758809097098 0.5282358077925767 202240
1758809136974 0.48532979948767285 222464
1758809177198 0.45867904420898875 242688
1758809191615 0.16036097761796464 250112
