1758808728055 -0.9051011142137575 20224
1758808769669 -0.5834182777494756 40448
1758808811981 -0.29555560470629144 60672
1758808853404 -0.10410828111158558 80896
1758808895322 0.024827412913807412 101120
1758808936998 0.09341422371331014 121344
1758808977200 0.059059073408857146 141568
1758809016500 0.04495507390025007 161792
1758809056608 0.045084519448868016 182016
1758809097098 0.055138312956476025 202240
1758809136974 0.06867086403671353 222464
1758809177198 0.0744762065036279 242688
1758809191615 0.02914611362874081 250112
