1758808728055 89.28420290780595 20224
1758808769669 171.72879135276776 40448
1758808811981 87.36495240475745 60672
1758808853404 84.75738592733299 80896
1758808895322 104.69793564813659 101120
1758808936998 67.20025634863414 121344
1758808977200 76.17143687345634 141568
1758809016500 55.93897039210456 161792
1758809056608 123.77324637766695 182016
1758809097098 160.61514896224247 202240
1758809136974 56.424349229837894 222464
1758809177198 130.7859058309947 242688
1758809191615 71.42888283378747 250112
