1771132040363 0.0 6144
1771132051401 0.0 12288
1771132053714 0.0 18432
1771132064592 0.0 24576
1771132075613 0.0 30720
1771132086448 0.0 36864
1771132088352 0.0 43008
1771132099832 0.0 49152
1771132110554 0.0 55296
1771132122079 0.0 61440
1771132123876 0.0 67584
1771132135420 0.0 73728
1771132146461 0.0 79872
1771132157355 0.0 86016
1771132159691 0.0 92160
1771132170526 0.0 98304
1771132182031 0.0 104448
1771132192394 0.0 110592
1771132194798 0.0 116736
1771132206396 0.0 122880
1771132217410 0.0 129024
1771132227913 0.0 135168
1771132230519 0.0 141312
1771132241854 0.0 147456
1771132252827 0.0 153600
1771132262939 0.0 159744
1771132266047 0.0 165888
1771132276983 0.0 172032
1771132288575 0.0 178176
1771132300096 0.0 184320
1771132303346 0.0 190464
1771132317133 0.0 196608
1771132329720 0.0 202752
1771132341911 0.0 208896
1771132346282 0.0 215040
1771132359104 0.0 221184
1771132371796 0.0 227328
1771132383881 0.0 233472
1771132387684 0.0 239616
1771132401277 0.0 245760
1771132414147 0.0 251904
1771132426967 0.0 258048
1771132429456 0.0 264192
1771132443301 0.0 270336
1771132455675 0.0 276480
1771132468665 0.0 282624
1771132470793 0.0 288768
1771132481793 0.0 294912
1771132492465 0.0 301056
