1771132040363 20.23558807373047 6144
1771132051401 20.9320125579834 12288
1771132053714 21.441635131835938 18432
1771132064592 21.727149963378906 24576
1771132075613 21.713485717773438 30720
1771132086448 21.716060638427734 36864
1771132088352 21.735523223876953 43008
1771132099832 21.761823654174805 49152
1771132110554 21.879541397094727 55296
1771132122079 21.95052719116211 61440
1771132123876 21.95955467224121 67584
1771132135420 22.010772705078125 73728
1771132146461 22.099102020263672 79872
1771132157355 22.132081985473633 86016
1771132159691 22.159252166748047 92160
1771132170526 22.177188873291016 98304
1771132182031 22.239465713500977 104448
1771132192394 22.260021209716797 110592
1771132194798 22.24541473388672 116736
1771132206396 22.240497589111328 122880
1771132217410 22.217254638671875 129024
1771132227913 22.247325897216797 135168
1771132230519 22.245859146118164 141312
1771132241854 22.286020278930664 147456
1771132252827 22.30888557434082 153600
1771132262939 22.28844451904297 159744
1771132266047 22.236040115356445 165888
1771132276983 22.234704971313477 172032
1771132288575 22.21413803100586 178176
1771132300096 22.187522888183594 184320
1771132303346 22.183876037597656 190464
1771132317133 22.18057632446289 196608
1771132329720 22.17017364501953 202752
1771132341911 22.187009811401367 208896
1771132346282 22.193063735961914 215040
1771132359104 22.2020263671875 221184
1771132371796 22.198265075683594 227328
1771132383881 22.184465408325195 233472
1771132387684 22.199005126953125 239616
1771132401277 22.203231811523438 245760
1771132414147 22.201087951660156 251904
1771132426967 22.2191104888916 258048
1771132429456 22.21773910522461 264192
1771132443301 22.198646545410156 270336
1771132455675 22.228496551513672 276480
1771132468665 22.238222122192383 282624
1771132470793 22.23089027404785 288768
1771132481793 22.229400634765625 294912
1771132492465 22.226646423339844 301056
