1771132040363 1.1527072191238403 6144
1771132051401 1.1637531518936157 12288
1771132053714 1.1715315580368042 18432
1771132064592 1.175425410270691 24576
1771132075613 1.1643235683441162 30720
1771132086448 1.1597493886947632 36864
1771132088352 1.1573388576507568 43008
1771132099832 1.1547259092330933 49152
1771132110554 1.1588892936706543 55296
1771132122079 1.1614993810653687 61440
1771132123876 1.1610116958618164 67584
1771132135420 1.1635844707489014 73728
1771132146461 1.1657105684280396 79872
1771132157355 1.166326642036438 86016
1771132159691 1.1671499013900757 92160
1771132170526 1.1655322313308716 98304
1771132182031 1.1672276258468628 104448
1771132192394 1.1692931652069092 110592
1771132194798 1.1675300598144531 116736
1771132206396 1.1665047407150269 122880
1771132217410 1.1645928621292114 129024
1771132227913 1.1658438444137573 135168
1771132230519 1.1657179594039917 141312
1771132241854 1.1662791967391968 147456
1771132252827 1.1675044298171997 153600
1771132262939 1.1667003631591797 159744
1771132266047 1.1647530794143677 165888
1771132276983 1.1645991802215576 172032
1771132288575 1.1638667583465576 178176
1771132300096 1.1625125408172607 184320
1771132303346 1.1624552011489868 190464
1771132317133 1.161900520324707 196608
1771132329720 1.1618016958236694 202752
1771132341911 1.161731481552124 208896
1771132346282 1.1622483730316162 215040
1771132359104 1.1628446578979492 221184
1771132371796 1.161584496498108 227328
1771132383881 1.1607061624526978 233472
1771132387684 1.1612027883529663 239616
1771132401277 1.1612428426742554 245760
1771132414147 1.1611542701721191 251904
1771132426967 1.1616411209106445 258048
1771132429456 1.1612904071807861 264192
1771132443301 1.1606264114379883 270336
1771132455675 1.1618106365203857 276480
1771132468665 1.1620056629180908 282624
1771132470793 1.1615883111953735 288768
1771132481793 1.1614192724227905 294912
1771132492465 1.1611253023147583 301056
