1771201095552 0.09487655013799667 6144
1771201113595 0.08908779919147491 12288
1771201131658 0.0833708718419075 18432
1771201149682 0.08140765875577927 24576
1771201168575 0.0804065391421318 30720
1771201186835 0.08007950335741043 36864
1771201204872 0.07874151319265366 43008
1771201222936 0.07803812623023987 49152
1771201240962 0.07675033807754517 55296
1771201259813 0.0769086554646492 61440
1771201277854 0.07650650292634964 67584
1771201296307 0.07705709338188171 73728
1771201314513 0.07651949673891068 79872
1771201332555 0.07642502337694168 86016
1771201350627 0.07651009410619736 92160
1771201369483 0.0763135775923729 98304
1771201387631 0.0760379508137703 104448
1771201405788 0.07585885375738144 110592
1771201423847 0.07548116892576218 116736
1771201441888 0.07523111999034882 122880
1771201460789 0.07542441040277481 129024
1771201478919 0.07556573301553726 135168
1771201497425 0.07545553892850876 141312
1771201515423 0.07534775882959366 147456
1771201533433 0.07501126825809479 153600
1771201552287 0.07487054914236069 159744
1771201570290 0.07504484057426453 165888
1771201588800 0.07506762444972992 172032
1771201606853 0.07488004118204117 178176
1771201624901 0.0751982256770134 184320
1771201643773 0.07523083686828613 190464
1771201661777 0.07507699728012085 196608
1771201679834 0.07503317296504974 202752
1771201697891 0.07465949654579163 208896
1771201715965 0.07483994960784912 215040
1771201734687 0.07490960508584976 221184
1771201752713 0.07478863000869751 227328
1771201770807 0.07465241849422455 233472
1771201788817 0.0746568962931633 239616
1771201806870 0.07462815940380096 245760
1771201824911 0.07457493990659714 251904
1771201843699 0.07446824014186859 258048
1771201861692 0.07433860003948212 264192
1771201879806 0.07445457577705383 270336
1771201897967 0.07444841414690018 276480
1771201916089 0.0744180902838707 282624
1771201934879 0.0743807777762413 288768
1771201952940 0.0744946151971817 294912
1771201965013 0.07446900010108948 301056
