1771201095552 27.193359375 6144
1771201113595 27.356491088867188 12288
1771201131658 27.382505416870117 18432
1771201149682 27.495529174804688 24576
1771201168575 27.551382064819336 30720
1771201186835 27.72781753540039 36864
1771201204872 27.683849334716797 43008
1771201222936 27.668790817260742 49152
1771201240962 27.58606719970703 55296
1771201259813 27.628339767456055 61440
1771201277854 27.6185245513916 67584
1771201296307 27.62384605407715 73728
1771201314513 27.598752975463867 79872
1771201332555 27.583267211914062 86016
1771201350627 27.669538497924805 92160
1771201369483 27.69472312927246 98304
1771201387631 27.66583824157715 104448
1771201405788 27.652040481567383 110592
1771201423847 27.606258392333984 116736
1771201441888 27.58318328857422 122880
1771201460789 27.578075408935547 129024
1771201478919 27.65675926208496 135168
1771201497425 27.65969467163086 141312
1771201515423 27.657913208007812 147456
1771201533433 27.609704971313477 153600
1771201552287 27.595226287841797 159744
1771201570290 27.610227584838867 165888
1771201588800 27.648027420043945 172032
1771201606853 27.648662567138672 178176
1771201624901 27.687448501586914 184320
1771201643773 27.685379028320312 190464
1771201661777 27.66486930847168 196608
1771201679834 27.652210235595703 202752
1771201697891 27.62196922302246 208896
1771201715965 27.63737678527832 215040
1771201734687 27.653676986694336 221184
1771201752713 27.630937576293945 227328
1771201770807 27.6334285736084 233472
1771201788817 27.624771118164062 239616
1771201806870 27.64926528930664 245760
1771201824911 27.63346290588379 251904
1771201843699 27.640043258666992 258048
1771201861692 27.634716033935547 264192
1771201879806 27.633453369140625 270336
1771201897967 27.632598876953125 276480
1771201916089 27.636611938476562 282624
1771201934879 27.633092880249023 288768
1771201952940 27.661487579345703 294912
1771201965013 27.64894676208496 301056
