1771201095550 -3.8148274421691895 6144
1771201113592 -7.0054144859313965 12288
1771201131656 -7.979661464691162 18432
1771201149680 -7.809412002563477 24576
1771201168573 -6.871618270874023 30720
1771201186832 -5.829176425933838 36864
1771201204870 -4.665865421295166 43008
1771201222934 -3.6556365489959717 49152
1771201240959 -2.707980155944824 55296
1771201259810 -2.0655534267425537 61440
1771201277852 -1.4285343885421753 67584
1771201296305 -0.9800734519958496 73728
1771201314511 -0.5541810989379883 79872
1771201332553 -0.27221181988716125 86016
1771201350625 -0.0032604236621409655 92160
1771201369481 0.2161860466003418 98304
1771201387629 0.44411611557006836 104448
1771201405786 0.5344477295875549 110592
1771201423845 0.6776432991027832 116736
1771201441886 0.763105571269989 122880
1771201460787 0.8274944424629211 129024
1771201478917 0.9376893043518066 135168
1771201497423 0.9786360859870911 141312
1771201515420 0.9524785876274109 147456
1771201533431 1.0447427034378052 153600
1771201552284 1.0784415006637573 159744
1771201570288 1.0664182901382446 165888
1771201588798 1.1380146741867065 172032
1771201606851 1.0966755151748657 178176
1771201624899 1.0873421430587769 184320
1771201643770 1.0972213745117188 190464
1771201661775 1.0985318422317505 196608
1771201679832 1.1327898502349854 202752
1771201697889 1.1363579034805298 208896
1771201715962 1.087187647819519 215040
1771201734685 1.1228440999984741 221184
1771201752710 1.132181167602539 227328
1771201770805 1.076383352279663 233472
1771201788815 1.0680235624313354 239616
1771201806868 1.0790892839431763 245760
1771201824909 1.0922214984893799 251904
1771201843697 1.01730477809906 258048
1771201861689 1.0507975816726685 264192
1771201879804 1.0030226707458496 270336
1771201897965 1.041611671447754 276480
1771201916087 1.027137279510498 282624
1771201934877 1.03239905834198 288768
1771201952938 1.055402398109436 294912
1771201965010 1.0111889839172363 301056
