1771054799919 18.826473236083984 6144
1771054827639 20.21515655517578 12288
1771054842778 20.941543579101562 18432
1771054865583 21.07591438293457 24576
1771054888841 21.61395835876465 30720
1771054910898 21.963781356811523 36864
1771054927170 21.775630950927734 43008
1771054950157 21.888025283813477 49152
1771054972906 21.759063720703125 55296
1771054994734 21.73605728149414 61440
1771055011335 21.757158279418945 67584
1771055034016 21.810171127319336 73728
1771055056372 21.791601181030273 79872
1771055077409 21.82372283935547 86016
1771055094990 21.836153030395508 92160
1771055117803 21.83686637878418 98304
1771055140384 21.883548736572266 104448
1771055160853 21.912185668945312 110592
1771055179515 21.835933685302734 116736
1771055202925 21.79676628112793 122880
1771055225134 21.850189208984375 129024
1771055245251 21.861522674560547 135168
1771055264166 21.895530700683594 141312
1771055286191 21.880250930786133 147456
1771055309534 21.907272338867188 153600
1771055329128 21.886383056640625 159744
1771055348776 21.924985885620117 165888
1771055370741 21.961551666259766 172032
1771055393429 21.957481384277344 178176
1771055413525 21.97783088684082 184320
1771055432907 21.978750228881836 190464
1771055454922 22.006465911865234 196608
1771055477408 22.03221321105957 202752
1771055496841 22.039350509643555 208896
1771055517610 22.06938934326172 215040
1771055539427 22.155481338500977 221184
1771055561119 22.143882751464844 227328
1771055579873 22.13981056213379 233472
1771055601980 22.079313278198242 239616
1771055623409 22.03037452697754 245760
1771055645263 21.981964111328125 251904
1771055663888 21.908424377441406 258048
1771055685660 21.815570831298828 264192
1771055708089 21.737424850463867 270336
1771055730133 21.662456512451172 276480
1771055746700 21.621599197387695 282624
1771055769915 21.574657440185547 288768
1771055792278 21.506868362426758 294912
1771055803143 21.45464515686035 301056
