1771054799914 18.85268211364746 6144
1771054827634 15.02348804473877 12288
1771054842772 13.967028617858887 18432
1771054865577 15.124046325683594 24576
1771054888835 17.768592834472656 30720
1771054910892 14.307007789611816 36864
1771054927163 12.669437408447266 43008
1771054950151 12.049269676208496 49152
1771054972900 11.972747802734375 55296
1771054994727 13.138827323913574 61440
1771055011328 12.472610473632812 67584
1771055034009 12.330748558044434 73728
1771055056366 12.247262001037598 79872
1771055077403 12.147320747375488 86016
1771055094983 11.682108879089355 92160
1771055117796 11.69840145111084 98304
1771055140378 11.876252174377441 104448
1771055160846 11.97256088256836 110592
1771055179509 11.948267936706543 116736
1771055202918 11.82819652557373 122880
1771055225127 12.373767852783203 129024
1771055245244 11.809109687805176 135168
1771055264159 12.763572692871094 141312
1771055286184 12.576983451843262 147456
1771055309526 12.293769836425781 153600
1771055329120 13.697296142578125 159744
1771055348769 12.8634672164917 165888
1771055370733 12.892369270324707 172032
1771055393422 13.16028118133545 178176
1771055413518 12.872597694396973 184320
1771055432900 13.146899223327637 190464
1771055454915 12.507831573486328 196608
1771055477400 12.703150749206543 202752
1771055496833 12.903000831604004 208896
1771055517602 12.157683372497559 215040
1771055539419 12.015913963317871 221184
1771055561112 10.439717292785645 227328
1771055579864 11.47461223602295 233472
1771055601973 12.098736763000488 239616
1771055623401 12.153594017028809 245760
1771055645255 12.972461700439453 251904
1771055663880 13.489911079406738 258048
1771055685652 14.040913581848145 264192
1771055708081 14.593474388122559 270336
1771055730125 15.33099365234375 276480
1771055746692 15.967361450195312 282624
1771055769907 16.043474197387695 288768
1771055792270 16.837663650512695 294912
1771055803134 16.257129669189453 301056
