1771054799914 -0.7054371237754822 6144
1771054827634 -1.0886763334274292 12288
1771054842772 -1.6594523191452026 18432
1771054865577 -2.226382255554199 24576
1771054888835 -2.7984578609466553 30720
1771054910892 -2.0303001403808594 36864
1771054927163 -4.269914627075195 43008
1771054950151 -4.903802871704102 49152
1771054972900 -5.16965913772583 55296
1771054994727 -5.211015701293945 61440
1771055011328 -5.236486434936523 67584
1771055034009 -5.171003818511963 73728
1771055056366 -5.097283840179443 79872
1771055077403 -4.99513053894043 86016
1771055094983 -4.9456939697265625 92160
1771055117796 -4.935438632965088 98304
1771055140378 -4.937194347381592 104448
1771055160846 -4.9198174476623535 110592
1771055179509 -5.636409759521484 116736
1771055202918 -5.721987247467041 122880
1771055225127 -5.670314311981201 129024
1771055245244 -6.111968994140625 135168
1771055264159 -6.430237293243408 141312
1771055286184 -6.65483283996582 147456
1771055309526 -6.816971302032471 153600
1771055329120 -6.928758144378662 159744
1771055348769 -7.030057430267334 165888
1771055370733 -7.181214809417725 172032
1771055393422 -7.214148998260498 178176
1771055413518 -7.278594493865967 184320
1771055432900 -7.38299036026001 190464
1771055454915 -7.374073028564453 196608
1771055477400 -7.531321048736572 202752
1771055496833 -7.105651378631592 208896
1771055517602 -6.635551929473877 215040
1771055539419 -7.017070770263672 221184
1771055561112 -7.08001184463501 227328
1771055579864 -7.453131198883057 233472
1771055601973 -8.340457916259766 239616
1771055623401 -8.350007057189941 245760
1771055645255 -8.508625984191895 251904
1771055663880 -8.737289428710938 258048
1771055685652 -9.17818546295166 264192
1771055708081 -9.503067016601562 270336
1771055730125 -9.936318397521973 276480
1771055746692 -10.051880836486816 282624
1771055769907 -10.046463012695312 288768
1771055792270 -10.32028579711914 294912
1771055803134 -10.401107788085938 301056
