1771054799919 1.0155274868011475 6144
1771054827639 1.1026936769485474 12288
1771054842778 1.1550967693328857 18432
1771054865583 1.0227892398834229 24576
1771054888841 0.8927921056747437 30720
1771054910898 0.8260379433631897 36864
1771054927170 0.8299539089202881 43008
1771054950157 0.8656684756278992 49152
1771054972906 0.8866361975669861 55296
1771054994734 0.9057978987693787 61440
1771055011335 0.9176444411277771 67584
1771055034016 0.9331990480422974 73728
1771055056372 0.9507569074630737 79872
1771055077409 0.9643687009811401 86016
1771055094990 0.9683166742324829 92160
1771055117803 0.9765229225158691 98304
1771055140384 0.9808314442634583 104448
1771055160853 0.9867863059043884 110592
1771055179515 0.9931909441947937 116736
1771055202925 0.9984294176101685 122880
1771055225134 1.0045124292373657 129024
1771055245251 1.0094975233078003 135168
1771055264166 1.0181633234024048 141312
1771055286191 1.0195159912109375 147456
1771055309534 1.0210766792297363 153600
1771055329128 1.0230093002319336 159744
1771055348776 1.0288896560668945 165888
1771055370741 1.0339226722717285 172032
1771055393429 1.0362675189971924 178176
1771055413525 1.038788914680481 184320
1771055432907 1.0397202968597412 190464
1771055454922 1.0426870584487915 196608
1771055477408 1.0465519428253174 202752
1771055496841 1.0476492643356323 208896
1771055517610 1.0357164144515991 215040
1771055539427 1.0175354480743408 221184
1771055561119 1.010742425918579 227328
1771055579873 1.0150327682495117 233472
1771055601980 1.018326997756958 239616
1771055623409 1.0283328294754028 245760
1771055645263 1.0375350713729858 251904
1771055663888 1.0418928861618042 258048
1771055685660 1.046118140220642 264192
1771055708089 1.0510257482528687 270336
1771055730133 1.056038737297058 276480
1771055746700 1.0614880323410034 282624
1771055769915 1.0681610107421875 288768
1771055792278 1.0716981887817383 294912
1771055803143 1.0738991498947144 301056
