1771054799919 1.730933666229248 6144
1771054827639 1.762527585029602 12288
1771054842778 1.8156088590621948 18432
1771054865583 1.4943417310714722 24576
1771054888841 1.1333588361740112 30720
1771054910898 0.9415253400802612 36864
1771054927170 0.9572972655296326 43008
1771054950157 1.0247138738632202 49152
1771054972906 1.0746103525161743 55296
1771054994734 1.122138500213623 61440
1771055011335 1.1433117389678955 67584
1771055034016 1.1811857223510742 73728
1771055056372 1.2162418365478516 79872
1771055077409 1.2427572011947632 86016
1771055094990 1.2490949630737305 92160
1771055117803 1.265777826309204 98304
1771055140384 1.2687181234359741 104448
1771055160853 1.2800288200378418 110592
1771055179515 1.2991348505020142 116736
1771055202925 1.3150084018707275 122880
1771055225134 1.327120304107666 129024
1771055245251 1.3358738422393799 135168
1771055264166 1.3536803722381592 141312
1771055286191 1.3566282987594604 147456
1771055309534 1.3623913526535034 153600
1771055329128 1.368221640586853 159744
1771055348776 1.381469964981079 165888
1771055370741 1.391304612159729 172032
1771055393429 1.3974919319152832 178176
1771055413525 1.4020447731018066 184320
1771055432907 1.4035106897354126 190464
1771055454922 1.4061331748962402 196608
1771055477408 1.413875699043274 202752
1771055496841 1.4179149866104126 208896
1771055517610 1.3868656158447266 215040
1771055539427 1.3381872177124023 221184
1771055561119 1.3190709352493286 227328
1771055579873 1.3271666765213013 233472
1771055601980 1.3423410654067993 239616
1771055623409 1.3751569986343384 245760
1771055645263 1.4041486978530884 251904
1771055663888 1.4234161376953125 258048
1771055685660 1.4455232620239258 264192
1771055708089 1.466054081916809 270336
1771055730133 1.4854522943496704 276480
1771055746700 1.50537109375 282624
1771055769915 1.529063105583191 288768
1771055792278 1.5451682806015015 294912
1771055803143 1.5560004711151123 301056
