1758742159658 -0.04726030970258372 5120
1758742170417 -0.051060087797118396 10240
1758742181642 -0.037397942093552135 15360
1758742193913 -0.02456032126038163 20480
1758742204411 -0.021325977574480643 25600
1758742217227 -0.01890723210228376 30720
1758742228658 -0.01815774476697259 35840
1758742240245 -0.01719046546065289 40960
1758742253192 -0.017790908230602413 46080
1758742264877 -0.018886419226281086 51200
1758742276691 -0.017509650725584764 56320
1758742288843 -0.016816919028017036 61440
1758742300251 -0.01752280326867012 66560
1758742311664 -0.01862477163827292 71680
1758742323174 -0.01757671240952324 76800
1758742335233 -0.01883030550502171 81920
1758742346923 -0.018992217405101073 87040
1758742358435 -0.020413062413973823 92160
1758742370107 -0.018995712983013766 97280
1758742381562 -0.019954670843043528 102400
1758742392636 -0.019934703788394882 107520
1758742403904 -0.020635592559027294 112640
1758742416156 -0.0220387718941281 117760
1758742427990 -0.020828019804369637 122880
1758742439381 -0.021167752152669455 128000
1758742450825 -0.020060684481875223 133120
1758742462116 -0.0209677874380912 138240
1758742473074 -0.021127106459170528 143360
1758742483932 -0.02058647688407701 148480
1758742494580 -0.020551191094314396 153600
1758742505623 -0.01991184485323379 158720
1758742516304 -0.019396304898254585 163840
1758742527428 -0.018984517964580956 168960
1758742538519 -0.0182419543574385 174080
1758742549295 -0.017187211380875568 179200
1758742560622 -0.017059947515162283 184320
1758742572115 -0.017453759948895205 189440
1758742582872 -0.018129509162652196 194560
1758742594435 -0.017664691702809744 199680
1758742605292 -0.01675823141126597 204800
1758742616509 -0.016274621512799837 209920
1758742628279 -0.01673775429391124 215040
1758742639084 -0.016337781971478435 220160
1758742649810 -0.016376749746645214 225280
1758742661478 -0.016334150792755905 230400
1758742672098 -0.016091234844489412 235520
1758742683271 -0.016944895325254304 240640
1758742694803 -0.016925022951894197 245760
1758742705832 -0.016367424761726465 250880
1758742717053 -0.015675309178355214 256000
1758742729265 -0.015550748608371537 261120
1758742741183 -0.015791822865419268 266240
1758742752554 -0.015859963532105354 271360
1758742763498 -0.015689816825594977 276480
1758742774815 -0.015411343713114199 281600
1758742785530 -0.015141200902311 286720
1758742797231 -0.015320071517951022 291840
1758742809285 -0.014274091478260708 296960
1758742820050 -0.014934617366758472 302080
1758742830555 -0.014980431301806194 307200
1758742841713 -0.014574135208989049 312320
1758742853031 -0.014685326387188686 317440
1758742864085 -0.014307932944452829 322560
1758742876302 -0.014154617624483846 327680
1758742887338 -0.014312231568168623 332800
1758742898241 -0.013966898589672056 337920
1758742909317 -0.01340151673195346 343040
1758742920126 -0.013090174089539672 348160
1758742931450 -0.013514122049675567 353280
1758742942464 -0.013396251635582085 358400
1758742953145 -0.013743780726366358 363520
1758742964754 -0.01340036393039182 368640
1758742975836 -0.013413841189137066 373760
1758742986859 -0.012519821091973242 378880
1758742997781 -0.01242339448242645 384000
1758743009017 -0.012451484867963722 389120
1758743020441 -0.01292397575978719 394240
1758743031715 -0.012340429194228607 399360
1758743042267 -0.012243729275589423 404480
1758743053896 -0.011750886769387068 409600
1758743065595 -0.011693614673496836 414720
1758743076949 -0.01197490442968737 419840
1758743088129 -0.012109066943387394 424960
1758743098685 -0.011522864387689213 430080
1758743110031 -0.011213397152770064 435200
1758743122101 -0.011209862374899208 440320
1758743132931 -0.010916057775104135 445440
1758743144394 -0.010767842476372013 450560
1758743155413 -0.010320594175554004 455680
1758743167086 -0.011407804945850955 460800
1758743177938 -0.011069553524239387 465920
1758743188917 -0.010555048405897481 471040
1758743200226 -0.009925421113163345 476160
1758743210960 -0.01020417316108229 481280
1758743221651 -0.00955978520351733 486400
1758743233118 -0.009512272121880216 491520
1758743244856 -0.010074626779138642 496640
1758743255737 -0.009757667916700099 501760
1758743267030 -0.00937511504508822 506880
1758743278403 -0.008796540157369588 512000
1758743289521 -0.00901350371617011 517120
1758743300320 -0.00901806415850365 522240
1758743312025 -0.009024921491966266 527360
1758743323834 -0.008930073255303386 532480
1758743334923 -0.008914136903618473 537600
1758743345840 -0.008186268559158664 542720
1758743356782 -0.008000792075072087 547840
1758743368200 -0.008136674741085675 552960
1758743379356 -0.007980024770879243 558080
1758743390204 -0.008083825677917633 563200
1758743401144 -0.008121678014426337 568320
1758743412210 -0.007908352540572377 573440
1758743423452 -0.007813292074815091 578560
1758743435336 -0.008000156849113173 583680
1758743446259 -0.007751364337004355 588800
1758743457357 -0.007733834606468138 593920
1758743469284 -0.007724962851676305 599040
1758743480139 -0.007041445958922345 604160
1758743491049 -0.007130079988369868 609280
1758743502841 -0.007516375460857056 614400
1758743514305 -0.0071765354033197955 619520
1758743525159 -0.007138991541473751 624640
1758743537073 -0.006495936524330334 629760
1758743548041 -0.006996008860685325 634880
1758743558937 -0.006979832597753135 640000
1758743571033 -0.006991823388205214 645120
1758743582803 -0.006932153635163891 650240
1758743594421 -0.006086458118573524 655360
1758743605227 -0.006672367482442165 660480
1758743616389 -0.005998398583011415 665600
1758743627979 -0.006312484915863235 670720
1758743639563 -0.005830736897832198 675840
1758743650736 -0.006316075621579474 680960
1758743662010 -0.005921797581636741 686080
1758743672682 -0.005639906218209915 691200
1758743684588 -0.005768376823209393 696320
1758743695967 -0.005478343283856102 701440
1758743707721 -0.005557701687845619 706560
1758743718729 -0.00549205403583421 711680
1758743730156 -0.005179539913366795 716800
1758743741387 -0.0047906549295522105 721920
1758743752268 -0.005033666359123652 727040
1758743763664 -0.005210388044259299 732160
1758743775287 -0.005028986550171894 737280
1758743785708 -0.004466204951854049 742400
1758743797710 -0.004726971850661291 747520
1758743808922 -0.0049356376484355645 752640
1758743819729 -0.004650897198293468 757760
1758743830801 -0.004393258827798761 762880
1758743842366 -0.004259970219124956 768000
1758743853302 -0.004069495392492851 773120
1758743864753 -0.004321237842882201 778240
1758743875552 -0.004077755939489251 783360
1758743886081 -0.003738971518371369 788480
1758743898687 -0.003984268030325315 793600
1758743910645 -0.0035943182394772683 798720
1758743921340 -0.0031873712548022436 803840
1758743933518 -0.003980681361446121 808960
1758743944683 -0.003522378998858042 814080
1758743955686 -0.0037942793416962032 819200
1758743967283 -0.0030674789354172747 824320
1758743978263 -0.0033102081223646456 829440
1758743989511 -0.0031293293553164895 834560
1758744000424 -0.0029590503993611335 839680
1758744011162 -0.0028915796694124296 844800
1758744023523 -0.0028215997488661654 849920
1758744034752 -0.002989918176409228 855040
1758744045581 -0.002750786960710198 860160
1758744056449 -0.0028263472551708566 865280
1758744067899 -0.0025616745034304483 870400
1758744078633 -0.002639529163230758 875520
1758744090408 -0.0026613895680384038 880640
1758744101378 -0.002285148127166497 885760
1758744112329 -0.0020956697220159857 890880
1758744124197 -0.0024039553714050492 896000
1758744134785 -0.001977146894916219 901120
1758744146793 -0.0021499142080200354 906240
1758744158652 -0.0017002576549412728 911360
1758744169552 -0.0016877707733734463 916480
1758744180752 -0.0015450573348644806 921600
1758744191637 -0.0022014662750976847 926720
1758744202595 -0.001674148605292854 931840
1758744214024 -0.0014837189483141123 936960
1758744224807 -0.0016907789167325414 942080
1758744236181 -0.001316449410913442 947200
1758744247494 -0.0015644314079411533 952320
1758744258592 -0.0015291395838392574 957440
1758744269847 -0.0008332313683970562 962560
1758744282062 -0.0009511149444298844 967680
1758744292916 -0.0010880580472337731 972800
1758744304712 -0.0009894805558920844 977920
1758744315908 -0.0007210906010156992 983040
1758744327415 -0.0009084357794425364 988160
1758744338181 -0.0007180236798299093 993280
1758744349859 -0.000591004592498062 998400
1758744361343 -0.0002708129320665149 1003520
1758744372523 -0.00022141574164750885 1008640
1758744383204 -0.0005937280456425716 1013760
1758744394321 -0.0009783374188204442 1018880
1758744405682 -0.0003255645436544592 1024000
1758744417305 -0.00014960213113382543 1029120
1758744428649 -0.00031480677398205157 1034240
1758744439632 0.000591731229620419 1039360
1758744451016 1.1575328634814053e-06 1044480
1758744462532 0.00014014031044944441 1049600
1758744474002 0.00020665666361914997 1054720
1758744484713 0.00041011331544006484 1059840
1758744496076 0.0003202479834941625 1064960
1758744507364 0.00041628018007327486 1070080
1758744517982 0.000992967275615761 1075200
1758744529101 0.0009326876627201436 1080320
1758744541235 0.0012948561808504156 1085440
1758744551715 0.0011465967486607473 1090560
1758744563249 0.001486006117373865 1095680
1758744574657 0.001649472440669382 1100800
1758744585504 0.0019346721551396786 1105920
1758744597604 0.0023311375284409143 1111040
1758744609136 0.0025350566414402485 1116160
1758744619585 0.003069717898757402 1121280
1758744630699 0.002447364097209281 1126400
1758744642360 0.002916110381635706 1131520
1758744653415 0.0033553896576293657 1136640
1758744666244 0.002885700434586628 1141760
1758744679318 0.003143156746672988 1146880
1758744690748 0.0034074172844385684 1152000
1758744702542 0.0036111722159137822 1157120
1758744714699 0.003854281299572583 1162240
1758744727029 0.0039416304337196876 1167360
1758744738898 0.003894934225384259 1172480
1758744750604 0.0041898840978025894 1177600
1758744763199 0.004419785277509658 1182720
1758744774928 0.004031942839048156 1187840
1758744787609 0.004381491336871615 1192960
1758744799601 0.004343212032847821 1198080
1758744811306 0.004264643701485588 1203200
1758744822954 0.004171734882900963 1208320
1758744834879 0.004577625894114026 1213440
1758744846860 0.00437943760373717 1218560
1758744859309 0.0043762218525808146 1223680
1758744870826 0.00445128242017527 1228800
1758744881607 0.004558664749480214 1233920
1758744893027 0.004724476670361925 1239040
1758744904422 0.004704871128135639 1244160
1758744915126 0.0045624237230531845 1249280
1758744926463 0.004201888661072269 1254400
1758744937599 0.004281136592794449 1259520
1758744948449 0.004582064881833356 1264640
1758744959899 0.004772622915459025 1269760
1758744971250 0.004611991191814999 1274880
1758744981964 0.004838428612209229 1280000
1758744993993 0.004729186911621884 1285120
1758745005280 0.004646315091754964 1290240
1758745017044 0.004974426169848635 1295360
1758745027941 0.004850780382045633 1300480
1758745038822 0.0050233322904288035 1305600
1758745049915 0.004796064451694768 1310720
1758745060994 0.004773001962078149 1315840
1758745072706 0.005202503265324685 1320960
1758745083448 0.005056696482501741 1326080
1758745094984 0.005119233068606643 1331200
1758745106065 0.005163224417915337 1336320
1758745116963 0.005195710739091343 1341440
1758745127939 0.005166499384952756 1346560
1758745138739 0.0051666443669825335 1351680
1758745150678 0.005202073575055637 1356800
1758745161815 0.005204102729097656 1361920
1758745173457 0.0051847594973077225 1367040
1758745184567 0.0050817465653194465 1372160
1758745195775 0.005242999591164553 1377280
1758745206374 0.00555172056605299 1382400
1758745218175 0.0054315076809355175 1387520
1758745229005 0.005379159493035329 1392640
1758745240017 0.005504289273267437 1397760
1758745251402 0.005319363638946249 1402880
1758745262968 0.005384670043290691 1408000
1758745274027 0.005376413235131478 1413120
1758745284496 0.0056240218272172165 1418240
1758745295564 0.0056955448223347934 1423360
1758745307342 0.005734464020482145 1428480
1758745318824 0.005721807543709116 1433600
1758745329593 0.005579265384270275 1438720
1758745340841 0.005613555575997836 1443840
1758745352887 0.005700714047817223 1448960
1758745363985 0.005432484120975139 1454080
1758745375213 0.005342171706979347 1459200
1758745386555 0.005707697171553138 1464320
1758745397572 0.005746838772801484 1469440
1758745408943 0.005474906852522196 1474560
1758745419644 0.005604101122302016 1479680
1758745431341 0.005952318584768962 1484800
1758745442409 0.005877866918658539 1489920
1758745453578 0.005481994370445979 1495040
1758745464408 0.005763555443585885 1500160
1758745475276 0.005983822687489912 1505280
1758745486969 0.005885423148936931 1510400
1758745498057 0.006086227137219803 1515520
1758745509629 0.005807232383204076 1520640
1758745520365 0.005860834048910642 1525760
1758745531589 0.005596043234026127 1530880
1758745542572 0.005994629013679402 1536000
1758745553389 0.006163832773462994 1541120
1758745564585 0.005943963472820674 1546240
1758745575902 0.005753200767339603 1551360
1758745586621 0.0058392595252871535 1556480
1758745598393 0.005891023513001119 1561600
1758745609420 0.006243672543852728 1566720
1758745620367 0.005904619904570773 1571840
1758745631669 0.0062066185998754094 1576960
1758745642325 0.006100858902973644 1582080
1758745653887 0.0059552917248240364 1587200
1758745664885 0.006192588802319864 1592320
1758745676303 0.006016735197011333 1597440
1758745687836 0.006007831672798843 1602560
1758745698856 0.006087980781309811 1607680
1758745709928 0.005962115339846143 1612800
1758745721310 0.005923077475890727 1617920
1758745732177 0.006140473117927632 1623040
1758745743081 0.006027362197098764 1628160
1758745754251 0.006178552389630628 1633280
1758745765461 0.005998070641171837 1638400
1758745777024 0.0059728640445090775 1643520
1758745788484 0.0059648347259992915 1648640
1758745799249 0.00611057840178135 1653760
1758745810664 0.0060995898484411185 1658880
1758745822055 0.006112488668307105 1664000
1758745833478 0.006070783269531503 1669120
1758745845188 0.005936472555527063 1674240
1758745856097 0.006403017254832169 1679360
1758745866851 0.006135117842821052 1684480
1758745877477 0.006212544466506133 1689600
1758745888553 0.006074636837017714 1694720
1758745900956 0.0060717992584419225 1699840
1758745911831 0.006226061969310953 1704960
1758745923104 0.0060083099047485685 1710080
1758745934280 0.006295804905546297 1715200
1758745945373 0.0061913709558204 1720320
1758745956933 0.006108992001791415 1725440
1758745968500 0.006329185210500062 1730560
1758745979251 0.006137210470862558 1735680
1758745992183 0.006247915549938021 1740800
1758746003790 0.006279748392461629 1745920
1758746015602 0.006353075158228356 1751040
1758746028170 0.00588897966535841 1756160
1758746040149 0.006198546599205316 1761280
1758746052413 0.006314366887469444 1766400
