1771761645208 21.168384552001953 5120
1771761654019 21.289772033691406 10240
1771761659889 21.480995178222656 15360
1771761666780 21.644512176513672 20480
1771761672725 21.907819747924805 25600
1771761681167 21.998613357543945 30720
1771761687341 21.891923904418945 35840
1771761694206 21.69405746459961 40960
1771761700162 21.48928451538086 46080
1771761708523 21.330747604370117 51200
1771761714564 21.185813903808594 56320
1771761721507 21.081308364868164 61440
1771761727888 20.96897315979004 66560
1771761735811 20.863414764404297 71680
1771761742260 20.77730369567871 76800
1771761748834 20.695858001708984 81920
1771761755869 20.63627815246582 87040
1771761763316 20.571964263916016 92160
1771761770009 20.52129364013672 97280
1771761775975 20.48019790649414 102400
1771761783639 20.443313598632812 107520
1771761790570 20.401363372802734 112640
1771761797579 20.36602020263672 117760
1771761803365 20.338748931884766 122880
1771761811240 20.304170608520508 128000
1771761817940 20.281070709228516 133120
1771761824928 20.250654220581055 138240
1771761830705 20.233043670654297 143360
1771761838975 20.207489013671875 148480
1771761845638 20.189842224121094 153600
1771761852345 20.175296783447266 158720
1771761858755 20.162141799926758 163840
1771761866901 20.152223587036133 168960
1771761873351 20.124223709106445 174080
1771761879556 20.109573364257812 179200
1771761885801 20.10107421875 184320
1771761894849 20.087419509887695 189440
1771761900775 20.080801010131836 194560
1771761907150 20.074007034301758 199680
1771761913231 20.067855834960938 204800
1771761922661 20.05780601501465 209920
1771761928958 20.051692962646484 215040
1771761934614 20.048219680786133 220160
1771761940969 20.040733337402344 225280
1771761949960 20.032201766967773 230400
1771761956402 20.030567169189453 235520
1771761962263 20.02220344543457 240640
1771761968542 20.014110565185547 245760
1771761977607 20.007068634033203 250880
1771761983969 20.005603790283203 256000
1771761989989 19.998245239257812 261120
1771761996010 19.998952865600586 266240
1771762005274 19.99955940246582 271360
1771762012327 19.99423599243164 276480
1771762018041 19.985151290893555 281600
1771762023613 19.979032516479492 286720
1771762032746 19.979534149169922 291840
1771762039954 19.973926544189453 296960
1771762040287 19.974502563476562 300032
