1759781537630 0.20254331330458322 5120
1759781558309 1.3394545923579821 10240
1759781579904 1.0481519252061844 15360
1759781601770 0.8161226908365885 20480
1759781631771 0.6627242821913499 25600
1759781654304 0.5609145779763499 30720
1759781674913 0.4829680667983161 35840
1759781697369 0.42305263542547455 40960
1759781727129 0.37787186166514514 46080
1759781748588 0.3411090663835114 51200
1759781771061 0.3106511541775295 56320
1759781794066 0.2860827797749003 61440
1759781823095 0.26344021378141463 66560
1759781846343 0.24605062713085762 71680
1759781869715 0.22966845286519902 76800
1759781895908 0.21492173818894372 81920
1759781934611 0.20299722039422322 87040
1759781959939 0.1920520599071796 92160
1759781985933 0.18160622864961626 97280
1759782010392 0.17290888399180798 102400
1759782041113 0.16425618810473747 107520
1759782066595 0.1578090422862285 112640
1759782094706 0.1512522898871323 117760
1759782118400 0.14398253574844236 122880
1759782146898 0.13903928370702834 128000
1759782170337 0.13336216912014795 133120
1759782200731 0.12853802968473996 138240
1759782224245 0.1245123345801171 143360
1759782253643 0.12015101485056419 148480
1759782277003 0.1160841594468679 153600
1759782307106 0.11230541895597411 158720
1759782330292 0.10894954160133505 163840
1759782355647 0.10603160168751176 168960
1759782378609 0.10253908285620618 174080
1759782410866 0.1001458915797147 179200
1759782433949 0.09699477121974881 184320
1759782457178 0.09427815483462426 189440
1759782480415 0.09249076044372238 194560
1759782509402 0.08989249662477145 199680
1759782533392 0.08742330442020549 204800
1759782564213 0.08522194079982426 209920
1759782590753 0.08378921007093096 215040
1759782623685 0.08139809745329397 220160
1759782647377 0.07998313040754913 225280
1759782674248 0.07815898709592566 230400
1759782698816 0.07633147590604179 235520
1759782731978 0.07484339718091287 240640
1759782755254 0.07311995533986705 245760
1759782780197 0.07192257361683418 250880
1759782805401 0.0702278085913791 256000
1759782841656 0.0692735131829977 261120
1759782866311 0.06784904779602284 266240
1759782890400 0.06664379628977382 271360
1759782914454 0.06511649311248666 276480
1759782950520 0.06430878276410311 281600
1759782976457 0.06304091236345284 286720
1759783000579 0.06214937313453301 291840
1759783028821 0.0609595829678565 296960
1759783045329 0.024325782853995573 300032
