1771741728949 271.0 5120
1771741737053 533.0 10240
1771741743254 794.0 15360
1771741750843 1047.0 20480
1771741757451 1304.0 25600
1771741765206 1548.0 30720
1771741771352 1774.0 35840
1771741778789 1969.0 40960
1771741785854 2183.0 46080
1771741792484 2381.0 51200
1771741799435 2555.0 56320
1771741806263 2749.0 61440
1771741812959 2967.0 66560
1771741819685 3187.0 71680
1771741826943 3416.0 76800
1771741833627 3655.0 81920
1771741840751 3903.0 87040
1771741848001 4156.0 92160
1771741854321 4408.0 97280
1771741861868 4657.0 102400
1771741868874 4907.0 107520
1771741875546 5151.0 112640
1771741882802 5388.0 117760
1771741889539 5574.0 122880
1771741896387 5723.0 128000
1771741903263 5862.0 133120
1771741910374 6012.0 138240
1771741917125 6158.0 143360
1771741924194 6304.0 148480
1771741930749 6458.0 153600
1771741938165 6607.0 158720
1771741944702 6773.0 163840
1771741951890 6936.0 168960
1771741958977 7100.0 174080
1771741965537 7261.0 179200
1771741972975 7419.0 184320
1771741979410 7566.0 189440
1771741986441 7733.0 194560
1771741993673 7917.0 199680
1771742000525 8143.0 204800
1771742007618 8339.0 209920
1771742014466 8505.0 215040
1771742021544 8658.0 220160
1771742028744 8820.0 225280
1771742035369 8983.0 230400
1771742042611 9154.0 235520
1771742049246 9323.0 240640
1771742056019 9496.0 245760
1771742062919 9663.0 250880
1771742069703 9831.0 256000
1771742076414 9990.0 261120
1771742083196 10156.0 266240
1771742090199 10308.0 271360
1771742096939 10466.0 276480
1771742104046 10621.0 281600
1771742110932 10779.0 286720
1771742117846 10933.0 291840
1771742124704 11098.0 296960
1771742127734 11173.0 300032
