1771741728945 -1.233986496925354 5120
1771741737049 -2.497734546661377 10240
1771741743251 -2.986814498901367 15360
1771741750840 -3.9261226654052734 20480
1771741757448 -4.609775066375732 25600
1771741765202 -4.963667392730713 30720
1771741771349 -5.248414516448975 35840
1771741778786 -5.510322093963623 40960
1771741785851 -5.684304714202881 46080
1771741792480 -5.768405914306641 51200
1771741799432 -5.991945743560791 56320
1771741806260 -6.314831256866455 61440
1771741812956 -7.021489143371582 66560
1771741819682 -7.938242435455322 71680
1771741826939 -8.663148880004883 76800
1771741833623 -9.289962768554688 81920
1771741840748 -9.87424373626709 87040
1771741847998 -10.383626937866211 92160
1771741854317 -10.790994644165039 97280
1771741861865 -10.937654495239258 102400
1771741868871 -11.14832878112793 107520
1771741875543 -11.290594100952148 112640
1771741882798 -11.747426986694336 117760
1771741889536 -12.034168243408203 122880
1771741896384 -12.287975311279297 128000
1771741903260 -13.23222541809082 133120
1771741910370 -13.467132568359375 138240
1771741917121 -14.056325912475586 143360
1771741924191 -14.307939529418945 148480
1771741930746 -14.870294570922852 153600
1771741938162 -15.459230422973633 158720
1771741944699 -16.09616470336914 163840
1771741951887 -16.571327209472656 168960
1771741958974 -17.03862190246582 174080
1771741965534 -17.40424346923828 179200
1771741972971 -17.84657096862793 184320
1771741979407 -17.9166259765625 189440
1771741986438 -18.295949935913086 194560
1771741993670 -18.56243324279785 199680
1771742000522 -18.89752769470215 204800
1771742007614 -19.09596061706543 209920
1771742014462 -19.375038146972656 215040
1771742021540 -19.783634185791016 220160
1771742028741 -20.303333282470703 225280
1771742035365 -20.24905776977539 230400
1771742042608 -20.473974227905273 235520
1771742049243 -20.59699821472168 240640
1771742056016 -20.688045501708984 245760
1771742062916 -20.723285675048828 250880
1771742069700 -21.012712478637695 256000
1771742076411 -20.816831588745117 261120
1771742083193 -20.87430191040039 266240
1771742090197 -21.095447540283203 271360
1771742096936 -21.007648468017578 276480
1771742104042 -21.187387466430664 281600
1771742110929 -21.166118621826172 286720
1771742117843 -21.450550079345703 291840
1771742124701 -21.722455978393555 296960
1771742127731 -21.75541114807129 300032
