1771741728945 95.90049387232486 5120
1771741737049 79.58831119544593 10240
1771741743251 98.91993113369968 15360
1771741750840 80.92269105361656 20480
1771741757448 90.38084771693926 25600
1771741765202 95.601030246393 30720
1771741771349 101.95692547036803 35840
1771741778786 97.00279839959296 40960
1771741785851 84.93760758186347 46080
1771741792480 81.35591116283581 51200
1771741799432 80.21082021762827 56320
1771741806260 79.33540137701445 61440
1771741812956 79.79574986207028 66560
1771741819682 71.66565287222772 71680
1771741826939 7.362768228288957 76800
1771741833623 82.70668270463194 81920
1771741840748 5.495486925908019 87040
1771741847998 100.57318242854403 92160
1771741854317 78.49357162908207 97280
1771741861865 75.26385300028711 102400
1771741868871 2.4053190745067274 107520
1771741875543 82.50981626470472 112640
1771741882798 102.87721363747853 117760
1771741889536 101.74669480629746 122880
1771741896384 78.57003165801846 128000
1771741903260 84.05250395783652 133120
1771741910370 103.98413328044427 138240
1771741917121 105.74053345434378 143360
1771741924191 9.807475027124097 148480
1771741930746 77.3928222160716 153600
1771741938162 2.8004369273007454 158720
1771741944699 88.5229100272261 163840
1771741951887 91.51474951998604 168960
1771741958974 105.71654694391934 174080
1771741965534 89.48039424841063 179200
1771741972971 81.05091885833542 184320
1771741979407 78.77958716027122 189440
1771741986438 77.79763693357818 194560
1771741993670 104.8838209552388 199680
1771742000522 72.92285758992993 204800
1771742007614 12.349445728502657 209920
1771742014462 85.74503230026986 215040
1771742021540 3.086077970429069 220160
1771742028741 79.40900054904485 225280
1771742035365 78.28114968271743 230400
1771742042608 4.376556961549819 235520
1771742049243 83.08020204020997 240640
1771742056016 10.271320506133204 245760
1771742062916 87.0512639574945 250880
1771742069700 77.54592515900015 256000
1771742076411 76.1866564946506 261120
1771742083193 79.18113684846425 266240
1771742090197 82.57804378642305 271360
1771742096936 73.2693510350249 276480
1771742104042 90.70138183076358 281600
1771742110929 97.3879446456766 286720
1771742117843 93.67513121161362 291840
1771742124701 103.9583601844049 296960
1771742127731 99.7788562184794 300032
