1771741728949 21.472232818603516 5120
1771741737053 16.53349494934082 10240
1771741743254 15.499943733215332 15360
1771741750843 16.13725471496582 20480
1771741757451 15.913384437561035 25600
1771741765206 15.999937057495117 30720
1771741771352 17.968013763427734 35840
1771741778789 20.717275619506836 40960
1771741785854 22.60123634338379 46080
1771741792484 24.769899368286133 51200
1771741799435 26.802888870239258 56320
1771741806263 28.484127044677734 61440
1771741812959 29.475793838500977 66560
1771741819685 30.283857345581055 71680
1771741826943 30.924097061157227 76800
1771741833627 31.26095962524414 81920
1771741840751 31.41889190673828 87040
1771741848001 31.25553321838379 92160
1771741854321 31.11960220336914 97280
1771741861868 30.862085342407227 102400
1771741868874 30.72265625 107520
1771741875546 30.67592430114746 112640
1771741882802 30.954925537109375 117760
1771741889539 31.786649703979492 122880
1771741896387 33.431251525878906 128000
1771741903263 34.98288345336914 133120
1771741910374 36.39610290527344 138240
1771741917125 37.71643829345703 143360
1771741924194 38.841712951660156 148480
1771741930749 39.69257736206055 153600
1771741938165 40.4254150390625 158720
1771741944702 41.01860809326172 163840
1771741951890 41.88774108886719 168960
1771741958977 42.464454650878906 174080
1771741965537 43.10456466674805 179200
1771741972975 43.98496627807617 184320
1771741979410 44.8046989440918 189440
1771741986441 45.35820770263672 194560
1771741993673 44.79987335205078 199680
1771742000525 43.327239990234375 204800
1771742007618 42.32174301147461 209920
1771742014466 42.248291015625 215040
1771742021544 42.959651947021484 220160
1771742028744 43.688507080078125 225280
1771742035369 44.46443557739258 230400
1771742042611 45.269718170166016 235520
1771742049246 46.020320892333984 240640
1771742056019 46.83187484741211 245760
1771742062919 47.575801849365234 250880
1771742069703 48.4027099609375 256000
1771742076414 49.04536437988281 261120
1771742083196 49.546180725097656 266240
1771742090199 50.23748016357422 271360
1771742096939 50.84742736816406 276480
1771742104046 51.48381042480469 281600
1771742110932 52.21498489379883 286720
1771742117846 52.82953643798828 291840
1771742124704 53.39351272583008 296960
1771742127734 53.609134674072266 300032
