1771209699232 19.39425277709961 5120
1771209705830 20.28238868713379 10240
1771209712886 20.764074325561523 15360
1771209723928 21.22003173828125 20480
1771209731698 21.14426612854004 25600
1771209738297 21.314918518066406 30720
1771209745964 21.597225189208984 35840
1771209756671 21.676616668701172 40960
1771209763991 21.747272491455078 46080
1771209771093 21.825836181640625 51200
1771209778436 21.794506072998047 56320
1771209788733 21.78449249267578 61440
1771209796354 21.827802658081055 66560
1771209803544 21.782623291015625 71680
1771209810634 21.82847785949707 76800
1771209820886 21.871994018554688 81920
1771209828256 21.91240119934082 87040
1771209835689 21.924070358276367 92160
1771209842838 21.919816970825195 97280
1771209853161 21.94752311706543 102400
1771209860245 21.971813201904297 107520
1771209867626 22.047704696655273 112640
1771209875064 21.996042251586914 117760
1771209885216 22.02530860900879 122880
1771209892412 21.991844177246094 128000
1771209900327 22.073265075683594 133120
1771209907709 22.082544326782227 138240
1771209917376 22.07101058959961 143360
1771209925221 22.064403533935547 148480
1771209932200 22.095172882080078 153600
1771209940116 22.074567794799805 158720
1771209949809 22.075746536254883 163840
1771209957495 22.083995819091797 168960
1771209964575 22.09787940979004 174080
1771209972732 22.068241119384766 179200
1771209982255 22.057363510131836 184320
1771209989735 22.053884506225586 189440
1771209996640 22.078594207763672 194560
1771210005188 22.0699520111084 199680
1771210015016 22.077281951904297 204800
1771210021663 22.08531379699707 209920
1771210029096 22.077125549316406 215040
1771210037844 22.060935974121094 220160
1771210047348 22.069194793701172 225280
1771210053992 22.074811935424805 230400
1771210061333 22.059978485107422 235520
1771210070244 22.061914443969727 240640
1771210080008 22.082256317138672 245760
1771210086765 22.078927993774414 250880
1771210094166 22.068523406982422 256000
1771210103231 22.0821590423584 261120
1771210112843 22.103431701660156 266240
1771210120356 22.10468101501465 271360
1771210126958 22.116945266723633 276480
1771210135863 22.136045455932617 281600
1771210145427 22.12312126159668 286720
1771210152557 22.12094497680664 291840
1771210159538 22.111225128173828 296960
1771210164728 22.09827423095703 300032
