1771209699232 0.0 5120
1771209705830 0.0 10240
1771209712886 0.0 15360
1771209723928 0.0 20480
1771209731698 0.0 25600
1771209738297 0.0 30720
1771209745964 0.0 35840
1771209756671 0.0 40960
1771209763991 0.0 46080
1771209771093 0.0 51200
1771209778436 0.0 56320
1771209788733 0.0 61440
1771209796354 0.0 66560
1771209803544 0.0 71680
1771209810634 0.0 76800
1771209820886 0.0 81920
1771209828256 0.0 87040
1771209835689 0.0 92160
1771209842838 0.0 97280
1771209853161 0.0 102400
1771209860245 0.0 107520
1771209867626 0.0 112640
1771209875064 0.0 117760
1771209885216 0.0 122880
1771209892412 0.0 128000
1771209900327 0.0 133120
1771209907709 0.0 138240
1771209917376 0.0 143360
1771209925221 0.0 148480
1771209932200 0.0 153600
1771209940116 0.0 158720
1771209949809 0.0 163840
1771209957495 0.0 168960
1771209964575 0.0 174080
1771209972732 0.0 179200
1771209982255 0.0 184320
1771209989735 0.0 189440
1771209996640 0.0 194560
1771210005188 0.0 199680
1771210015016 0.0 204800
1771210021663 0.0 209920
1771210029096 0.0 215040
1771210037844 0.0 220160
1771210047348 0.0 225280
1771210053992 0.0 230400
1771210061333 0.0 235520
1771210070244 0.0 240640
1771210080008 0.0 245760
1771210086765 0.0 250880
1771210094166 0.0 256000
1771210103231 0.0 261120
1771210112843 0.0 266240
1771210120356 0.0 271360
1771210126958 0.0 276480
1771210135863 0.0 281600
1771210145427 0.0 286720
1771210152557 0.0 291840
1771210159538 0.0 296960
1771210164728 0.0 300032
