1771209699232 1.1253361701965332 5120
1771209705830 1.1710225343704224 10240
1771209712886 1.1544420719146729 15360
1771209723928 1.1755574941635132 20480
1771209731698 1.156832218170166 25600
1771209738297 1.1500310897827148 30720
1771209745964 1.1427909135818481 35840
1771209756671 1.1354395151138306 40960
1771209763991 1.1285308599472046 46080
1771209771093 1.1332049369812012 51200
1771209778436 1.1347432136535645 56320
1771209788733 1.1293789148330688 61440
1771209796354 1.1321250200271606 66560
1771209803544 1.1273396015167236 71680
1771209810634 1.1305660009384155 76800
1771209820886 1.1257131099700928 81920
1771209828256 1.1261881589889526 87040
1771209835689 1.127518653869629 92160
1771209842838 1.1275596618652344 97280
1771209853161 1.1246826648712158 102400
1771209860245 1.1232997179031372 107520
1771209867626 1.1229188442230225 112640
1771209875064 1.1198064088821411 117760
1771209885216 1.1224011182785034 122880
1771209892412 1.1220910549163818 128000
1771209900327 1.1238652467727661 133120
1771209907709 1.1234382390975952 138240
1771209917376 1.1229455471038818 143360
1771209925221 1.1218578815460205 148480
1771209932200 1.1219732761383057 153600
1771209940116 1.123617172241211 158720
1771209949809 1.1233023405075073 163840
1771209957495 1.1242223978042603 168960
1771209964575 1.123679757118225 174080
1771209972732 1.120302677154541 179200
1771209982255 1.1192412376403809 184320
1771209989735 1.1198737621307373 189440
1771209996640 1.1185599565505981 194560
1771210005188 1.1182202100753784 199680
1771210015016 1.1185067892074585 204800
1771210021663 1.1186612844467163 209920
1771210029096 1.1165140867233276 215040
1771210037844 1.116729974746704 220160
1771210047348 1.1179924011230469 225280
1771210053992 1.1170815229415894 230400
1771210061333 1.1154248714447021 235520
1771210070244 1.1168838739395142 240640
1771210080008 1.117553949356079 245760
1771210086765 1.1168456077575684 250880
1771210094166 1.1171303987503052 256000
1771210103231 1.1186368465423584 261120
1771210112843 1.1210204362869263 266240
1771210120356 1.1218236684799194 271360
1771210126958 1.1203657388687134 276480
1771210135863 1.1205216646194458 281600
1771210145427 1.1187324523925781 286720
1771210152557 1.1179735660552979 291840
1771210159538 1.1166375875473022 296960
1771210164728 1.116381049156189 300032
