1771209699232 0.29280975461006165 5120
1771209705830 0.30417755246162415 10240
1771209712886 0.2925920784473419 15360
1771209723928 0.29281121492385864 20480
1771209731698 0.28659600019454956 25600
1771209738297 0.28379830718040466 30720
1771209745964 0.2806788980960846 35840
1771209756671 0.2784968912601471 40960
1771209763991 0.2766350507736206 46080
1771209771093 0.2769470512866974 51200
1771209778436 0.27581602334976196 56320
1771209788733 0.2747355103492737 61440
1771209796354 0.2748340964317322 66560
1771209803544 0.2740100622177124 71680
1771209810634 0.2742559611797333 76800
1771209820886 0.2729056477546692 81920
1771209828256 0.2729180157184601 87040
1771209835689 0.2732226848602295 92160
1771209842838 0.27237585186958313 97280
1771209853161 0.2718175947666168 102400
1771209860245 0.27126753330230713 107520
1771209867626 0.2711201310157776 112640
1771209875064 0.2702294588088989 117760
1771209885216 0.27033984661102295 122880
1771209892412 0.27007293701171875 128000
1771209900327 0.27021586894989014 133120
1771209907709 0.2698800563812256 138240
1771209917376 0.26936399936676025 143360
1771209925221 0.26912760734558105 148480
1771209932200 0.2688216269016266 153600
1771209940116 0.2692524194717407 158720
1771209949809 0.269059419631958 163840
1771209957495 0.26943308115005493 168960
1771209964575 0.26954275369644165 174080
1771209972732 0.268921434879303 179200
1771209982255 0.2684083878993988 184320
1771209989735 0.26841607689857483 189440
1771209996640 0.2679385542869568 194560
1771210005188 0.26783570647239685 199680
1771210015016 0.26793432235717773 204800
1771210021663 0.26809531450271606 209920
1771210029096 0.26740506291389465 215040
1771210037844 0.2674666941165924 220160
1771210047348 0.26798927783966064 225280
1771210053992 0.26768624782562256 230400
1771210061333 0.2674453854560852 235520
1771210070244 0.2674865424633026 240640
1771210080008 0.2676723599433899 245760
1771210086765 0.26763105392456055 250880
1771210094166 0.26778915524482727 256000
1771210103231 0.2681267261505127 261120
1771210112843 0.2687239646911621 266240
1771210120356 0.2689826488494873 271360
1771210126958 0.26863402128219604 276480
1771210135863 0.2687355875968933 281600
1771210145427 0.26838546991348267 286720
1771210152557 0.26819223165512085 291840
1771210159538 0.26796475052833557 296960
1771210164728 0.2679860591888428 300032
