1771209699229 59.58918550300481 5120
1771209705827 69.55728026533997 10240
1771209712883 65.51859662277208 15360
1771209723926 71.53120949587284 20480
1771209731695 72.95964375173949 25600
1771209738295 69.92254730349254 30720
1771209745962 61.880231923400366 35840
1771209756669 59.40940509915014 40960
1771209763989 70.33410470536943 46080
1771209771090 64.9363533619235 51200
1771209778433 70.31288137866291 56320
1771209788730 60.53434938228842 61440
1771209796352 64.19689293640468 66560
1771209803542 64.54364151175675 71680
1771209810631 60.95486121203314 76800
1771209820883 60.763237573703044 81920
1771209828254 61.400125894804646 87040
1771209835687 6.839390337166963 92160
1771209842836 54.54869880740269 97280
1771209853159 60.73068458241631 102400
1771209860242 56.73805530003788 107520
1771209867624 60.09289797555769 112640
1771209875062 71.96691889294968 117760
1771209885214 62.00922531046718 122880
1771209892409 60.380105088893686 128000
1771209900324 3.4628554350258045 133120
1771209907707 62.01105887223159 138240
1771209917374 66.1207554308415 143360
1771209925218 60.012075946831494 148480
1771209932198 69.97971169247197 153600
1771209940113 68.94330752666963 158720
1771209949806 70.85451719710791 163840
1771209957493 58.56903076257104 168960
1771209964573 71.543410773377 174080
1771209972729 67.57377154825197 179200
1771209982253 70.56484799542388 184320
1771209989732 58.11136511631129 189440
1771209996637 77.20477847111013 194560
1771210005186 67.66097757702855 199680
1771210015014 69.27009083402147 204800
1771210021660 66.98454069247477 209920
1771210029094 58.96839500618603 215040
1771210037841 64.40390019193858 220160
1771210047346 69.30786390600989 225280
1771210053990 66.06139452835835 230400
1771210061331 71.6093696646862 235520
1771210070241 66.1217978024057 240640
1771210080005 68.45719695114985 245760
1771210086762 69.87827999266948 250880
1771210094163 66.30996158284982 256000
1771210103229 64.03322035968367 261120
1771210112841 67.90305816833687 266240
1771210120354 60.60257188267592 271360
1771210126956 59.58072076935097 276480
1771210135860 67.35998201294426 281600
1771210145425 67.49439196691502 286720
1771210152554 70.75769691448623 291840
1771210159536 73.75248813082469 296960
1771210164725 68.84485588602193 300032
