1771099740306 0.047864120453596115 8192
1771099742891 0.03209364414215088 16384
1771099790902 0.03473180532455444 24576
1771099793190 0.0432320311665535 32768
1771099839287 0.04825584590435028 40960
1771099842067 0.05262865498661995 49152
1771099888260 0.05492948740720749 57344
1771099891506 0.05693249776959419 65536
1771099937625 0.056496232748031616 73728
1771099940267 0.05472651124000549 81920
1771099986549 0.05483383312821388 90112
1771099989725 0.056000251322984695 98304
1771100035676 0.0574474111199379 106496
1771100039717 0.05853073298931122 114688
1771100085634 0.05948520451784134 122880
1771100088953 0.060442566871643066 131072
1771100135051 0.06137625873088837 139264
1771100137661 0.0617353618144989 147456
1771100183937 0.062419988214969635 155648
1771100187579 0.06317760795354843 163840
1771100233007 0.06378019601106644 172032
1771100236828 0.06409775465726852 180224
1771100283117 0.06441822648048401 188416
1771100286691 0.06493029743432999 196608
1771100332777 0.06528311967849731 204800
1771100335733 0.06540029495954514 212992
1771100381999 0.06555479764938354 221184
1771100384573 0.06592755019664764 229376
1771100430824 0.065964475274086 237568
1771100433614 0.06598173826932907 245760
1771100479822 0.06607685983181 253952
1771100483120 0.06609784066677094 262144
1771100529408 0.06617943942546844 270336
1771100531987 0.06641272455453873 278528
1771100578070 0.06665188819169998 286720
1771100582214 0.06682199239730835 294912
1771100597393 0.06686927378177643 303104
