1771099740301 17.23750114440918 8192
1771099742885 13.854917526245117 16384
1771099790896 18.149978637695312 24576
1771099793184 13.609743118286133 32768
1771099839281 12.909629821777344 40960
1771099842061 13.711292266845703 49152
1771099888254 13.640331268310547 57344
1771099891499 15.552581787109375 65536
1771099937619 20.043018341064453 73728
1771099940261 20.468608856201172 81920
1771099986543 18.30862808227539 90112
1771099989719 18.10965347290039 98304
1771100035670 18.001880645751953 106496
1771100039711 16.724567413330078 114688
1771100085627 18.260177612304688 122880
1771100088946 16.682111740112305 131072
1771100135044 15.956558227539062 139264
1771100137654 17.97653579711914 147456
1771100183930 19.30018424987793 155648
1771100187572 17.12007713317871 163840
1771100233000 16.181957244873047 172032
1771100236821 15.465333938598633 180224
1771100283110 15.69447135925293 188416
1771100286683 17.22876739501953 196608
1771100332770 15.965163230895996 204800
1771100335726 14.379356384277344 212992
1771100381992 16.799781799316406 221184
1771100384565 14.096864700317383 229376
1771100430817 16.077991485595703 237568
1771100433607 14.531339645385742 245760
1771100479814 14.211065292358398 253952
1771100483112 13.6004638671875 262144
1771100529400 12.906816482543945 270336
1771100531980 16.16482925415039 278528
1771100578062 16.321504592895508 286720
1771100582206 12.805837631225586 294912
1771100597385 16.75031089782715 303104
