1758805498453 18.795036764705884 20224
1758805536508 18.63095238095238 40448
1758805574014 18.565243902439025 60672
1758805611866 18.47630979498861 80896
1758805649765 18.472110827561064 101120
1758805687672 18.469917958067455 121344
1758805725848 18.455622071837585 141568
1758805763918 18.489101905740043 161792
1758805801990 18.490106544901064 182016
1758805839624 18.512937734296425 202240
1758805878022 18.507271669575335 222464
1758805916320 18.4869101978691 242688
1758805929544 18.484071254342524 250112
