1758805498453 2.740732168450075 20224
1758805536508 2.4700091029261495 40448
1758805574014 2.3833840864460645 60672
1758805611866 2.2873955367094836 80896
1758805649765 2.3208621353986616 101120
1758805687672 2.304238770298594 121344
1758805725848 2.3115021908798297 141568
1758805763918 2.356261108368618 161792
1758805801990 2.338482937457173 182016
1758805839624 2.3338361473114886 202240
1758805878022 2.331297199872528 222464
1758805916320 2.3238774076444373 242688
1758805929544 2.330573764359469 250112
