1771241318130 0.0 5120
1771241341761 0.0 10240
1771241367347 0.0 15360
1771241391952 0.0 20480
1771241417094 0.0 25600
1771241442024 0.0 30720
1771241466856 0.0 35840
1771241491799 0.0 40960
1771241516058 0.0 46080
1771241542004 0.0 51200
1771241565221 0.0 56320
1771241591540 0.0 61440
1771241615241 0.0 66560
1771241641300 0.0 71680
1771241665079 0.0 76800
1771241691018 0.0 81920
1771241714233 0.0 87040
1771241740601 0.0 92160
1771241764151 0.0 97280
1771241790214 0.0 102400
1771241814112 0.0 107520
1771241840257 0.0 112640
1771241863772 0.0 117760
1771241889752 0.0 122880
1771241913536 0.0 128000
1771241939489 0.0 133120
1771241963210 0.0 138240
1771241988820 0.0 143360
1771242012743 0.0 148480
1771242038574 0.0 153600
1771242063014 0.0 158720
1771242088503 0.0 163840
1771242112605 0.0 168960
1771242138332 0.0 174080
1771242162418 0.0 179200
1771242188270 0.0 184320
1771242212345 0.0 189440
1771242238192 0.0 194560
1771242262179 0.0 199680
1771242288066 0.0 204800
1771242312227 0.0 209920
1771242337876 0.0 215040
1771242362217 0.0 220160
1771242387783 0.0 225280
1771242411639 0.0 230400
1771242437879 0.0 235520
1771242462994 0.0 240640
1771242487836 0.0 245760
1771242512018 0.0 250880
1771242537559 0.0 256000
1771242561773 0.0 261120
1771242587431 0.0 266240
1771242611909 0.0 271360
1771242637173 0.0 276480
1771242661926 0.0 281600
1771242687124 0.0 286720
1771242711481 0.0 291840
1771242737001 0.0 296960
1771242749183 0.0 300032
