1771178272819 1.1593012809753418 8192
1771178275441 1.157936453819275 16384
1771178293678 1.159449577331543 24576
1771178296546 1.1585619449615479 32768
1771178315050 1.1584213972091675 40960
1771178318534 1.1589181423187256 49152
1771178335926 1.1614587306976318 57344
1771178339416 1.1610509157180786 65536
1771178357403 1.1599022150039673 73728
1771178361377 1.1551194190979004 81920
1771178378550 1.1571744680404663 90112
1771178382564 1.154528021812439 98304
1771178399762 1.1556071043014526 106496
1771178403615 1.157511591911316 114688
1771178421246 1.1578634977340698 122880
1771178425313 1.1586121320724487 131072
1771178442174 1.1577237844467163 139264
1771178447756 1.1591897010803223 147456
1771178463873 1.1605912446975708 155648
1771178469209 1.1600162982940674 163840
1771178485018 1.159018635749817 172032
1771178490474 1.159769892692566 180224
1771178506524 1.1597909927368164 188416
1771178512188 1.1587897539138794 196608
1771178527548 1.1599491834640503 204800
1771178533577 1.159034013748169 212992
1771178549340 1.1572693586349487 221184
1771178554784 1.15785813331604 229376
1771178570096 1.15799081325531 237568
1771178576739 1.1572149991989136 245760
1771178590985 1.15726637840271 253952
1771178598888 1.1564271450042725 262144
1771178612744 1.1567033529281616 270336
1771178620310 1.1564719676971436 278528
1771178633775 1.1562364101409912 286720
1771178641163 1.1560920476913452 294912
1771178646418 1.156416416168213 303104
