1771086430855 0.07582224160432816 5120
1771086442332 0.07799053937196732 10240
1771086453726 0.08796244859695435 15360
1771086465167 0.06869074702262878 20480
1771086476703 0.05088825523853302 25600
1771086488447 0.04331746697425842 30720
1771086500046 0.05517052114009857 35840
1771086511534 0.06396640092134476 40960
1771086523341 0.07161104679107666 46080
1771086535218 0.07738525420427322 51200
1771086547064 0.08195218443870544 56320
1771086558792 0.08609621226787567 61440
1771086570511 0.08957499265670776 66560
1771086582401 0.09185056388378143 71680
1771086594008 0.09340929985046387 76800
1771086605523 0.09706855565309525 81920
1771086617148 0.1015629693865776 87040
1771086628811 0.10754307359457016 92160
1771086640371 0.11167026311159134 97280
1771086651908 0.11478499323129654 102400
1771086663771 0.11697275936603546 107520
1771086676159 0.11720584332942963 112640
1771086688229 0.11536543816328049 117760
1771086700496 0.11490034312009811 122880
1771086712522 0.11493729799985886 128000
1771086723964 0.11510366946458817 133120
1771086735613 0.11507188528776169 138240
1771086747124 0.11512819677591324 143360
1771086758571 0.1150556355714798 148480
1771086770192 0.1150008961558342 153600
1771086781604 0.11464729905128479 158720
1771086793333 0.11411183327436447 163840
1771086804949 0.11402366310358047 168960
1771086816622 0.11349985748529434 174080
1771086828203 0.1130891740322113 179200
1771086839963 0.1124880388379097 184320
1771086852032 0.11183519661426544 189440
1771086863971 0.1116904690861702 194560
1771086875962 0.11161594837903976 199680
1771086888021 0.11139313131570816 204800
1771086900189 0.1112816333770752 209920
1771086912044 0.11111579090356827 215040
1771086923803 0.11153599619865417 220160
1771086935681 0.11181578785181046 225280
1771086947453 0.11273571103811264 230400
1771086959340 0.11357024312019348 235520
1771086971133 0.11381463706493378 240640
1771086982967 0.11315274983644485 245760
1771086994483 0.11267371475696564 250880
1771087006015 0.1120968908071518 256000
1771087017869 0.11139063537120819 261120
1771087029696 0.11104705184698105 266240
1771087041210 0.11090492457151413 271360
1771087053038 0.11075146496295929 276480
1771087065622 0.11030138283967972 281600
1771087077481 0.11008811742067337 286720
1771087089264 0.11002195626497269 291840
1771087101153 0.10987471789121628 296960
1771087105883 0.10980462282896042 300032
