1771086430855 25.458248138427734 5120
1771086442332 26.1630859375 10240
1771086453726 26.644433975219727 15360
1771086465167 26.30294418334961 20480
1771086476703 26.108633041381836 25600
1771086488447 26.097118377685547 30720
1771086500046 26.005481719970703 35840
1771086511534 26.127105712890625 40960
1771086523341 26.332826614379883 46080
1771086535218 26.384809494018555 51200
1771086547064 26.434953689575195 56320
1771086558792 26.435792922973633 61440
1771086570511 26.343955993652344 66560
1771086582401 26.159770965576172 71680
1771086594008 25.993404388427734 76800
1771086605523 25.834033966064453 81920
1771086617148 25.605527877807617 87040
1771086628811 25.44386100769043 92160
1771086640371 25.19363784790039 97280
1771086651908 24.937698364257812 102400
1771086663771 24.65485382080078 107520
1771086676159 24.347280502319336 112640
1771086688229 23.884429931640625 117760
1771086700496 23.589921951293945 122880
1771086712522 23.29729652404785 128000
1771086723964 23.15325164794922 133120
1771086735613 23.084495544433594 138240
1771086747124 23.114992141723633 143360
1771086758571 23.134960174560547 148480
1771086770192 23.156829833984375 153600
1771086781604 23.226930618286133 158720
1771086793333 23.219356536865234 163840
1771086804949 23.248674392700195 168960
1771086816622 23.272682189941406 174080
1771086828203 23.246166229248047 179200
1771086839963 23.205656051635742 184320
1771086852032 23.071361541748047 189440
1771086863971 23.0023136138916 194560
1771086875962 22.971094131469727 199680
1771086888021 22.861480712890625 204800
1771086900189 22.702091217041016 209920
1771086912044 22.570409774780273 215040
1771086923803 22.50486183166504 220160
1771086935681 22.435243606567383 225280
1771086947453 22.393461227416992 230400
1771086959340 22.327049255371094 235520
1771086971133 22.204246520996094 240640
1771086982967 22.05270767211914 245760
1771086994483 21.942941665649414 250880
1771087006015 21.811771392822266 256000
1771087017869 21.662939071655273 261120
1771087029696 21.519975662231445 266240
1771087041210 21.38880157470703 271360
1771087053038 21.2794246673584 276480
1771087065622 21.142536163330078 281600
1771087077481 21.041322708129883 286720
1771087089264 20.973161697387695 291840
1771087101153 20.877384185791016 296960
1771087105883 20.836772918701172 300032
