1771086430855 0.0 5120
1771086442332 0.0 10240
1771086453726 0.0 15360
1771086465167 0.0 20480
1771086476703 0.0 25600
1771086488447 0.0 30720
1771086500046 0.0 35840
1771086511534 0.0 40960
1771086523341 0.0 46080
1771086535218 0.0 51200
1771086547064 0.0 56320
1771086558792 0.0 61440
1771086570511 0.0 66560
1771086582401 0.0 71680
1771086594008 0.0 76800
1771086605523 0.0 81920
1771086617148 0.0 87040
1771086628811 0.0 92160
1771086640371 0.0 97280
1771086651908 0.0 102400
1771086663771 0.0 107520
1771086676159 0.0 112640
1771086688229 0.0 117760
1771086700496 0.0 122880
1771086712522 0.0 128000
1771086723964 0.0 133120
1771086735613 0.0 138240
1771086747124 0.0 143360
1771086758571 0.0 148480
1771086770192 0.0 153600
1771086781604 0.0 158720
1771086793333 0.0 163840
1771086804949 0.0 168960
1771086816622 0.0 174080
1771086828203 0.0 179200
1771086839963 0.0 184320
1771086852032 0.0 189440
1771086863971 0.0 194560
1771086875962 0.0 199680
1771086888021 0.0 204800
1771086900189 0.0 209920
1771086912044 0.0 215040
1771086923803 0.0 220160
1771086935681 0.0 225280
1771086947453 0.0 230400
1771086959340 0.0 235520
1771086971133 0.0 240640
1771086982967 0.0 245760
1771086994483 0.0 250880
1771087006015 0.0 256000
1771087017869 0.0 261120
1771087029696 0.0 266240
1771087041210 0.0 271360
1771087053038 0.0 276480
1771087065622 0.0 281600
1771087077481 0.0 286720
1771087089264 0.0 291840
1771087101153 0.0 296960
1771087105883 0.0 300032
