1771086430850 -1.302497148513794 5120
1771086442326 -2.6823372840881348 10240
1771086453720 -4.117636680603027 15360
1771086465161 -4.335820198059082 20480
1771086476697 -4.757969856262207 25600
1771086488441 -7.196661472320557 30720
1771086500040 -9.852506637573242 35840
1771086511528 -11.015515327453613 40960
1771086523334 -11.693418502807617 46080
1771086535212 -12.453290939331055 51200
1771086547057 -13.24237060546875 56320
1771086558786 -13.918546676635742 61440
1771086570505 -14.895174980163574 66560
1771086582395 -16.120580673217773 71680
1771086594001 -18.085325241088867 76800
1771086605517 -20.369579315185547 81920
1771086617141 -22.896682739257812 87040
1771086628804 -24.914709091186523 92160
1771086640364 -26.4386043548584 97280
1771086651901 -27.922863006591797 102400
1771086663764 -29.18931007385254 107520
1771086676152 -30.330768585205078 112640
1771086688222 -31.5029296875 117760
1771086700489 -32.664390563964844 122880
1771086712515 -33.82085418701172 128000
1771086723957 -35.010643005371094 133120
1771086735606 -36.3684196472168 138240
1771086747117 -37.45488739013672 143360
1771086758563 -38.53154373168945 148480
1771086770185 -39.36100769042969 153600
1771086781597 -39.918251037597656 158720
1771086793325 -40.33568572998047 163840
1771086804941 -40.72838592529297 168960
1771086816614 -40.7215461730957 174080
1771086828196 -40.60585021972656 179200
1771086839956 -40.39967346191406 184320
1771086852024 -40.00193786621094 189440
1771086863963 -39.64577865600586 194560
1771086875955 -39.07551956176758 199680
1771086888013 -38.89113998413086 204800
1771086900181 -39.11689376831055 209920
1771086912036 -39.21186828613281 215040
1771086923795 -39.05317306518555 220160
1771086935673 -38.69007873535156 225280
1771086947445 -38.20750045776367 230400
1771086959332 -37.75914764404297 235520
1771086971124 -37.31022644042969 240640
1771086982959 -36.797447204589844 245760
1771086994475 -36.44544219970703 250880
1771087006006 -35.99608612060547 256000
1771087017860 -36.07858657836914 261120
1771087029687 -35.75246810913086 266240
1771087041202 -35.798797607421875 271360
1771087053029 -35.677486419677734 276480
1771087065613 -35.476295471191406 281600
1771087077472 -35.11614227294922 286720
1771087089255 -34.82133865356445 291840
1771087101144 -34.6169319152832 296960
1771087105874 -34.47592544555664 300032
