1771086430855 1.748846411705017 5120
1771086442332 1.7430436611175537 10240
1771086453726 1.953006386756897 15360
1771086465167 1.5409324169158936 20480
1771086476703 1.1673505306243896 25600
1771086488447 1.0298105478286743 30720
1771086500046 1.3065237998962402 35840
1771086511534 1.482465386390686 40960
1771086523341 1.6375954151153564 46080
1771086535218 1.7548998594284058 51200
1771086547064 1.847282886505127 56320
1771086558792 1.935727834701538 61440
1771086570511 2.017936944961548 66560
1771086582401 2.078829765319824 71680
1771086594008 2.1299185752868652 76800
1771086605523 2.2380266189575195 81920
1771086617148 2.379936695098877 87040
1771086628811 2.574165105819702 92160
1771086640371 2.721575975418091 97280
1771086651908 2.8421590328216553 102400
1771086663771 2.948760509490967 107520
1771086676159 2.996325969696045 112640
1771086688229 2.9924070835113525 117760
1771086700496 3.023179531097412 122880
1771086712522 3.0600898265838623 128000
1771086723964 3.076279640197754 133120
1771086735613 3.0695595741271973 138240
1771086747124 3.062471628189087 143360
1771086758571 3.0490410327911377 148480
1771086770192 3.0383265018463135 153600
1771086781604 3.0205202102661133 158720
1771086793333 3.00010085105896 163840
1771086804949 2.9912002086639404 168960
1771086816622 2.9731638431549072 174080
1771086828203 2.958498239517212 179200
1771086839963 2.9420690536499023 184320
1771086852032 2.9326446056365967 189440
1771086863971 2.934565305709839 194560
1771086875962 2.9358012676239014 199680
1771086888021 2.9398369789123535 204800
1771086900189 2.9594178199768066 209920
1771086912044 2.968446969985962 215040
1771086923803 2.9866974353790283 220160
1771086935681 3.0008704662323 225280
1771086947453 3.029082775115967 230400
1771086959340 3.0575039386749268 235520
1771086971133 3.0802338123321533 240640
1771086982967 3.0810391902923584 245760
1771086994483 3.0824086666107178 250880
1771087006015 3.083935022354126 256000
1771087017869 3.0802106857299805 261120
1771087029696 3.0881974697113037 266240
1771087041210 3.100112199783325 271360
1771087053038 3.1094939708709717 276480
1771087065622 3.1102638244628906 281600
1771087077481 3.1179356575012207 286720
1771087089264 3.1276628971099854 291840
1771087101153 3.1357173919677734 296960
1771087105883 3.139160394668579 300032
