1771638630581 0.014184396713972092 5120
1771638637681 0.009328357875347137 10240
1771638643914 0.007623888086527586 15360
1771638650274 0.007797271013259888 20480
1771638656653 0.0071090045385062695 25600
1771638662992 0.005917159840464592 30720
1771638669363 0.005633802618831396 35840
1771638675663 0.0054107229225337505 40960
1771638682229 0.005237887613475323 46080
1771638688228 0.004711425397545099 51200
1771638694966 0.004281127359718084 56320
1771638700957 0.0049035632982850075 61440
1771638707823 0.00482218200340867 66560
1771638713503 0.004759238567203283 71680
1771638720451 0.004703423008322716 76800
1771638726393 0.0046534412540495396 81920
1771638733045 0.004607233218848705 87040
1771638739221 0.0045701852068305016 92160
1771638745980 0.005151452496647835 97280
1771638751864 0.005478379782289267 102400
1771638758750 0.005584512371569872 107520
1771638764335 0.00550523865967989 112640
1771638770939 0.00543201481923461 117760
1771638777060 0.005204944871366024 122880
1771638783618 0.005770430434495211 128000
1771638790001 0.005547226406633854 133120
1771638796480 0.005485780071467161 138240
1771638802914 0.005428730510175228 143360
1771638809371 0.005239822436124086 148480
1771638815903 0.005198180675506592 153600
1771638822185 0.00527969840914011 158720
1771638828543 0.005235602147877216 163840
1771638835619 0.005197873804718256 168960
1771638841471 0.005160550586879253 174080
1771638848195 0.005458393599838018 179200
1771638854423 0.005415944382548332 184320
1771638860971 0.005480029620230198 189440
1771638867156 0.0054398030042648315 194560
1771638873538 0.00559999980032444 199680
1771638879815 0.0059500583447515965 204800
1771638886587 0.005900266580283642 209920
1771638892741 0.005946297664195299 215040
1771638899205 0.005989110562950373 220160
1771638905317 0.005855216644704342 225280
1771638911799 0.005811431910842657 230400
1771638917965 0.005852913949638605 235520
1771638924895 0.005812505260109901 240640
1771638931070 0.00585365854203701 245760
1771638937857 0.005812101997435093 250880
1771638944031 0.005695116240531206 256000
1771638950058 0.005737454164773226 261120
1771638956836 0.005626828875392675 266240
1771638963229 0.005740781780332327 271360
1771638969591 0.005705618765205145 276480
1771638976370 0.005672552157193422 281600
1771638982713 0.005711499601602554 286720
1771638989468 0.005815544631332159 291840
1771638995599 0.0057165916077792645 296960
1771638998885 0.005667044315487146 300032
