1771638630581 493.5673828125 5120
1771638637681 495.75372314453125 10240
1771638643914 496.5412902832031 15360
1771638650274 496.4463806152344 20480
1771638656653 496.7519836425781 25600
1771638662992 497.2965087890625 30720
1771638669363 497.42535400390625 35840
1771638675663 497.52484130859375 40960
1771638682229 497.6062927246094 46080
1771638688228 497.8468933105469 51200
1771638694966 498.04351806640625 56320
1771638700957 497.75482177734375 61440
1771638707823 497.7932434082031 66560
1771638713503 497.8208312988281 71680
1771638720451 497.84478759765625 76800
1771638726393 497.86627197265625 81920
1771638733045 497.8875732421875 87040
1771638739221 497.90423583984375 92160
1771638745980 497.6381530761719 97280
1771638751864 497.4901123046875 102400
1771638758750 497.4407958984375 107520
1771638764335 497.4764709472656 112640
1771638770939 497.5094299316406 117760
1771638777060 497.613525390625 122880
1771638783618 497.3540344238281 128000
1771638790001 497.45635986328125 133120
1771638796480 497.4837646484375 138240
1771638802914 497.5091857910156 143360
1771638809371 497.5958557128906 148480
1771638815903 497.61456298828125 153600
1771638822185 497.57635498046875 158720
1771638828543 497.59576416015625 163840
1771638835619 497.6130065917969 168960
1771638841471 497.6302795410156 174080
1771638848195 497.49249267578125 179200
1771638854423 497.5116882324219 184320
1771638860971 497.4825439453125 189440
1771638867156 497.5007629394531 194560
1771638873538 497.4259948730469 199680
1771638879815 497.2635498046875 204800
1771638886587 497.2870178222656 209920
1771638892741 497.2662048339844 215040
1771638899205 497.2457275390625 220160
1771638905317 497.30731201171875 225280
1771638911799 497.3272705078125 230400
1771638917965 497.3078308105469 235520
1771638924895 497.32708740234375 240640
1771638931070 497.3081359863281 245760
1771638937857 497.327392578125 250880
1771638944031 497.3811950683594 256000
1771638950058 497.3612365722656 261120
1771638956836 497.412109375 266240
1771638963229 497.36114501953125 271360
1771638969591 497.37713623046875 276480
1771638976370 497.3920593261719 281600
1771638982713 497.3736877441406 286720
1771638989468 497.3255310058594 291840
1771638995599 497.37103271484375 296960
1771638998885 497.3938293457031 300032
