1771638630577 16.67580223083496 5120
1771638637677 13.448763847351074 10240
1771638643911 14.466705322265625 15360
1771638650271 13.808090209960938 20480
1771638656650 10.657308578491211 25600
1771638662989 10.444721221923828 30720
1771638669360 10.667062759399414 35840
1771638675660 9.723386764526367 40960
1771638682226 9.984732627868652 46080
1771638688225 9.891318321228027 51200
1771638694963 9.205877304077148 56320
1771638700953 10.53507137298584 61440
1771638707820 9.79921817779541 66560
1771638713499 9.69410514831543 71680
1771638720447 9.993515014648438 76800
1771638726390 10.555638313293457 81920
1771638733042 9.196222305297852 87040
1771638739218 9.283868789672852 92160
1771638745977 9.258810997009277 97280
1771638751861 9.876699447631836 102400
1771638758747 8.993992805480957 107520
1771638764331 9.325523376464844 112640
1771638770936 9.312601089477539 117760
1771638777057 8.90656852722168 122880
1771638783615 8.580239295959473 128000
1771638789998 9.589353561401367 133120
1771638796477 9.277457237243652 138240
1771638802911 9.228876113891602 143360
1771638809368 8.423199653625488 148480
1771638815900 8.442865371704102 153600
1771638822181 8.614652633666992 158720
1771638828540 9.560646057128906 163840
1771638835616 7.711442470550537 168960
1771638841467 8.657182693481445 174080
1771638848192 9.179037094116211 179200
1771638854420 8.97422981262207 184320
1771638860967 9.00345516204834 189440
1771638867153 8.064805030822754 194560
1771638873535 8.838918685913086 199680
1771638879812 8.628450393676758 204800
1771638886584 8.998324394226074 209920
1771638892738 8.406902313232422 215040
1771638899202 8.801197052001953 220160
1771638905313 9.11484432220459 225280
1771638911796 9.851531028747559 230400
1771638917962 8.41701889038086 235520
1771638924892 8.914020538330078 240640
1771638931067 9.077399253845215 245760
1771638937853 9.685836791992188 250880
1771638944027 9.054708480834961 256000
1771638950055 9.862325668334961 261120
1771638956832 9.181007385253906 266240
1771638963225 8.42746639251709 271360
1771638969588 8.5149564743042 276480
1771638976367 8.887716293334961 281600
1771638982710 8.778558731079102 286720
1771638989465 8.876227378845215 291840
1771638995596 8.826603889465332 296960
1771638998882 9.76513385772705 300032
