1771638630577 -0.5916633009910583 5120
1771638637677 -0.5723005533218384 10240
1771638643911 -0.8962780833244324 15360
1771638650271 -0.924899697303772 20480
1771638656650 -0.08850423991680145 25600
1771638662989 -1.8559887409210205 30720
1771638669360 -2.013654947280884 35840
1771638675660 -2.0821053981781006 40960
1771638682226 -2.292442560195923 46080
1771638688225 -2.403777599334717 51200
1771638694963 -2.4771745204925537 56320
1771638700953 -2.7377092838287354 61440
1771638707820 -2.6454548835754395 66560
1771638713499 -2.733232021331787 71680
1771638720447 -2.8102478981018066 76800
1771638726390 -2.895993709564209 81920
1771638733042 -2.8803820610046387 87040
1771638739218 -2.9024500846862793 92160
1771638745977 -2.847487211227417 97280
1771638751861 -2.9673256874084473 102400
1771638758747 -3.014468193054199 107520
1771638764331 -2.960022449493408 112640
1771638770936 -2.87654447555542 117760
1771638777057 -3.0585761070251465 122880
1771638783615 -3.0366692543029785 128000
1771638789998 -3.07267427444458 133120
1771638796477 -2.9810595512390137 138240
1771638802911 -2.9621498584747314 143360
1771638809368 -2.8979036808013916 148480
1771638815900 -2.891298770904541 153600
1771638822181 -2.87306547164917 158720
1771638828540 -2.892868757247925 163840
1771638835616 -2.834888219833374 168960
1771638841467 -2.836848735809326 174080
1771638848192 -2.776618003845215 179200
1771638854420 -2.7819020748138428 184320
1771638860967 -2.762458562850952 189440
1771638867153 -2.752171516418457 194560
1771638873535 -3.188605546951294 199680
1771638879812 -3.2155213356018066 204800
1771638886584 -3.189495801925659 209920
1771638892738 -3.4842796325683594 215040
1771638899202 -3.5081310272216797 220160
1771638905313 -3.760803699493408 225280
1771638911796 -3.8114326000213623 230400
1771638917962 -3.773815870285034 235520
1771638924892 -3.7764289379119873 240640
1771638931067 -3.958132266998291 245760
1771638937853 -4.034704685211182 250880
1771638944027 -3.954407215118408 256000
1771638950055 -4.2024431228637695 261120
1771638956832 -3.947535753250122 266240
1771638963225 -4.0765061378479 271360
1771638969588 -4.129352569580078 276480
1771638976367 -4.2177228927612305 281600
1771638982710 -4.019060134887695 286720
1771638989465 -4.024640083312988 291840
1771638995596 -4.1109232902526855 296960
1771638998882 -4.212132453918457 300032
