1760047897014 409.20670915570173 5120
1760047928740 410.5803550047893 10240
1760047960286 412.79792845718504 15360
1760047994045 414.3499342473855 20480
1760048028474 414.43766078995156 25600
1760048061957 415.0302734375 30720
1760048094249 414.6041914428425 35840
1760048126333 409.9465000450642 40960
1760048164682 405.25432352113927 46080
1760048195485 402.9565884294181 51200
1760048227228 403.81484222113505 56320
1760048259431 404.8794920476915 61440
1760048296166 405.397614554073 66560
1760048328118 405.58147081928263 71680
1760048359988 404.98178804972696 76800
1760048391403 404.27018070376016 81920
1760048427123 403.148080654991 87040
1760048461944 402.53073808265935 92160
1760048493193 401.53875935872395 97280
1760048525142 400.9031398981757 102400
1760048560216 400.44557058416757 107520
1760048594349 399.7630972176646 112640
1760048625423 399.31890678738375 117760
1760048657736 398.9234523982558 122880
1760048693516 397.7108981706221 128000
1760048726187 396.8944183997564 133120
1760048758257 396.0651096514322 138240
1760048790141 395.8238836378805 143360
1760048825719 395.3421679902907 148480
1760048858050 394.69023813445233 153600
1760048889183 392.96501259423866 158720
1760048921039 391.264187019161 163840
1760048958694 390.3627477906823 168960
1760048990680 390.5492488247626 174080
1760049024708 390.9985290818141 179200
1760049057161 391.32137040093204 184320
1760049093744 391.643331994743 189440
1760049130454 391.804614745798 194560
1760049166187 391.2768512529568 199680
1760049200162 390.25397803944054 204800
1760049233314 389.18089951346775 209920
1760049273633 388.00261732671373 215040
1760049307718 386.82663226972784 220160
1760049342118 385.69924642713363 225280
1760049376047 384.6647826903808 230400
1760049416531 383.69105480064263 235520
1760049450137 382.781169984815 240640
1760049484041 381.96817777480874 245760
1760049518485 381.54269863900896 250880
1760049558536 381.07590932685366 256000
1760049590986 380.9676024490929 261120
1760049625919 380.5383943256579 266240
1760049660157 379.60711132919675 271360
1760049697810 378.4628649236666 276480
1760049731219 377.2198735424596 281600
1760049767269 376.2032156703824 286720
1760049800893 375.085476357265 291840
1760049838059 373.9733542076745 296960
1760049851589 373.52622573647943 300032
