1760047897014 500.0 5120
1760047928740 500.0 10240
1760047960286 500.0 15360
1760047994045 500.0 20480
1760048028474 500.0 25600
1760048061957 500.0 30720
1760048094249 500.0 35840
1760048126333 500.0 40960
1760048164682 500.0 46080
1760048195485 500.0 51200
1760048227228 500.0 56320
1760048259431 500.0 61440
1760048296166 500.0 66560
1760048328118 500.0 71680
1760048359988 500.0 76800
1760048391403 500.0 81920
1760048427123 500.0 87040
1760048461944 500.0 92160
1760048493193 500.0 97280
1760048525142 500.0 102400
1760048560216 500.0 107520
1760048594349 500.0 112640
1760048625423 500.0 117760
1760048657736 500.0 122880
1760048693516 500.0 128000
1760048726187 500.0 133120
1760048758257 500.0 138240
1760048790141 500.0 143360
1760048825719 500.0 148480
1760048858050 500.0 153600
1760048889183 500.0 158720
1760048921039 500.0 163840
1760048958694 500.0 168960
1760048990680 500.0 174080
1760049024708 500.0 179200
1760049057161 500.0 184320
1760049093744 500.0 189440
1760049130454 500.0 194560
1760049166187 500.0 199680
1760049200162 500.0 204800
1760049233314 500.0 209920
1760049273633 500.0 215040
1760049307718 500.0 220160
1760049342118 500.0 225280
1760049376047 500.0 230400
1760049416531 500.0 235520
1760049450137 500.0 240640
1760049484041 500.0 245760
1760049518485 500.0 250880
1760049558536 500.0 256000
1760049590986 500.0 261120
1760049625919 500.0 266240
1760049660157 500.0 271360
1760049697810 500.0 276480
1760049731219 500.0 281600
1760049767269 500.0 286720
1760049800893 500.0 291840
1760049838059 500.0 296960
1760049851589 500.0 300032
