1760047897014 0.0 5120
1760047928740 0.0 10240
1760047960286 0.0 15360
1760047994045 0.0 20480
1760048028474 0.0 25600
1760048061957 0.0 30720
1760048094249 0.0 35840
1760048126333 0.0 40960
1760048164682 0.0 46080
1760048195485 0.0 51200
1760048227228 0.0 56320
1760048259431 0.0 61440
1760048296166 0.0 66560
1760048328118 0.0 71680
1760048359988 0.0 76800
1760048391403 0.0 81920
1760048427123 0.0 87040
1760048461944 0.0 92160
1760048493193 0.0 97280
1760048525142 0.0 102400
1760048560216 0.0 107520
1760048594349 0.0 112640
1760048625423 0.0 117760
1760048657736 0.0 122880
1760048693516 0.0 128000
1760048726187 0.0 133120
1760048758257 0.0 138240
1760048790141 0.0 143360
1760048825719 0.0 148480
1760048858050 0.0 153600
1760048889183 0.0 158720
1760048921039 0.0 163840
1760048958694 0.0 168960
1760048990680 0.0 174080
1760049024708 0.0 179200
1760049057161 0.0 184320
1760049093744 0.0 189440
1760049130454 0.0 194560
1760049166187 0.0 199680
1760049200162 0.0 204800
1760049233314 0.0 209920
1760049273633 0.0 215040
1760049307718 0.0 220160
1760049342118 0.0 225280
1760049376047 0.0 230400
1760049416531 0.0 235520
1760049450137 0.0 240640
1760049484041 0.0 245760
1760049518485 0.0 250880
1760049558536 0.0 256000
1760049590986 0.0 261120
1760049625919 0.0 266240
1760049660157 0.0 271360
1760049697810 0.0 276480
1760049731219 0.0 281600
1760049767269 0.0 286720
1760049800893 0.0 291840
1760049838059 0.0 296960
1760049851589 0.0 300032
