1760047897014 21.48421052631579 5120
1760047928740 21.622605363984675 10240
1760047960286 21.4750656167979 15360
1760047994045 21.40836653386454 20480
1760048028474 21.463276836158194 25600
1760048061957 21.51219512195122 30720
1760048094249 21.557962529274004 35840
1760048126333 21.996329313057156 40960
1760048164682 22.315963998105165 46080
1760048195485 22.505172413793105 51200
1760048227228 22.4426614481409 56320
1760048259431 22.36471009305655 61440
1760048296166 22.335426305353604 66560
1760048328118 22.29184549356223 71680
1760048359988 22.37367059499856 76800
1760048391403 22.479945799457994 81920
1760048427123 22.59148062612266 87040
1760048461944 22.665531500851376 92160
1760048493193 22.757407407407406 97280
1760048525142 22.807760141093475 102400
1760048560216 22.874604847207586 107520
1760048594349 22.95193861066236 112640
1760048625423 23.008913001356326 117760
1760048657736 23.050418604651163 122880
1760048693516 23.1977705861201 128000
1760048726187 23.34354333449356 133120
1760048758257 23.467733782645325 138240
1760048790141 23.499267458896306 143360
1760048825719 23.554750275720814 148480
1760048858050 23.61640696608616 153600
1760048889183 23.788384214445273 158720
1760048921039 23.92524314123966 163840
1760048958694 23.973906911142453 168960
1760048990680 23.925946167509224 174080
1760049024708 23.851244044467972 179200
1760049057161 23.789656057494867 184320
1760049093744 23.73595015576324 189440
1760049130454 23.693276801938218 194560
1760049166187 23.73814311058545 199680
1760049200162 23.82507524890021 204800
1760049233314 23.90716390841079 209920
1760049273633 24.05713331105914 215040
1760049307718 24.198030634573303 220160
1760049342118 24.2935050993022 225280
1760049376047 24.410083324543823 230400
1760049416531 24.468604530878245 235520
1760049450137 24.562366575175357 240640
1760049484041 24.67966796679668 245760
1760049518485 24.74069344858069 250880
1760049558536 24.750120365912373 256000
1760049590986 24.77161485401115 261120
1760049625919 24.80748166713079 266240
1760049660157 24.911194439363452 271360
1760049697810 25.05028891296497 276480
1760049731219 25.157318376068375 281600
1760049767269 25.285086562966868 286720
1760049800893 25.434824142422926 291840
1760049838059 25.568265682656826 296960
1760049851589 25.61960884789478 300032
