1760047897008 14.267879501978555 5120
1760047928736 5.009128388491543 10240
1760047960283 3.1803424179553987 15360
1760047994015 2.3123879160199845 20480
1760048028470 1.7993289965849657 25600
1760048061954 1.3847326155631774 30720
1760048094244 1.0993537969059417 35840
1760048126327 0.8435482467093119 40960
1760048164676 0.8069701215495234 46080
1760048195482 0.8443107885472915 51200
1760048227221 0.8374082854815891 56320
1760048259427 0.7650977322312652 61440
1760048296159 0.713412304358049 66560
1760048328114 0.6517026471420073 71680
1760048359984 0.628715665716874 76800
1760048391396 0.5620342289959943 81920
1760048427118 0.5268987877424373 87040
1760048461939 0.49947944578233655 92160
1760048493186 0.49081387768189116 97280
1760048525138 0.4347240684056046 102400
1760048560212 0.4162310442834529 107520
1760048594345 0.39584931081479735 112640
1760048625419 0.3758398434211468 117760
1760048657732 0.3671312139053975 122880
1760048693508 0.3528721491495769 128000
1760048726182 0.3526287435575296 133120
1760048758252 0.3494179897448596 138240
1760048790135 0.33051389734795755 143360
1760048825709 0.325999377525016 148480
1760048858042 0.3232650545259185 153600
1760048889178 0.32457104401710707 158720
1760048921033 0.308577349171135 163840
1760048958689 0.32060558393777133 168960
1760048990670 0.3050320859540973 174080
1760049024702 0.3010660409927368 179200
1760049057151 0.29466252037174795 184320
1760049093737 0.28847833089931035 189440
1760049130449 0.2820185866031347 194560
1760049166178 0.26613794686842934 199680
1760049200155 0.26538095569136133 204800
1760049233306 0.26773855292681353 209920
1760049273624 0.2662447961020809 215040
1760049307709 0.27008923071402086 220160
1760049342110 0.27268131739413576 225280
1760049376036 0.2728690472324337 230400
1760049416525 0.27056532442827763 235520
1760049450131 0.2584602869163125 240640
1760049484036 0.2625740177898486 245760
1760049518475 0.2456195269173723 250880
1760049558530 0.24046063974084134 256000
1760049590972 0.24408677741885185 261120
1760049625908 0.2615373629719818 266240
1760049660150 0.2710720073011585 271360
1760049697800 0.28557821147116347 276480
1760049731212 0.30021643051202745 281600
1760049767261 0.30382020617719224 286720
1760049800886 0.31168276213265805 291840
1760049838053 0.310037289452307 296960
1760049851578 0.12668561967973413 300032
