1760047897008 112.92009476631489 5120
1760047928736 112.86236310308641 10240
1760047960283 86.04936093387768 15360
1760047994015 50.72507165576209 20480
1760048028470 29.064743016721064 25600
1760048061954 34.60675418114011 30720
1760048094244 47.534526332490906 35840
1760048126327 103.27236913379623 40960
1760048164676 72.02129230557892 46080
1760048195482 39.12962030040116 51200
1760048227221 135.10401030761798 56320
1760048259427 36.719345858210914 61440
1760048296159 98.30553602400038 66560
1760048328114 37.37572625200499 71680
1760048359984 45.136929103353275 76800
1760048391396 115.01327190961939 81920
1760048427118 35.31985987604419 87040
1760048461939 53.40001273155516 92160
1760048493186 89.03213755041392 97280
1760048525138 113.09059534081105 102400
1760048560212 134.49317001218495 107520
1760048594345 72.88610850450075 112640
1760048625419 131.41696954505576 117760
1760048657732 102.75875248058406 122880
1760048693508 76.00855351382697 128000
1760048726182 140.89029224051058 133120
1760048758252 125.48403889304413 138240
1760048790135 107.2794332045937 143360
1760048825709 31.259718578583353 148480
1760048858042 101.01888246628131 153600
1760048889178 89.73116830327535 158720
1760048921033 105.73253674153621 163840
1760048958689 32.23833424286911 168960
1760048990670 64.57345198140223 174080
1760049024702 127.7621615035487 179200
1760049057151 122.72659176029963 184320
1760049093737 90.55646954681866 189440
1760049130449 63.19863787725828 194560
1760049166178 30.619604178681715 199680
1760049200155 99.22649633309676 204800
1760049233306 31.089184060721063 209920
1760049273624 102.1182772137414 215040
1760049307709 97.72148831574287 220160
1760049342110 97.26824517056654 225280
1760049376036 58.980833321614895 230400
1760049416525 101.44400909398733 235520
1760049450131 70.82101850601107 240640
1760049484036 121.19113525383571 245760
1760049518475 76.10095255375124 250880
1760049558530 116.93069417340396 256000
1760049590972 67.86021227025628 261120
1760049625908 75.53085663863428 266240
1760049660150 87.18154229889836 271360
1760049697800 39.05092825354263 276480
1760049731212 104.55439226243892 281600
1760049767261 120.14276302598034 286720
1760049800886 70.34354140811055 291840
1760049838053 45.56698208523906 296960
1760049851578 67.62715854307412 300032
