1760047897014 22.926494825932018 5120
1760047928740 21.823224297885236 10240
1760047960286 20.828059639517715 15360
1760047994045 20.56606253209817 20480
1760048028474 20.09869847824922 25600
1760048061957 19.901835992084287 30720
1760048094249 19.94857084109018 35840
1760048126333 22.450611356546194 40960
1760048164682 25.005397953844817 46080
1760048195485 26.083529584161166 51200
1760048227228 25.661723217152336 56320
1760048259431 25.033843579084085 61440
1760048296166 24.78000440679476 66560
1760048328118 24.71978269538435 71680
1760048359988 24.989508514535878 76800
1760048391403 25.297960631827998 81920
1760048427123 25.92506530464139 87040
1760048461944 26.232485419263867 92160
1760048493193 26.555539816397207 97280
1760048525142 26.874477352835303 102400
1760048560216 27.178087594260404 107520
1760048594349 27.532391648300244 112640
1760048625423 27.770546105822213 117760
1760048657736 27.956554165152617 122880
1760048693516 28.532649199682275 128000
1760048726187 28.926481252923228 133120
1760048758257 29.25839399483993 138240
1760048790141 29.416814357901014 143360
1760048825719 29.71492387366817 148480
1760048858050 30.046744538052817 153600
1760048889183 30.895747753833536 158720
1760048921039 31.88989574993309 163840
1760048958694 32.420327186315454 168960
1760048990680 32.450457465959744 174080
1760049024708 32.24511930385931 179200
1760049057161 32.101293356266844 184320
1760049093744 31.972064151942174 189440
1760049130454 31.89935460220605 194560
1760049166187 32.143720128506615 199680
1760049200162 32.646262294083016 204800
1760049233314 33.17332265815398 209920
1760049273633 33.784477216043165 215040
1760049307718 34.3676666593656 220160
1760049342118 34.9624977066769 225280
1760049376047 35.47044783440236 230400
1760049416531 35.961418331008524 235520
1760049450137 36.45676229076923 240640
1760049484041 36.83480718677337 245760
1760049518485 37.052413606208106 250880
1760049558536 37.28296734181286 256000
1760049590986 37.33277054647637 261120
1760049625919 37.49117718205018 266240
1760049660157 37.91298333770378 271360
1760049697810 38.507749326739685 276480
1760049731219 39.08872192469757 281600
1760049767269 39.671406135857445 286720
1760049800893 40.21042679767219 291840
1760049838059 40.753621244680154 296960
1760049851589 40.972893082461276 300032
