1760134033292 0.9812248743497408 5120
1760134077266 0.8321333133568198 10240
1760134120936 0.9088909691753858 15360
1760134164875 0.8881198780511015 20480
1760134208171 0.9197358417836472 25600
1760134250385 0.9302768138725762 30720
1760134293764 0.9368261717359466 35840
1760134337727 0.9149058149216023 40960
1760134382257 0.908194013112218 46080
1760134428715 0.9162277756933945 51200
1760134474092 0.9263945352114163 56320
1760134519414 0.9276190512251146 61440
1760134563055 0.9695756465374121 66560
1760134607523 1.01853043717823 71680
1760134651042 1.0557437229128583 76800
1760134692949 1.0996029846974988 81920
1760134737620 1.131883790391955 87040
1760134783956 1.1673676495552063 92160
1760134829982 1.2020232573401728 97280
1760134876420 1.2343639018596606 102400
1760134922553 1.2639714713091315 107520
1760134979019 1.2856505585867288 112640
1760135038543 1.3099721533939976 117760
1760135082638 1.3279057427910972 122880
1760135125567 1.3385515707317777 128000
1760135167681 1.346624403960945 133120
1760135210483 1.357459068473551 138240
1760135252727 1.370672800137867 143360
1760135295516 1.3788527041486487 148480
1760135338048 1.3912317180390468 153600
1760135380815 1.393570520514015 158720
1760135423356 1.4019059406739267 163840
1760135466285 1.4125876993608188 168960
1760135509257 1.4266755839588101 174080
1760135551124 1.4377555023789659 179200
1760135595354 1.4426507497723131 184320
1760135637100 1.4410955697898096 189440
1760135679512 1.4475197092509884 194560
1760135721627 1.4648312161863688 199680
1760135763404 1.4798191664904103 204800
1760135805134 1.4933591252380438 209920
1760135846973 1.5046212397978251 215040
1760135889044 1.5155416012880716 220160
1760135931457 1.5288161762486172 225280
1760135973587 1.5425710682987464 230400
1760136015592 1.5545761460576222 235520
1760136060181 1.5678408844374423 240640
1760136102417 1.582394416628255 245760
1760136144951 1.5959005422864905 250880
1760136187980 1.6084725052175284 256000
1760136233650 1.6210873067653155 261120
1760136278041 1.636013865318214 266240
1760136321603 1.6478584317187157 271360
1760136367070 1.6556923798577885 276480
1760136410837 1.6673988562775515 281600
1760136457282 1.677669687739445 286720
1760136501055 1.6857788472844843 291840
1760136544785 1.6964784670155193 296960
1760136588379 1.7059752666161125 302080
1760136635314 1.7160519650384747 307200
1760136678026 1.7228150276066263 312320
1760136720769 1.7305366719982402 317440
1760136765893 1.739611124861926 322560
1760136810453 1.7471056253797368 327680
1760136853870 1.7572348123149133 332800
1760136898234 1.7692257761595402 337920
1760136941719 1.779222913633901 343040
1760136986863 1.7879783255780826 348160
1760137032151 1.795138950109646 353280
1760137077224 1.8056161684490617 358400
1760137122900 1.8142631745481648 363520
1760137165819 1.823195252536742 368640
1760137207191 1.8347582642558509 373760
1760137248760 1.8431354945077478 378880
1760137290590 1.8510975903076745 384000
1760137331641 1.8597346872085745 389120
1760137375133 1.8666966538527383 394240
1760137419597 1.8772541102646276 399360
1760137465086 1.884841960304079 404480
1760137509390 1.8916442162365323 409600
1760137553417 1.9002103872876224 414720
1760137596507 1.907622490210065 419840
1760137640531 1.915088493304208 424960
1760137684316 1.924220393267015 430080
1760137727682 1.9312958382593117 435200
1760137770461 1.9380144811263085 440320
1760137813675 1.946464775058739 445440
1760137860400 1.954679823500056 450560
1760137903869 1.9627609911633308 455680
1760137947256 1.969409268300503 460800
1760137992379 1.978997451363189 465920
1760138037436 1.9859269702659537 471040
1760138083385 1.9948798793550402 476160
1760138131064 2.00186751175361 481280
1760138175428 2.0086801390323727 486400
1760138223030 2.01669890514273 491520
1760138268926 2.0234059761504675 496640
1760138314734 2.0314704499999343 501760
1760138358184 2.040031788366434 506880
1760138403974 2.047632331922796 512000
1760138448223 2.0545251446445367 517120
1760138493147 2.0637185718939337 522240
1760138536554 2.070200428441024 527360
1760138582453 2.0768594030384615 532480
1760138625791 2.085116064473484 537600
1760138670778 2.0934402489390895 542720
1760138715006 2.101794644556337 547840
1760138758348 2.109524804039118 552960
1760138801639 2.1174804447581934 558080
1760138845055 2.124713457331938 563200
1760138888347 2.1313335514612284 568320
1760138934392 2.1395546925892184 573440
1760138980138 2.14675112538967 578560
1760139023473 2.154436044763514 583680
1760139066811 2.1618852780780715 588800
1760139110070 2.1688691057261105 593920
1760139152956 2.175867327835224 599040
1760139196854 2.1822082421601867 604160
1760139240871 2.189916944992626 609280
1760139284169 2.1968511188050903 614400
1760139326944 2.204830344268235 619520
1760139390971 2.212525427272025 624640
1760139472982 2.2202455677246924 629760
1760139569098 2.228356343107657 634880
1760139640366 2.23701383115756 640000
1760139690326 2.2430304911179744 645120
1760139737193 2.250393835991446 650240
1760139786880 2.256925717807476 655360
1760139836077 2.263914541804664 660480
1760139884509 2.270206211248034 665600
1760139933170 2.2774504648135028 670720
1760139984531 2.2843635817730723 675840
1760140226669 2.290518682259046 680960
1760140269400 2.298399269909726 686080
1760140317156 2.3049877917224193 691200
1760140588816 2.3103749889157306 696320
1760140676817 2.317816336071707 701440
1760140767784 2.3240927269970406 706560
1760140858688 2.330007111091459 711680
1760140969048 2.3360961979984416 716800
1760141260531 2.3418500108616835 721920
1760141491535 2.3504111041308198 727040
1760141538145 2.357061154808534 732160
1760141589252 2.3644598639811725 737280
1760144522877 2.370554629377793 742400
1760144570106 2.3757622272291674 747520
1760144613306 2.3814626038574893 752640
1760144655783 2.387268892817749 757760
1760144698777 2.39354236164734 762880
1760144743264 2.3988475299168917 768000
1760144786044 2.404349305946977 773120
1760144830041 2.4110901761642425 778240
1760144873518 2.4165981205198945 783360
1760144920169 2.4225393167158655 788480
1760144963716 2.429192377465147 793600
1760145005030 2.4350257877476187 798720
1760145049462 2.44123431169363 803840
1760145093972 2.4458235208963255 808960
1760145138676 2.4517282938468994 814080
1760145181257 2.4561653405651076 819200
1760145227792 2.461381198084383 824320
1760145270731 2.465829001048025 829440
1760145312814 2.4694624125083675 834560
1760145355132 2.4738518411599553 839680
1760145397332 2.478912262634529 844800
1760145439072 2.4851464316461067 849920
1760145480698 2.4908035526200774 855040
1760145523045 2.4957042552484667 860160
1760145564457 2.5015282077860403 865280
1760145605684 2.5063255315393262 870400
1760145646920 2.510654416163707 875520
1760145688299 2.515070712385226 880640
1760152435609 2.5198097706853457 885760
1760152482244 2.525000539093348 890880
1760152524953 2.5298207889265054 896000
1760152565289 2.5354211288699933 901120
1760152605836 2.5410209824481442 906240
1760152646959 2.5445839872931355 911360
1760152688520 2.549657363457665 916480
1760152730637 2.553169214937864 921600
1760152774122 2.557406512058184 926720
1760152815616 2.5609443706215926 931840
1760152856766 2.5654273935633234 936960
1760152898430 2.569752126763224 942080
1760152940264 2.573502953438772 947200
1760152981878 2.5770723213875737 952320
1760153023112 2.5797966500705307 957440
1760153064117 2.583707428700133 962560
1760153105161 2.587323290437652 967680
1760153145652 2.5907137904882007 972800
1760153186026 2.593987162835997 977920
1760153226258 2.5982164996044284 983040
1760153266766 2.6025580126134362 988160
1760153308948 2.6060990348477113 993280
1760153350924 2.6099591415079675 998400
1760153393389 2.6134817090231417 1003520
1760153436280 2.618059749736934 1008640
1760153478906 2.620492898969225 1013760
1760153521376 2.6234252298720473 1018880
1760153563797 2.627467422460013 1024000
1760153606106 2.6309449859877336 1029120
1760153648381 2.633521844178051 1034240
1760153690581 2.6362375315592645 1039360
1760153733014 2.638646250088876 1044480
1760153775479 2.641583549421371 1049600
1760153817760 2.6450762375149006 1054720
1760153860137 2.6486510146447486 1059840
1760153902447 2.6520470301544354 1064960
1760153944612 2.655736673178352 1070080
1760153987836 2.658757290757166 1075200
1760154029907 2.6622200427131095 1080320
1760154074738 2.6660869841909425 1085440
1760154116867 2.669522069637579 1090560
1760154159209 2.672842799683716 1095680
1760154200998 2.675827043468852 1100800
1760154242875 2.679017945746706 1105920
1760154288004 2.6822044432664653 1111040
1760154331737 2.6849587753871065 1116160
1760154373647 2.6886728791071928 1121280
1760154416384 2.6915837563475917 1126400
1760154458567 2.695581964921347 1131520
1760154499909 2.698653088820301 1136640
1760154541799 2.702051577071911 1141760
1760154584403 2.705714895984529 1146880
1760154627665 2.708593353690943 1152000
1760154671163 2.711932603022896 1157120
1760154714058 2.7146678337558128 1162240
1760154759010 2.7174559537126184 1167360
1760154801694 2.720343682598129 1172480
1760154845540 2.7226558561077674 1177600
1760154890344 2.726172187837773 1182720
1760154938041 2.7294817181091062 1187840
1760154980925 2.7322765377260025 1192960
1760155027832 2.735664306205061 1198080
1760155070970 2.7381154599092703 1203200
1760155115447 2.7398110443116503 1208320
1760155159741 2.741814070666348 1213440
1760155202888 2.745403729891716 1218560
1760155246387 2.748723951040337 1223680
1760155292503 2.751952850979926 1228800
1760155337916 2.754701698866885 1233920
1760155383619 2.756812245208361 1239040
1760155427098 2.75892287989397 1244160
1760155470140 2.7613149690315586 1249280
1760155513468 2.7638938086098888 1254400
1760155556984 2.766976190320151 1259520
1760155600120 2.769220298715771 1264640
1760155642910 2.7713183492860916 1269760
1760155685950 2.772322892649551 1274880
1760155728652 2.7743078677530058 1280000
1760155771850 2.7759575756373303 1285120
1760155815346 2.77791613838179 1290240
1760155858132 2.7798389430620505 1295360
1760155901423 2.780644595926336 1300480
1760155944712 2.781576574797784 1305600
1760155989614 2.7836215438373837 1310720
1760156034539 2.7841721570828373 1315840
1760156079296 2.786034149035426 1320960
1760156124497 2.7870733769641602 1326080
1760156168193 2.7890970419401544 1331200
1760156211662 2.79083502404931 1336320
1760156252698 2.792187766524997 1341440
1760156296112 2.7946058206704074 1346560
1760156339560 2.796617584465777 1351680
1760156383185 2.7989084848884715 1356800
1760156427279 2.8009458443587274 1361920
1760156472681 2.8030611218170898 1367040
1760156518324 2.8041995600702845 1372160
1760156562938 2.8054024763576497 1377280
1760156606536 2.8075117947712642 1382400
1760156649935 2.808956479737832 1387520
1760156693015 2.8111196097891566 1392640
1760156735416 2.7966469675932775 1397760
1760156777651 2.7718947904475413 1402880
1760156820357 2.752280541274431 1408000
1760156863116 2.747608281073073 1413120
1760156906134 2.7463128201986873 1418240
1760156949112 2.7461637519517383 1423360
1760156993124 2.7463810625248475 1428480
1760157035820 2.746642770638979 1433600
1760157079141 2.7477698202860843 1438720
1760157121287 2.7483904188193145 1443840
1760157164822 2.749215693344741 1448960
1760157208077 2.750590021979301 1454080
1760157251064 2.751543552107413 1459200
1760157293586 2.7526532342187195 1464320
1760157336686 2.7526914229274233 1469440
1760157380151 2.753689227251956 1474560
1760157423347 2.7557428225209426 1479680
1760157466897 2.756604931415546 1484800
1760157510000 2.757590012691566 1489920
1760157553315 2.759096496136625 1495040
1760157596672 2.7606388726137148 1500160
1760157639325 2.762590769948679 1505280
1760157683083 2.764401646890634 1510400
1760157726892 2.766102943120657 1515520
1760157769901 2.767545214068932 1520640
1760157815580 2.7694302771448793 1525760
1760157863330 2.771534556465602 1530880
1760157910006 2.7733069782785833 1536000
1760157957240 2.775213271116157 1541120
1760158005179 2.7773044359029937 1546240
1760158053078 2.7790266574639215 1551360
1760158099943 2.7816608909812306 1556480
1760158147853 2.7836877073921222 1561600
1760158195866 2.7847380144880742 1566720
1760158243676 2.786447119108344 1571840
1760158291730 2.7881455000474165 1576960
1760158339689 2.790743588261308 1582080
1760158387342 2.7926195761800825 1587200
1760158432329 2.7943773389076143 1592320
1760158477683 2.7951981811641136 1597440
1760158524931 2.7965637875508413 1602560
1760158568410 2.798531702622895 1607680
1760158614586 2.800449723806797 1612800
1760158661749 2.8015663826189354 1617920
1760158708658 2.8027583530206623 1623040
1760158753665 2.8041465451377823 1628160
1760158799943 2.805884530828455 1633280
1760158845069 2.8075737646307632 1638400
1760158890546 2.809023682088808 1643520
1760158934971 2.8106187816783303 1648640
1760158980935 2.8123831407762405 1653760
1760159027702 2.8144258146609937 1658880
1760159074488 2.816251454250483 1664000
1760159121381 2.818089192528541 1669120
1760159167356 2.819033367416642 1674240
1760159213570 2.821305268826842 1679360
1760159260205 2.82307211953758 1684480
1760159305746 2.824747322260269 1689600
1760159352443 2.8260274953298006 1694720
1760159397091 2.8271818649821787 1699840
1760159442691 2.8279357702594603 1704960
1760159488117 2.8290510459060387 1710080
1760159533618 2.830441224231191 1715200
1760159576875 2.832292585759451 1720320
1760159619826 2.833197305206988 1725440
1760159663714 2.834815883995816 1730560
1760159707786 2.835847761816434 1735680
1760159750551 2.837097353734667 1740800
1760159793618 2.838496335522965 1745920
1760159837166 2.83975625327974 1751040
1760159880346 2.8415744219561168 1756160
1760159923416 2.8436250689644034 1761280
1760159965888 2.8450049595570897 1766400
1760160009110 2.8462142112786943 1771520
1760160051709 2.8474670821222277 1776640
1760160095207 2.849153476195416 1781760
1760160138745 2.8512109317611998 1786880
1760160180997 2.852702673083264 1792000
1760160223625 2.8541345817083115 1797120
1760160266822 2.855464651841134 1802240
1760160308584 2.856482415719166 1807360
1760160351569 2.8578934841027808 1812480
