1760134033292 23.596153846153847 5120
1760134077266 23.883474576271187 10240
1760134120936 23.731494920174164 15360
1760134164875 23.102150537634408 20480
1760134208171 22.699658703071673 25600
1760134250385 22.523775727466287 30720
1760134293764 22.37667071688943 35840
1760134337727 22.33723404255319 40960
1760134382257 22.22227465785748 46080
1760134428715 22.146248410343365 51200
1760134474092 22.05923076923077 56320
1760134519414 22.087340876944836 61440
1760134563055 22.363997352746527 66560
1760134607523 22.558038485412787 71680
1760134651042 22.780216564237634 76800
1760134692949 22.907233572611815 81920
1760134737620 23.04552590266876 87040
1760134783956 23.3055 92160
1760134829982 23.581774580335733 97280
1760134876420 23.845125604978104 102400
1760134922553 24.15305895439377 107520
1760134979019 24.5010771219302 112640
1760135038543 24.7860717264387 117760
1760135082638 24.935814889336015 122880
1760135125567 25.14633671083398 128000
1760135167681 25.38230289279637 133120
1760135210483 25.60407863310674 138240
1760135252727 25.861747851002864 143360
1760135295516 26.087752965806 148480
1760135338048 26.281563296516566 153600
1760135380815 26.445878848063554 158720
1760135423356 26.62372881355932 163840
1760135466285 26.814569536423843 168960
1760135509257 27.065842349304482 174080
1760135551124 27.301726749469857 179200
1760135595354 27.542576905929558 184320
1760135637100 27.78538079953312 189440
1760135679512 28.013037249283666 194560
1760135721627 28.240011254924028 199680
1760135763404 28.48692403486924 204800
1760135805134 28.716521502449645 209920
1760135846973 28.965544979219736 215040
1760135889044 29.208371847352435 220160
1760135931457 29.44998048653571 225280
1760135973587 29.647450678964898 230400
1760136015592 29.87648396059611 235520
1760136060181 30.103551401869158 240640
1760136102417 30.309959474395185 245760
1760136144951 30.53029568589433 250880
1760136187980 30.717017208413 256000
1760136233650 30.914848449109567 261120
1760136278041 31.11444871347072 266240
1760136321603 31.32578196872125 271360
1760136367070 31.519591141396933 276480
1760136410837 31.723120089786757 281600
1760136457282 31.89757233122714 286720
1760136501055 32.108114035087716 291840
1760136544785 32.29763711250813 296960
1760136588379 32.52161785216178 302080
1760136635314 32.695725951850676 307200
1760136678026 32.91417165668663 312320
1760136720769 33.166892384623395 317440
1760136765893 33.403530504800244 322560
1760136810453 33.63280130959689 327680
1760136853870 33.869446135118686 332800
1760136898234 34.10444757496478 337920
1760136941719 34.343450479233226 343040
1760136986863 34.59215219976219 348160
1760137032151 34.839874102488444 353280
1760137077224 35.071630721186686 358400
1760137122900 35.3210618097268 363520
1760137165819 35.52488948683452 368640
1760137207191 35.71749904689287 373760
1760137248760 35.92738275340393 378880
1760137290590 36.148075117370894 384000
1760137331641 36.32843045987712 389120
1760137375133 36.471901817846266 394240
1760137419597 36.61607387766298 399360
1760137465086 36.788604608963894 404480
1760137509390 36.98568083573487 409600
1760137553417 37.15997855036196 414720
1760137596507 37.333274194979154 419840
1760137640531 37.474221361956715 424960
1760137684316 37.636228721082496 430080
1760137727682 37.80577223088923 435200
1760137770461 37.9667125408567 440320
1760137813675 38.12321748783195 445440
1760137860400 38.299635315070816 450560
1760137903869 38.46495956873316 455680
1760137947256 38.61443264486997 460800
1760137992379 38.742968555546334 465920
1760138037436 38.910244786944695 471040
1760138083385 39.06720694171578 476160
1760138131064 39.2262969588551 481280
1760138175428 39.40683857408455 486400
1760138223030 39.56308730222472 491520
1760138268926 39.72886902386463 496640
1760138314734 39.87337456390739 501760
1760138358184 40.026315789473685 506880
1760138403974 40.17142857142857 512000
1760138448223 40.31396343835084 517120
1760138493147 40.44416969322309 522240
1760138536554 40.5736660268714 527360
1760138582453 40.70274599542334 532480
1760138625791 40.83913274202107 537600
1760138670778 40.97566121618567 542720
1760138715006 41.1182594367885 547840
1760138758348 41.24886473609767 552960
1760138801639 41.37920828708842 558080
1760138845055 41.490367647058825 563200
1760138888347 41.622131267358576 568320
1760138934392 41.73714410226612 573440
1760138980138 41.84688131677736 578560
1760139023473 41.98434919951181 583680
1760139066811 42.11235634235135 588800
1760139110070 42.23241785536867 593920
1760139152956 42.335049728433376 599040
1760139196854 42.45654766079821 604160
1760139240871 42.57158797684637 609280
1760139284169 42.67417677642981 614400
1760139326944 42.78584229390681 619520
1760139390971 42.88706914273967 624640
1760139472982 42.988279386712094 629760
1760139569098 43.08067465962203 634880
1760139640366 43.18744527513976 640000
1760139690326 43.291761553918285 645120
1760139737193 43.382458710708576 650240
1760139786880 43.48662074446947 655360
1760139836077 43.57491931765791 660480
1760139884509 43.684617400419285 665600
1760139933170 43.78949426485923 670720
1760139984531 43.89064626952745 675840
1760140226669 43.9935504675911 680960
1760140269400 44.097266777877586 686080
1760140317156 44.18479994895029 691200
1760140588816 44.28157928145233 696320
1760140676817 44.36386591755571 701440
1760140767784 44.45895873893111 706560
1760140858688 44.55226491721337 711680
1760140969048 44.63635233418288 716800
1760141260531 44.72867833508566 721920
1760141491535 44.80156240388756 727040
1760141538145 44.87836514929026 732160
1760141589252 44.95100127822752 737280
1760144522877 45.04227484707165 742400
1760144570106 45.132827095763275 747520
1760144613306 45.21905732789638 752640
1760144655783 45.301026497970874 757760
1760144698777 45.375905474409215 762880
1760144743264 45.460293074923186 768000
1760144786044 45.54418768742283 773120
1760144830041 45.62515362556329 778240
1760144873518 45.69892848823667 783360
1760144920169 45.7829942618675 788480
1760144963716 45.85724997116161 793600
1760145005030 45.927567009125866 798720
1760145049462 45.99605894448252 803840
1760145093972 46.063665302410186 808960
1760145138676 46.133612399592714 814080
1760145181257 46.19985362832855 819200
1760145227792 46.264440584906716 824320
1760145270731 46.34257348429918 829440
1760145312814 46.42092403376277 834560
1760145355132 46.49693183702803 839680
1760145397332 46.560715268225586 844800
1760145439072 46.62217962760131 849920
1760145480698 46.68965329262974 855040
1760145523045 46.757082383588404 860160
1760145564457 46.824374696126625 865280
1760145605684 46.891297332185886 870400
1760145646920 46.959835055963154 875520
1760145688299 47.02927219408158 880640
1760152435609 47.09564755838641 885760
1760152482244 47.157216086244254 890880
1760152524953 47.22171945701358 896000
1760152565289 47.28119434258774 901120
1760152605836 47.34412976581651 906240
1760152646959 47.413182361190465 911360
1760152688520 47.4634436401241 916480
1760152730637 47.52296364946967 921600
1760152774122 47.580868406213156 926720
1760152815616 47.633134282651966 931840
1760152856766 47.690638341126245 936960
1760152898430 47.748684210526314 942080
1760152940264 47.80352733686067 947200
1760152981878 47.86255519871538 952320
1760153023112 47.93177046885934 957440
1760153064117 47.986957387495025 962560
1760153105161 48.04933068914229 967680
1760153145652 48.10877937981434 972800
1760153186026 48.16619122565414 977920
1760153226258 48.223621044381304 983040
1760153266766 48.27463414634146 988160
1760153308948 48.32742201924011 993280
1760153350924 48.37809067595684 998400
1760153393389 48.42846127897451 1003520
1760153436280 48.4830085437266 1008640
1760153478906 48.549328104825214 1013760
1760153521376 48.60754609118194 1018880
1760153563797 48.65322389334346 1024000
1760153606106 48.71063950465567 1029120
1760153648381 48.7733094744773 1034240
1760153690581 48.82341902796022 1039360
1760153733014 48.877704565633906 1044480
1760153775479 48.93054003724395 1049600
1760153817760 48.984229324180156 1054720
1760153860137 49.03885962480362 1059840
1760153902447 49.08874976983981 1064960
1760153944612 49.131413636572056 1070080
1760153987836 49.17530717580962 1075200
1760154029907 49.226823829244985 1080320
1760154074738 49.275525933986216 1085440
1760154116867 49.324238865299485 1090560
1760154159209 49.37362736273627 1095680
1760154200998 49.4153590962073 1100800
1760154242875 49.45835008262986 1105920
1760154288004 49.513197133573684 1111040
1760154331737 49.558802660753884 1116160
1760154373647 49.60039761431412 1121280
1760154416384 49.654032400070435 1126400
1760154458567 49.68777685189246 1131520
1760154499909 49.73069696307625 1136640
1760154541799 49.77009142359599 1141760
1760154584403 49.81486140632455 1146880
1760154627665 49.85987206085754 1152000
1760154671163 49.90077092036694 1157120
1760154714058 49.942112941984206 1162240
1760154759010 49.98614496472098 1167360
1760154801694 50.02641895346855 1172480
1760154845540 50.06453530335838 1177600
1760154890344 50.10131562248826 1182720
1760154938041 50.139707432233045 1187840
1760154980925 50.175445228494624 1192960
1760155027832 50.21199564707852 1198080
1760155070970 50.25145979312646 1203200
1760155115447 50.30096037916268 1208320
1760155159741 50.34953588596055 1213440
1760155202888 50.37971756544719 1218560
1760155246387 50.41040938078584 1223680
1760155292503 50.444772447724475 1228800
1760155337916 50.485166721150705 1233920
1760155383619 50.521563836285885 1239040
1760155427098 50.56025001014652 1244160
1760155470140 50.598454817571394 1249280
1760155513468 50.63029545729373 1254400
1760155556984 50.66132401381859 1259520
1760155600120 50.70035233824471 1264640
1760155642910 50.73205378875544 1269760
1760155685950 50.776093874303896 1274880
1760155728652 50.81317897073983 1280000
1760155771850 50.85160448940879 1285120
1760155815346 50.89123069650174 1290240
1760155858132 50.9241400973771 1295360
1760155901423 50.9696625694825 1300480
1760155944712 51.01600062441461 1305600
1760155989614 51.0508052594725 1310720
1760156034539 51.09230530561589 1315840
1760156079296 51.12490818417288 1320960
1760156124497 51.15660282840739 1326080
1760156168193 51.187317560301125 1331200
1760156211662 51.22995328176457 1336320
1760156252698 51.26322620047332 1341440
1760156296112 51.28479038271323 1346560
1760156339560 51.320464199029125 1351680
1760156383185 51.35490944837234 1356800
1760156427279 51.39123223642052 1361920
1760156472681 51.42317664299402 1367040
1760156518324 51.46989396380531 1372160
1760156562938 51.511449811348946 1377280
1760156606536 51.52691734921817 1382400
1760156649935 51.54510371442354 1387520
1760156693015 51.579038881284454 1392640
1760156735416 51.468387951009596 1397760
1760156777651 51.25740875912409 1402880
1760156820357 51.08934072704867 1408000
1760156863116 51.0402655505845 1413120
1760156906134 51.014084507042256 1418240
1760156949112 51.015538290788015 1423360
1760156993124 51.02957967601513 1428480
1760157035820 51.05510102447354 1433600
1760157079141 51.07116011913204 1438720
1760157121287 51.10039237866309 1443840
1760157164822 51.13125616805301 1448960
1760157208077 51.165120202446225 1454080
1760157251064 51.18953675800687 1459200
1760157293586 51.21630214520299 1464320
1760157336686 51.24685594844104 1469440
1760157380151 51.283351862145636 1474560
1760157423347 51.31853930637841 1479680
1760157466897 51.33529066353494 1484800
1760157510000 51.359848484848484 1489920
1760157553315 51.381625926943144 1495040
1760157596672 51.408599205805835 1500160
1760157639325 51.433476687828524 1505280
1760157683083 51.46507828454731 1510400
1760157726892 51.50201961915753 1515520
1760157769901 51.52922660348621 1520640
1760157815580 51.55337315649151 1525760
1760157863330 51.58298273366766 1530880
1760157910006 51.60937709759699 1536000
1760157957240 51.635174029451136 1541120
1760158005179 51.65902416232813 1546240
1760158053078 51.687745456965985 1551360
1760158099943 51.71933085501859 1556480
1760158147853 51.748262164846075 1561600
1760158195866 51.78598784997359 1566720
1760158243676 51.81396114586763 1571840
1760158291730 51.849673202614376 1576960
1760158339689 51.86828661252292 1582080
1760158387342 51.8907576747224 1587200
1760158432329 51.91395538185963 1592320
1760158477683 51.937219876583306 1597440
1760158524931 51.96258624599138 1602560
1760158568410 51.99457241624398 1607680
1760158614586 52.02606902329778 1612800
1760158661749 52.05676083952046 1617920
1760158708658 52.089285714285715 1623040
1760158753665 52.11274541152395 1628160
1760158799943 52.143909673715434 1633280
1760158845069 52.17194757269199 1638400
1760158890546 52.19829938447871 1643520
1760158934971 52.21845336033414 1648640
1760158980935 52.24916356290638 1653760
1760159027702 52.270815626278846 1658880
1760159074488 52.29236130733729 1664000
1760159121381 52.322090692722035 1669120
1760159167356 52.34918155691616 1674240
1760159213570 52.37657360089742 1679360
1760159260205 52.406782295163495 1684480
1760159305746 52.430152529761905 1689600
1760159352443 52.45851244781197 1694720
1760159397091 52.48479146100691 1699840
1760159442691 52.50913902393994 1704960
1760159488117 52.53477593615715 1710080
1760159533618 52.56531324637149 1715200
1760159576875 52.58822271769341 1720320
1760159619826 52.615318993358116 1725440
1760159663714 52.632775228660854 1730560
1760159707786 52.65178517306177 1735680
1760159750551 52.68967915570474 1740800
1760159793618 52.70853316441951 1745920
1760159837166 52.73683577059638 1751040
1760159880346 52.76453636718398 1756160
1760159923416 52.788501272645604 1761280
1760159965888 52.8125093342095 1766400
1760160009110 52.83303042040342 1771520
1760160051709 52.85133890094213 1776640
1760160095207 52.87432552623777 1781760
1760160138745 52.89941143414865 1786880
1760160180997 52.92625925816637 1792000
1760160223625 52.94649006622517 1797120
1760160266822 52.96881606765328 1802240
1760160308584 52.99270607534126 1807360
1760160351569 53.01616014026885 1812480
