1760134033288 12.432377823193868 5120
1760134077262 4.567976199496876 10240
1760134120932 2.9174368038773535 15360
1760134164870 2.5294125738598052 20480
1760134208167 2.0226694932350746 25600
1760134250379 1.6538793179296678 30720
1760134293760 1.3924912532170612 35840
1760134337721 1.1488970221542734 40960
1760134382253 0.9393278930498206 46080
1760134428711 0.8206457900066001 51200
1760134474088 0.7192964230264937 56320
1760134519410 0.6166758924234109 61440
1760134563050 0.5988099578655127 66560
1760134607519 0.6331127794695571 71680
1760134651038 0.5843152033655267 76800
1760134692944 0.5763181253715798 81920
1760134737615 0.6570531462514123 87040
1760134783951 0.6089681263808365 92160
1760134829974 0.6168552229801815 97280
1760134876415 0.6131409423186047 102400
1760134922547 0.6045187977125058 107520
1760134978998 0.6450898595758385 112640
1760135038535 0.696570268170587 117760
1760135082632 0.7727758119914158 122880
1760135125562 0.8458828358423143 128000
1760135167669 0.8841371106737443 133120
1760135210473 0.9341628537458532 138240
1760135252721 1.0128658626096467 143360
1760135295511 1.0209855647936261 148480
1760135338041 1.0725399768905135 153600
1760135380807 1.1356926471759112 158720
1760135423350 1.157361708812832 163840
1760135466279 1.1956227181905723 168960
1760135509247 1.2130668874372517 174080
1760135551112 1.2110718055204912 179200
1760135595349 1.2241182896313747 184320
1760135637094 1.3010367024329401 189440
1760135679506 1.2621651614523686 194560
1760135721619 1.2535818080512844 199680
1760135763398 1.2644314191827728 204800
1760135805128 1.2489843942586656 209920
1760135846967 1.2418249636464775 215040
1760135889037 1.263022929650766 220160
1760135931449 1.2737646776087146 225280
1760135973580 1.2430550651212708 230400
1760136015587 1.2736977903357833 235520
1760136060175 1.297829707194183 240640
1760136102405 1.2879804112604545 245760
1760136144944 1.2867015388922962 250880
1760136187973 1.3016100165378526 256000
1760136233643 1.2915101781487466 261120
1760136278035 1.375086817978899 266240
1760136321597 1.3288264891258759 271360
1760136367063 1.3280886379115255 276480
1760136410828 1.3058588995449787 281600
1760136457274 1.3094044233980553 286720
1760136501049 1.317294159469071 291840
1760136544777 1.301017470867773 296960
1760136588372 1.2884111501075126 302080
1760136635308 1.3265847906321784 307200
1760136678020 1.3074641944536196 312320
1760136720762 1.2862567846414745 317440
1760136765885 1.2506698795511753 322560
1760136810445 1.266021832498806 327680
1760136853863 1.2511568087010296 332800
1760136898227 1.2380619832756297 337920
1760136941713 1.2432717209770565 343040
1760136986855 1.2129402921346626 348160
1760137032140 1.225428073530252 353280
1760137077217 1.2164737321033097 358400
1760137122894 1.2038872745599638 363520
1760137165812 1.195581672330312 368640
1760137207182 1.1486471514884238 373760
1760137248751 1.157208581497727 378880
1760137290578 1.1358181288901796 384000
1760137331632 1.1195759159999257 389120
1760137375120 1.1310542457461976 394240
1760137419589 1.0861196361844192 399360
1760137465075 1.1144962956206965 404480
1760137509383 1.1077994967339342 409600
1760137553404 1.0683769921363866 414720
1760137596498 1.0879152103062095 419840
1760137640516 1.0605007767677308 424960
1760137684305 1.0491057393669798 430080
1760137727673 1.0568671132477236 435200
1760137770453 1.0389446904653739 440320
1760137813667 1.038551719910508 445440
1760137860392 1.0162821304771095 450560
1760137903861 0.9923789477669069 455680
1760137947236 1.0211363375847724 460800
1760137992369 1.0228905870203386 465920
1760138037428 1.014557046124837 471040
1760138083372 1.002908674739461 476160
1760138131056 0.9807674164984636 481280
1760138175409 0.9274891268305416 486400
1760138223017 0.9493909895296156 491520
1760138268912 0.9437685428823465 496640
1760138314722 0.944503313752153 501760
1760138358176 0.9073282772494901 506880
1760138403966 0.9008567258031545 512000
1760138448209 0.8992960978873634 517120
1760138493135 0.886694177676087 522240
1760138536546 0.8745271194812864 527360
1760138582442 0.8578811045114 532480
1760138625779 0.8507680646366945 537600
1760138670768 0.8623153115396447 542720
1760138714997 0.8419861160107514 547840
1760138758338 0.8116578375345678 552960
1760138801631 0.8240802817292266 558080
1760138845043 0.7920054835546255 563200
1760138888338 0.8094682755230143 568320
1760138934377 0.8151768675887436 573440
1760138980129 0.813623309725165 578560
1760139023463 0.8244326816966363 583680
1760139066801 0.7796664966477288 588800
1760139110054 0.7772253423877921 593920
1760139152946 0.783020070307084 599040
1760139196842 0.7607930165660362 604160
1760139240662 0.7419210574770935 609280
1760139284151 0.7563136724386358 614400
1760139326919 0.7399617229751234 619520
1760139390917 0.7529962349250157 624640
1760139472947 0.7560736259856782 629760
1760139569034 0.7425448830768874 634880
1760139640348 0.7223652973723488 640000
1760139690303 0.7277371764749809 645120
1760139737164 0.7242387435721153 650240
1760139786862 0.697062593837982 655360
1760139836065 0.7309828660805529 660480
1760139884491 0.6926039248933806 665600
1760139933150 0.7023578114625884 670720
1760139984496 0.6956858584451603 675840
1760140226655 0.6951591454468691 680960
1760140269383 0.6921490841224545 686080
1760140317125 0.6813319262668226 691200
1760140588775 0.6769919091559367 696320
1760140676793 0.6658294905726486 701440
1760140767758 0.6655704702551216 706560
1760140858671 0.681278454572305 711680
1760140969029 0.6738584080368237 716800
1760141260508 0.6608878392335714 721920
1760141491523 0.6588507312930252 727040
1760141538125 0.6372151382808579 732160
1760141589215 0.6636160084675486 737280
1760144522840 0.6527093968772363 742400
1760144570093 0.6707726769506035 747520
1760144613293 0.6382133753403373 752640
1760144655772 0.6462475878346143 757760
1760144698752 0.6397677723268402 762880
1760144743249 0.6337730047071027 768000
1760144786032 0.6222448712303525 773120
1760144830023 0.6271301670550674 778240
1760144873506 0.6251496043591214 783360
1760144920157 0.6307249230014984 788480
1760144963693 0.6212222652336986 793600
1760145005019 0.6087984241383023 798720
1760145049452 0.6137410493904094 803840
1760145093960 0.5929747705664556 808960
1760145138665 0.6131075406194333 814080
1760145181243 0.6047803171565023 819200
1760145227777 0.6179797184378575 824320
1760145270715 0.6039925378877049 829440
1760145312800 0.6150892610643425 834560
1760145355120 0.6007253477256859 839680
1760145397320 0.6149066333909301 844800
1760145439060 0.6076756379808043 849920
1760145480681 0.5910408020019531 855040
1760145523033 0.5814139875305394 860160
1760145564445 0.5881253091437879 865280
1760145605672 0.5644493147853399 870400
1760145646908 0.5847327227904418 875520
1760145688286 0.5618532477632494 880640
1760152435594 0.5847185060003338 885760
1760152482230 0.5903194541361794 890880
1760152524938 0.5637502694238811 896000
1760152565274 0.5723375484973159 901120
1760152605824 0.5624381670295251 906240
1760152646943 0.5667944671596608 911360
1760152688508 0.5696871591465814 916480
1760152730624 0.5758625902690316 921600
1760152774108 0.551762612660726 926720
1760152815600 0.5565508184003777 931840
1760152856743 0.5514419853427004 936960
1760152898413 0.5521121904205422 942080
1760152940251 0.5581597214898589 947200
1760152981864 0.5370607089279289 952320
1760153023097 0.5401838017325116 957440
1760153064104 0.5573373176339582 962560
1760153105147 0.5332943565497691 967680
1760153145638 0.5334089325304161 972800
1760153186012 0.5264816499654219 977920
1760153226246 0.5389095931594006 983040
1760153266748 0.5087789136677302 988160
1760153308932 0.519517444606667 993280
1760153350903 0.5419197309212607 998400
1760153393377 0.5388626611925411 1003520
1760153436267 0.5117154258743503 1008640
1760153478894 0.4858384897441845 1013760
1760153521363 0.4886323369650477 1018880
1760153563785 0.4972101952765252 1024000
1760153606095 0.4555967004825296 1029120
1760153648368 0.4607368539042336 1034240
1760153690568 0.45929106483309295 1039360
1760153733001 0.4535848611949357 1044480
1760153775467 0.4420956000017609 1049600
1760153817745 0.4301115517010397 1054720
1760153860123 0.4092950200482225 1059840
1760153902435 0.4179270668286297 1064960
1760153944598 0.3942426254826795 1070080
1760153987812 0.3978848946423444 1075200
1760154029893 0.38233333392576735 1080320
1760154074725 0.36634153281597454 1085440
1760154116855 0.3653082924533293 1090560
1760154159188 0.3360732547820561 1095680
1760154200985 0.34300093845807045 1100800
1760154242861 0.3117025029537967 1105920
1760154287991 0.3186871676155217 1111040
1760154331723 0.31017773258478465 1116160
1760154373634 0.30413512470078297 1121280
1760154416372 0.2912888068702414 1126400
1760154458553 0.2967992249707848 1131520
1760154499896 0.2788036269180202 1136640
1760154541785 0.26627947950875885 1141760
1760154584387 0.2620311184082576 1146880
1760154627653 0.253936798237992 1152000
1760154671143 0.2428149784064525 1157120
1760154714045 0.23096161854099215 1162240
1760154758993 0.22863025681999666 1167360
1760154801681 0.21738357011352327 1172480
1760154845524 0.21518145726102003 1177600
1760154890330 0.21442621546220614 1182720
1760154938023 0.20800127880415148 1187840
1760154980910 0.18902077306809595 1192960
1760155027815 0.19531619001106762 1198080
1760155070954 0.18590700788562797 1203200
1760155115426 0.18289828514467346 1208320
1760155159726 0.17387780548147164 1213440
1760155202871 0.17455665762938938 1218560
1760155246365 0.17250959283133416 1223680
1760155292489 0.16946586232499022 1228800
1760155337900 0.16508812730387468 1233920
1760155383603 0.15701390683011118 1239040
1760155427083 0.16135010436961525 1244160
1760155470125 0.15867737552164815 1249280
1760155513454 0.15448617491792116 1254400
1760155556968 0.15275037217004622 1259520
1760155600105 0.1511590348864065 1264640
1760155642888 0.1387811547801151 1269760
1760155685933 0.1423932278328493 1274880
1760155728635 0.13044159170344388 1280000
1760155771835 0.13269994296845355 1285120
1760155815330 0.13416582692907877 1290240
1760155858116 0.1251043074880543 1295360
1760155901396 0.12558114031559833 1300480
1760155944697 0.12411039540760195 1305600
1760155989600 0.11927751984845651 1310720
1760156034523 0.11484165317719314 1315840
1760156079281 0.11345503730980765 1320960
1760156124449 0.1156553782062766 1326080
1760156168178 0.11995776621402912 1331200
1760156211646 0.11288768723036574 1336320
1760156252677 0.11628102055948987 1341440
1760156296097 0.11368426030167691 1346560
1760156339544 0.11452067077024519 1351680
1760156383166 0.1116703628954305 1356800
1760156427263 0.11243050214852005 1361920
1760156472666 0.1149792984574141 1367040
1760156518309 0.10887563465070048 1372160
1760156562921 0.11405606864997217 1377280
1760156606512 0.11053107563078095 1382400
1760156649918 0.10830288292032428 1387520
1760156693000 0.107487213742987 1392640
1760156735399 0.11147430651708021 1397760
1760156777635 0.11776314992090806 1402880
1760156820343 0.13858394075271696 1408000
1760156863102 0.15047143553582593 1413120
1760156906119 0.1479115812293379 1418240
1760156949097 0.155136018927195 1423360
1760156993067 0.14937056265451165 1428480
1760157035805 0.14494843003070837 1433600
1760157079123 0.16006476882511317 1438720
1760157121272 0.15305930305929746 1443840
1760157164805 0.1616558334921713 1448960
1760157208061 0.1432458300392532 1454080
1760157251047 0.14872462772888356 1459200
1760157293571 0.14646373058348414 1464320
1760157336669 0.13956674440325467 1469440
1760157380136 0.14639561042282667 1474560
1760157423331 0.15215727653081323 1479680
1760157466881 0.14962237270678594 1484800
1760157509984 0.13760098919763672 1489920
1760157553300 0.1427151659104532 1495040
1760157596655 0.14543077272412558 1500160
1760157639310 0.13678978032436928 1505280
1760157683068 0.14735506692229894 1510400
1760157726873 0.13882699344385163 1515520
1760157769886 0.14511273866707353 1520640
1760157815563 0.13670676408559185 1525760
1760157863309 0.1443225505517766 1530880
1760157909990 0.1401167708821967 1536000
1760157957216 0.1431880042847409 1541120
1760158005151 0.1346674157325043 1546240
1760158053052 0.13628558087160217 1551360
1760158099917 0.13438473412427832 1556480
1760158147828 0.14659329448114997 1561600
1760158195846 0.13845992689425457 1566720
1760158243658 0.12821934993068376 1571840
1760158291708 0.13294130507264332 1576960
1760158339671 0.13895278624698693 1582080
1760158387323 0.145904330789159 1587200
1760158432310 0.13520143068848048 1592320
1760158477654 0.12923191713263482 1597440
1760158524909 0.1313500689973015 1602560
1760158568394 0.13665733914099096 1607680
1760158614568 0.13509943969358648 1612800
1760158661720 0.13254563357542015 1617920
1760158708635 0.1276473451833256 1623040
1760158753647 0.12586735390328072 1628160
1760158799924 0.13438537144720702 1633280
1760158845051 0.12423695952053893 1638400
1760158890524 0.12219033514429 1643520
1760158934952 0.11853971463563943 1648640
1760158980914 0.12473389276183479 1653760
1760159027673 0.1268705975781393 1658880
1760159074459 0.12053236075726236 1664000
1760159121360 0.12136779612079857 1669120
1760159167326 0.1273096791106506 1674240
1760159213553 0.12796424758790254 1679360
1760159260184 0.12598906206476296 1684480
1760159305720 0.11707793385386105 1689600
1760159352425 0.12426266030988832 1694720
1760159397069 0.12541156374927315 1699840
1760159442670 0.11343299566912335 1704960
1760159488098 0.12992174364292 1710080
1760159533597 0.11944570137378992 1715200
1760159576852 0.12092616264483957 1720320
1760159619800 0.12519614540950827 1725440
1760159663689 0.12234076280554394 1730560
1760159707768 0.12562133652983973 1735680
1760159750526 0.1192341724330716 1740800
1760159793601 0.1205916743205832 1745920
1760159837148 0.11669562572209478 1751040
1760159880268 0.12071225126306495 1756160
1760159923398 0.11158380430843304 1761280
1760159965857 0.11765083946192666 1766400
1760160009091 0.10573143603690162 1771520
1760160051689 0.12210268611732168 1776640
1760160095187 0.12009778069326893 1781760
1760160138725 0.12050188267763537 1786880
1760160180972 0.1241282669494385 1792000
1760160223603 0.11770016864654959 1797120
1760160266800 0.11407571431928436 1802240
1760160308565 0.11458410055694061 1807360
1760160351545 0.12138935592065485 1812480
