1760134033292 4.588461538461538 5120
1760134077266 4.3241525423728815 10240
1760134120936 4.4746008708272855 15360
1760134164875 4.337634408602151 20480
1760134208171 4.32679180887372 25600
1760134250385 4.328601845280341 30720
1760134293764 4.321992709599028 35840
1760134337727 4.270212765957447 40960
1760134382257 4.238319962246343 46080
1760134428715 4.239932174650275 51200
1760134474092 4.248461538461538 56320
1760134519414 4.260608203677511 61440
1760134563055 4.395764394440768 66560
1760134607523 4.53382991930478 71680
1760134651042 4.654375182908985 76800
1760134692949 4.771120927664274 81920
1760134737620 4.865515436944008 87040
1760134783956 4.9945 92160
1760134829982 5.124220623501199 97280
1760134876420 5.248905277713759 102400
1760134922553 5.381312569521691 107520
1760134979019 5.5092632485997415 112640
1760135038543 5.639282735613011 117760
1760135082638 5.7134808853118715 122880
1760135125567 5.785658612626657 128000
1760135167681 5.85063339005483 133120
1760135210483 5.928899503950028 138240
1760135252727 6.0232808022922635 143360
1760135295516 6.09996510816469 148480
1760135338048 6.180118946474087 153600
1760135380815 6.221946375372394 158720
1760135423356 6.284422921711057 163840
1760135466285 6.3563544623147274 168960
1760135509257 6.453477588871715 174080
1760135551124 6.534232050893668 179200
1760135595354 6.600980829246545 184320
1760135637100 6.643274000583601 189440
1760135679512 6.708022922636103 194560
1760135721627 6.807259425998875 199680
1760135763404 6.905631659056317 204800
1760135805134 6.986390854654328 209920
1760135846973 7.073334227108192 215040
1760135889044 7.160438399577446 220160
1760135931457 7.250032522440484 225280
1760135973587 7.336023571611581 230400
1760136015592 7.419550391513009 235520
1760136060181 7.510529595015576 240640
1760136102417 7.602971877686357 245760
1760136144951 7.693286476005817 250880
1760136187980 7.780114722753346 256000
1760136233650 7.860950583795259 261120
1760136278041 7.9572709279310745 266240
1760136321603 8.043008279668813 271360
1760136367070 8.114253265190232 276480
1760136410837 8.200897867564533 281600
1760136457282 8.274581531980933 286720
1760136501055 8.350767543859648 291840
1760136544785 8.42813787123347 296960
1760136588379 8.515717197725566 302080
1760136635314 8.58818538551278 307200
1760136678026 8.660048324403824 312320
1760136720769 8.747786227732055 317440
1760136765893 8.838649736760607 322560
1760136810453 8.917331696337222 327680
1760136853870 9.014810306350173 332800
1760136898234 9.11923928355806 337920
1760136941719 9.219349041533546 343040
1760136986863 9.313614744351963 348160
1760137032151 9.397068948559063 353280
1760137077224 9.494583780618719 358400
1760137122900 9.59000193760899 363520
1760137165819 9.670190274841438 368640
1760137207191 9.758482653450248 373760
1760137248760 9.842473524962179 378880
1760137290590 9.924976525821597 384000
1760137331641 9.998045056786445 389120
1760137375133 10.052320752975916 394240
1760137419597 10.121605559111273 399360
1760137465086 10.188894937397931 404480
1760137509390 10.260356628242075 409600
1760137553417 10.33166502815265 414720
1760137596507 10.40095804133771 419840
1760137640531 10.464015484779166 424960
1760137684316 10.536010475774772 430080
1760137727682 10.599930663893222 435200
1760137770461 10.661620505762945 440320
1760137813675 10.732644522244044 445440
1760137860400 10.809176490543635 450560
1760137903869 10.881148921832883 455680
1760137947256 10.941717534910946 460800
1760137992379 11.008960424790509 465920
1760138037436 11.076320778043353 471040
1760138083385 11.150049115913555 476160
1760138131064 11.21556350626118 481280
1760138175428 11.289952307816668 486400
1760138223030 11.362300216850052 491520
1760138268926 11.429563412882114 496640
1760138314734 11.497066286076752 501760
1760138358184 11.572486605735897 506880
1760138403974 11.64 512000
1760138448223 11.702372617658499 517120
1760138493147 11.770728691754888 522240
1760138536554 11.825719769673704 527360
1760138582453 11.883524027459954 532480
1760138625791 11.951936926692442 537600
1760138670778 12.02117398839575 542720
1760138715006 12.093544038346316 547840
1760138758348 12.159606938137422 552960
1760138801639 12.226045135035147 558080
1760138845055 12.27985294117647 563200
1760138888347 12.341032012863616 568320
1760138934392 12.404052876234747 573440
1760138980138 12.456468380017325 578560
1760139023473 12.527460693517122 583680
1760139066811 12.591762438432436 588800
1760139110070 12.649776453055141 593920
1760139152956 12.703674966495027 599040
1760139196854 12.759837272918567 604160
1760139240871 12.823418648441313 609280
1760139284169 12.876603119584056 614400
1760139326944 12.93748276812793 619520
1760139390971 12.992599191393134 624640
1760139472982 13.049880749574106 629760
1760139569098 13.103908419697893 634880
1760139640366 13.167778002290024 640000
1760139690326 13.217615539182853 645120
1760139737193 13.270644645711242 650240
1760139786880 13.32428136176977 655360
1760139836077 13.376078508858592 660480
1760139884509 13.428917714884696 665600
1760139933170 13.488073514077163 670720
1760139984531 13.543009010176963 675840
1760140226669 13.595356336665592 680960
1760140269400 13.658026433979211 686080
1760140317156 13.707038478718653 691200
1760140588816 13.753015107274344 696320
1760140676817 13.804242156429519 701440
1760140767784 13.85492683539534 706560
1760140858688 13.902905342080599 711680
1760140969048 13.94933797476223 716800
1760141260531 13.996845816067784 721920
1760141491535 14.051977609645077 727040
1760141538145 14.098690651003427 732160
1760141589252 14.147604845090997 737280
1760144522877 14.196959602689116 742400
1760144570106 14.241005243174833 747520
1760144613306 14.287119213240585 752640
1760144655783 14.332895679159703 757760
1760144698777 14.378339864624154 762880
1760144743264 14.422713306546916 768000
1760144786044 14.466454989122127 773120
1760144830041 14.517937613390297 778240
1760144873518 14.558874912648498 783360
1760144920169 14.60517011534226 788480
1760144963716 14.653420233014188 793600
1760145005030 14.69660793204385 798720
1760145049462 14.74000456933973 803840
1760145093972 14.77506821282401 808960
1760145138676 14.81694761850888 814080
1760145181257 14.849969036761808 819200
1760145227792 14.88862121127234 824320
1760145270731 14.925874281889676 829440
1760145312814 14.960739671257219 834560
1760145355132 14.998009840234397 839680
1760145397332 15.033507565337 844800
1760145439072 15.076506024096386 849920
1760145480698 15.118948975141736 855040
1760145523045 15.156355150331054 860160
1760145564457 15.198368537626276 865280
1760145605684 15.234885972461274 870400
1760145646920 15.270122636962459 875520
1760145688299 15.307224740069314 880640
1760152435609 15.345063694267516 885760
1760152482244 15.38196903239444 890880
1760152524953 15.417499736925182 896000
1760152565289 15.45825039287585 901120
1760152605836 15.499660981588692 906240
1760152646959 15.531969043785384 911360
1760152688520 15.564788004136505 916480
1760152730637 15.59298733395119 921600
1760152774122 15.625672835392423 926720
1760152815616 15.652426887153576 931840
1760152856766 15.686267534051636 936960
1760152898430 15.718674089068825 942080
1760152940264 15.74779541446208 947200
1760152981878 15.777248093135286 952320
1760153023112 15.806008197540738 957440
1760153064117 15.835772600557547 962560
1760153105161 15.867079821517105 967680
1760153145652 15.895615247876753 972800
1760153186026 15.9242573283494 977920
1760153226258 15.95664739884393 983040
1760153266766 15.98790243902439 988160
1760153308948 16.015887668836847 993280
1760153350924 16.044321865776357 998400
1760153393389 16.07050262637945 1003520
1760153436280 16.104828645483344 1008640
1760153478906 16.131031514513893 1013760
1760153521376 16.156733838311656 1018880
1760153563797 16.184893485790198 1024000
1760153606106 16.215011580091694 1029120
1760153648381 16.24053494066679 1034240
1760153690581 16.263933195721524 1039360
1760153733014 16.28777045656339 1044480
1760153775479 16.31326815642458 1049600
1760153817760 16.341852590565423 1054720
1760153860137 16.371268829128546 1059840
1760153902447 16.398085067206775 1064960
1760153944612 16.423724150580036 1070080
1760153987836 16.446535422281094 1075200
1760154029907 16.474718973285395 1080320
1760154074738 16.504987305041713 1085440
1760154116867 16.531574667991688 1090560
1760154159209 16.55792079207921 1095680
1760154200998 16.578857706446694 1100800
1760154242875 16.60226003841172 1105920
1760154288004 16.63025771130992 1111040
1760154331737 16.653481152993347 1116160
1760154373647 16.679301965981885 1121280
1760154416384 16.705405881317134 1126400
1760154458567 16.729880268409282 1131520
1760154499909 16.752720122350883 1136640
1760154541799 16.77744884632129 1141760
1760154584403 16.806532772307293 1146880
1760154627665 16.829961964038727 1152000
1760154671163 16.855635470950514 1157120
1760154714058 16.876845176793683 1162240
1760154759010 16.900491768227496 1167360
1760154801694 16.92206408726777 1172480
1760154845540 16.939880270029295 1177600
1760154890344 16.964000169211896 1182720
1760154938041 16.98777454576114 1187840
1760154980925 17.008358534946236 1192960
1760155027832 17.032437636028796 1198080
1760155070970 17.052344010677345 1203200
1760155115447 17.071716625784724 1208320
1760155159741 17.09137245151666 1213440
1760155202888 17.114625485176315 1218560
1760155246387 17.138243159843654 1223680
1760155292503 17.16072160721607 1228800
1760155337916 17.182535142203335 1233920
1760155383619 17.19971492567705 1239040
1760155427098 17.218353017573765 1244160
1760155470140 17.237197637731576 1249280
1760155513468 17.255713652303598 1254400
1760155556984 17.276612838434964 1259520
1760155600120 17.295924087123637 1264640
1760155642910 17.31191891784047 1269760
1760155685950 17.326252983293557 1274880
1760155728652 17.344064705415907 1280000
1760155771850 17.361919064179578 1285120
1760155815346 17.379372833280808 1290240
1760155858132 17.393670488456102 1295360
1760155901423 17.408048226728255 1300480
1760155944712 17.423548236028722 1305600
1760155989614 17.44273710417801 1310720
1760156034539 17.45439031957803 1315840
1760156079296 17.469749101171377 1320960
1760156124497 17.480944857616276 1326080
1760156168193 17.496543247810724 1331200
1760156211662 17.515164279696716 1336320
1760156252698 17.52897167722727 1341440
1760156296112 17.544244084303433 1346560
1760156339560 17.562082827669904 1351680
1760156383185 17.580210972059437 1356800
1760156427279 17.598514832824456 1361920
1760156472681 17.616465637094652 1367040
1760156518324 17.633819176439733 1372160
1760156562938 17.649407897194514 1377280
1760156606536 17.661727475800447 1382400
1760156649935 17.671935878882334 1387520
1760156693015 17.689726610188302 1392640
1760156735416 17.623229982713596 1397760
1760156777651 17.502919708029196 1402880
1760156820357 17.402413830596934 1408000
1760156863116 17.368523596478568 1413120
1760156906134 17.35211267605634 1418240
1760156949112 17.34810783717017 1423360
1760156993124 17.34831941768358 1428480
1760157035820 17.35308764940239 1433600
1760157079141 17.35970075166643 1438720
1760157121287 17.36848244900845 1443840
1760157164822 17.378084026505004 1448960
1760157208077 17.39030648109096 1454080
1760157251064 17.39964258182073 1459200
1760157293586 17.408671651177414 1464320
1760157336686 17.41508448005574 1469440
1760157380151 17.428015564202333 1474560
1760157423347 17.445726362470985 1479680
1760157466897 17.451486995267867 1484800
1760157510000 17.458953168044076 1489920
1760157553315 17.468140620708596 1495040
1760157596672 17.480590168423934 1500160
1760157639325 17.494538876373813 1505280
1760157683083 17.508951667801224 1510400
1760157726892 17.525610128644647 1515520
1760157769901 17.538669825689627 1520640
1760157815580 17.552090715804393 1525760
1760157863330 17.567937800814512 1530880
1760157910006 17.580883340045645 1536000
1760157957240 17.595180722891566 1541120
1760158005179 17.610132158590307 1546240
1760158053078 17.62410969846236 1551360
1760158099943 17.643753319171534 1556480
1760158147853 17.659748427672955 1561600
1760158195866 17.67343502377179 1566720
1760158243676 17.687191307211062 1571840
1760158291730 17.70447006273196 1576960
1760158339689 17.720624836258843 1582080
1760158387342 17.734977139124755 1587200
1760158432329 17.74753297508549 1592320
1760158477683 17.75459564793764 1597440
1760158524931 17.765929189206698 1602560
1760158568410 17.782508965205313 1607680
1760158614586 17.798730383785003 1612800
1760158661749 17.810497219811655 1617920
1760158708658 17.823416260579634 1623040
1760158753665 17.834654984971543 1628160
1760158799943 17.850285459126717 1633280
1760158845069 17.864859706050773 1638400
1760158890546 17.87860904879751 1643520
1760158934971 17.888906467535755 1648640
1760158980935 17.904204280032825 1653760
1760159027702 17.917524475084207 1658880
1760159074488 17.930143480581457 1664000
1760159121381 17.945227358136037 1669120
1760159167356 17.95592277895789 1674240
1760159213570 17.972890439985044 1679360
1760159260205 17.98840606738779 1684480
1760159305746 18.00136408730159 1689600
1760159352443 18.01336013607546 1694720
1760159397091 18.02403134254689 1699840
1760159442691 18.03200196935196 1704960
1760159488117 18.04315531000614 1710080
1760159533618 18.056831404250108 1715200
1760159576875 18.07018722702422 1720320
1760159619826 18.079915910060326 1725440
1760159663714 18.089701905253882 1730560
1760159707786 18.09759350184882 1735680
1760159750551 18.11215942423418 1740800
1760159793618 18.122402195879708 1745920
1760159837166 18.13426009508335 1751040
1760159880346 18.14949118962567 1756160
1760159923416 18.16436592304237 1761280
1760159965888 18.17602078915141 1766400
1760160009110 18.18517415010577 1771520
1760160051709 18.194608731833448 1776640
1760160095207 18.206611325229765 1781760
1760160138745 18.222235367188194 1786880
1760160180997 18.235150048688364 1792000
1760160223625 18.245945548197202 1797120
1760160266822 18.257840028188866 1802240
1760160308584 18.268293397387076 1807360
1760160351569 18.280070134424314 1812480
