1760134033288 79.81549000951475 5120
1760134077262 105.03090098662794 10240
1760134120932 128.82164685647592 15360
1760134164870 139.5403553130614 20480
1760134208167 105.2655038273309 25600
1760134250379 113.92611907866146 30720
1760134293760 203.5674626286158 35840
1760134337721 144.01043776824034 40960
1760134382253 128.78604765413903 46080
1760134428711 108.10340472692594 51200
1760134474088 104.98620810492854 56320
1760134519410 110.1763639706848 61440
1760134563050 126.1558636869492 66560
1760134607519 160.9850310892761 71680
1760134651038 119.62534938109634 76800
1760134692944 71.38997821350763 81920
1760134737615 121.17012855698397 87040
1760134783951 126.23939804364184 92160
1760134829974 40.52624256009894 97280
1760134876415 197.20268936010154 102400
1760134922547 72.91271621034333 107520
1760134978998 93.47888297042502 112640
1760135038535 204.82000195331577 117760
1760135082632 123.78420493448235 122880
1760135125562 71.47879139044633 128000
1760135167669 93.38730434395387 133120
1760135210473 109.2124462960552 138240
1760135252721 84.90837685736264 143360
1760135295511 93.11570908445076 148480
1760135338041 152.07773749093545 153600
1760135380807 217.22015640374954 158720
1760135423350 132.84464574161467 163840
1760135466279 68.59714771686511 168960
1760135509247 145.4184377491939 174080
1760135551112 92.35503688208742 179200
1760135595349 82.54229149447002 184320
1760135637094 135.2216132568186 189440
1760135679506 213.8750701137117 194560
1760135721619 114.03762914627515 199680
1760135763398 198.11553540220112 204800
1760135805128 119.61170364455597 209920
1760135846967 153.95331082073116 215040
1760135889037 138.63634560719242 220160
1760135931449 156.13103037522336 225280
1760135973580 138.30263461601874 230400
1760136015587 129.98741748535656 235520
1760136060175 156.33471243803348 240640
1760136102405 105.48258431204889 245760
1760136144944 144.26801499673238 250880
1760136187973 143.80799561132827 256000
1760136233643 119.0548963951178 261120
1760136278035 135.63264778165825 266240
1760136321597 152.1936209586705 271360
1760136367063 167.51753334930905 276480
1760136410828 123.69294287652245 281600
1760136457274 76.69654579699015 286720
1760136501049 70.3577012111249 291840
1760136544777 113.00832547487539 296960
1760136588372 188.16132071239514 302080
1760136635308 70.08729363010494 307200
1760136678020 88.96038007974887 312320
1760136720762 113.6729362025042 317440
1760136765885 98.59439129310547 322560
1760136810445 93.24612614214891 327680
1760136853863 118.33274086613062 332800
1760136898227 70.80069546428993 337920
1760136941713 99.66268266603304 343040
1760136986855 112.4508431861444 348160
1760137032140 214.0169405041331 353280
1760137077217 130.41990049751243 358400
1760137122894 211.16165735286714 363520
1760137165812 135.92714781086949 368640
1760137207182 88.65388598845934 373760
1760137248751 115.38345575087342 378880
1760137290578 92.79023052077342 384000
1760137331632 175.70709228771312 389120
1760137375120 114.51086600414983 394240
1760137419589 98.28941016567853 399360
1760137465075 51.9824011302936 404480
1760137509383 85.41326925426628 409600
1760137553404 73.09187229889865 414720
1760137596498 143.31661313469556 419840
1760137640516 78.77514837352565 424960
1760137684305 90.87037719089196 430080
1760137727673 256.04688358464074 435200
1760137770453 82.52929833536658 440320
1760137813667 133.99476071816497 445440
1760137860392 101.515211656219 450560
1760137903861 198.1904266880877 455680
1760137947236 159.03780381450727 460800
1760137992369 168.83242764561444 465920
1760138037428 63.828585342098854 471040
1760138083372 69.15587798845837 476160
1760138131056 105.71654694391934 481280
1760138175409 54.738061990212074 486400
1760138223017 96.20183949173146 491520
1760138268912 149.83938268076594 496640
1760138314722 190.9800564611602 501760
1760138358176 58.21379597501735 506880
1760138403966 239.71560839000972 512000
1760138448209 47.15297186091219 517120
1760138493135 196.27984463475127 522240
1760138536546 282.19767207158714 527360
1760138582442 220.97381592118435 532480
1760138625779 106.5382407477965 537600
1760138670768 113.33200032424546 542720
1760138714997 181.11684946886606 547840
1760138758338 133.61485776177886 552960
1760138801631 151.6214438058056 558080
1760138845043 193.5892181297886 563200
1760138888338 69.80733639571267 568320
1760138934377 58.67390361614325 573440
1760138980129 86.19259381036538 578560
1760139023463 75.19503755893795 583680
1760139066801 186.53786969090504 588800
1760139110054 47.32802238721762 593920
1760139152946 69.98438229993994 599040
1760139196842 56.92440487500339 604160
1760139240662 166.24272691240586 609280
1760139284151 68.74443151459525 614400
1760139326919 122.35068988652607 619520
1760139390917 39.82362659273466 624640
1760139472947 11.888785271900112 629760
1760139569034 34.78123574727799 634880
1760139640348 63.73063072645222 640000
1760139690303 60.723650683344914 645120
1760139737164 61.15750488466362 650240
1760139786862 126.46015617933489 655360
1760139836065 51.835285975579616 660480
1760139884491 67.88767136590971 665600
1760139933150 178.6939331970007 670720
1760139984496 63.242472218452676 675840
1760140226655 91.96421680406947 680960
1760140269383 83.38410767181567 686080
1760140317125 55.93822435016871 691200
1760140588775 128.17210609949885 696320
1760140676793 9.966623498520798 701440
1760140767758 9.31906025177858 706560
1760140858671 9.838578318227027 711680
1760140969029 4.570930379553707 716800
1760141260508 9.97228694519206 721920
1760141491523 134.89544270414564 727040
1760141538125 63.32171865092545 732160
1760141589215 19.75742616232512 737280
1760144522840 27.86209462062735 742400
1760144570093 104.98883604505632 747520
1760144613293 175.7218149063639 752640
1760144655772 116.3307169601997 757760
1760144698752 99.12331616013613 762880
1760144743249 243.0071842410197 768000
1760144786032 77.75725329526705 773120
1760144830023 52.55690746193847 778240
1760144873506 112.86540013992789 783360
1760144920157 50.072273622634754 788480
1760144963693 243.5858063766769 793600
1760145005019 137.3650356979105 798720
1760145049452 79.00216609218135 803840
1760145093960 251.47215060854967 808960
1760145138665 220.4859380749619 814080
1760145181243 60.57981396961119 819200
1760145227777 75.38830972751455 824320
1760145270715 130.28621128816823 829440
1760145312800 105.27607238774127 834560
1760145355120 297.3207627419012 839680
1760145397320 180.3613846484627 844800
1760145439060 189.35909706546275 849920
1760145480681 161.66136057043747 855040
1760145523033 148.67619013859843 860160
1760145564445 129.20259988294367 865280
1760145605672 288.6055184751944 870400
1760145646908 142.52766073127634 875520
1760145688286 112.33338689806631 880640
1760152435594 77.26024167403477 885760
1760152482230 115.83275338304335 890880
1760152524938 96.4207816091954 896000
1760152565274 91.63471117713887 901120
1760152605824 87.95671685610033 906240
1760152646943 99.1912971502897 911360
1760152688508 97.10835339877755 916480
1760152730624 122.66916237716426 921600
1760152774108 179.2590819728182 926720
1760152815600 79.54152206481956 931840
1760152856743 113.83953968081642 936960
1760152898413 137.31107182609836 942080
1760152940251 103.14792317340088 947200
1760152981864 40.831206253711436 952320
1760153023097 104.29700360561979 957440
1760153064104 119.39039594659987 962560
1760153105147 187.9084270417992 967680
1760153145638 125.22553293127127 972800
1760153186012 163.10094882563385 977920
1760153226246 169.82362944367966 983040
1760153266748 136.3424893540942 988160
1760153308932 97.82405075100289 993280
1760153350903 60.03870598339536 998400
1760153393377 94.93241591598388 1003520
1760153436267 79.2155322202916 1008640
1760153478894 83.6218350013956 1013760
1760153521363 113.79938681932876 1018880
1760153563785 164.03864054128044 1024000
1760153606095 116.64128590895186 1029120
1760153648368 116.61534184113215 1034240
1760153690568 186.7205627031118 1039360
1760153733001 88.91323426536366 1044480
1760153775467 73.02061281337048 1049600
1760153817745 77.81062629860493 1054720
1760153860123 227.9017604868507 1059840
1760153902435 111.25179703456142 1064960
1760153944598 89.26140160463088 1070080
1760153987812 76.63908785265312 1075200
1760154029893 143.9363074811256 1080320
1760154074725 98.56658754964397 1085440
1760154116855 131.94199251313347 1090560
1760154159188 66.16769471043872 1095680
1760154200985 77.00633411056236 1100800
1760154242861 186.2727716836168 1105920
1760154287991 85.15661672148455 1111040
1760154331723 118.98397208589827 1116160
1760154373634 146.54638202718283 1121280
1760154416372 196.0871435250117 1126400
1760154458553 111.2872190824909 1131520
1760154499896 157.30213021302131 1136640
1760154541785 111.16334048925287 1141760
1760154584387 99.71243818942564 1146880
1760154627653 160.41243737331243 1152000
1760154671143 102.54771276985893 1157120
1760154714045 125.99291078401923 1162240
1760154758993 102.19042978267225 1167360
1760154801681 90.50566428586842 1172480
1760154845524 105.980998585001 1177600
1760154890330 82.41092445230376 1182720
1760154938023 72.52691463056146 1187840
1760154980910 81.28496124031008 1192960
1760155027815 72.94822338556794 1198080
1760155070954 88.16934687099283 1203200
1760155115426 68.8019421934976 1208320
1760155159726 102.04374376566187 1213440
1760155202871 125.17694810039693 1218560
1760155246365 100.99212636343935 1223680
1760155292489 44.9487638378361 1228800
1760155337900 197.1841474307743 1233920
1760155383603 238.51600796133067 1239040
1760155427083 91.5207401427044 1244160
1760155470125 88.67637793610858 1249280
1760155513454 97.39925225831921 1254400
1760155556968 82.25738380074525 1259520
1760155600105 72.69787676575093 1264640
1760155642888 77.3714074893931 1269760
1760155685933 111.05737813435009 1274880
1760155728635 100.82946295494976 1280000
1760155771835 99.17487940981746 1285120
1760155815330 230.74786818506905 1290240
1760155858116 62.59034202829344 1295360
1760155901396 249.11231216962642 1300480
1760155944697 94.66245373296019 1305600
1760155989600 103.44811937353558 1310720
1760156034523 81.22671727637159 1315840
1760156079281 109.34626414307316 1320960
1760156124449 118.27267856639314 1326080
1760156168178 115.01327190961939 1331200
1760156211646 159.45498783454988 1336320
1760156252677 134.28218344805506 1341440
1760156296097 102.2402496099844 1346560
1760156339544 95.52482463332423 1351680
1760156383166 84.80537021311011 1356800
1760156427263 243.9683573755235 1361920
1760156472666 103.91972448650925 1367040
1760156518309 171.6163666121113 1372160
1760156562921 73.43869171642183 1377280
1760156606512 103.35125545179015 1382400
1760156649918 139.2716164165228 1387520
1760156693000 80.53888398171974 1392640
1760156735399 37.59718176032413 1397760
1760156777635 97.98173195972622 1402880
1760156820343 131.4993729621269 1408000
1760156863102 115.44379610260927 1413120
1760156906119 100.45034127649383 1418240
1760156949097 145.19191359734145 1423360
1760156993067 81.12459866156048 1428480
1760157035805 119.48903196399066 1433600
1760157079123 94.04269058295964 1438720
1760157121272 113.4055427876166 1443840
1760157164805 196.71250351749367 1448960
1760157208061 98.82902921771914 1454080
1760157251047 115.93200475413914 1459200
1760157293571 142.27142905600218 1464320
1760157336669 41.613048525195204 1469440
1760157380136 111.31084631511902 1474560
1760157423331 113.57751360719217 1479680
1760157466881 124.86392188383793 1484800
1760157509984 106.8803098641796 1489920
1760157553300 60.642877797698226 1495040
1760157596655 112.79255633840692 1500160
1760157639310 124.93458834743238 1505280
1760157683068 192.75294117647059 1510400
1760157726873 108.10061855670104 1515520
1760157769886 132.06662678295916 1520640
1760157815563 106.41660323742832 1525760
1760157863309 86.87096640569985 1530880
1760157909990 92.89915612748898 1536000
1760157957216 162.72760426770125 1541120
1760158005151 107.65114727170064 1546240
1760158053052 87.56741408827091 1551360
1760158099917 74.1554074362193 1556480
1760158147828 101.52504054413865 1561600
1760158195846 74.9491440620421 1566720
1760158243658 102.12573654735817 1571840
1760158291708 40.732866535238074 1576960
1760158339671 89.15135927901885 1582080
1760158387323 70.6159337329113 1587200
1760158432310 111.38770415615456 1592320
1760158477654 74.60386688248164 1597440
1760158524909 69.60807222517259 1602560
1760158568394 254.64780523344058 1607680
1760158614568 158.38320368552223 1612800
1760158661720 55.625160802620584 1617920
1760158708635 115.67621831821066 1623040
1760158753647 72.50810773432909 1628160
1760158799924 264.3080219295482 1633280
1760158845051 118.8625839544308 1638400
1760158890524 84.74197393676128 1643520
1760158934952 88.37742051033524 1648640
1760158980914 92.25752809977344 1653760
1760159027673 75.63437021008025 1658880
1760159074459 61.35342217281278 1664000
1760159121360 85.53868744136722 1669120
1760159167326 64.44645216803417 1674240
1760159213553 113.3473138039131 1679360
1760159260184 78.97390321973263 1684480
1760159305720 130.84710653564187 1689600
1760159352425 79.36993093007852 1694720
1760159397069 95.28827498466502 1699840
1760159442670 114.12140505536964 1704960
1760159488098 106.06139685429626 1710080
1760159533597 101.46855041610219 1715200
1760159576852 99.98817583675026 1720320
1760159619800 106.38691185795815 1725440
1760159663689 96.37868517199384 1730560
1760159707768 113.98494442481724 1735680
1760159750526 138.48986330317638 1740800
1760159793601 138.62259972898832 1745920
1760159837148 96.97140082768826 1751040
1760159880268 44.488210524082774 1756160
1760159923398 258.1427868045298 1761280
1760159965857 189.2907302103078 1766400
1760160009091 135.0126826755939 1771520
1760160051689 105.33423742434516 1776640
1760160095187 130.00353345938072 1781760
1760160138725 125.5178357672971 1786880
1760160180972 240.09983399164233 1792000
1760160223603 101.96436124954418 1797120
1760160266800 109.01658262722877 1802240
1760160308565 130.05593798449613 1807360
1760160351545 84.64791120080727 1812480
