1760134033292 24.473438908503606 5120
1760134077266 20.985640703621556 10240
1760134120936 22.645778971590392 15360
1760134164875 21.60343214465726 20480
1760134208171 21.83627621387052 25600
1760134250385 21.89957477252817 30720
1760134293764 21.925375510826434 35840
1760134337727 21.37584683032746 40960
1760134382257 21.12744892402998 46080
1760134428715 21.2183805548978 51200
1760134474092 21.33139650785006 56320
1760134519414 21.39083033538775 61440
1760134563055 22.682144336713062 66560
1760134607523 24.05668999111334 71680
1760134651042 25.238594088667416 76800
1760134692949 26.443022586310654 81920
1760134737620 27.388506144269606 87040
1760134783956 28.649446716308592 92160
1760134829982 29.912578013760868 97280
1760134876420 31.101018655517183 102400
1760134922553 32.38098323766859 107520
1760134979019 33.587895779196735 112640
1760135038543 34.84804460463472 117760
1760135082638 35.57663940184073 122880
1760135125567 36.22136951663582 128000
1760135167681 36.781557749205305 133120
1760135210483 37.4969069091752 138240
1760135252727 38.355483965067606 143360
1760135295516 39.0559443216264 148480
1760135338048 39.797602215477646 153600
1760135380815 40.1330647422793 158720
1760135423356 40.7125870551478 163840
1760135466285 41.381285196747626 168960
1760135509257 42.28649013702062 174080
1760135551124 43.05149606949125 179200
1760135595354 43.60125588201488 184320
1760135637100 43.8958345562924 189440
1760135679512 44.47262338895169 194560
1760135721627 45.44372501920701 199680
1760135763404 46.39751544433526 204800
1760135805134 47.17402842464042 209920
1760135846973 48.01633213716756 215040
1760135889044 48.85259497982656 220160
1760135931457 49.72875485867475 225280
1760135973587 50.59444387417832 230400
1760136015592 51.41541731396719 235520
1760136060181 52.30915798104069 240640
1760136102417 53.23053022738568 245760
1760136144951 54.12085296734409 250880
1760136187980 54.99971348195413 256000
1760136233650 55.807945794043555 261120
1760136278041 56.78673719485406 266240
1760136321603 57.62949334138451 271360
1760136367070 58.334777644870634 276480
1760136410837 59.19218737669665 281600
1760136457282 59.91083677744551 286720
1760136501055 60.6596669916521 291840
1760136544785 61.44355666422932 296960
1760136588379 62.31304363917414 302080
1760136635314 63.04317836294195 307200
1760136678026 63.75127553794549 312320
1760136720769 64.63584954426405 317440
1760136765893 65.54230780358824 322560
1760136810453 66.34332963550459 327680
1760136853870 67.33925593525721 332800
1760136898234 68.4063321745211 337920
1760136941719 69.43396693220535 343040
1760136986863 70.39238064977984 348160
1760137032151 71.24470353879279 353280
1760137077224 72.24642776067843 358400
1760137122900 73.20958829309515 363520
1760137165819 74.02375997865565 368640
1760137207191 74.92969008288308 373760
1760137248760 75.78922921554404 378880
1760137290590 76.62564347674589 384000
1760137331641 77.36908966956514 389120
1760137375133 77.92275773157787 394240
1760137419597 78.64425552310963 399360
1760137465086 79.32915151143027 404480
1760137509390 80.05282416879615 409600
1760137553417 80.78764821249526 414720
1760137596507 81.49515556390269 419840
1760137640531 82.13983557045134 424960
1760137684316 82.8741508467236 430080
1760137727682 83.52100193382735 435200
1760137770461 84.15725850279681 440320
1760137813675 84.88458473453777 445440
1760137860400 85.67348378960914 450560
1760137903869 86.42134014037099 455680
1760137947256 87.03315010775749 460800
1760137992379 87.73482382336088 465920
1760138037436 88.4289175706557 471040
1760138083385 89.20015837963531 476160
1760138131064 89.8717970687561 481280
1760138175428 90.63390137389737 486400
1760138223030 91.381395382399 491520
1760138268926 92.07194428067508 496640
1760138314734 92.77372881559353 501760
1760138358184 93.55275747718174 506880
1760138403974 94.25005809686888 512000
1760138448223 94.89357206507074 517120
1760138493147 95.61984374849075 522240
1760138536554 96.19527126319578 527360
1760138582453 96.79646968186856 532480
1760138625791 97.50236794751748 537600
1760138670778 98.22609993712794 542720
1760138715006 98.9718342867349 547840
1760138758348 99.65304763761004 552960
1760138801639 100.33884719018799 558080
1760138845055 100.91021791345933 563200
1760138888347 101.54422708596948 568320
1760138934392 102.2009580923609 573440
1760138980138 102.76294528697909 578560
1760139023473 103.49525195649028 583680
1760139066811 104.16342890898262 588800
1760139110070 104.76961824383139 593920
1760139152956 105.33440136174569 599040
1760139196854 105.9211119256933 604160
1760139240871 106.57819138568219 609280
1760139284169 107.13831515042786 614400
1760139326944 107.7755376848926 619520
1760139390971 108.35793464894341 624640
1760139472982 108.95974464637457 629760
1760139569098 109.53289083403187 634880
1760139640366 110.20631125961368 640000
1760139690326 110.73251169847309 645120
1760139737193 111.29871449295231 650240
1760139786880 111.86198672902144 655360
1760139836077 112.40809603308388 660480
1760139884509 112.9575295598252 665600
1760139933170 113.57599347923048 670720
1760139984531 114.15507288041563 675840
1760140226669 114.70103720007155 680960
1760140269400 115.35488349232183 686080
1760140317156 115.87248713225763 691200
1760140588816 116.34620061150144 696320
1760140676817 116.88798075713832 701440
1760140767784 117.417675085151 706560
1760140858688 117.93154110775929 711680
1760140969048 118.41973412938728 716800
1760141260531 118.91213673493645 721920
1760141491535 119.49109729955269 727040
1760141538145 119.98583896242982 732160
1760141589252 120.50082730518443 737280
1760144522877 121.02043966131954 742400
1760144570106 121.48330883246136 747520
1760144613306 121.96638522076074 752640
1760144655783 122.44271654614857 757760
1760144698777 122.91630487699094 762880
1760144743264 123.37315486582479 768000
1760144786044 123.83137558592601 773120
1760144830041 124.37145595312775 778240
1760144873518 124.80798607130248 783360
1760144920169 125.28932759769134 788480
1760144963716 125.79977186411801 793600
1760145005030 126.25459746097113 798720
1760145049462 126.71579448725225 803840
1760145093972 127.08558820626475 808960
1760145138676 127.52336908317365 814080
1760145181257 127.87013078064744 819200
1760145227792 128.27856208681158 824320
1760145270731 128.67044658193865 829440
1760145312814 129.02944273844872 834560
1760145355132 129.41809325645505 839680
1760145397332 129.7921486255588 844800
1760145439072 130.242268162672 849920
1760145480698 130.6859600534618 855040
1760145523045 131.08319312405874 860160
1760145564457 131.52476726253985 865280
1760145605684 131.9132838815502 870400
1760145646920 132.28133051293145 875520
1760145688299 132.66326340319665 880640
1760152435609 133.05515198920182 885760
1760152482244 133.44617152716768 890880
1760152524953 133.8215949383583 896000
1760152565289 134.2469395329279 901120
1760152605836 134.67922898982292 906240
1760152646959 135.01965904562763 911360
1760152688520 135.37062081906024 916480
1760152730637 135.67105417111154 921600
1760152774122 136.01370098614439 926720
1760152815616 136.29693753977426 931840
1760152856766 136.6512160451462 936960
1760152898430 136.99229906831192 942080
1760152940264 137.2965139745134 947200
1760152981878 137.60235456040184 952320
1760153023112 137.89741306367856 957440
1760153064117 138.20596099573984 962560
1760153105161 138.53389574844292 967680
1760153145652 138.83170605063697 972800
1760153186026 139.13134314135354 977920
1760153226258 139.470366430035 983040
1760153266766 139.8031651343369 988160
1760153308948 140.09680271862246 993280
1760153350924 140.39518380373906 998400
1760153393389 140.67694275040586 1003520
1760153436280 141.03650562088262 1008640
1760153478906 141.30875300006576 1013760
1760153521376 141.57907338124448 1018880
1760153563797 141.87430897673931 1024000
1760153606106 142.1870673736271 1029120
1760153648381 142.45160286896734 1034240
1760153690581 142.6993294356352 1039360
1760153733014 142.95091863001412 1044480
1760153775479 143.21483074735218 1049600
1760153817760 143.51502382678422 1054720
1760153860137 143.82325528459202 1059840
1760153902447 144.10441217087092 1064960
1760153944612 144.37079909983765 1070080
1760153987836 144.61204221374626 1075200
1760154029907 144.9060610474005 1080320
1760154074738 145.22000337918254 1085440
1760154116867 145.50042828825153 1090560
1760154159209 145.77715234902396 1095680
1760154200998 146.0000067640503 1100800
1760154242875 146.24788320951066 1105920
1760154288004 146.53759580892253 1111040
1760154331737 146.78167196810907 1116160
1760154373647 147.05118508782374 1121280
1760154416384 147.32124033325218 1126400
1760154458567 147.57963618560453 1131520
1760154499909 147.81839992464018 1136640
1760154541799 148.07821928696058 1141760
1760154584403 148.37780044218758 1146880
1760154627665 148.6200732894623 1152000
1760154671163 148.88594793898585 1157120
1760154714058 149.11197409611816 1162240
1760154759010 149.35846964909732 1167360
1760154801694 149.58378682998858 1172480
1760154845540 149.77460096436428 1177600
1760154890344 150.02833948103506 1182720
1760154938041 150.27994795783536 1187840
1760154980925 150.49494410073885 1192960
1760155027832 150.7506863363979 1198080
1760155070970 150.95871189589656 1203200
1760155115447 151.1562817901483 1208320
1760155159741 151.36022272399265 1213440
1760155202888 151.60414488843847 1218560
1760155246387 151.84866951646396 1223680
1760155292503 152.08477073003152 1228800
1760155337916 152.30958567604048 1233920
1760155383619 152.49178388001744 1239040
1760155427098 152.686616856787 1244160
1760155470140 152.88185373304268 1249280
1760155513468 153.07578061428376 1254400
1760155556984 153.29483738590687 1259520
1760155600120 153.4995718155054 1264640
1760155642910 153.6666807111741 1269760
1760155685950 153.81405543992705 1274880
1760155728652 153.9990779921175 1280000
1760155771850 154.18065419228742 1285120
1760155815346 154.3632508574545 1290240
1760155858132 154.51457688631322 1295360
1760155901423 154.65650819882822 1300480
1760155944712 154.81481463872674 1305600
1760155989614 155.00745613788487 1310720
1760156034539 155.12878616811176 1315840
1760156079296 155.28972001948972 1320960
1760156124497 155.4074183866048 1326080
1760156168193 155.57390672897924 1331200
1760156211662 155.76218348103808 1336320
1760156252698 155.90244752700588 1341440
1760156296112 156.06565714713275 1346560
1760156339560 156.24843043725468 1351680
1760156383185 156.43827523348295 1356800
1760156427279 156.62723421479797 1361920
1760156472681 156.814974642694 1367040
1760156518324 156.98713524627715 1372160
1760156562938 157.1467039091247 1377280
1760156606536 157.27560844279364 1382400
1760156649935 157.38488095062084 1387520
1760156693015 157.56880176529089 1392640
1760156735416 156.8695400899846 1397760
1760156777651 155.61372548402662 1402880
1760156820357 154.5533531357364 1408000
1760156863116 154.1832320080775 1413120
1760156906134 154.00450331508924 1418240
1760156949112 153.95528060974817 1423360
1760156993124 153.95245810690915 1428480
1760157035820 153.99168606461214 1433600
1760157079141 154.05888710433143 1438720
1760157121287 154.14626121743495 1443840
1760157164822 154.24208534457998 1448960
1760157208077 154.36316574694118 1454080
1760157251064 154.45619730114294 1459200
1760157293586 154.54801451919147 1464320
1760157336686 154.60814678974214 1469440
1760157380151 154.73785319256743 1474560
1760157423347 154.92168414301565 1479680
1760157466897 154.98008863190773 1484800
1760157510000 155.05906534615298 1489920
1760157553315 155.15613470493977 1495040
1760157596672 155.28396307950345 1500160
1760157639325 155.4254058089482 1505280
1760157683083 155.57049079697663 1510400
1760157726892 155.7393430379204 1515520
1760157769901 155.87704373545444 1520640
1760157815580 156.0174402914948 1525760
1760157863330 156.18245701284147 1530880
1760157910006 156.32035391396974 1536000
1760157957240 156.4694089863993 1541120
1760158005179 156.62581976092463 1546240
1760158053078 156.77243632796697 1551360
1760158099943 156.9791166765919 1556480
1760158147853 157.1437487420717 1561600
1760158195866 157.28253491694375 1566720
1760158243676 157.42784228357863 1571840
1760158291730 157.60544589188595 1576960
1760158339689 157.77720614781327 1582080
1760158387342 157.92661251887864 1587200
1760158432329 158.05817946505613 1592320
1760158477683 158.1333159129238 1597440
1760158524931 158.25420080156948 1602560
1760158568410 158.4253599439049 1607680
1760158614586 158.59309450562006 1612800
1760158661749 158.71779100156138 1617920
1760158708658 158.8507958453996 1623040
1760158753665 158.97006324411407 1628160
1760158799943 159.13129443591228 1633280
1760158845069 159.28224372972988 1638400
1760158890546 159.42607709055693 1643520
1760158934971 159.53832494366125 1648640
1760158980935 159.697929319954 1653760
1760159027702 159.8403414638206 1658880
1760159074488 159.97487541740796 1664000
1760159121381 160.13223625062687 1669120
1760159167356 160.2447651340323 1674240
1760159213570 160.42395381910848 1679360
1760159260205 160.58507833583994 1684480
1760159305746 160.7237527964134 1689600
1760159352443 160.84898815730153 1694720
1760159397091 160.96307682849812 1699840
1760159442691 161.04444123652613 1704960
1760159488117 161.16007054857567 1710080
1760159533618 161.30063718881863 1715200
1760159576875 161.44229059029155 1720320
1760159619826 161.54177209009063 1725440
1760159663714 161.64994053013427 1730560
1760159707786 161.73721534052407 1735680
1760159750551 161.88472084369099 1740800
1760159793618 161.99486785038124 1745920
1760159837166 162.12281423356262 1751040
1760159880346 162.28052219038977 1756160
1760159923416 162.43823778312674 1761280
1760159965888 162.5614806411977 1766400
1760160009110 162.65668236046812 1771520
1760160051709 162.75798705139533 1776640
1760160095207 162.88915306541426 1781760
1760160138745 163.05186282628347 1786880
1760160180997 163.18732625336628 1792000
1760160223625 163.30152031410785 1797120
1760160266822 163.42516415506174 1802240
1760160308584 163.53338838197678 1807360
1760160351569 163.65480731114667 1812480
