1771183217763 19.12628936767578 5120
1771183225306 19.463869094848633 10240
1771183231103 19.280460357666016 15360
1771183238302 19.008703231811523 20480
1771183244224 19.181522369384766 25600
1771183251711 19.369918823242188 30720
1771183257124 19.521141052246094 35840
1771183264194 19.559871673583984 40960
1771183270095 19.592939376831055 46080
1771183277415 19.571828842163086 51200
1771183283404 19.44832420349121 56320
1771183290332 19.47488784790039 61440
1771183296535 19.559118270874023 66560
1771183303945 19.676815032958984 71680
1771183309935 19.79033088684082 76800
1771183317404 19.91638946533203 81920
1771183323115 20.085142135620117 87040
1771183330677 20.1840877532959 92160
1771183336409 20.309703826904297 97280
1771183343811 20.40277671813965 102400
1771183349600 20.475807189941406 107520
1771183356790 20.530115127563477 112640
1771183363033 20.634532928466797 117760
1771183369938 20.704029083251953 122880
1771183376011 20.759784698486328 128000
1771183383403 20.834781646728516 133120
1771183389527 20.86466407775879 138240
1771183396601 20.92521095275879 143360
1771183402691 20.930377960205078 148480
1771183409670 20.9866886138916 153600
1771183415934 21.036996841430664 158720
1771183422629 21.067628860473633 163840
1771183428985 21.09299087524414 168960
1771183435567 21.13633155822754 174080
1771183442099 21.173187255859375 179200
1771183448676 21.183067321777344 184320
1771183455142 21.209455490112305 189440
1771183461705 21.21784210205078 194560
1771183468384 21.19660186767578 199680
1771183474692 21.187498092651367 204800
1771183481408 21.146100997924805 209920
1771183487691 21.1243839263916 215040
1771183494382 21.075685501098633 220160
1771183500761 21.004106521606445 225280
1771183507503 20.96128273010254 230400
1771183513864 20.9262638092041 235520
1771183520448 20.899606704711914 240640
1771183526704 20.847436904907227 245760
1771183533488 20.79766082763672 250880
1771183539961 20.7432861328125 256000
1771183546106 20.694202423095703 261120
1771183553029 20.658639907836914 266240
1771183559380 20.62508201599121 271360
1771183565927 20.574390411376953 276480
1771183573160 20.53340721130371 281600
1771183578965 20.516756057739258 286720
1771183585931 20.482629776000977 291840
1771183592143 20.462051391601562 296960
1771183595790 20.440914154052734 300032
