1771183217761 105.1652082340847 5120
1771183225303 94.48545876416391 10240
1771183231100 79.08856749571022 15360
1771183238299 93.6646717284502 20480
1771183244221 76.43517877318949 25600
1771183251709 2.6698510746103725 30720
1771183257121 86.99890066582316 35840
1771183264192 89.07373428474347 40960
1771183270092 99.44529008701424 46080
1771183277412 4.806817530662156 51200
1771183283401 109.55189886642637 56320
1771183290330 102.1182772137414 61440
1771183296532 99.90719832309085 66560
1771183303943 95.1564045555606 71680
1771183309931 106.82314588427057 76800
1771183317401 99.80972324679342 81920
1771183323113 108.69169970717044 87040
1771183330674 81.13872284448571 92160
1771183336407 105.71121808604481 97280
1771183343808 95.51177301088491 102400
1771183349598 86.11296117601167 107520
1771183356787 100.40946088288806 112640
1771183363030 2.940033001125739 117760
1771183369935 95.7319517038322 122880
1771183376009 93.9900056022409 128000
1771183383399 92.76150035385704 133120
1771183389525 96.57619157264564 138240
1771183396599 91.81524451643973 143360
1771183402688 79.5460476407222 148480
1771183409667 87.00431463657485 153600
1771183415931 101.27744241077896 158720
1771183422626 105.44280758208055 163840
1771183428982 88.69700558281171 168960
1771183435564 78.61126417392934 174080
1771183442097 95.64899318145538 179200
1771183448674 77.77167120950844 184320
1771183455140 82.52767447809063 189440
1771183461702 93.33327399363581 194560
1771183468382 68.30112849907994 199680
1771183474690 103.30543582670377 204800
1771183481406 98.72202607917902 209920
1771183487688 88.86990422917196 215040
1771183494380 100.42148107357484 220160
1771183500758 88.2658305099013 225280
1771183507501 86.96462782500518 230400
1771183513861 93.63121707295294 235520
1771183520445 2.625346844272633 240640
1771183526701 75.77648100305325 245760
1771183533486 99.46651489280971 250880
1771183539958 75.46426772220224 256000
1771183546104 98.33780361999438 261120
1771183553027 99.76224341745356 266240
1771183559378 3.0907375966798716 271360
1771183565924 96.74549061216958 276480
1771183573157 76.01681890677106 281600
1771183578962 95.11971878897835 286720
1771183585928 79.9356596977378 291840
1771183592141 74.74612396193463 296960
1771183595788 98.79411141208338 300032
