1760390146489 500.0 5120
1760390168084 500.0 10240
1760390191491 500.0 15360
1760390221383 500.0 20480
1760390243212 500.0 25600
1760390265511 500.0 30720
1760390291753 500.0 35840
1760390320315 500.0 40960
1760390342129 500.0 46080
1760390366503 500.0 51200
1760390390204 500.0 56320
1760390417068 500.0 61440
1760390440742 500.0 66560
1760390472398 500.0 71680
1760390495432 500.0 76800
1760390517151 500.0 81920
1760390539722 500.0 87040
1760390570154 500.0 92160
1760390593571 500.0 97280
1760390616095 500.0 102400
1760390638294 500.0 107520
1760390668030 500.0 112640
1760390691130 500.0 117760
1760390712442 500.0 122880
1760390734212 500.0 128000
1760390763265 500.0 133120
1760390787897 500.0 138240
1760390809507 500.0 143360
1760390830984 500.0 148480
1760390856798 500.0 153600
1760390882910 500.0 158720
1760390910073 500.0 163840
1760390933629 500.0 168960
1760390959072 500.0 174080
1760390982406 500.0 179200
1760391011946 500.0 184320
1760391033473 500.0 189440
1760391058077 500.0 194560
1760391080093 500.0 199680
1760391110456 500.0 204800
1760391132375 500.0 209920
1760391154638 500.0 215040
1760391176439 500.0 220160
1760391211046 500.0 225280
1760391233951 500.0 230400
1760391255589 500.0 235520
1760391277596 500.0 240640
1760391309617 500.0 245760
1760391331468 500.0 250880
1760391353558 500.0 256000
1760391375326 500.0 261120
1760391401452 500.0 266240
1760391425947 500.0 271360
1760391448770 500.0 276480
1760391475366 500.0 281600
1760391497218 500.0 286720
1760391521040 500.0 291840
1760391543118 500.0 296960
1760391555096 500.0 300032
