1760390146489 0.0 5120
1760390168084 0.0 10240
1760390191491 0.0 15360
1760390221383 0.0 20480
1760390243212 0.0 25600
1760390265511 0.0 30720
1760390291753 0.0 35840
1760390320315 0.0 40960
1760390342129 0.0 46080
1760390366503 0.0 51200
1760390390204 0.0 56320
1760390417068 0.0 61440
1760390440742 0.0 66560
1760390472398 0.0 71680
1760390495432 0.0 76800
1760390517151 0.0 81920
1760390539722 0.0 87040
1760390570154 0.0 92160
1760390593571 0.0 97280
1760390616095 0.0 102400
1760390638294 0.0 107520
1760390668030 0.0 112640
1760390691130 0.0 117760
1760390712442 0.0 122880
1760390734212 0.0 128000
1760390763265 0.0 133120
1760390787897 0.0 138240
1760390809507 0.0 143360
1760390830984 0.0 148480
1760390856798 0.0 153600
1760390882910 0.0 158720
1760390910073 0.0 163840
1760390933629 0.0 168960
1760390959072 0.0 174080
1760390982406 0.0 179200
1760391011946 0.0 184320
1760391033473 0.0 189440
1760391058077 0.0 194560
1760391080093 0.0 199680
1760391110456 0.0 204800
1760391132375 0.0 209920
1760391154638 0.0 215040
1760391176439 0.0 220160
1760391211046 0.0 225280
1760391233951 0.0 230400
1760391255589 0.0 235520
1760391277596 0.0 240640
1760391309617 0.0 245760
1760391331468 0.0 250880
1760391353558 0.0 256000
1760391375326 0.0 261120
1760391401452 0.0 266240
1760391425947 0.0 271360
1760391448770 0.0 276480
1760391475366 0.0 281600
1760391497218 0.0 286720
1760391521040 0.0 291840
1760391543118 0.0 296960
1760391555096 0.0 300032
