1771210377866 19.50216293334961 5120
1771210399643 20.747928619384766 10240
1771210421335 19.352237701416016 15360
1771210443449 18.5242862701416 20480
1771210465021 18.35843276977539 25600
1771210486383 18.262649536132812 30720
1771210508256 18.008623123168945 35840
1771210529624 17.92804718017578 40960
1771210550938 17.519554138183594 46080
1771210572944 17.067174911499023 51200
1771210594527 17.158842086791992 56320
1771210615978 17.314186096191406 61440
1771210638130 17.618478775024414 66560
1771210659926 17.443159103393555 71680
1771210681401 17.145536422729492 76800
1771210703759 16.796323776245117 81920
1771210725055 16.366825103759766 87040
1771210746695 15.959651947021484 92160
1771210767613 15.635295867919922 97280
1771210788006 15.401031494140625 102400
1771210808592 15.203474998474121 107520
1771210830793 14.968621253967285 112640
1771210852138 14.82473087310791 117760
1771210873270 14.945867538452148 122880
1771210895379 14.764383316040039 128000
1771210916920 14.601192474365234 133120
1771210937912 14.425760269165039 138240
1771210960044 14.248543739318848 143360
1771210981864 14.0145902633667 148480
1771211003527 13.762577056884766 153600
1771211025641 13.500887870788574 158720
1771211046756 13.273344993591309 163840
1771211068145 13.032445907592773 168960
1771211089951 12.837931632995605 174080
1771211110906 12.647139549255371 179200
1771211132102 12.452016830444336 184320
1771211154560 12.291851997375488 189440
1771211175550 12.13418197631836 194560
1771211197266 11.981757164001465 199680
1771211219194 11.860968589782715 204800
1771211240979 11.734148025512695 209920
1771211262382 11.5961332321167 215040
1771211284419 11.463997840881348 220160
1771211305877 11.31794548034668 225280
1771211327079 11.377779960632324 230400
1771211349489 11.445631980895996 235520
1771211370740 11.514147758483887 240640
1771211391554 11.568988800048828 245760
1771211413725 11.638172149658203 250880
1771211435068 11.621131896972656 256000
1771211456607 11.533044815063477 261120
1771211479667 11.45400333404541 266240
1771211501096 11.376057624816895 271360
1771211522584 11.287938117980957 276480
1771211545367 11.255533218383789 281600
1771211567405 11.18703842163086 286720
1771211589059 11.08342170715332 291840
1771211611250 10.978214263916016 296960
1771211622394 10.92632007598877 300032
