1771210377863 26.740943908691406 5120
1771210399640 21.31409454345703 10240
1771210421333 20.861204147338867 15360
1771210443447 24.933788299560547 20480
1771210465019 26.8978271484375 25600
1771210486381 25.93869400024414 30720
1771210508253 25.200109481811523 35840
1771210529622 25.149700164794922 40960
1771210550936 24.869861602783203 46080
1771210572942 25.55978012084961 51200
1771210594524 27.164215087890625 56320
1771210615976 27.896427154541016 61440
1771210638128 29.381591796875 66560
1771210659923 30.612728118896484 71680
1771210681398 30.260677337646484 76800
1771210703756 29.675424575805664 81920
1771210725052 31.306575775146484 87040
1771210746693 33.23735046386719 92160
1771210767611 39.1230354309082 97280
1771210788003 43.68364715576172 102400
1771210808589 45.097633361816406 107520
1771210830790 47.58953094482422 112640
1771210852136 54.335716247558594 117760
1771210873267 57.7874755859375 122880
1771210895377 62.568809509277344 128000
1771210916917 66.75865173339844 133120
1771210937910 70.28760528564453 138240
1771210960042 64.89776611328125 143360
1771210981861 71.14946746826172 148480
1771211003525 73.88343048095703 153600
1771211025639 70.99461364746094 158720
1771211046754 69.13059997558594 163840
1771211068143 74.16465759277344 168960
1771211089949 71.09449768066406 174080
1771211110904 69.93560028076172 179200
1771211132099 73.37818908691406 184320
1771211154558 72.71491241455078 189440
1771211175548 78.12712097167969 194560
1771211197264 75.7399673461914 199680
1771211219192 70.95575714111328 204800
1771211240976 75.34464263916016 209920
1771211262379 69.82807922363281 215040
1771211284416 73.27153015136719 220160
1771211305874 72.49705505371094 225280
1771211327077 74.89122009277344 230400
1771211349487 77.16838073730469 235520
1771211370737 77.76023864746094 240640
1771211391551 74.541015625 245760
1771211413723 70.803955078125 250880
1771211435066 69.64384460449219 256000
1771211456605 69.4302749633789 261120
1771211479665 71.18986511230469 266240
1771211501093 72.21747589111328 271360
1771211522582 68.61072540283203 276480
1771211545364 70.66832733154297 281600
1771211567403 74.99366760253906 286720
1771211589057 72.6068344116211 291840
1771211611248 71.84153747558594 296960
1771211622391 77.3779296875 300032
