1771210377866 0.2871055603027344 5120
1771210399643 0.28157785534858704 10240
1771210421335 0.31460022926330566 15360
1771210443449 0.3298105299472809 20480
1771210465021 0.3376256823539734 25600
1771210486383 0.33855336904525757 30720
1771210508256 0.344120055437088 35840
1771210529624 0.3487302362918854 40960
1771210550938 0.35318291187286377 46080
1771210572944 0.3601323068141937 51200
1771210594527 0.3612852990627289 56320
1771210615978 0.3615914583206177 61440
1771210638130 0.35832202434539795 66560
1771210659926 0.36192891001701355 71680
1771210681401 0.36505624651908875 76800
1771210703759 0.3665737211704254 81920
1771210725055 0.3674410581588745 87040
1771210746695 0.36600103974342346 92160
1771210767613 0.36416053771972656 97280
1771210788006 0.36521145701408386 102400
1771210808592 0.3677072525024414 107520
1771210830793 0.3696334958076477 112640
1771210852138 0.36948898434638977 117760
1771210873270 0.36357924342155457 122880
1771210895379 0.3637557327747345 128000
1771210916920 0.3644203841686249 133120
1771210937912 0.36703869700431824 138240
1771210960044 0.3685881197452545 143360
1771210981864 0.3719792366027832 148480
1771211003527 0.37386173009872437 153600
1771211025641 0.37627822160720825 158720
1771211046756 0.3778817653656006 163840
1771211068145 0.38010701537132263 168960
1771211089951 0.3819836676120758 174080
1771211110906 0.38444942235946655 179200
1771211132102 0.38538146018981934 184320
1771211154560 0.38672736287117004 189440
1771211175550 0.3892444372177124 194560
1771211197266 0.3919179439544678 199680
1771211219194 0.39383605122566223 204800
1771211240979 0.39644041657447815 209920
1771211262382 0.3979766368865967 215040
1771211284419 0.40053144097328186 220160
1771211305877 0.4010254740715027 225280
1771211327079 0.40159401297569275 230400
1771211349489 0.40297219157218933 235520
1771211370740 0.40397295355796814 240640
1771211391554 0.4061596691608429 245760
1771211413725 0.4065765142440796 250880
1771211435068 0.4074721038341522 256000
1771211456607 0.4074649214744568 261120
1771211479667 0.40739357471466064 266240
1771211501096 0.4082116484642029 271360
1771211522584 0.4088617265224457 276480
1771211545367 0.40971022844314575 281600
1771211567405 0.41015151143074036 286720
1771211589059 0.4099887013435364 291840
1771211611250 0.40928247570991516 296960
1771211622394 0.40866416692733765 300032
