1759780072027 23.87109375 5120
1759780097720 23.121399176954732 10240
1759780122151 22.792479108635096 15360
1759780143516 22.52041884816754 20480
1759780167511 22.35546218487395 25600
1759780191152 22.198740377886633 30720
1759780216606 22.163658243080626 35840
1759780237940 22.108535300316124 40960
1759780261002 22.083450539146742 46080
1759780284565 22.046855213170115 51200
1759780311461 22.002303262955856 56320
1759780333028 21.93677555321391 61440
1759780355041 21.890184645286688 66560
1759780383477 22.002421307506054 71680
1759780405954 22.17122507122507 76800
1759780428832 22.300968262506725 81920
1759780451311 22.397201017811703 87040
1759780479082 22.476603955619876 92160
1759780501607 22.55425556320257 97280
1759780526757 22.628965215488954 102400
1759780548786 22.723979057591624 107520
1759780574612 22.797392176529588 112640
1759780597042 22.851288957291267 117760
1759780622667 22.883613523000186 122880
1759780644255 22.921997157071782 128000
1759780672313 22.95839753466872 133120
1759780694411 23.029270712750122 138240
1759780719412 23.164473684210527 143360
1759780741372 23.205558143145474 148480
1759780769438 23.255415162454874 153600
1759780791832 23.292736289381562 158720
1759780815789 23.358600170019837 163840
1759780838025 23.418768085985946 168960
1759780865387 23.4878604963112 174080
1759780890693 23.575559335339527 179200
1759780912733 23.624298827129017 184320
1759780935435 23.666749502982107 189440
1759780962865 23.708656644034917 194560
1759780991326 23.765068087625814 199680
1759781012997 23.799907471663197 204800
1759781035053 23.855462565030535 209920
1759781059472 23.89183808891838 215040
1759781088873 23.95342287694974 220160
1759781110428 23.9992576095026 225280
1759781132456 24.061869605906207 230400
1759781154817 24.13429941830799 235520
1759781184594 24.196795192789185 240640
1759781208657 24.24712587206446 245760
1759781230254 24.29497443812096 250880
1759781252004 24.34931312174325 256000
1759781281871 24.424750722206692 261120
1759781306652 24.487172439069084 266240
1759781328429 24.537387387387387 271360
1759781350228 24.570264765784113 276480
1759781378712 24.63920132531171 281600
1759781403477 24.699690934065934 286720
1759781425360 24.753930684699917 291840
1759781447039 24.81314014489133 296960
1759781462205 24.83606557377049 300032
