1759780072021 74.97325897325898 5120
1759780097715 118.16938074040682 10240
1759780122147 38.023225666083455 15360
1759780143510 57.663174681734446 20480
1759780167505 46.26410765497463 25600
1759780191148 52.163418607832654 30720
1759780216602 129.75418406805878 35840
1759780237935 190.3992010531572 40960
1759780260997 47.236876780827316 46080
1759780284558 86.91416967134982 51200
1759780311456 130.20936297032162 56320
1759780333020 50.95554772636157 61440
1759780355036 93.740032183086 66560
1759780383472 80.42460500076699 71680
1759780405947 92.69999557971975 76800
1759780428827 70.1201016450448 81920
1759780451306 60.28031043403277 87040
1759780479075 109.29497602668334 92160
1759780501603 98.9596073990185 97280
1759780526751 96.5428472781678 102400
1759780548780 68.51870487143464 107520
1759780574607 119.89891944428564 112640
1759780597037 97.54649053444346 117760
1759780622662 101.54470403098898 122880
1759780644247 70.15411377055213 128000
1759780672308 57.36663292939792 133120
1759780694405 84.27712586400901 138240
1759780719406 94.46630630630631 143360
1759780741366 105.4375062845651 148480
1759780769429 135.051807965998 153600
1759780791824 75.88890698221427 158720
1759780815783 86.76494073353882 163840
1759780838019 115.32000769844106 168960
1759780865378 75.00007152564194 174080
1759780890683 176.12026034012177 179200
1759780912723 138.6180183753057 184320
1759780935424 107.00847025206654 189440
1759780962857 161.01593151368576 194560
1759780991320 83.37416264138191 199680
1759781012991 106.24677660409859 204800
1759781035047 107.21087878942794 209920
1759781059466 29.316651405964954 215040
1759781088867 106.2118004558116 220160
1759781110422 120.47058823529412 225280
1759781132445 60.01894595252064 230400
1759781154806 69.0397682380827 235520
1759781184588 120.80716610501455 240640
1759781208650 82.22190857053242 245760
1759781230247 61.01249545421485 250880
1759781251993 42.648445285014134 256000
1759781281864 92.42423040479495 261120
1759781306641 64.42566394789795 266240
1759781328421 96.87285493221239 271360
1759781350221 110.69101657341919 276480
1759781378701 49.125710069220766 281600
1759781403470 103.83225646738458 286720
1759781425353 114.93763016551573 291840
1759781447029 207.99920654599555 296960
1759781462199 115.84555046124952 300032
