1760015585309 17.625653915688893 5120
1760015612910 17.496239482052996 10240
1760015639445 17.31226411853011 15360
1760015667947 17.27209641158215 20480
1760015694117 17.28276625760083 25600
1760015720932 17.304107098930555 30720
1760015747211 17.250279632912065 35840
1760015774587 17.30759087541236 40960
1760015801166 17.28499164431253 46080
1760015828195 17.293954792699633 51200
1760015855380 17.268500808349888 56320
1760015882880 17.418354570195916 61440
1760015910031 17.621476067991487 66560
1760015936536 17.767304287563036 71680
1760015965246 17.965050281861863 76800
1760015991496 18.108366982578485 81920
1760016018456 18.2230597871871 87040
1760016045078 18.30415985657422 92160
1760016072526 18.490560160607426 97280
1760016098728 18.704953395085315 102400
1760016127487 18.832099055267438 107520
1760016154189 19.019249595449832 112640
1760016180622 19.16921932139295 117760
1760016207144 19.278677293957184 122880
1760016235080 19.359633267788066 128000
1760016262558 19.45757225716468 133120
1760016288880 19.577782548133918 138240
1760016314902 19.682194485718014 143360
1760016344353 19.802393290430125 148480
1760016370513 19.896857624806934 153600
1760016396507 19.968864068415886 158720
1760016423453 20.069329519333305 163840
1760016451830 20.151151465636346 168960
1760016478781 20.183077324714276 174080
1760016505203 20.27111936632003 179200
1760016531782 20.319544308311063 184320
1760016559379 20.35340825007512 189440
1760016585953 20.41546917652911 194560
1760016614530 20.467461215480427 199680
1760016642632 20.492652336898153 204800
1760016672938 20.49927910887427 209920
1760016703653 20.46909277730398 215040
1760016732907 20.450135693942205 220160
1760016762640 20.40947339199459 225280
1760016791584 20.41807316428949 230400
1760016821438 20.39292438395544 235520
1760016849179 20.399312845351602 240640
1760016881447 20.395702944898243 245760
1760016910107 20.37830787470083 250880
1760016938039 20.371384578548682 256000
1760016966178 20.350954875503962 261120
1760016997567 20.346452316917933 266240
1760017025699 20.34919784395633 271360
1760017053791 20.361061392673943 276480
1760017083746 20.391076654883236 281600
1760017114891 20.451555579364037 286720
1760017143386 20.46421258752011 291840
1760017171599 20.492583250227323 296960
1760017184857 20.51386312447049 300032
