1759765662609 1.0054841041564941 5120
1759765692301 0.9364026029345015 10240
1759765734387 0.9229828357049535 15360
1759765763005 0.9170248339379556 20480
1759765794803 1.0353411315554972 25600
1759765823543 1.1749388168190276 30720
1759765864123 1.2476091567118457 35840
1759765894156 1.2668430463459601 40960
1759765926847 1.2271520923360695 46080
1759765958361 1.1896677051030151 51200
1759765999450 1.164738491614245 56320
1759766030093 1.141641612623163 61440
1759766062130 1.131364196478556 66560
1759766093691 1.1125236203862607 71680
1759766131596 1.1028232402229254 76800
1759766162537 1.1104535538698121 81920
1759766195028 1.0952373073173811 87040
1759766225027 1.0950892201347444 92160
1759766262748 1.0863470275067715 97280
1759766294393 1.0761892263614274 102400
1759766325939 1.0618773844892955 107520
1759766359022 1.0534939323736237 112640
1759766392285 1.0512095014733005 117760
1759766425262 1.0440094611476747 122880
1759766454630 1.0401179797082976 128000
1759766487799 1.0348284713939997 133120
1759766522361 1.0306171820128733 138240
1759766556527 1.0277876805540453 143360
1759766591401 1.0201781880286214 148480
1759766621322 1.0176692802447789 153600
1759766652463 1.0123517120153955 158720
1759766685442 1.0051649229793989 163840
1759766724165 1.003915477986299 168960
1759766755336 1.0028514525073156 174080
1759766787082 0.9987390635499064 179200
1759766817077 0.9945684826534438 184320
1759766849637 0.9916999937414419 189440
1759766884049 0.9859382201959421 194560
1759766919391 0.9854969538947688 199680
1759766949598 0.9849819379079667 204800
1759766978125 0.9868844944009391 209920
1759767007370 0.985899144564604 215040
1759767045668 0.9839300974699896 220160
1759767073399 0.9821690799982068 225280
1759767104208 0.9787964367463797 230400
1759767131502 0.9792327870237423 235520
1759767165470 0.9908650239786773 240640
1759767192861 1.0026817553756788 245760
1759767220663 1.0136043832753325 250880
1759767256146 1.0205809642149175 256000
1759767284676 1.0284604512597921 261120
1759767318511 1.038530048020979 266240
1759767349520 1.0458078851276527 271360
1759767388088 1.0517334554316944 276480
1759767417588 1.0572511668614495 281600
1759767451080 1.0616249658155812 286720
1759767480534 1.0668722452033088 291840
1759767519676 1.0726090424703412 296960
1759767531939 1.074846672030809 300032
