1759765662609 401.9015579223633 5120
1759765692301 408.68182925679076 10240
1759765734387 410.63847046726596 15360
1759765763005 411.5026938270812 20480
1759765794803 403.98029451200085 25600
1759765823543 397.0518454253282 30720
1759765864123 393.28820971835194 35840
1759765894156 392.19283623612284 40960
1759765926847 394.75106626660255 46080
1759765958361 397.2652341152759 51200
1759765999450 398.9608916317493 56320
1759766030093 400.36248058338685 61440
1759766062130 401.2113717109428 66560
1759766093691 402.46458298768346 71680
1759766131596 403.0127248966829 76800
1759766162537 403.0193268779843 81920
1759766195028 403.964538934262 87040
1759766225027 404.2159586391495 92160
1759766262748 404.7410777902297 97280
1759766294393 405.2766209282669 102400
1759766325939 405.8122790171652 107520
1759766359022 406.2852548868503 112640
1759766392285 406.4315047666251 117760
1759766425262 406.9157482978352 122880
1759766454630 407.3266947203578 128000
1759766487799 407.6584277878276 133120
1759766522361 407.94897367456724 138240
1759766556527 408.04956602896226 143360
1759766591401 408.4484694533799 148480
1759766621322 408.61614011327396 153600
1759766652463 408.864198495571 158720
1759766685442 409.1996487153197 163840
1759766724165 409.3551753114436 168960
1759766755336 409.45265951835404 174080
1759766787082 409.71063826172355 179200
1759766817077 409.79457410759466 184320
1759766849637 409.9304204021887 189440
1759766884049 410.1838591154631 194560
1759766919391 410.2406518458274 199680
1759766949598 410.35840720620655 204800
1759766978125 410.33216633792216 209920
1759767007370 410.35000475208057 215040
1759767045668 410.4694591241613 220160
1759767073399 410.5990423845953 225280
1759767104208 410.81078327763214 230400
1759767131502 410.8296625375615 235520
1759767165470 410.0000080111772 240640
1759767192861 409.38469907692047 245760
1759767220663 408.82132290844083 250880
1759767256146 408.37350656244615 256000
1759767284676 407.9844260286315 261120
1759767318511 407.55986004577346 266240
1759767349520 407.1477748781209 271360
1759767388088 406.82944832202827 276480
1759767417588 406.4858962948962 281600
1759767451080 406.2094455547481 286720
1759767480534 405.9565759577074 291840
1759767519676 405.6128541000534 296960
1759767531939 405.49298397785293 300032
