1759765662605 -0.607957560631136 5120
1759765692294 -0.3199814736843109 10240
1759765734380 -0.3040802471339703 15360
1759765763000 -0.28955989338102794 20480
1759765794792 -0.2817215470167307 25600
1759765823539 -0.2819553713644704 30720
1759765864114 -0.28398998048570423 35840
1759765894147 -0.295722527620269 40960
1759765926841 -0.307717546172764 46080
1759765958354 -0.2968297752679563 51200
1759765999428 -0.2775717181818826 56320
1759766030080 -0.26094590640458903 61440
1759766062122 -0.24559641823624118 66560
1759766093681 -0.22939699065517372 71680
1759766131590 -0.23344214903680904 76800
1759766162529 -0.2641964853545766 81920
1759766195002 -0.26234130859375 87040
1759766225020 -0.2560643468584333 92160
1759766262741 -0.2491910775502523 97280
1759766294387 -0.24190394713146857 102400
1759766325935 -0.24232095952303903 107520
1759766359013 -0.23906350436511342 112640
1759766392268 -0.2331063517208757 117760
1759766425255 -0.2282499754724424 122880
1759766454623 -0.22099486986796057 128000
1759766487788 -0.2136477608717125 133120
1759766522354 -0.20704962506013758 138240
1759766556518 -0.2004786937794787 143360
1759766591393 -0.19524396739593922 148480
1759766621316 -0.19055425189188774 153600
1759766652453 -0.1838707080254188 158720
1759766685433 -0.17894198435433903 163840
1759766724155 -0.1761547077132995 168960
1759766755330 -0.17081863057543661 174080
1759766787072 -0.16523306423967535 179200
1759766817071 -0.1624146097931414 184320
1759766849627 -0.15503627356662542 189440
1759766884043 -0.15181050425424628 194560
1759766919385 -0.14651062634526466 199680
1759766949589 -0.14312476305226188 204800
1759766978115 -0.14002205885729746 209920
1759767007361 -0.13706474620584064 215040
1759767045658 -0.13358983552014386 220160
1759767073392 -0.13057814507462856 225280
1759767104202 -0.12598380029728984 230400
1759767131495 -0.12311406569047406 235520
1759767165464 -0.12058813450700147 240640
1759767192855 -0.1182821443961369 245760
1759767220657 -0.1139736210427633 250880
1759767256139 -0.11199348001366118 256000
1759767284666 -0.10878156274557113 261120
1759767318498 -0.10696420340702453 266240
1759767349509 -0.10341142066439293 271360
1759767388079 -0.10121233155366681 276480
1759767417581 -0.0989751808885215 281600
1759767451069 -0.09810146318211674 286720
1759767480525 -0.09513913067904385 291840
1759767519666 -0.09285161945828048 296960
1759767531932 -0.03682405973050375 300032
