1759765662605 12.762176609039308 5120
1759765692294 4.879455878517844 10240
1759765734380 3.379180455207825 15360
1759765763000 2.5200590406145373 20480
1759765794792 1.9287980886606069 25600
1759765823539 1.6074329468511765 30720
1759765864114 1.7023402955796985 35840
1759765894147 1.517078264748178 40960
1759765926841 1.3155612116274626 46080
1759765958354 1.1530015870636583 51200
1759765999428 0.9564459221703665 56320
1759766030080 0.8706730795688317 61440
1759766062122 0.7878634279424493 66560
1759766093681 0.6926185984007069 71680
1759766131590 0.623807638569882 76800
1759766162529 0.5758425936286832 81920
1759766195002 0.5373277065365814 87040
1759766225020 0.5122784981360802 92160
1759766262741 0.5010648290316263 97280
1759766294387 0.47593457061465416 102400
1759766325935 0.45647763306239864 107520
1759766359013 0.4569758458180471 112640
1759766392268 0.4400474301699935 117760
1759766425255 0.4083464985051431 122880
1759766454623 0.3883368673778715 128000
1759766487788 0.3770738820083268 133120
1759766522354 0.3596424088758581 138240
1759766556518 0.34957329905624934 143360
1759766591393 0.3361675941780822 148480
1759766621316 0.3325767365512469 153600
1759766652453 0.3126826292429215 158720
1759766685433 0.294956676412073 163840
1759766724155 0.27445247202034456 168960
1759766755330 0.2778033005563837 174080
1759766787072 0.2646179215474562 179200
1759766817071 0.25932537258000665 184320
1759766849627 0.2459198967103035 189440
1759766884043 0.23490520547197752 194560
1759766919385 0.2230097605257618 199680
1759766949589 0.21443554655236394 204800
1759766978115 0.20940337597745137 209920
1759767007361 0.20119819867102456 215040
1759767045658 0.20089164089273523 220160
1759767073392 0.19573802084944364 225280
1759767104202 0.19215565023169054 230400
1759767131495 0.18882128356339092 235520
1759767165464 0.17361869892831577 240640
1759767192855 0.17397215356470638 245760
1759767220657 0.1651352769960233 250880
1759767256139 0.16678892036833137 256000
1759767284666 0.16033180356025697 261120
1759767318498 0.157777222819712 266240
1759767349509 0.1571617642739662 271360
1759767388079 0.1512188689735103 276480
1759767417581 0.1483238303143045 281600
1759767451069 0.14795060480192462 286720
1759767480525 0.14337390586212798 291840
1759767519666 0.14721691878800539 296960
1759767531932 0.05524494574745361 300032
