1759765662609 4.70703125 5120
1759765692301 4.360160965794768 10240
1759765734387 4.257801899592945 15360
1759765763005 4.229188078108941 20480
1759765794803 4.57179269328802 25600
1759765823543 4.9708242159008025 30720
1759765864123 5.190445859872612 35840
1759765894156 5.257448004496909 40960
1759765926847 5.132075471698113 46080
1759765958361 5.0195035460992905 51200
1759765999450 4.938177438779607 56320
1759766030093 4.8672046955245785 61440
1759766062130 4.829844699527347 66560
1759766093691 4.772017489069332 71680
1759766131596 4.741916690940868 76800
1759766162537 4.747612551159618 81920
1759766195028 4.707360861759425 87040
1759766225027 4.699757869249395 92160
1759766262748 4.671631530705774 97280
1759766294393 4.643710623506409 102400
1759766325939 4.605083694978301 107520
1759766359022 4.582004331561331 112640
1759766392285 4.572853915662651 117760
1759766425262 4.553973688952964 122880
1759766454630 4.537810773480663 128000
1759766487799 4.521645380660143 133120
1759766522361 4.508136566687939 138240
1759766556527 4.49861581051984 143360
1759766591401 4.476119845743103 148480
1759766621322 4.468969471119392 153600
1759766652463 4.453751213423936 158720
1759766685442 4.4362587224906065 163840
1759766724165 4.430503185541542 168960
1759766755336 4.428192831903079 174080
1759766787082 4.417667238421956 179200
1759766817077 4.407548517680676 184320
1759766849637 4.398449253558616 189440
1759766884049 4.383445945945946 194560
1759766919391 4.381526985519965 199680
1759766949598 4.378514163548904 204800
1759766978125 4.379547586782029 209920
1759767007370 4.379619260918253 215040
1759767045668 4.375347912524851 220160
1759767073399 4.370945814721305 225280
1759767104208 4.362023154298728 230400
1759767131502 4.360961574160015 235520
1759767165470 4.398869747516179 240640
1759767192861 4.429529601144697 245760
1759767220663 4.455382995525138 250880
1759767256146 4.47330347915949 256000
1759767284676 4.4954764521856765 261120
1759767318511 4.52055135763514 266240
1759767349520 4.539898825065274 271360
1759767388088 4.5554664956716895 276480
1759767417588 4.571203404523603 281600
1759767451080 4.584496124031007 286720
1759767480534 4.5989019368613695 291840
1759767519676 4.613607381291726 296960
1759767531939 4.61948419797257 300032
