1759765662609 24.700005054473877 5120
1759765692301 22.008277202276158 10240
1759765734387 21.225125565134203 15360
1759765763005 20.957447267632322 20480
1759765794803 24.440135868302622 25600
1759765823543 28.438457508490607 30720
1759765864123 30.61245342667695 35840
1759765894156 31.25904198614917 40960
1759765926847 30.039858502688215 46080
1759765958361 28.92805524244376 51200
1759765999450 28.149317278530837 56320
1759766030093 27.446874717885926 61440
1759766062130 27.083373446467757 66560
1759766093691 26.52403973133247 71680
1759766131596 26.23027645281095 76800
1759766162537 26.31354286016904 81920
1759766195028 25.897444532051487 87040
1759766225027 25.81661843953352 92160
1759766262748 25.543116820393955 97280
1759766294393 25.260386650753414 102400
1759766325939 24.88615625282535 107520
1759766359022 24.652937517881533 112640
1759766392285 24.566239965967384 117760
1759766425262 24.370341947345523 122880
1759766454630 24.237846195368476 128000
1759766487799 24.090663518255514 133120
1759766522361 23.965836223706972 138240
1759766556527 23.87796202618245 143360
1759766591401 23.665235113722744 148480
1759766621322 23.589862348357773 153600
1759766652463 23.446716689481566 158720
1759766685442 23.26935739153761 163840
1759766724165 23.21741911456979 168960
1759766755336 23.174951275089423 174080
1759766787082 23.055650160961715 179200
1759766817077 22.945606295729494 184320
1759766849637 22.85628857484033 189440
1759766884049 22.70193928898992 194560
1759766919391 22.677704446616012 199680
1759766949598 22.653676860896997 204800
1759766978125 22.680008957337055 209920
1759767007370 22.662011518675477 215040
1759767045668 22.603893254244067 220160
1759767073399 22.559080359865842 225280
1759767104208 22.472249298761774 230400
1759767131502 22.47863590515941 235520
1759767165470 22.84349517780541 240640
1759767192861 23.155270915746986 245760
1759767220663 23.431801907334442 250880
1759767256146 23.61745506231431 256000
1759767284676 23.82933098491534 261120
1759767318511 24.081660021641202 266240
1759767349520 24.278996320679667 271360
1759767388088 24.42791179572592 276480
1759767417588 24.578479887999695 281600
1759767451080 24.702155676553417 286720
1759767480534 24.84639193703711 291840
1759767519676 24.992828884214894 296960
1759767531939 25.054126873710146 300032
