1771706040476 491.3356018066406 8192
1771706044974 492.83001708984375 16384
1771706091724 493.5975036621094 24576
1771706095896 493.7701721191406 32768
1771706143023 494.51727294921875 40960
1771706146855 495.01141357421875 49152
1771706195232 495.57177734375 57344
1771706197619 496.0218505859375 65536
1771706245373 496.0963439941406 73728
1771706250058 496.2832946777344 81920
1771706296859 496.3082580566406 90112
1771706302083 496.46380615234375 98304
1771706350115 496.49432373046875 106496
1771706353413 496.7271423339844 114688
1771706403465 496.87762451171875 122880
1771706406775 496.92755126953125 131072
1771706454093 497.06524658203125 139264
1771706458948 496.8848571777344 147456
1771706506708 496.9416198730469 155648
1771706510993 497.06170654296875 163840
1771706557911 497.230224609375 172032
1771706562628 497.19964599609375 180224
1771706609375 496.8295593261719 188416
1771706614697 496.7145080566406 196608
1771706661481 496.7127990722656 204800
1771706666985 496.8103942871094 212992
1771706714176 496.8006591796875 221184
1771706717521 496.69580078125 229376
1771706767112 496.7318420410156 237568
1771706769951 496.8115539550781 245760
1771706819122 496.6866149902344 253952
1771706821647 496.68804931640625 262144
1771706871108 496.64935302734375 270336
1771706874050 496.72222900390625 278528
1771706923570 496.58056640625 286720
1771706928852 496.6522521972656 294912
1771706952293 496.66973876953125 303104
