1771706040472 -0.38530802726745605 8192
1771706044970 -0.7460360527038574 16384
1771706091721 -0.932796835899353 24576
1771706095893 -1.0195345878601074 32768
1771706143019 -1.0128188133239746 40960
1771706146852 -0.9629524946212769 49152
1771706195228 -0.8842299580574036 57344
1771706197616 -0.7730288505554199 65536
1771706245370 -0.6913732290267944 73728
1771706250055 -0.6726299524307251 81920
1771706296856 -0.6333884596824646 90112
1771706302079 -0.5667176246643066 98304
1771706350112 -0.5093817114830017 106496
1771706353409 -0.5145954489707947 114688
1771706403462 -0.5163199305534363 122880
1771706406771 -0.48701077699661255 131072
1771706454090 -0.48097628355026245 139264
1771706458945 -0.5126062631607056 147456
1771706506705 -0.5369260907173157 155648
1771706510990 -0.5502027273178101 163840
1771706557908 -0.5776232481002808 172032
1771706562624 -0.6032605171203613 180224
1771706609372 -0.5972237586975098 188416
1771706614693 -0.6167778968811035 196608
1771706661478 -0.6323362588882446 204800
1771706666981 -0.6203138828277588 212992
1771706714172 -0.6873103976249695 221184
1771706717517 -0.7957727313041687 229376
1771706767109 -0.8501709699630737 237568
1771706769947 -0.8219966292381287 245760
1771706819118 -0.7820632457733154 253952
1771706821644 -0.8026201725006104 262144
1771706871104 -0.8366314172744751 270336
1771706874047 -0.8850488066673279 278528
1771706923567 -0.906224250793457 286720
1771706928849 -0.9000245928764343 294912
1771706952290 -0.8626238703727722 303104
