1771706040476 17.323936462402344 8192
1771706044974 17.00307273864746 16384
1771706091724 16.153154373168945 24576
1771706095896 15.40926456451416 32768
1771706143023 14.55649471282959 40960
1771706146855 13.875696182250977 49152
1771706195232 13.405722618103027 57344
1771706197619 12.93408203125 65536
1771706245373 12.494095802307129 73728
1771706250058 12.171262741088867 81920
1771706296859 11.873400688171387 90112
1771706302083 11.585776329040527 98304
1771706350115 11.413159370422363 106496
1771706353413 11.290138244628906 114688
1771706403465 11.382635116577148 122880
1771706406775 11.51685619354248 131072
1771706454093 11.794011116027832 139264
1771706458948 12.037145614624023 147456
1771706506708 12.31286907196045 155648
1771706510993 12.524707794189453 163840
1771706557911 12.686372756958008 172032
1771706562628 12.831523895263672 180224
1771706609375 12.910839080810547 188416
1771706614697 13.01498794555664 196608
1771706661481 13.173370361328125 204800
1771706666985 13.30828857421875 212992
1771706714176 13.522849082946777 221184
1771706717521 13.72819709777832 229376
1771706767112 13.908693313598633 237568
1771706769951 14.109560012817383 245760
1771706819122 14.222458839416504 253952
1771706821647 14.275808334350586 262144
1771706871108 14.325955390930176 270336
1771706874050 14.417841911315918 278528
1771706923570 14.454179763793945 286720
1771706928852 14.508502006530762 294912
1771706952293 14.523181915283203 303104
