1771706040476 4.773972511291504 8192
1771706044974 4.734097957611084 16384
1771706091724 4.645687580108643 24576
1771706095896 4.519876003265381 32768
1771706143023 4.353403091430664 40960
1771706146855 4.246687889099121 49152
1771706195232 4.1569342613220215 57344
1771706197619 4.0677595138549805 65536
1771706245373 3.973276138305664 73728
1771706250058 3.904358386993408 81920
1771706296859 3.8453147411346436 90112
1771706302083 3.7836575508117676 98304
1771706350115 3.7361948490142822 106496
1771706353413 3.705538034439087 114688
1771706403465 3.7000207901000977 122880
1771706406775 3.687077522277832 131072
1771706454093 3.6972033977508545 139264
1771706458948 3.699432611465454 147456
1771706506708 3.715423107147217 155648
1771706510993 3.7149977684020996 163840
1771706557911 3.7068822383880615 172032
1771706562628 3.7121193408966064 180224
1771706609375 3.69443416595459 188416
1771706614697 3.6856367588043213 196608
1771706661481 3.6967313289642334 204800
1771706666985 3.7060842514038086 212992
1771706714176 3.7434685230255127 221184
1771706717521 3.7869858741760254 229376
1771706767112 3.8256068229675293 237568
1771706769951 3.8547203540802 245760
1771706819122 3.8655543327331543 253952
1771706821647 3.857009172439575 262144
1771706871108 3.8550522327423096 270336
1771706874050 3.8637773990631104 278528
1771706923570 3.8565492630004883 286720
1771706928852 3.8583786487579346 294912
1771706952293 3.855621576309204 303104
