1771706040476 27.852994918823242 8192
1771706044974 27.074621200561523 16384
1771706091724 25.37166404724121 24576
1771706095896 23.584535598754883 32768
1771706143023 20.916213989257812 40960
1771706146855 18.95669174194336 49152
1771706195232 17.46381378173828 57344
1771706197619 16.054542541503906 65536
1771706245373 14.68704891204834 73728
1771706250058 13.549154281616211 81920
1771706296859 12.5428466796875 90112
1771706302083 11.659797668457031 98304
1771706350115 11.057793617248535 106496
1771706353413 10.60921573638916 114688
1771706403465 10.799592018127441 122880
1771706406775 11.003731727600098 131072
1771706454093 11.398141860961914 139264
1771706458948 11.747506141662598 147456
1771706506708 12.189887046813965 155648
1771706510993 12.41681957244873 163840
1771706557911 12.547128677368164 172032
1771706562628 12.79163646697998 180224
1771706609375 12.803361892700195 188416
1771706614697 12.899191856384277 196608
1771706661481 13.153587341308594 204800
1771706666985 13.40510082244873 212992
1771706714176 13.934430122375488 221184
1771706717521 14.500323295593262 229376
1771706767112 15.007346153259277 237568
1771706769951 15.416871070861816 245760
1771706819122 15.63986873626709 253952
1771706821647 15.66948413848877 262144
1771706871108 15.733176231384277 270336
1771706874050 15.891633987426758 278528
1771706923570 15.911978721618652 286720
1771706928852 15.969122886657715 294912
1771706952293 15.983742713928223 303104
