1759790181943 -0.12472158578725961 5120
1759790209607 -0.3286811035458404 10240
1759790237712 -0.4137887520061421 15360
1759790271427 -0.4391046604834312 20480
1759790300917 -0.45550375894886824 25600
1759790329952 -0.46666056868922007 30720
1759790359422 -0.48465786925923154 35840
1759790393952 -0.4854989352795875 40960
1759790424633 -0.48938027343678897 46080
1759790453911 -0.4991276719888251 51200
1759790483461 -0.5070336088679654 56320
1759790514290 -0.5071580362536463 61440
1759790546959 -0.505131123190787 66560
1759790576633 -0.5056170631287952 71680
1759790606065 -0.5089681308804862 76800
1759790636386 -0.5090819757544042 81920
1759790672277 -0.5088971804201337 87040
1759790702851 -0.5122425334372215 92160
1759790732924 -0.512100016456726 97280
1759790762319 -0.5139199853094382 102400
1759790797891 -0.5167218545095386 107520
1759790826916 -0.5189125112891083 112640
1759790856186 -0.5208422974531702 117760
1759790889902 -0.5210955183526497 122880
1759790923409 -0.5217981661263289 128000
1759790952989 -0.5225065817511145 133120
1759790983303 -0.5250065347474361 138240
1759791013155 -0.5260500103853327 143360
1759791049095 -0.5282039133412656 148480
