1759790181937 97.02299329169558 5120
1759790209603 123.63096150445087 10240
1759790237706 33.19013705567689 15360
1759790271420 94.52165682606932 20480
1759790300913 76.00717612308138 25600
1759790329948 61.531636470329346 30720
1759790359416 58.450681457119764 35840
1759790393948 86.88896254557507 40960
1759790424628 86.42169245667895 46080
1759790453904 142.37767745001528 51200
1759790483455 69.93420591913298 56320
1759790514285 66.67043919187424 61440
1759790546953 86.82600865299025 66560
1759790576623 72.09804899011603 71680
1759790606058 73.8524818199426 76800
1759790636380 79.30240121005862 81920
1759790672272 67.05736394449063 87040
1759790702845 95.77129809338966 92160
1759790732917 136.65789130718102 97280
1759790762313 90.0935237890667 102400
1759790797886 99.53732972613793 107520
1759790826910 158.93535430087155 112640
1759790856177 89.09643979947319 117760
1759790889892 114.82435392028033 122880
1759790923403 110.26035751840168 128000
1759790952982 57.23746230161438 133120
1759790983297 178.16260300739106 138240
1759791013147 87.48339729684632 143360
1759791049088 157.65689370019547 148480
