1771637527934 19.799299240112305 8192
1771637529275 19.896617889404297 16384
1771637552639 18.739622116088867 24576
1771637554806 19.907455444335938 32768
1771637577116 18.602149963378906 40960
1771637579617 19.032337188720703 49152
1771637602044 20.950157165527344 57344
1771637604996 20.09772491455078 65536
1771637626329 19.604434967041016 73728
1771637630397 21.628433227539062 81920
1771637651674 19.377418518066406 90112
1771637655372 19.707904815673828 98304
1771637676194 18.174041748046875 106496
1771637680718 18.18437385559082 114688
1771637701100 17.473655700683594 122880
1771637706577 18.851011276245117 131072
1771637725742 17.327239990234375 139264
1771637731443 15.01040267944336 147456
1771637750735 20.006635665893555 155648
1771637756780 16.33561897277832 163840
1771637775914 15.567510604858398 172032
1771637781707 16.1434326171875 180224
1771637800626 14.835649490356445 188416
1771637807067 16.13460350036621 196608
1771637826009 15.70347785949707 204800
1771637831733 15.032442092895508 212992
1771637851274 15.126384735107422 221184
1771637856457 13.203834533691406 229376
1771637876322 14.65204906463623 237568
1771637881900 13.41549301147461 245760
1771637901446 15.904492378234863 253952
1771637906878 14.347602844238281 262144
1771637926294 14.06287956237793 270336
1771637932165 13.45644474029541 278528
1771637951320 13.851272583007812 286720
1771637957388 13.425710678100586 294912
1771637964137 11.521673202514648 303104
