1771637527938 16.773033142089844 8192
1771637529279 16.808805465698242 16384
1771637552642 17.097339630126953 24576
1771637554809 17.583829879760742 32768
1771637577120 17.6961727142334 40960
1771637579620 17.744890213012695 49152
1771637602048 17.49002456665039 57344
1771637605000 17.32653045654297 65536
1771637626332 17.150344848632812 73728
1771637630400 16.99285125732422 81920
1771637651677 16.775325775146484 90112
1771637655375 16.674034118652344 98304
1771637676197 16.58073616027832 106496
1771637680721 16.380544662475586 114688
1771637701103 16.321598052978516 122880
1771637706580 16.293994903564453 131072
1771637725746 16.263690948486328 139264
1771637731447 16.184810638427734 147456
1771637750738 16.145536422729492 155648
1771637756783 16.094791412353516 163840
1771637775917 16.037073135375977 172032
1771637781710 16.01836585998535 180224
1771637800629 15.976153373718262 188416
1771637807070 15.969403266906738 196608
1771637826013 15.957853317260742 204800
1771637831736 15.91896915435791 212992
1771637851277 15.927207946777344 221184
1771637856460 15.913827896118164 229376
1771637876326 15.898540496826172 237568
1771637881903 15.880717277526855 245760
1771637901449 15.87624454498291 253952
1771637906881 15.846753120422363 262144
1771637926298 15.805428504943848 270336
1771637932168 15.787121772766113 278528
1771637951323 15.766066551208496 286720
1771637957391 15.74165153503418 294912
1771637964141 15.728124618530273 303104
