1759797329360 0.0 5120
1759797351920 0.0 10240
1759797375702 0.0 15360
1759797401524 0.0 20480
1759797433685 0.0 25600
1759797456845 0.0 30720
1759797483069 0.0 35840
1759797512669 0.0 40960
1759797547566 0.0 46080
1759797574629 0.0 51200
1759797605893 0.0 56320
1759797640537 0.0 61440
1759797676607 0.0 66560
1759797705588 0.0 71680
1759797733798 0.0 76800
1759797769892 0.0 81920
1759797802519 0.0 87040
1759797825782 0.0 92160
1759797847696 0.0 97280
1759797877696 0.0 102400
1759797900505 0.0 107520
1759797924392 0.0 112640
1759797955138 0.0 117760
1759797979220 0.0 122880
1759798004009 0.0 128000
1759798038345 0.0 133120
1759798066483 0.0 138240
1759798091474 0.0 143360
1759798114168 0.0 148480
1759798139488 0.0 153600
1759798164711 0.0 158720
1759798190949 0.0 163840
1759798214074 0.0 168960
1759798239934 0.0 174080
1759798266221 0.0 179200
1759798291067 0.0 184320
1759798317535 0.0 189440
1759798340019 0.0 194560
1759798367554 0.0 199680
1759798393471 0.0 204800
1759798419127 0.0 209920
1759798441835 0.0 215040
1759798465081 0.0 220160
1759798497003 0.0 225280
1759798519024 0.0 230400
1759798544128 0.0 235520
1759798575622 0.0 240640
1759798598382 0.0 245760
1759798621905 0.0 250880
1759798645244 0.0 256000
1759798676355 0.0 261120
1759798697484 0.0 266240
1759798719582 0.0 271360
1759798753681 0.0 276480
1759798781342 0.0 281600
1759798814219 0.0 286720
1759798841695 0.0 291840
1759798879644 0.0 296960
1759798884334 0.0 300032
