1771219751677 0.8987119197845459 5120
1771219762811 1.06812584400177 10240
1771219773669 1.1210154294967651 15360
1771219784985 1.0991297960281372 20480
1771219796322 1.0681241750717163 25600
1771219807314 1.0720429420471191 30720
1771219818501 1.081066370010376 35840
1771219829205 1.0853369235992432 40960
1771219840920 1.1090080738067627 46080
1771219851883 1.1111503839492798 51200
1771219862678 1.1042338609695435 56320
1771219874236 1.1072719097137451 61440
1771219885000 1.1018030643463135 66560
1771219896627 1.1210949420928955 71680
1771219907954 1.131709098815918 76800
1771219919122 1.1366207599639893 81920
1771219930024 1.1248315572738647 87040
1771219940800 1.1066452264785767 92160
1771219951630 1.074621558189392 97280
1771219963231 1.0523954629898071 102400
1771219974040 1.048125982284546 107520
1771219985194 1.0467191934585571 112640
1771219996173 1.0446724891662598 117760
1771220007752 1.049790382385254 122880
1771220018713 1.0606352090835571 128000
1771220029778 1.0700156688690186 133120
1771220040757 1.0770310163497925 138240
1771220051937 1.0714702606201172 143360
1771220062769 1.0662175416946411 148480
1771220073656 1.0643635988235474 153600
1771220084640 1.0669362545013428 158720
1771220095894 1.065319538116455 163840
1771220106618 1.0641568899154663 168960
1771220117623 1.059124231338501 174080
1771220128509 1.055497169494629 179200
1771220140073 1.0530914068222046 184320
1771220150929 1.0487884283065796 189440
1771220162072 1.0429962873458862 194560
1771220173389 1.038549780845642 199680
1771220184386 1.0374447107315063 204800
1771220196010 1.0336114168167114 209920
1771220206833 1.0301165580749512 215040
1771220218376 1.0275143384933472 220160
1771220229355 1.0255157947540283 225280
1771220240356 1.0235596895217896 230400
1771220251539 1.0236095190048218 235520
1771220263065 1.0216797590255737 240640
1771220274232 1.0170077085494995 245760
1771220285058 1.016448736190796 250880
1771220296040 1.0145776271820068 256000
1771220307500 1.015214443206787 261120
1771220318947 1.0150623321533203 266240
1771220330017 1.0139961242675781 271360
1771220340896 1.011557936668396 276480
1771220352450 1.008413314819336 281600
1771220363483 1.0044609308242798 286720
1771220374732 1.0021353960037231 291840
1771220385504 0.9987838864326477 296960
1771220391438 0.9972022175788879 300032
