1771219751677 0.2480587661266327 5120
1771219762811 0.2677619755268097 10240
1771219773669 0.2784061133861542 15360
1771219784985 0.27463123202323914 20480
1771219796322 0.2670890688896179 25600
1771219807314 0.2659376561641693 30720
1771219818501 0.2656100392341614 35840
1771219829205 0.26700666546821594 40960
1771219840920 0.27274537086486816 46080
1771219851883 0.27355295419692993 51200
1771219862678 0.2715846300125122 56320
1771219874236 0.2718415856361389 61440
1771219885000 0.27083370089530945 66560
1771219896627 0.27741315960884094 71680
1771219907954 0.281536728143692 76800
1771219919122 0.28821614384651184 81920
1771219930024 0.2951914072036743 87040
1771219940800 0.2977430522441864 92160
1771219951630 0.2931833267211914 97280
1771219963231 0.29251670837402344 102400
1771219974040 0.2944307327270508 107520
1771219985194 0.29588237404823303 112640
1771219996173 0.2972949147224426 117760
1771220007752 0.3010818064212799 122880
1771220018713 0.3065524399280548 128000
1771220029778 0.31093382835388184 133120
1771220040757 0.3149935007095337 138240
1771220051937 0.31656521558761597 143360
1771220062769 0.3187694847583771 148480
1771220073656 0.32249775528907776 153600
1771220084640 0.3270592987537384 158720
1771220095894 0.3299656808376312 163840
1771220106618 0.3325732350349426 168960
1771220117623 0.33422040939331055 174080
1771220128509 0.33629506826400757 179200
1771220140073 0.33863815665245056 184320
1771220150929 0.33986660838127136 189440
1771220162072 0.3400131165981293 194560
1771220173389 0.3401488661766052 199680
1771220184386 0.34106239676475525 204800
1771220196010 0.3406343162059784 209920
1771220206833 0.34044575691223145 215040
1771220218376 0.3405269682407379 220160
1771220229355 0.34161999821662903 225280
1771220240356 0.34267616271972656 230400
1771220251539 0.3446798622608185 235520
1771220263065 0.34641918540000916 240640
1771220274232 0.3471435010433197 245760
1771220285058 0.3487597107887268 250880
1771220296040 0.3497030436992645 256000
1771220307500 0.35172685980796814 261120
1771220318947 0.35332831740379333 266240
1771220330017 0.3546071946620941 271360
1771220340896 0.3557059168815613 276480
1771220352450 0.35697141289711 281600
1771220363483 0.3577851951122284 286720
1771220374732 0.3591088354587555 291840
1771220385504 0.3602116107940674 296960
1771220391438 0.36071884632110596 300032
