1758841184882 406.3999152612434 6144
1758841200958 436.0816826752833 12288
1758841217148 447.5652949892241 18432
1758841233576 452.8067961331264 24576
1758841238306 456.41622394298764 30720
1758841252157 458.20501929012346 36864
1758841269129 460.3247091019932 43008
1758841284243 461.60174560546875 49152
1758841291570 462.5299530887951 55296
1758841304485 463.2915641373503 61440
1758841320432 461.800145049437 67584
1758841336201 458.51958379600256 73728
1758841345517 455.6897662143447 79872
1758841356961 453.09302665218826 86016
1758841374678 450.3256555594279 92160
1758841389891 448.0876400296462 98304
1758841400268 446.5251092516976 104448
1758841411257 444.8716616727462 110592
1758841428729 443.38784236867065 116736
1758841443328 441.876332958739 122880
1758841454549 440.5224885802007 129024
1758841466719 439.4021848365206 135168
1758841481918 438.318849197838 141312
1758841497383 437.5281080274852 147456
1758841509770 436.7597186748798 153600
1758841522164 436.00464988954906 159744
1758841538958 435.23475699341793 165888
1758841558644 434.52947725209896 172032
1758841578533 433.75337856359647 178176
1758841593627 433.1603891002864 184320
1758841610235 432.60422486706227 190464
1758841628771 431.98131756251865 196608
1758841642979 431.54810871168166 202752
1758841656205 431.05669254931894 208896
1758841671353 430.6988732314012 215040
1758841689826 430.38534497113676 221184
1758841704256 430.0836199582829 227328
1758841717137 429.7095848684211 233472
1758841731105 429.30295979724184 239616
1758841749417 428.8207418338941 245760
1758841765057 428.46249248621865 251904
1758841777122 428.14038386240355 258048
1758841790850 427.81373998218015 264192
1758841809069 427.51123645468476 270336
1758841825109 427.21114180119514 276480
1758841837915 426.9783207624974 282624
1758841851630 426.7204829380466 288768
1758841870129 426.417731326143 294912
1758841879441 426.22228014800567 301056
