1758841184882 0.09782078657200728 6144
1758841200958 -0.298811072330637 12288
1758841217148 -0.4565882408755949 18432
1758841233576 -0.5277068400748721 24576
1758841238306 -0.5763167031175189 30720
1758841252157 -0.6053436806761189 36864
1758841269129 -0.6304965096070061 43008
1758841284243 -0.6490292208535331 49152
1758841291570 -0.6626772029792106 55296
1758841304485 -0.6730433641079657 61440
1758841320432 -0.6549815434867358 67584
1758841336201 -0.6097737614878543 73728
1758841345517 -0.5669489726037813 79872
1758841356961 -0.5289037963021108 86016
1758841374678 -0.48816284880762206 92160
1758841389891 -0.45412906513058376 98304
1758841400268 -0.4308753965709992 104448
1758841411257 -0.4053566433891812 110592
1758841428729 -0.38277988305643174 116736
1758841443328 -0.3593218797190705 122880
1758841454549 -0.33914427734410424 129024
1758841466719 -0.32319124157185236 135168
1758841481918 -0.30644675338603733 141312
1758841497383 -0.2933081478881083 147456
1758841509770 -0.28153830731988916 153600
1758841522164 -0.2698391388568262 159744
1758841538958 -0.257933092736615 165888
1758841558644 -0.2468482114058491 172032
1758841578533 -0.23568274340870088 178176
1758841593627 -0.22625473467889962 184320
1758841610235 -0.21790700480862502 190464
1758841628771 -0.20876223528849552 196608
1758841642979 -0.20140642007837534 202752
1758841656205 -0.194242413148123 208896
1758841671353 -0.18849883198139603 215040
1758841689826 -0.18312582291040708 221184
1758841704256 -0.17808219092168054 227328
1758841717137 -0.17213714542388917 233472
1758841731105 -0.16612293143476725 239616
1758841749417 -0.15942794366743496 245760
1758841765057 -0.15385225465331442 251904
1758841777122 -0.14919487621633207 258048
1758841790850 -0.1438645482383605 264192
1758841809069 -0.13915246005686 270336
1758841825109 -0.13465626629343894 276480
1758841837915 -0.13084242879566196 282624
1758841851630 -0.12706702308239068 288768
1758841870129 -0.12272518407597073 294912
1758841879441 -0.11978689976194486 301056
