1758841184882 2.2857142857142856 6144
1758841200958 1.5623229461756374 12288
1758841217148 1.2816091954022988 18432
1758841233576 1.154127100073046 24576
1758841238306 1.065998821449617 30720
1758841252157 1.022716049382716 36864
1758841269129 0.9711620016963528 43008
1758841284243 0.9401041666666666 49152
1758841291570 0.9172459450513075 55296
1758841304485 0.8991017964071857 61440
1758841320432 0.9360065915957154 67584
1758841336201 1.0157360406091371 73728
1758841345517 1.0841584158415842 79872
1758841356961 1.1469100505828018 86016
1758841374678 1.2139611730689797 92160
1758841389891 1.2680793157076204 98304
1758841400268 1.3057441732427968 104448
1758841411257 1.3456661455619245 110592
1758841428729 1.3814943097476498 116736
1758841443328 1.4180276381909547 122880
1758841454549 1.4506514901902052 129024
1758841466719 1.477725254261567 135168
1758841481918 1.5039121482498283 141312
1758841497383 1.5229756418696512 147456
1758841509770 1.541497975708502 153600
1758841522164 1.559780621572212 159744
1758841538958 1.5783968030089328 165888
1758841558644 1.5954163830270025 172032
1758841578533 1.6141447368421054 178176
1758841593627 1.628447178616886 184320
1758841610235 1.6419030004110151 190464
1758841628771 1.6569692139085384 196608
1758841642979 1.667440286239242 202752
1758841656205 1.679286049788633 208896
1758841671353 1.6879050661798265 215040
1758841689826 1.6954706927175844 221184
1758841704256 1.7027494380079544 227328
1758841717137 1.7117473684210527 233472
1758841731105 1.7215563946806764 239616
1758841749417 1.7332372025955298 245760
1758841765057 1.7418875596215497 251904
1758841777122 1.7497134998854 258048
1758841790850 1.7575757575757576 264192
1758841809069 1.7648861646234677 270336
1758841825109 1.7721013200142703 276480
1758841837915 1.7777002024715494 282624
1758841851630 1.7838890407215087 288768
1758841870129 1.7912176183144788 294912
1758841879441 1.795945321270554 301056
